8019.176467819983
8019.176467819983
4847.843385330712
3332.1048078928297
2777.3373321655426
2591.3056134246744
2549.2368971099518
2537.40110813703
2524.648544042062
2519.968780415608
2516.6915855916177
2512.0506451557517
2509.7175354504034
2508.1488250384887
2507.326764307676
2502.1320866395663
2502.1320866395663
2501.617099739458
2501.617099739458
2501.3258571679794
2501.021144328335
2501.021144328335
2501.021144328335
2501.021144328335
2501.021144328335
2500.9510064581605
2500.9510064581605
2500.9510064581605
2500.9510064581605
2500.9510064581605
2500.9510064581605
2500.9510064581605
2500.9510064581605
2500.9510064581605
8279.683769189933
6702.0965325285915
6702.0965325285915
6488.2933890123295
4566.360377480451
4131.383851757864
2897.5856410815595
2698.5342213317235
2620.9647218739915
2581.340237779198
2564.666719193713
2555.2848519488716
2549.566190824859
2544.2143427912006
2539.137058796163
2533.6877774303916
2531.089121567416
2529.3459836153525
2526.188065739023
2523.601106443038
2522.5460544750435
2519.5267207850443
2518.5335223520833
2516.3049725945807
2514.7524986977724
2511.9983465990586
2510.3691049904824
2509.418278098266
2508.5532234197226
2507.3542657087696
2505.0415108354846
2502.5346975539765
2501.544725562271
2501.544725562271
2501.544725562271
2501.544725562271
2501.544725562271
2501.544725562271
2501.543287321252
2501.543287321252
2501.543287321252
2501.543287321252
2501.543287321252
2501.543287321252
2501.543287321252
2501.543287321252
2501.543287321252
2501.4606104649115
2501.4606104649115
2501.4606104649115
2501.4606104649115
2501.4606104649115
2501.4606104649115
2501.4606104649115
2501.4606104649115
2501.4606104649115
8279.683769189933
7892.00517732245
7719.538494945868
6888.961778265551
3331.681332812769
2739.791568296102
2580.5382962722724
2556.7741034652245
2536.8930602905584
2531.221636007899
2524.302159850287
2520.4562489538953
2515.4043098754646
2512.7514927353022
2510.53096679618
2507.9247930555002
2504.7026039343723
2503.9835207458723
2503.333508365721
2503.333508365721
2503.333508365721
2502.2206005824264
2502.2206005824264
2502.2206005824264
2501.872041313733
2501.872041313733
2501.721067841062
2501.510509907778
2501.510509907778
2501.510509907778
2501.510509907778
2501.510509907778
2501.510509907778
2501.510509907778
2501.510509907778
2501.510509907778
8295.924557996315
7802.835289580507
7768.4817452779635
7768.4817452779635
7559.301774837387
7559.301774837387
7059.58747554437
6721.140731238029
6721.140731238029
6721.140731238029
6462.014455115826
6462.014455115826
6052.560222526988
6052.560222526988
5455.807465020502
5455.807465020502
4857.545526254296
4857.545526254296
4857.545526254296
4843.676801906706
4735.5020812500625
4735.5020812500625
4496.428204167489
4496.428204167489
4456.00756377131
4380.6929965759855
4375.270605189598
4336.963997248338
4278.595387861384
4167.36799082693
4158.159074672249
4134.191202204727
4134.191202204727
4099.958523942684
4095.017067917747
4054.156639224172
4050.5224404634146
4024.9170695071975
4002.9838974153417
3986.616340916402
3986.616340916402
3978.530216355173
3978.530216355173
3968.256026556608
3968.256026556608
3964.2946264127077
3964.2946264127077
3964.2946264127077
3964.2946264127077
3960.687650265232
3960.687650265232
3956.1278221377056
3956.1278221377056
3951.420187578052
3949.9427155508592
3949.9427155508592
3949.9427155508592
3949.9427155508592
3949.9427155508592
3949.9427155508592
3949.9427155508592
3949.3563876872304
3949.3563876872304
3949.3563876872304
3948.4283714237
3948.3441225924385
3948.3441225924385
3948.3441225924385
3948.3441225924385
3948.3441225924385
3948.3441225924385
3948.3441225924385
3947.5407669261454
3947.5407669261454
3947.5407669261454
3947.5407669261454
3947.5407669261454
3947.5407669261454
3947.5407669261454
3947.5407669261454
3947.5407669261454
8295.924557996315
8261.458787710455
7926.282964379907
7926.282964379907
7474.666170741745
5551.686733028942
5551.686733028942
5522.5506732124395
4387.259043273035
3860.178462558169
3317.268198698104
3070.7508027274826
2972.7928644947638
2867.4849076761398
2816.8880847510627
2816.8880847510627
2816.8880847510627
2816.8880847510627
2801.348739871458
2780.763945352485
2780.763945352485
2775.230115329245
2764.224653954499
2764.224653954499
2758.0171201940298
2750.000298505794
2750.000298505794
2723.2554629717924
2721.307037359563
2712.8379552437946
2705.505392650301
2705.505392650301
2703.4862762345556
2703.4862762345556
2698.717564093426
2691.9065786666256
2689.480943397003
2687.2917382901105
2686.1432134409474
2684.977638465898
2684.977638465898
2679.716185275179
2679.716185275179
2678.750189213235
2677.538647562503
2674.8711726512997
2673.5507402705184
2673.5507402705184
2672.9936703141802
2672.8474115728845
2672.606304276469
2671.903016927742
2671.065959559632
2670.795013365031
2670.7475388637245
2670.5439423778025
2669.9970801784875
2669.470468248087
2669.470468248087
2669.428111363356
2669.336496896147
2669.336496896147
2669.2003207141875
2669.1807460614405
2669.1807460614405
2669.1574761147726
2669.148784313016
2669.148784313016
2669.111901118744
2669.057768770766
2669.057768770766
2669.057768770766
2668.987444480312
2668.91591190545
2668.91591190545
2668.875110038169
2668.875110038169
2668.8731034578777
2668.8731034578777
2668.8731034578777
2668.8731034578777
2668.829490683539
2668.829490683539
2668.829490683539
2668.829490683539
2668.829490683539
2668.829490683539
2668.829490683539
2668.829490683539
2668.829490683539
2668.824827965384
2668.824827965384
2668.824827965384
2668.8020633503193
2668.8020633503193
2668.8020633503193
2668.8020633503193
2668.8020633503193
2668.8020633503193
2668.797056713726
2668.797056713726
2668.797056713726
2668.797056713726
2668.795844991607
2668.795844991607
2668.795844991607
2668.795844991607
2668.795844991607
2668.795844991607
2668.795844991607
2668.795844991607
2668.795844991607
8295.924557996315
8295.924557996315
7782.738225377727
7435.5111687658855
7435.5111687658855
7435.5111687658855
7435.5111687658855
7435.5111687658855
7435.5111687658855
6837.2723108190685
6141.707197858904
6141.707197858904
5866.84629844434
5629.1984644093845
5438.7778635629475
5426.8854863089
5050.496824848367
4824.5009723092
4824.5009723092
4737.177524319832
4702.930808024597
4639.770059288656
4506.305055143073
4497.555743165525
4454.218345820056
4351.3941257323395
4209.276571161203
4209.276571161203
4209.276571161203
4161.715885653002
4157.644383656992
4099.419387260747
4099.419387260747
4088.2651544454766
4083.1658480533906
4065.849980523632
4065.849980523632
4037.7609959319534
4013.8856158594135
4013.8856158594135
3974.893192372652
3973.9289376952884
3957.5509972225373
3941.0734829949224
3938.9877236435414
3935.365472260416
3924.61092605086
3924.61092605086
3919.1372272736617
3915.1462227920933
3908.8370151552845
3904.8747435067758
3904.8747435067758
3904.8747435067758
3903.9997792388986
3902.591774622751
3902.591774622751
3901.482930447576
3900.931908704286
3900.823175151725
3899.403097881671
3899.403097881671
3899.403097881671
3897.95246793272
3897.500054806216
3897.4974077888896
3873.772668377623
3839.8700192784117
3831.066542464405
3831.066542464405
3811.9909615071783
3806.8257615714692
3806.8257615714692
3804.633898431138
3804.633898431138
3804.633898431138
3804.633898431138
3800.319378965346
3800.319378965346
3799.6484205339484
3799.5126387865553
3799.5126387865553
3797.520364088282
3797.520364088282
3797.520364088282
3797.520364088282
3796.982640057807
3796.982640057807
3796.982640057807
3796.159150918749
3796.159150918749
3796.159150918749
3796.159150918749
3796.159150918749
3796.159150918749
3796.159150918749
3796.159150918749
3796.159150918749
8295.924557996315
7943.636135331494
7943.636135331494
7943.636135331494
7943.636135331494
7165.087043089628
7165.087043089628
7165.087043089628
7165.087043089628
6688.053468409388
6688.053468409388
6288.150842765168
6288.150842765168
6288.150842765168
5978.433481327971
5772.277697588015
5772.277697588015
5673.47045067135
5454.730531113944
5454.730531113944
5454.730531113944
5217.857064596676
5178.284229850382
5006.900317058923
5006.900317058923
4954.323796613009
4943.655058501434
4943.655058501434
4846.752493159658
4719.467629158458
4713.994658552932
4711.027231783433
4711.027231783433
4683.288954251906
4620.432275319006
4363.569163453405
4363.569163453405
4318.797786907788
4307.587501549162
4296.460403320409
4296.460403320409
4290.291625183163
4281.601935261499
4276.082283780552
4241.74492179729
4232.385063940654
4232.385063940654
4214.813033219005
4203.779431881187
4197.868692234579
4191.444127295879
4182.110850081463
4182.110850081463
4180.6968098801735
4178.19095586297
4176.249325553316
4174.218974139694
4167.800693368468
4167.800693368468
4167.800693368468
4165.512601115047
4165.463564166584
4165.463564166584
4165.463564166584
4161.751004800549
4161.695642151383
4161.273002423604
4161.273002423604
4161.246305293707
4159.859520843865
4159.47769327733
4159.47769327733
4159.47769327733
4159.47769327733
4159.47769327733
4159.340264123014
4159.340264123014
4159.340264123014
4159.340264123014
4159.340264123014
4159.340264123014
4159.340264123014
4159.340264123014
4159.340264123014
8295.924557996315
8043.244093505008
8043.244093505008
7855.223440440349
7855.223440440349
7855.223440440349
7855.223440440349
7097.372387977831
7097.372387977831
6930.344961793462
6930.344961793462
6638.741734036768
6638.741734036768
6061.2845615229835
6061.2845615229835
5834.0634761960755
5496.117720236097
5496.117720236097
5496.117720236097
5360.321244061006
5360.321244061006
5210.932561121586
5035.613824401189
4893.959532276461
4893.959532276461
4792.180316851045
4645.321400422919
4645.321400422919
4645.321400422919
4430.41391483943
4423.411567623843
4401.358677629126
4319.904737422035
4281.462561905032
4258.020038869809
4190.604347364718
4137.9505813328105
4115.691433166694
4085.925020947928
4058.687833062928
4039.435909954713
3988.9168164917955
3956.557726228376
3924.2902783317095
3903.7600203649445
3899.8619145725766
3885.9211374619704
3876.320406560466
3870.424237666613
3869.9981659473156
3862.389402094837
3861.341613617433
3861.341613617433
3861.0911465264367
3853.797313161152
3853.797313161152
3849.7574250407188
3849.7574250407188
3844.4079837674803
3844.4079837674803
3844.323024316068
3841.6565915244737
3840.9533921951693
3840.5441552144166
3838.4337080512532
3838.4337080512532
3838.4337080512532
3837.2304322511945
3837.2304322511945
3836.3922315276277
3836.3922315276277
3836.3922315276277
3835.34440568351
3835.34440568351
3834.5893773710504
3834.5893773710504
3834.5893773710504
3834.1385745576354
3834.1385745576354
3833.9639873416972
3833.9639873416972
3833.9639873416972
3833.9639873416972
3833.9639873416972
3833.752933472835
3833.752933472835
3833.752933472835
3832.8271384928084
3832.8271384928084
3832.8271384928084
3832.8271384928084
3832.8271384928084
3832.8271384928084
3832.8271384928084
3832.8271384928084
3832.8271384928084
8295.924557996315
7658.569455427818
7658.569455427818
7658.569455427818
7658.569455427818
7290.837312274812
7072.924633938083
7072.924633938083
7072.924633938083
6891.489411484244
6891.489411484244
6667.597028100066
5972.391940687281
5789.759852704756
5789.759852704756
5415.075300383145
5415.075300383145
5415.075300383145
5415.075300383145
5415.075300383145
5415.075300383145
5410.063228540404
5297.558264848514
5290.394845569956
4991.747337997356
4991.747337997356
4962.020555999972
4962.020555999972
4780.191890780696
4780.191890780696
4780.191890780696
4548.9728194685995
4548.9728194685995
4548.9728194685995
4404.371898559443
4391.210981022334
4391.210981022334
4321.972718221736
4321.569295950458
4271.511570516206
4271.511570516206
4213.163211227926
4183.935343471095
4183.935343471095
4138.768059289533
4119.688837797665
3997.302914642031
3997.302914642031
3928.9250893942935
3920.231486710143
3913.972242903741
3898.9939012219857
3895.7707042692355
3875.9466430597713
3869.359120666624
3824.3275832395657
3783.7096966611566
3783.035313076363
3783.035313076363
3783.035313076363
3771.866611074006
3766.9158991125096
3764.780362367703
3761.2996239418458
3756.0140612957157
3755.5925251323433
3755.391418471503
3755.391418471503
3753.4895593556325
3753.4895593556325
3753.4895593556325
3752.9450904008927
3752.7331543830574
3749.8083752104285
3749.0442210972715
3749.0442210972715
3749.0442210972715
3749.0442210972715
3748.758967910802
3748.758967910802
3748.4232431799483
3748.4232431799483
3748.4019406877787
3748.4019406877787
3748.4019406877787
3748.4019406877787
3748.4019406877787
3748.119830533902
3748.119830533902
3747.8360480379624
3747.8360480379624
3747.8360480379624
3747.8360480379624
3747.8360480379624
3747.8360480379624
3747.8360480379624
3747.4258886075195
3747.4258886075195
3747.4258886075195
3747.342404014273
3747.342404014273
3747.2808936144256
3747.2808936144256
3747.2808936144256
3746.4646133764263
3746.4646133764263
3746.4646133764263
3746.4646133764263
3746.4646133764263
3746.4646133764263
3746.4646133764263
3746.4646133764263
3746.4646133764263
8295.924557996315
8294.41194200603
8263.000708553787
7877.1776572618555
6628.267219068173
5204.570588299207
3671.258937512678
3361.1281453038805
3016.9882892775126
2709.758681758298
2640.7507240311033
2602.5873676466426
2566.6767948537754
2551.685136717691
2544.954116432822
2533.225770515236
2526.3797570230104
2522.497401218249
2518.1028773288517
2516.156546092458
2515.3337103946023
2512.1734754091713
2510.751924423157
2507.4169769115724
2504.193203247287
2501.4812340359576
2501.3786630958975
2501.3786630958975
2501.271320721186
2501.271320721186
2501.271320721186
2501.271320721186
2501.271320721186
2501.271320721186
2501.271320721186
2501.271320721186
2501.271320721186
8295.924557996315
8132.407301595852
8132.407301595852
8132.407301595852
8132.407301595852
7441.642236074138
7441.642236074138
7397.032093792599
7397.032093792599
7111.483945037507
7111.483945037507
7111.483945037507
7111.483945037507
6668.815127715384
6668.815127715384
6668.815127715384
6539.913265045191
6301.987247166251
6301.987247166251
5865.370691104388
5511.587350234377
5511.587350234377
5374.338379624573
5374.338379624573
5320.189528995261
5286.834712515263
5219.1037406088135
5182.682823234922
5098.172568059201
5098.172568059201
4992.136645322724
4964.546392763325
4964.546392763325
4933.397448840442
4890.870070454326
4890.870070454326
4852.811738479016
4852.811738479016
4832.365536794653
4812.095477155926
4812.095477155926
4802.575090762693
4800.922708190651
4798.8595562058
4781.867137523827
4766.174176909927
4746.934003414074
4739.158943650247
4737.8518410948545
4737.422938605239
4735.5215339922825
4722.257345345628
4722.257345345628
4717.470760096414
4715.063417059804
4710.25196084045
4612.156771416013
4583.601723264481
4528.804484115468
4528.804484115468
4528.804484115468
4528.804484115468
4526.518467898222
4508.046842477411
4508.046842477411
4498.628425220095
4498.628425220095
4498.628425220095
4488.357597445924
4488.357597445924
4483.451979474315
4483.451979474315
4482.778185979036
4480.15369096238
4477.35583399848
4476.386626996672
4476.099689492154
4459.664657475749
4305.211691230196
4305.211691230196
4290.285964279407
4290.285964279407
4290.285964279407
4290.285964279407
4277.719271028678
4277.536558465394
4274.4826958304075
4267.7811109554295
4267.517159878733
4266.348851140151
4265.47533703081
4265.47533703081
4261.913346765422
4261.443693763113
4258.5314339029555
4258.5314339029555
4256.393451014659
4254.410568721518
4254.410568721518
4254.410568721518
4254.410568721518
4254.410568721518
4254.410568721518
4254.010989102133
4254.010989102133
4254.010989102133
4253.520989210968
4253.520989210968
4253.520989210968
4253.520989210968
4253.520989210968
4253.520989210968
4253.351133439276
4253.351133439276
4252.969808001265
4252.969808001265
4252.969808001265
4252.969808001265
4252.969808001265
4252.969808001265
4252.969808001265
4252.969808001265
4252.969808001265
8295.924557996315
8295.924557996315
8115.480748832672
8115.480748832672
8115.480748832672
8115.480748832672
8115.480748832672
8115.480748832672
7915.553854021109
7915.553854021109
7915.553854021109
7699.495409094395
7489.617644343091
7489.617644343091
7128.451828817992
7128.451828817992
7026.8099634922455
7026.8099634922455
7026.8099634922455
7026.8099634922455
6907.767465830561
6753.145185094445
6753.145185094445
6533.143372486336
6533.143372486336
6499.040795708569
6416.064070167373
6399.471580382475
6284.413713647475
6284.413713647475
6262.794577228016
6262.794577228016
6098.643348280233
6098.643348280233
6067.4214692828355
6046.304575989196
5975.8876164161775
5738.575791299449
5729.488810033021
5729.488810033021
5729.488810033021
5716.136817245559
5556.006793484725
5556.006793484725
5541.843986508421
5541.843986508421
5536.5225309871585
5472.646891815715
5141.636669390773
5137.593299840373
5084.078981593583
5084.078981593583
5074.366613377793
5069.872443647133
5069.375841711663
5066.337816258061
5039.64107341483
5039.64107341483
5033.610686251328
5017.930685103633
5000.270087981011
4986.184287574153
4972.403579059419
4970.566954999739
4970.566954999739
4967.498432828932
4967.498432828932
4961.0012698134105
4956.375522695667
4954.742122398579
4953.713593259764
4953.713593259764
4953.426121271459
4952.69399591178
4949.776034543009
4949.776034543009
4946.3278283436675
4944.611066290197
4943.806778005472
4943.238831508526
4942.626399628806
4942.626399628806
4942.626399628806
4942.4860472924
4942.4860472924
4941.389259177995
4941.389259177995
4941.189405933376
4941.189405933376
4941.189405933376
4941.189405933376
4941.189405933376
4941.023268470017
4941.023268470017
4941.023268470017
4941.023268470017
4941.023268470017
4941.023268470017
4941.023268470017
4940.4149479067
4940.4149479067
4940.213728817501
4940.213728817501
4940.213728817501
4940.213728817501
4940.213728817501
4940.1106450828665
4940.1106450828665
4940.1106450828665
4939.9475966840655
4939.9475966840655
4939.9475966840655
4939.9475966840655
4939.9475966840655
4939.9475966840655
4939.9475966840655
4939.9475966840655
4939.9475966840655
4939.58472056422
4939.58472056422
4939.58472056422
4939.58472056422
4939.58472056422
4939.58472056422
4939.58472056422
4939.58472056422
4939.58472056422
8295.924557996315
8295.924557996315
8285.76682409329
7862.837253570066
