8040.154054294544
8040.154054294544
8040.154054294544
8040.154054294544
8011.067080899126
8011.067080899126
8011.067080899126
8011.067080899126
7834.739318867996
7834.739318867996
7398.817274943708
7275.615413184681
6385.082221974828
6385.082221974828
6385.082221974828
6385.082221974828
6385.082221974828
6385.082221974828
6385.082221974828
6242.4673022374045
6242.4673022374045
6038.9732571265195
6038.9732571265195
6038.9732571265195
6038.9732571265195
5842.859951093158
5842.859951093158
5833.166812407737
5833.166812407737
5613.124131613953
5613.124131613953
5613.124131613953
5497.6359658387355
5386.83761687602
5386.83761687602
5268.328701072089
5152.726429174538
5152.726429174538
4934.362141386137
4934.362141386137
4897.43000935212
4897.43000935212
4848.384379831776
4826.784463897788
4801.362273570803
4801.362273570803
4731.015393610987
4724.644977573145
4724.644977573145
4707.104431218592
4703.533633655226
4696.192477449782
4691.382304483102
4670.397499823401
4669.331907353235
4669.331907353235
4668.678933429632
4667.885523887626
4664.43413043251
4663.382527254229
4659.697133231711
4659.697133231711
4659.697133231711
4659.377728070639
4659.128421880969
4659.042018925762
4659.042018925762
4658.906004761306
4658.906004761306
4657.648688320267
4657.648688320267
4657.576904029278
4657.576904029278
4657.393317195674
4657.393317195674
4656.4455524883
4656.4455524883
4656.4455524883
4656.4455524883
4655.397057925065
4655.397057925065
4655.397057925065
4655.397057925065
4655.397057925065
4655.23914451608
4655.193219737494
4655.193219737494
4655.193219737494
4655.193219737494
4655.193219737494
4655.035995184161
4655.035995184161
4655.035995184161
4655.035995184161
4655.035995184161
4655.035995184161
4654.616426922619
4654.616426922619
4654.616426922619
4654.616426922619
4654.616426922619
4654.616426922619
4654.616426922619
4654.616426922619
4654.616426922619
4654.609009232152
4654.609009232152
4654.609009232152
4654.609009232152
4654.609009232152
4654.609009232152
4654.609009232152
4654.609009232152
4654.609009232152
4654.521632500137
4654.521632500137
4654.521632500137
4654.521632500137
4654.521632500137
4654.521632500137
4654.521632500137
4654.521632500137
4654.521632500137
8296.694326213423
8106.358024822139
7988.77665020965
7988.77665020965
7988.77665020965
7988.77665020965
7775.421469408182
7775.421469408182
7708.661110696114
7616.336378128068
7616.336378128068
7426.75529156807
7426.75529156807
7094.782408526319
6966.297972826432
6966.297972826432
6966.297972826432
6893.923213792961
6893.923213792961
6765.518758511417
6608.994521236532
6608.994521236532
6608.994521236532
6343.972242832199
6254.722685156694
6254.722685156694
6089.466334039929
6089.466334039929
6072.130412371558
5727.785831505098
5701.79591635593
5701.79591635593
5658.041007390613
5604.357306169986
5174.983239508396
5174.983239508396
5174.983239508396
5029.748539859442
4972.7711276345435
4972.7711276345435
4972.7711276345435
4909.794114190643
4872.82002830278
4839.036189599701
4731.1027405813
4666.128277440392
4632.729509559078
4562.019134878703
4562.019134878703
4562.019134878703
4530.047870793725
4520.13404013499
4505.062882570459
4467.786202717882
4456.56373492636
4456.56373492636
4427.622180158558
4413.850390969126
4400.609497680119
4400.609497680119
4393.941308261716
4384.519677115629
4381.788477544201
4379.642489537646
4377.488989349546
4374.846008756493
4372.508699952891
4364.327851906125
4362.484413318382
4359.978638118277
4353.700599994629
4347.283294062612
4316.226620774135
4300.543703705373
4300.543703705373
4286.668120366598
4286.668120366598
4276.357152155058
4274.641538206377
4274.641538206377
4269.190728673206
4269.009802534541
4269.009802534541
4265.090539963606
4265.090539963606
4262.443005361002
4262.443005361002
4261.702313220197
4261.702313220197
4260.928136239934
4260.043920499387
4259.087062320223
4258.015723231925
4257.20829339096
4257.20829339096
4256.287766809106
4256.287766809106
4256.287766809106
4254.067312539779
4254.067312539779
4254.067312539779
4254.067312539779
4254.067312539779
4254.067312539779
4254.067312539779
4254.067312539779
4254.067312539779
8296.694326213423
7828.734224810719
7828.734224810719
7813.728564952699
7813.728564952699
7497.951186960448
7497.951186960448
7115.548892938066
7115.548892938066
6269.35772737444
6269.35772737444
6269.35772737444
6269.35772737444
6269.35772737444
5783.457584871363
5783.457584871363
5756.493004374381
5669.597296108382
5669.597296108382
5612.4934772284905
5472.391049956854
5472.391049956854
5472.391049956854
5375.494772342199
5365.22479082698
5331.550904174996
5331.550904174996
5279.804163035141
5209.514732779213
5186.529383600704
5186.529383600704
5186.529383600704
5179.48439984831
5139.93209330484
5139.93209330484
5035.601074832743
4829.391803369868
4829.391803369868
4788.641019055588
4788.641019055588
4781.599393547444
4779.120462711507
4776.125947640121
4761.887115183705
4761.887115183705
4760.824871156512
4760.824871156512
4759.249392207916
4750.379525366334
4748.208857539533
4737.843293709762
4737.843293709762
4737.843293709762
4737.713021263875
4737.713021263875
4734.005315758381
4732.819391065294
4732.819391065294
4730.495584955752
4729.861440910549
4727.558231561085
4726.673937577303
4726.673937577303
4725.181017326095
4725.12299353386
4725.12299353386
4724.1524014043825
4724.1524014043825
4724.1524014043825
4724.1524014043825
4723.688572822757
4723.688572822757
4723.688572822757
4723.155487783235
4723.155487783235
4723.155487783235
4722.55163783098
4722.55163783098
4722.55163783098
4722.55163783098
4722.125455762773
4722.125455762773
4721.64100584662
4721.64100584662
4721.64100584662
4721.64100584662
4721.64100584662
4721.64100584662
4721.64100584662
4721.64100584662
4721.64100584662
8296.694326213423
7919.055117880486
7919.055117880486
7919.055117880486
7919.055117880486
7700.115062334913
7665.539099112198
7665.539099112198
7334.603414755953
7334.603414755953
7081.332403596835
7081.332403596835
7081.332403596835
7013.795258832298
6274.61081502627
6274.61081502627
6152.730771717292
6152.730771717292
5993.382920724367
5993.382920724367
5737.376074860418
5679.694476178938
5678.350458520179
5544.676475929982
5530.561191944982
5530.561191944982
5530.561191944982
5391.346678906602
5350.388527771878
5350.388527771878
5242.202012988814
5173.677681037131
5138.336404163898
5041.015677930091
5041.015677930091
4977.714248892236
4908.162297482397
4908.162297482397
4905.681264583269
4883.065826608669
4865.554697483971
4842.982270421087
4834.272265096155
4728.788314010437
4651.3030859557875
4651.3030859557875
4644.56427850431
4593.26391006523
4593.26391006523
4593.26391006523
4593.26391006523
4589.316853120406
4584.957581247647
4583.130769265662
4571.923955123366
4568.447999836849
4566.598455987623
4566.598455987623
4565.930891580429
4562.449930687231
4560.391717119155
4560.391717119155
4528.168741334731
4412.224135592033
4302.1562706891555
4262.827900813953
4252.282477766048
4252.042378400503
4248.325993317123
4248.325993317123
4228.404165431672
4228.404165431672
4225.395870761732
4220.659441687404
4209.201344150416
4209.201344150416
4204.7427160864145
4204.7427160864145
4201.7952270436135
4195.055109523828
4195.055109523828
4193.995657162066
4190.448136683589
4190.208610161282
4190.208610161282
4189.17011562859
4187.641229463548
4187.364291619111
4186.609537670524
4184.4774101049225
4184.4774101049225
4184.4774101049225
4184.4774101049225
4184.4774101049225
4184.4774101049225
4182.549478289365
4182.549478289365
4182.549478289365
4182.002444332205
4182.002444332205
4182.002444332205
4181.970734924464
4181.970734924464
4181.970734924464
4181.970734924464
4181.970734924464
4181.970734924464
4181.91336876294
4181.91336876294
4181.91336876294
4181.91336876294
4181.91336876294
4181.91336876294
4181.91336876294
4181.91336876294
4181.080596964468
4181.080596964468
4181.080596964468
4181.080596964468
4181.080596964468
4181.080596964468
4181.030615484655
4181.030615484655
4181.030615484655
4181.030615484655
4181.030615484655
4181.030615484655
4180.927268428517
4180.927268428517
4180.927268428517
4180.927268428517
4180.927268428517
4180.927268428517
4180.927268428517
4180.927268428517
4180.927268428517
8296.694326213423
7629.768181298252
7629.768181298252
7629.768181298252
7608.134447034529
7608.134447034529
7604.6461441006
7604.6461441006
7604.6461441006
7604.6461441006
7604.6461441006
7302.703709879532
7027.751451460383
7027.751451460383
6925.88289989749
6888.231582763596
6754.523659904577
6673.0823398439525
6673.0823398439525
6673.0823398439525
6658.7138475621505
6261.48799136991
6261.48799136991
6261.48799136991
6192.959794370005
6192.959794370005
6168.195979472581
5896.641383135951
5889.738958325006
5889.738958325006
5521.934502098048
5487.466632240668
5487.466632240668
5439.419565308375
5425.152466958878
5406.6358645497785
5406.6358645497785
5406.6358645497785
5346.177141773517
5319.686188451677
5311.643778250942
5250.450736952609
5241.46119754322
5196.582440817656
5196.582440817656
5187.61547481267
5159.391726419722
5155.505089180915
5155.505089180915
5133.233213892492
5133.233213892492
5133.233213892492
5129.996561859431
5121.495039986774
5118.842228100355
5112.613448701439
5111.74329879902
5057.769603478873
4997.621652032054
4973.917433308557
4973.917433308557
4973.917433308557
4964.157305513472
4964.157305513472
4963.788730395603
4963.788730395603
4963.788730395603
4961.881300338333
4958.591967978964
4958.571581877861
4958.571581877861
4958.571581877861
4956.83373179096
4952.438121391919
4952.1567973980455
4951.507908283923
4951.507908283923
4949.950313685013
4948.369313546065
4948.369313546065
4948.369313546065
4947.263850824875
4947.263850824875
4947.263850824875
4946.974669362636
4946.974669362636
4946.974669362636
4946.763830382255
4946.763830382255
4946.763830382255
4946.763830382255
4946.566372018767
4946.566372018767
4946.338177021617
4946.338177021617
4946.338177021617
4945.628418765993
4945.628418765993
4945.280142289408
4945.280142289408
4945.280142289408
4945.280142289408
4945.280142289408
4945.280142289408
4945.280142289408
4945.280142289408
4945.280142289408
8296.694326213423
7780.34383107531
7780.34383107531
7780.34383107531
7780.34383107531
7212.797686277233
6691.553336695096
6691.553336695096
6691.553336695096
6691.553336695096
6691.553336695096
6323.3733463320705
6323.3733463320705
6323.3733463320705
6044.409346044665
6044.409346044665
6044.409346044665
6044.409346044665
5978.401982166306
5614.873691115741
5614.873691115741
5354.745875792842
5181.653677190885
5070.811224960127
4978.118175879641
4861.556417242566
4717.273975949956
4712.036690704508
4650.939307316312
4537.177666723423
4537.177666723423
4537.177666723423
4396.741250353029
4361.977560579414
4279.27548074926
4267.58867208853
4267.58867208853
4267.58867208853
4227.440915058916
4201.1927946486385
4188.767443822442
4177.1167548125195
4150.777379566391
4131.908655764842
4121.844899912581
4094.532919808905
4083.2286254124574
4082.584089400425
4078.5978997625607
4067.062012709092
4059.7836476211255
4059.7836476211255
4059.7836476211255
4056.2774878812556
4052.835500332849
4051.35177493045
4047.061227379877
4045.268438033184
4045.09625704392
4045.09625704392
4041.5669988119234
4041.4684921337603
4041.222939887294
4041.222939887294
4038.0619811864835
4038.0619811864835
4038.0619811864835
4038.0619811864835
4037.4468654319326
4036.9409741922145
4036.9409741922145
4036.820110055379
4036.820110055379
4036.820110055379
4036.820110055379
4036.820110055379
4036.73474407069
4036.636444458159
4036.636444458159
4036.636444458159
4036.636444458159
4036.546934146245
4036.546934146245
4036.1516272313265
4036.1516272313265
4036.1516272313265
4036.1516272313265
4035.710074198618
4035.710074198618
4035.710074198618
4035.710074198618
4035.5152131020295
4035.5152131020295
4035.5152131020295
4035.5152131020295
4035.5152131020295
4035.5152131020295
4035.5152131020295
4035.5152131020295
4035.5152131020295
4035.215205876366
4035.215205876366
4035.215205876366
4035.215205876366
4035.215205876366
4035.215205876366
4035.215205876366
4035.215205876366
4035.215205876366
8296.694326213423
7665.866451018489
7459.024437195574
6940.574315028196
6281.0799091174285
4581.169444329283
3718.36065791294
2902.8188669434376
2673.2723426713974
2605.460835736876
2573.437835210376
2552.1891776360276
2540.4232318670547
2528.4381149963365
2522.7535734711482
2514.915198138309
2512.3960893814724
2510.006378541927
2508.2063907263127
2504.0736013267447
2502.927542275262
2502.906948228692
2502.484573018238
2502.484573018238
2502.413960583868
2501.9274533556054
2501.9274533556054
2501.6657043176588
2501.6657043176588
2501.6657043176588
2501.6657043176588
2501.6657043176588
2501.6110900206404
2501.6110900206404
2501.4914682099393
2501.4914682099393
2501.4914682099393
2501.4914682099393
2501.4914682099393
2501.4914682099393
2501.4914682099393
2501.4914682099393
2501.4914682099393
8296.694326213423
6436.9399098334925
6436.9399098334925
6436.9399098334925
6436.9399098334925
6436.9399098334925
6436.9399098334925
6436.9399098334925
6436.9399098334925
6383.08644492297
6383.08644492297
6077.537400733038
6011.761711233346
5755.579093069229
5755.579093069229
5636.265286681941
5546.845700180109
5338.68694307932
5310.1454416907545
5174.013000232802
5149.14095913303
4731.583260454172
4731.583260454172
4731.583260454172
4665.00194638058
4665.00194638058
4621.255695124653
4559.455651725569
4456.547208189026
4456.547208189026
4456.547208189026
4456.547208189026
4375.421211406761
4375.421211406761
4368.170284718181
4330.995741469146
4325.397845345749
4312.061528727514
4307.453880633862
4303.986881735491
4292.025840159538
4291.8684640662195
4285.875760467734
4285.875760467734
4278.568476124881
4131.358545267847
4131.358545267847
4131.03176797462
4110.948575911683
4100.008950121758
4088.1905809038526
4088.1905809038526
4081.2079053802227
4079.6762058904496
4079.6762058904496
4078.2402913142264
4078.2402913142264
4074.344779881926
4069.243410891636
4069.243410891636
4069.243410891636
4062.5030665491804
4058.9424929257048
4055.118485402836
4055.118485402836
4054.757727958297
4052.2250002977494
4049.8913445694725
4047.774394645271
4047.774394645271
4047.774394645271
4047.703187525495
4047.703187525495
4047.703187525495
4047.584191569822
4047.584191569822
4047.2073888895866
4047.2073888895866
4046.8186053560744
4046.7390130468334
4046.7390130468334
4046.6276220105724
4046.6276220105724
4046.1871980405167
4046.1871980405167
4046.1871980405167
4046.1871980405167
4046.1871980405167
4046.1871980405167
4046.1871980405167
4045.3023856257605
4045.3023856257605
4045.3023856257605
4045.3023856257605
4045.3023856257605
4045.3023856257605
4045.3023856257605
4045.3023856257605
4045.3023856257605
8296.694326213423
7962.760715878428
7962.760715878428
7962.760715878428
7962.760715878428
7849.210083322856
7849.210083322856
7128.928653070189
6939.6635270810675
6939.6635270810675
6939.6635270810675
6939.6635270810675
6814.796063766631
6814.796063766631
6557.707331871879
6156.3657463683485
6105.069432717584
5925.8374883044335
5630.735841607717
5284.09231179631
5284.09231179631
5284.09231179631
4958.938684573666
4824.8848072623205
4824.8848072623205
4824.8848072623205
4792.3506275237905
4784.119389681755
4784.119389681755
4739.934578729473
4666.497518579818
4666.497518579818
4584.177017988809
4572.335319214304
4568.504642359129
4558.345869658412
4550.690813903811
4534.070258836404
4492.405290590936
4490.020048043549
4489.679424529364
4488.216012279841
4469.944083775035
4464.082719721959
4464.082719721959
4458.987322575823
4444.978339563473
4443.072362308758
4436.44887539928
4435.366174882031
4433.7136063113085
4433.564441635956
4430.93972108864
4430.278388699057
4430.278388699057
4430.278388699057
4428.92019037345
4428.831056831745
4425.721484440076
4425.721484440076
4425.721484440076
4425.721484440076
4425.038520846337
4425.038520846337
4424.880200327992
4424.880200327992
4424.880200327992
4424.880200327992
4424.545435208052
4424.545435208052
4424.545435208052
4424.545435208052
4424.3902743739845
4424.3902743739845
4424.3902743739845
4423.7972551657895
4423.7972551657895
4423.7972551657895
4423.69662171258
4423.69662171258
4423.672355068097
4423.672355068097
4423.672355068097
4423.672355068097
4423.672355068097
4423.572177530573
4423.572177530573
4423.572177530573
4423.572177530573
4423.572177530573
4423.572177530573
4423.572177530573
4423.572177530573
4423.572177530573
8296.694326213423
7763.307801382035
7763.307801382035
7763.307801382035
7763.307801382035
7763.307801382035
7702.991749663752
6994.8619131339965
6994.8619131339965
6994.8619131339965
6780.864003796978
6780.864003796978
6780.864003796978
6449.68079895814
5955.886561212138
5934.792747896175
5934.792747896175
5684.343804810578
5684.343804810578
5684.343804810578
5519.310904599048
5390.17780332475
5390.17780332475
5262.2644458413415
5262.2644458413415
5215.602475750544
4822.600129952831
4822.600129952831
4604.073386770307
4519.420421163517
4488.82114608027
4488.82114608027
4445.859410327397
4425.491288284341
4413.206862340141
4316.791012514257
4316.791012514257
4316.791012514257
4210.244999654499
4210.244999654499
4202.367580313203
4202.367580313203
4168.573211083566
4134.0386731900435
4116.976906181566
4106.510647819201
4086.0360558544626
4073.637371164701
4057.283985576432
4057.283985576432
4057.283985576432
4045.1227723824763
4008.8192690093215
3983.3680705800166
3945.6123511407495
3945.6123511407495
3945.6123511407495
3942.4587962940905
3916.584430706521
3893.676726968122
3874.860499192102
3874.860499192102
3874.860499192102
3874.860499192102
3874.860499192102
3874.860499192102
3874.860499192102
3868.9657299435357
3868.9657299435357
3868.9657299435357
3868.9657299435357
3868.9657299435357
3866.20293736893
3862.0460948997506
3858.235920471375
3858.235920471375
3856.6330945839263
3856.6330945839263
3856.6086761713977
3856.045133618277
3853.2391269640652
3853.2391269640652
3849.888922610593
3848.4185009521952
3848.4185009521952
3848.4185009521952
3848.4185009521952
3848.4185009521952
3848.4185009521952
3848.4185009521952
3848.4185009521952
3841.761831015348
