7161.224102904061
4522.922899652845
4430.019722907724
3709.6189711900424
3297.7916195181933
3127.7078694361885
2999.2048310989267
2898.617810987024
2885.5553655311587
2878.872156832882
2818.7714373094914
2818.7714373094914
2805.6310189503597
2793.644238614474
2774.8786392403126
2735.3312531260412
2735.3312531260412
2723.7523111410756
2723.7523111410756
2713.043149495406
2713.043149495406
2713.043149495406
2704.5121433073427
2704.5121433073427
2699.082293716629
2690.8333561676573
2687.995012090315
2687.995012090315
2687.995012090315
2683.664510101518
2676.1203041105186
2672.6018928572107
2668.2788322576193
2665.9219136726706
2665.3365499024817
2662.955654794575
2661.8627110739835
2661.8627110739835
2660.923198263431
2659.628463784433
2658.4061105847054
2658.2003245864616
2657.2591526594865
2656.14441653787
2656.0461368350643
2655.575428814167
2654.995851521809
2654.8301438430385
2654.76046574119
2654.4525117009125
2653.994947119169
2653.994947119169
2653.852260355053
2653.77357913079
2653.3105469778757
2653.2765494908963
2653.2262562632022
2653.157523520762
2653.122747178552
2653.122747178552
2653.122747178552
2653.0574001397654
2653.0574001397654
2653.0230494309067
2652.9793289212325
2652.9793289212325
2652.9793289212325
2652.9166373784005
2652.8765599317276
2652.8765599317276
2652.8765599317276
2652.8765599317276
2652.8765599317276
2652.8765599317276
2652.8765599317276
2652.8765599317276
2652.8765599317276
7210.856469522224
7193.570832442937
6456.470389958372
4303.130400659297
4041.66696374551
3383.085396588955
3075.23301094134
3033.1585094022485
2921.02495395686
2822.133097027586
2798.898799156096
2783.984978622049
2765.2571892237993
2765.2571892237993
2765.2571892237993
2747.765068757344
2717.8091643312664
2717.8091643312664
2717.8091643312664
2711.177396922608
2711.177396922608
2702.6611123966304
2690.896720485407
2684.9397087892685
2684.9397087892685
2679.7188031469404
2677.367692917704
2675.4891693557847
2672.2577624192304
2672.2577624192304
2670.5816802465984
2669.0819374467424
2668.059138128505
2668.059138128505
2667.350705672783
2667.0213571254503
2666.9699932840063
2666.893670868263
2666.186986805606
2666.186986805606
2665.2828067696496
2665.2828067696496
2665.2828067696496
2664.9511784235456
2664.598047705866
2664.518870606196
2664.211527307708
2664.211527307708
2664.126283916622
2664.126283916622
2663.900671027549
2663.8045056291835
2663.8045056291835
2663.8030006395747
2663.7297440807406
2663.6430450472208
2663.6430450472208
2663.6430450472208
2663.635160261043
2663.635160261043
2663.5569034438417
2663.5569034438417
2663.528968259107
2663.5157409822773
2663.5157409822773
2663.5157409822773
2663.4768623474583
2663.4768623474583
2663.4768623474583
2663.4768623474583
2663.4768623474583
2663.4768623474583
2663.4768623474583
2663.4768623474583
2663.4768485514514
2663.4768485514514
2663.4768485514514
2663.4768485514514
2663.4768485514514
2663.4768485514514
2663.4768485514514
2663.4768485514514
2663.4768485514514
7210.856469522224
7193.570832442937
5897.577184723923
3908.0200370573307
3300.381686477489
3139.3371253837263
2973.237074109471
2902.7450041596103
2848.5609436717946
2809.2181734175483
2777.090211566061
2777.090211566061
2777.090211566061
2777.090211566061
2755.309810066056
2755.309810066056
2745.347095805257
2741.502401039692
2734.6847885753477
2730.1223037220543
2709.445322716508
2709.445322716508
2703.363553919326
2699.572333534775
2690.0852291091965
2688.888569651894
2688.888569651894
2685.9392593505763
2682.8212602049566
2681.9678818773696
2680.86082101757
2679.624141428504
2676.9399227880763
2676.9399227880763
2676.86778707377
2675.463978693172
2674.948933693224
2672.714914599423
2671.138896120551
2669.8351196407516
2668.6889687566836
2668.6889687566836
2668.6889687566836
2668.1451682314773
2667.517047626424
2667.517047626424
2667.4034828145386
2667.0883585636757
2666.98019982153
2666.725396229053
2666.6806343369035
2666.6806343369035
2666.649730868899
2666.3706234145725
2666.3278960676
2666.2911251415426
2666.184155139196
2666.1781096227246
2666.1781096227246
2666.1368819146855
2666.1368819146855
2666.0563488756534
2665.965145733244
2665.965145733244
2665.965145733244
2665.9277127052997
2665.917724209535
2665.874325615949
2665.874325615949
2665.8472264142333
2665.8472264142333
2665.8472264142333
2665.8472264142333
2665.8472264142333
2665.818778639155
2665.818778639155
2665.8140575749794
2665.8140575749794
2665.8140575749794
2665.8140575749794
2665.8140575749794
2665.8140575749794
2665.8140575749794
2665.7816850140425
2665.7816850140425
2665.7775666817365
2665.7775666817365
2665.7775666817365
2665.7775666817365
2665.7714734788333
2665.7714734788333
2665.7714734788333
2665.7714734788333
2665.7714734788333
2665.7714734788333
2665.7714734788333
2665.7714734788333
2665.7714734788333
7522.768986732026
7522.768986732026
6729.575595916433
4588.323808056259
3585.5767421797664
3071.584456586353
2945.622191604195
2855.7929126456766
2855.3119132533443
2843.6890180419787
2824.029748750653
2812.3680235659895
2793.8531513264575
2793.8531513264575
2791.504737793132
2781.296691720825
2781.023480414051
2779.148921777351
2779.148921777351
2775.0746455906506
2757.3666804457716
2754.765205749649
2740.912988740278
2731.330535354091
2731.330535354091
2730.730643425272
2726.8671610354572
2717.7809686312257
2713.207176809452
2702.8223590783564
2701.8372531371097
2699.835035120484
2694.320401054586
2688.9830145759925
2687.7885586922307
2687.635332684304
2685.057076731266
2684.2008466615107
2684.2008466615107
2681.7409106868604
2680.9102586538065
2677.4859418917886
2677.2704465101024
2677.2100960420794
2675.599377948965
2675.142493802903
2674.372681508152
2674.372681508152
2673.9205455307488
2672.364891046943
2671.6979119131142
2671.6979119131142
2671.214658140987
2670.7854486074684
2670.3274040263605
2670.3274040263605
2670.3274040263605
2669.9816625854937
2669.9138953852957
2669.818548357937
2669.7861421957004
2669.744918533476
2669.6870464108415
2669.6870464108415
2669.531291746737
2669.5046967894905
2669.4852173521604
2669.3595485535625
2669.3595485535625
2669.2203930494593
2669.2203930494593
2669.2089473861743
2669.2089473861743
2669.2089473861743
2669.181570345349
2669.181570345349
2669.1470458213216
2669.1470458213216
2669.136647711382
2669.136647711382
2669.136647711382
2669.136647711382
2669.136647711382
2669.136647711382
2669.136647711382
2669.136647711382
2669.136647711382
7522.768986732026
6979.148429395179
4346.626583445204
3803.1688696217416
3599.910456254882
3293.3400678070993
3134.75994753941
2938.8794170367114
2862.132404391029
2832.47229855034
2815.2526084648653
2803.002641487831
2784.232702350993
2784.232702350993
2778.5404673841354
2773.5442138834637
2773.5442138834637
2760.075531569517
2760.075531569517
2760.075531569517
2753.128999257563
2740.245888107318
2740.245888107318
2728.098497498186
2718.0110059098292
2713.4576497081275
2713.4576497081275
2713.4576497081275
2709.664811442213
2705.971893884488
2702.250472473562
2692.3568637671087
2692.3568637671087
2686.374856410039
2682.550774009314
2678.055293705211
2678.055293705211
2677.6977791967897
2675.9134787631897
2675.254869143276
2674.366100951086
2673.760187292417
2672.787625104197
2672.787625104197
2671.744198871515
2671.731871489602
2671.731871489602
2671.2956355219903
2671.2956355219903
2671.131864373454
2670.658472520935
2670.353878651911
2670.306011428537
2670.11280028487
2669.8937426372904
2669.740269533509
2669.6775345741626
2669.564027347618
2669.564027347618
2669.4071943818903
2669.356752515345
2669.356752515345
2669.2283343182125
2669.1491464255055
2669.1491464255055
2669.1491464255055
2669.1491464255055
2669.1491464255055
2669.1491464255055
2669.1188396754865
2669.1188396754865
2669.1188396754865
2669.1188396754865
2669.1188396754865
2669.113357738564
2669.113357738564
2669.108587432807
2669.108587432807
2669.108587432807
2669.083273649907
2669.083273649907
2669.083273649907
2669.083273649907
2669.083273649907
2669.0627275969046
2669.0627275969046
2669.0627275969046
2669.0627275969046
2669.0627275969046
2669.0627275969046
2669.0627275969046
2669.0543830137162
2669.0543830137162
2669.036008906457
2669.036008906457
2669.036008906457
2669.036008906457
2669.036008906457
2669.036008906457
2669.017685447927
2669.017685447927
2669.017685447927
2669.017685447927
2669.017685447927
2669.017685447927
2669.017685447927
2669.017685447927
2669.017685447927
7522.768986732026
7287.883861582195
4301.936535011961
3665.282816668583
3150.916645684055
2949.3243393215544
2814.292951878643
2810.328325425563
2777.086944478699
2768.8151304717576
2760.9991808831737
2760.4480840262318
2741.246830963974
2738.3644443352664
2723.832809941873
2712.5633927104236
2712.5633927104236
2712.5633927104236
2712.5633927104236
2712.5633927104236
2701.2893566503512
2697.808059396621
2678.4434756135006
2678.4434756135006
2675.3478002992415
2675.22632586094
2675.22632586094
2672.71553208684
2670.2003120516456
2668.4820440880453
2660.656334133595
2660.656334133595
2659.7796804351065
2659.192787303572
2657.2589200954417
2657.2589200954417
2657.2589200954417
2654.2108707805705
2653.020126061324
2651.8519203674496
2651.8519203674496
2650.225198050017
2650.225198050017
2649.902007776673
2649.2928953176815
2649.2928953176815
2649.2928953176815
2648.7693623999044
2648.6223477193043
2648.5051265304874
2648.1541621017554
2647.7863261447233
2647.529874783488
2647.529874783488
2647.529874783488
2647.3772787434364
2647.2848177650885
2647.2848177650885
2647.2848177650885
2647.1246975306635
2647.1246975306635
2647.0072477506073
2646.984467315185
2646.984467315185
2646.966278927641
2646.966278927641
2646.966278927641
2646.9093585673163
2646.9093585673163
2646.907210379162
2646.907210379162
2646.8844016663534
2646.8844016663534
2646.8844016663534
2646.8844016663534
2646.8844016663534
2646.8844016663534
2646.8844016663534
2646.8844016663534
2646.8844016663534
7522.768986732026
7210.218435288066
7210.218435288066
7210.218435288066
7210.218435288066
7210.218435288066
7210.218435288066
7210.218435288066
6882.678565736936
6445.457872753879
6445.457872753879
6282.520120113402
6041.750820720281
5709.798715732034
5461.712763198379
5461.712763198379
5402.1819883657545
5269.769502467034
5178.040808684124
5132.602158168468
5132.602158168468
5062.493388390862
4901.234820416432
4862.906836599273
4722.68716849173
4722.68716849173
4635.423246392737
4635.423246392737
4635.423246392737
4635.423246392737
4635.423246392737
4434.279828456045
4434.279828456045
4434.279828456045
4372.457845229294
4305.766583643015
4275.198622871538
4263.951135318408
4207.402215050673
4146.717859425262
4146.717859425262
4146.717859425262
4122.633387739494
4122.633387739494
4122.633387739494
4107.529327084447
4092.425518040521
4085.9739721164306
4073.4790896923587
4073.4790896923587
4059.5990947790324
4050.661305060862
4044.346485109513
4035.1481694551244
4025.796970550469
4022.8982447204157
4019.1769153810933
4019.1769153810933
4014.010772406603
4014.010772406603
4010.3346392584144
4001.2968022366144
4000.1978478982764
3992.6620782483687
3987.0640798820314
3987.0640798820314
3986.8804402969645
3986.8804402969645
3986.1009192379915
3983.7109536316575
3982.699041799073
3982.699041799073
3979.948578857676
3979.948578857676
3974.794012853902
3974.794012853902
3970.9199830401412
3970.9199830401412
3970.9199830401412
3970.9199830401412
3970.9199830401412
3970.9199830401412
3970.9199830401412
3970.9199830401412
3970.9199830401412
7522.768986732026
7522.768986732026
7437.813029164796
4624.1321826109015
4624.1321826109015
3872.6838932817245
3669.43692231564
3159.541961484155
2937.8180632083186
2838.384255417412
2838.384255417412
2799.2991897214647
2789.6043202171604
2770.2472748556957
2770.2472748556957
2770.2472748556957
2770.2472748556957
2757.146807612978
2756.143948073312
2744.704858200023
2732.996508181464
2732.996508181464
2732.996508181464
2724.9366575786894
2721.4401015700564
2720.715309247659
2714.5085035882944
2713.2091689587746
2705.6676500150447
2702.6657993612534
2701.141363374374
2698.0005476803312
2693.014089521019
2688.5868023325106
2683.719125115317
2679.3892496363064
2677.381386182532
2665.2820517141986
2665.2820517141986
2662.6436181811778
2661.9936993321535
2661.6942968854255
2661.6942968854255
2661.4125404686247
2659.884934599975
2659.7217131943066
2658.6329951565162
2658.6329951565162
2658.388556845294
2657.7856933637995
2657.7856933637995
2656.497850127827
2655.956858194218
2655.956858194218
2655.652925894032
2655.5966993532265
2655.5425906004684
2655.5425906004684
2655.223785925441
2655.0599538414513
2654.679986209038
2654.6761433984925
2654.6761433984925
2654.4943300456553
2654.4943300456553
2654.474207832435
2654.4011533280823
2654.393888022089
2654.393888022089
2654.393888022089
2654.3935584807764
2654.3935584807764
2654.280228641766
2654.280228641766
2654.280228641766
2654.280228641766
2654.2606635269567
2654.2606635269567
2654.2606635269567
2654.2606635269567
2654.2606635269567
2654.2606635269567
2654.2606635269567
2654.2606635269567
2654.2606635269567
7522.768986732026
7522.768986732026
5745.822110129154
5745.822110129154
5293.121138814356
4243.937001871937
3470.8704844934546
3217.483007408138
3077.6736107028723
3034.5189597367944
2871.3287780652663
2831.362868692221
2823.594168247005
2822.349211406602
2822.349211406602
2802.640761306315
2788.622248274694
2777.6067373378037
2776.7727329669756
2776.7727329669756
2746.524767081779
2746.524767081779
2722.838988958634
2722.838988958634
2715.6718189050894
2706.09669385002
2706.09669385002
2705.923476752073
2699.036180860755
2697.014631777958
2697.014631777958
2692.008162231177
2690.6049315174464
2689.3402639380224
2687.7322473052686
2678.7510494039734
2678.338642954406
2674.724824322078
2673.573507506793
2671.039804008666
2671.039804008666
2670.6352414011153
2667.512696411467
2666.1758623517576
2664.799872372588
2664.2012503566975
2663.128752106189
2661.6155632534546
2661.6155632534546
2660.5279242243596
2659.858222223657
2658.2881510389134
2658.251825948173
2658.251825948173
2658.1749292348136
2658.1749292348136
2657.94645002278
2657.94645002278
2657.793745264886
2657.5692599476815
2657.5692599476815
2657.563085235826
2657.563085235826
2657.4896941866064
2657.4152732324137
2657.404140073284
2657.253191369073
2657.253191369073
2657.253191369073
2657.253191369073
2657.253191369073
2657.253191369073
2657.253191369073
2657.253191369073
2657.253191369073
7522.768986732026
7522.768986732026
6534.662380804499
4942.287833444654
4085.612218207888
3535.4398710979694
3142.0465199976015
2985.3594510407024
2889.5509146711975
2866.905271552664
2821.9385022083575
2813.9085628765765
2812.909450579877
2812.909450579877
2799.2972410491907
2784.963179264067
2781.642681077652
2759.0132826945724
2759.0132826945724
2745.340272754108
2730.109516886929
2730.109516886929
2730.109516886929
2707.0363873144975
2707.0363873144975
2705.951268967777
2700.0998068079375
2697.6640479682674
2691.8212652794223
2690.3050888145654
2677.3622849844237
2677.3622849844237
2676.605389901268
2675.8766498734753
2675.541177477575
2675.2558217529754
2671.877103599544
2671.771525942882
2670.4500859728414
2670.307427094572
2669.6521961787166
2669.3743589940004
2668.9218294464317
2667.0939133753814
2665.8333984545498
2665.7242325914044
2665.7242325914044
2663.984650104057
2662.5499317608637
2662.318260352798
2662.318260352798
2661.6646247839944
2660.32207887022
2660.1536390466313
2659.810847904305
2659.1500343886682
2658.660880994921
2658.297360575421
2658.0678046454213
2658.042571791765
2658.0124455143405
2657.4966281612437
2657.474923183776
2657.474923183776
2657.3735440082705
2657.325584421422
2657.250780604452
2657.250780604452
2657.250780604452
2657.174331129071
2657.1529080328337
2657.140224119841
2657.140224119841
2657.0817503068065
2657.0634553503974
2657.0634553503974
2657.0634553503974
2657.0634553503974
2657.01571251798
2657.01571251798
2657.014060556752
2657.0002348085263
2657.0002348085263
2657.0002348085263
2657.0002348085263
2657.0002348085263
2656.996129981579
2656.996129981579
2656.938673567448
2656.938673567448
2656.938673567448
2656.938673567448
2656.938673567448
2656.938673567448
2656.938673567448
2656.938673567448
2656.938673567448
7522.768986732026
7522.768986732026
6082.169940428799
6082.169940428799
5113.3952509741
3505.486929820745
3466.8895979878575
3276.5356736336007
3154.444229616838
3071.950637574497
3018.388346904427
2937.3986532761846
2874.7928562922602
2874.7928562922602
2840.532774107937
2840.532774107937
2840.532774107937
2835.010235256295
2835.010235256295
2821.432772424428
2821.432772424428
2799.03780271002
2799.03780271002
2799.03780271002
2789.00887807761
2789.00887807761
2789.00887807761
2778.4027896333273
2778.4027896333273
2778.4027896333273
2775.5674370173438
2770.423834202916
2768.1832000377494
2767.5421197627734
2766.084696056944
2763.476876524495
2763.476876524495
2759.3824686283715
2758.7187944792136
2757.994480201027
2754.4960881851503
2752.2013905965905
2751.3032399315616
2750.562889287464
2748.7990568282753
2746.306297280985
2745.9349432955178
2745.6302020284147
2744.805954955512
2744.3541277234017
2743.9254178698025
2742.480576266081
2742.048549355365
2742.048549355365
2741.7159589014846
2741.7159589014846
2741.2277439326845
2740.8462707102626
2739.678868043914
2739.678868043914
2739.678868043914
2739.5244563462293
2739.2680582662792
2739.16988609181
2739.1119617586874
2739.1119617586874
2739.060472038198
2739.0396199374445
2738.9360642911624
2738.9360642911624
2738.9117302648856
2738.8722035311257
2738.8722035311257
2738.8360153673566
2738.8360153673566
2738.716647203827
2738.716647203827
2738.716647203827
2738.716647203827
2738.716647203827
2738.716647203827
2738.716647203827
2738.7047252888424
2738.7047252888424
2738.7047252888424
2738.7047252888424
2738.7047252888424
2738.7047252888424
2738.7047252888424
2738.7047252888424
2738.7047252888424
7522.768986732026
7522.768986732026
6582.734267785658
6582.734267785658
5880.14030353639
3671.4578007230616
3326.225309614011
3164.6423200002964
2998.8953452211194
2914.1446245564116
2823.328566088435
2823.328566088435
2823.328566088435
2823.328566088435
2816.8139294112493
2798.769141976357
2786.2241371548234
2777.728424139735
2777.728424139735
2752.4049311462713
2727.454407853516
2727.454407853516
2726.130608442776
2718.3129165809855
2713.576755729688
2711.51749386993
2710.9257240341985
2710.9257240341985
2709.9319330089033
2707.862346462276
2704.905599128167
2701.6571748910014
2700.380824309588
2699.4107875282207
2698.4814438059366
