8229.07528186981
7929.256282355774
7929.256282355774
7334.793237943075
7334.793237943075
7334.793237943075
7334.793237943075
6740.319585696766
6740.319585696766
6111.137031955235
5935.741033180293
5761.846859087709
5761.846859087709
5500.213151803372
5500.213151803372
5500.213151803372
5343.192071247682
5172.300627541611
5100.686535380264
4718.901165313138
4718.901165313138
4638.485768742574
4638.485768742574
4527.392050289613
4386.294200414994
4386.294200414994
4386.294200414994
4335.089505471778
4246.472233682209
4199.731984275211
4199.731984275211
4199.731984275211
4159.532102605535
4143.6480306202875
4090.130139186107
4067.562783614114
4059.3290695737123
4026.429857124079
4019.473318216098
4003.6265341930975
3987.715257578449
3981.632179038549
3941.6526411417103
3898.698451716481
3898.698451716481
3898.698451716481
3898.140571103375
3891.1903214344384
3890.3863700316306
3884.2369072913266
3882.141536714109
3880.7927424850577
3880.7927424850577
3875.9322751395575
3870.5465726103157
3870.5465726103157
3865.503348852886
3865.503348852886
3865.503348852886
3865.503348852886
3861.565396599433
3859.275454554722
3859.275454554722
3859.275454554722
3859.096102771657
3859.096102771657
3859.096102771657
3858.208674024721
3858.208674024721
3858.208674024721
3857.746878871847
3857.746878871847
3857.746878871847
3857.746878871847
3854.4484925333254
3854.4484925333254
3854.4484925333254
3854.4484925333254
3853.2553930438958
3853.2553930438958
3853.2553930438958
3853.2553930438958
3852.162391113362
3852.162391113362
3852.162391113362
3852.162391113362
3852.162391113362
3851.779438662039
3851.779438662039
3851.779438662039
3851.779438662039
3851.779438662039
3851.779438662039
3851.779438662039
3851.779438662039
3851.779438662039
8621.763804212576
8478.187336380774
8478.187336380774
7415.852659903541
7415.852659903541
7415.852659903541
7415.852659903541
7415.852659903541
7415.852659903541
6468.71977189654
6468.71977189654
6468.71977189654
6270.919543267946
6270.919543267946
6270.919543267946
6270.919543267946
6270.919543267946
6270.919543267946
6052.141312204802
6052.141312204802
6052.141312204802
6026.769711339642
5731.544464033985
5731.544464033985
5731.544464033985
5534.950780951946
5534.950780951946
5454.318974868891
5454.318974868891
5345.733100802761
5220.082614836968
5152.226642787128
5152.226642787128
5089.252490030409
5015.958071090719
5003.402070982387
5003.402070982387
5003.402070982387
4985.4810616896575
4972.727785355659
4942.813642135727
4808.198717157617
4808.198717157617
4760.205928615755
4760.205928615755
4760.205928615755
4711.902450124651
4696.881025105229
4696.881025105229
4683.9310728472165
4683.9310728472165
4674.411468751183
4653.793530727869
4645.010250794205
4645.010250794205
4625.403785968081
4625.403785968081
4625.403785968081
4625.403785968081
4619.188260344323
4619.188260344323
4615.429426277526
4606.797233048612
4602.943110395749
4599.744777684193
4507.7614613409605
4432.776241200303
4278.4832798438565
4278.4832798438565
4277.614075437143
4277.614075437143
4277.525595956991
4277.525595956991
4267.165771262266
4261.441134166027
4261.441134166027
4261.441134166027
4261.441134166027
4257.5124495935615
4257.5124495935615
4252.431215128378
4248.292373059449
4245.674066614034
4243.145094587044
4239.99886737222
4239.99886737222
4239.99886737222
4239.27918313145
4239.27918313145
4239.151265644739
4239.151265644739
4237.004823480651
4237.004823480651
4235.327141639767
4235.327141639767
4234.668777549279
4234.109725002431
4234.109725002431
4233.905209741903
4233.905209741903
4232.543723717339
4232.375146585922
4232.375146585922
4230.105008663834
4230.105008663834
4229.15176647319
4229.15176647319
4227.799669017813
4227.799669017813
4227.201615968073
4227.201615968073
4226.961866619613
4226.961866619613
4226.961866619613
4226.961866619613
4226.961866619613
4226.961866619613
4226.961866619613
4226.961866619613
4226.961866619613
8621.763804212576
8146.318842201287
8082.578168955048
8042.708712166066
8038.051503518787
6896.02693513062
6896.02693513062
6896.02693513062
6896.02693513062
6896.02693513062
6863.236482426575
6863.236482426575
6863.236482426575
5988.948667132212
5988.948667132212
5988.948667132212
5985.635986465055
5985.635986465055
5758.067140264349
5583.016132535406
5583.016132535406
5524.767859571331
5356.402350809714
5356.402350809714
4862.924004955557
4484.040250418928
4484.040250418928
4484.040250418928
4484.040250418928
4440.487259610829
4418.825117889182
4418.825117889182
4418.825117889182
4390.801867543586
4278.350202052545
4268.599464998696
4264.881372339205
4235.476654942817
4161.317802280611
4139.668150866859
4139.668150866859
4116.849605057652
4116.849605057652
4107.576988831939
4085.750164550279
4085.750164550279
4064.0433286628504
4047.104397981019
4047.104397981019
4044.729736497372
4038.2208159720467
4035.5179899935665
4035.5179899935665
4027.1046995702013
4015.720119044081
4015.720119044081
4013.6273393527918
4010.8853259326693
4010.8853259326693
4008.6030134713924
4008.6030134713924
4001.357552485869
3999.9178277589253
3999.8456969503886
3999.680139311423
3999.680139311423
3999.063438975677
3999.030970478708
3999.030970478708
3997.753245671144
3997.753245671144
3997.049351664187
3996.89546608198
3996.89546608198
3996.4877683030268
3996.4877683030268
3996.4877683030268
3996.032938805921
3996.032938805921
3995.7807243303614
3995.7807243303614
3995.4782188882245
3995.4782188882245
3995.4782188882245
3995.037652833443
3995.037652833443
3994.528007154624
3994.528007154624
3994.528007154624
3994.528007154624
3994.3664743988243
3994.3664743988243
3994.1379112666255
3994.1379112666255
3994.1379112666255
3994.1379112666255
3994.1379112666255
3994.1379112666255
3994.1379112666255
3994.1379112666255
3994.072325586072
3994.072325586072
3994.072325586072
3994.072325586072
3994.072325586072
3994.072325586072
3994.072325586072
3994.072325586072
3994.072325586072
8621.763804212576
8539.172911792673
7631.267579576528
7631.267579576528
7631.267579576528
7631.267579576528
7631.267579576528
7566.836363852472
6886.467502162323
6886.467502162323
6654.716251283145
6654.716251283145
6519.695903216607
6410.320702665191
6410.320702665191
6244.316774451874
6244.316774451874
5983.300492370874
5772.898349911151
5772.898349911151
5298.6888325328755
5298.6888325328755
5207.2694888220585
5130.8539142833415
5130.8539142833415
5130.8539142833415
4963.442573121478
4864.067228020881
4745.573130289717
4745.573130289717
4617.28053638786
4617.28053638786
4617.28053638786
4582.293276387775
4414.510708084163
4403.132823956216
4403.132823956216
4274.13005480794
4082.289815900634
4082.289815900634
4063.068564828146
4063.068564828146
3967.8242919664553
3943.8189335175257
3943.8189335175257
3863.0870027574515
3822.2500946023692
3822.2500946023692
3765.7748576057124
3749.969793088044
3713.8945983210615
3713.8945983210615
3658.9764750586937
3634.7881488673693
3621.6144890573078
3621.6144890573078
3608.847005005877
3598.725382624799
3592.0951144716773
3582.27389715771
3579.3306090143474
3575.9127046624226
3572.31335853973
3572.31335853973
3565.091507410468
3558.56731690045
3558.56731690045
3558.56731690045
3558.5235881929175
3552.212006153819
3549.355362976742
3549.355362976742
3547.0844238294367
3544.708975427232
3544.708975427232
3543.7622197020746
3542.876178599566
3542.36097426143
3542.36097426143
3541.1116375871543
3539.50801719464
3539.50801719464
3539.50801719464
3539.50801719464
3539.50801719464
3539.50801719464
3539.50801719464
3538.943444764993
3538.943444764993
3538.943444764993
3538.943444764993
3538.943444764993
3538.943444764993
3538.943444764993
3538.943444764993
3538.943444764993
8621.763804212576
8162.22169800129
8162.22169800129
7791.933303146198
7791.933303146198
7679.903278752656
7588.176985843665
7588.176985843665
7116.594235298704
7116.594235298704
7116.594235298704
7116.594235298704
6935.971053757064
6707.915158772461
6707.915158772461
6561.821760008668
6453.635138573054
6293.1093103112435
6195.110507340449
6024.6839535921345
5978.585320060012
5862.324806986832
5862.324806986832
5528.927538181715
5528.927538181715
5528.927538181715
5528.927538181715
5315.45557189855
5289.07269036487
5289.07269036487
5289.07269036487
5237.501487290594
5191.587152092583
5191.587152092583
5139.997974909041
5095.253447429144
5029.093660101474
5010.171973446964
4981.056486360867
4951.5555186116235
4919.4124038509535
4870.33368466065
4854.969134810454
4842.728292653454
4832.045643103411
4830.484976010331
4815.943095865374
4815.815447193599
4815.815447193599
4807.803568870268
4807.053734558326
4806.476641660016
4801.0901414295
4791.636414641235
4791.636414641235
4789.334781184575
4789.334781184575
4789.334781184575
4786.022720860944
4786.022720860944
4786.022720860944
4784.379221457559
4784.266640094664
4782.725314715562
4782.430192900241
4781.2757367659015
4781.2757367659015
4780.737365997413
4780.737365997413
4780.737365997413
4780.390846508787
4780.390846508787
4779.092686548183
4779.092686548183
4779.092686548183
4779.092686548183
4778.7744117098955
4778.7744117098955
4778.7744117098955
4778.7744117098955
4778.7744117098955
4778.7744117098955
4778.7744117098955
4778.7744117098955
4778.7744117098955
8621.763804212576
8116.895339081215
7911.7335277849925
7911.7335277849925
7911.7335277849925
7911.7335277849925
7390.521938518522
7390.521938518522
7184.700185484305
7035.848154523872
7035.848154523872
6976.575663353548
6897.467495080246
6745.2565110034275
6386.064187145112
6386.064187145112
6386.064187145112
6198.010282986081
5998.015392960464
5998.015392960464
5980.183162510542
5980.183162510542
5843.948588965981
5801.658098329466
5400.028504616112
5177.481741402082
5177.481741402082
4927.075728048591
4619.658496350547
4619.658496350547
4619.658496350547
4594.315082260098
4594.315082260098
4584.1980018318245
4584.1980018318245
4565.321627554127
4494.060221200791
4444.131802628679
4444.131802628679
4386.990207724706
4369.611336119999
4332.511239647526
4311.360267864438
4302.885779353448
4295.869964905971
4279.907569721368
4254.636387219952
4244.319480813255
4231.620527582203
4192.713969298783
4192.713969298783
4140.438632443329
4140.438632443329
4112.237475864017
4112.237475864017
4112.237475864017
4098.734218175131
4098.734218175131
4096.462822199506
4096.462822199506
4090.522650799531
4086.9307522442564
4085.109307327375
4084.560070684849
4083.971413173983
4075.7379551583726
4066.859541261457
4066.859541261457
4066.859541261457
4064.5070789837437
4064.5070789837437
4064.5070789837437
4064.1158969706444
4058.4976098383477
4057.9530066684574
4055.9593216407075
4055.9593216407075
4055.9593216407075
4055.8916697703708
4055.8916697703708
4054.797295124492
4054.797295124492
4054.0086842782353
4054.0086842782353
4054.0086842782353
4052.9698551295514
4052.9698551295514
4052.9698551295514
4052.9698551295514
4052.9698551295514
4052.9698551295514
4052.9698551295514
4052.9698551295514
4052.9698551295514
8621.763804212576
8499.075469568266
8410.451979266185
8048.383015407077
8048.383015407077
7785.186952523225
7785.186952523225
7785.186952523225
7785.186952523225
7785.186952523225
7555.258877916157
7448.385367580979
7448.385367580979
7054.977166176002
7054.977166176002
6865.906067071197
6865.906067071197
6389.162486781253
5325.596767737632
5325.596767737632
5325.596767737632
5325.596767737632
5325.596767737632
5325.596767737632
5104.073114735959
5082.809790162828
4924.926084129385
4924.926084129385
4924.926084129385
4707.9326427168935
4707.9326427168935
4671.160864051499
4589.223511848222
4589.223511848222
4572.407537273393
4541.872662379952
4499.811085238451
4381.8115054813115
4381.8115054813115
4296.118654792945
4296.118654792945
4296.118654792945
4271.33769115156
4251.950369664384
4247.376310998121
4244.998044129707
4189.925115189688
4189.925115189688
4177.849733569135
4174.316780265608
4162.603665855386
4114.272482389264
4066.47450114417
4055.418817622167
4050.1132880306704
4038.734408132782
4020.955018166649
4014.615766517136
4009.2807371837325
4006.495964727525
4003.0152337571717
3996.185317590094
3982.136089170228
3980.043256247644
3980.043256247644
3980.043256247644
3974.6512352114
3974.6512352114
3971.890885437807
3970.388149760074
3970.388149760074
3970.388149760074
3966.391359402356
3965.892929641918
3965.892929641918
3965.892929641918
3964.9976477612054
3964.9976477612054
3964.8311075032234
3964.8311075032234
3963.7668980243147
3963.7668980243147
3963.409648718422
3963.409648718422
3963.409648718422
3963.1846902662974
3963.1846902662974
3963.1846902662974
3963.1846902662974
3963.1846902662974
3962.569935544098
3962.569935544098
3962.569935544098
3962.569935544098
3962.569935544098
3962.569935544098
3962.569935544098
3962.569935544098
3962.569935544098
8621.763804212576
8335.739808879553
8122.973808914205
7908.290285819507
7908.290285819507
7908.290285819507
7908.290285819507
7908.290285819507
7908.290285819507
7908.290285819507
7681.422349059483
7518.952766142168
7494.542265768899
7254.413767124874
7058.831146145809
6860.247200324065
6838.993167021112
6838.993167021112
6713.984646141553
6264.986216976934
6101.8131313993235
6101.8131313993235
6078.300825330718
5997.648247020386
5983.647637202927
5976.1638619440255
5750.222675377876
5648.313266340951
5612.25184084932
5554.935568807096
5481.831836015818
5369.133964940229
5209.550002479672
5209.550002479672
5132.225238734157
5132.225238734157
4930.100138993927
4808.506073011167
4808.506073011167
4808.506073011167
4777.757143468332
4773.781916775493
4749.269186601762
4748.215829726108
4737.680742135074
4719.262124644366
4718.58638921385
4699.517846919145
4695.940863948912
4690.064810236762
4672.572188933641
4657.910702300128
4631.5047209157965
4619.844987581446
4601.051813053444
4601.051813053444
4599.133521339545
4577.880578738745
4577.880578738745
4575.95986762523
4572.819135283153
4572.819135283153
4569.193115742677
4564.040887399167
4564.040887399167
4560.3400151719015
4560.3400151719015
4559.215769162358
4559.215769162358
4558.691262355254
4558.691262355254
4558.691262355254
4557.8204360814525
4557.8204360814525
4557.8204360814525
4557.603522941852
4556.434782187565
4556.434782187565
4556.434782187565
4556.434782187565
4556.434782187565
4556.434782187565
4556.434782187565
4556.434782187565
4556.021208361757
4556.021208361757
4556.021208361757
4555.875278128398
4555.875278128398
4555.875278128398
4555.371477019067
4555.371477019067
4554.576549688269
4554.576549688269
4554.576549688269
4554.576549688269
4554.576549688269
4554.576549688269
4554.576549688269
4554.576549688269
4554.576549688269
8621.763804212576
8545.779234778915
7860.678994918876
7860.678994918876
7860.678994918876
7860.678994918876
7860.678994918876
7860.678994918876
7860.678994918876
7860.678994918876
7044.596125146754
7044.596125146754
7044.596125146754
7044.596125146754
6505.546026150314
6505.546026150314
6505.546026150314
6293.781359665938
5996.225935607239
5996.225935607239
5933.164150594786
5933.164150594786
5583.755463551312
5583.755463551312
5570.926434017942
5554.3672651850375
5499.182338771843
5421.850396788632
5308.698294868629
5107.688999839
5107.688999839
5107.688999839
5107.688999839
5080.859141123464
5055.138556384545
4952.255595826047
4952.255595826047
4871.6882063472185
4861.8773014192175
4851.370007539277
4795.512501913714
4744.064650732935
4744.064650732935
4709.026492716972
4709.026492716972
4709.026492716972
4696.778934255551
4659.559399445225
4656.87279661116
4639.599609465958
4629.95008310453
4617.422452396408
4615.727358418929
4610.698468353228
4608.281391879644
4591.857597738861
4583.134954327864
4583.134954327864
4580.106623226968
4580.106623226968
4575.968426535684
4565.5742460177225
4565.5742460177225
4565.5742460177225
4565.5742460177225
4565.5742460177225
4561.753718761393
4561.753718761393
4553.5239189169515
4553.5239189169515
4551.809935646065
4551.809935646065
4548.6401537803595
4545.568364341769
4545.568364341769
4545.568364341769
4545.568364341769
4544.501747614764
4541.920380587409
4538.501172662121
4538.501172662121
4538.501172662121
4538.501172662121
4538.501172662121
4538.17135580162
4538.17135580162
4538.17135580162
4536.540018376319
4536.540018376319
4536.540018376319
4536.540018376319
4536.540018376319
4536.540018376319
4536.540018376319
4536.540018376319
4536.540018376319
4534.830502762055
4534.830502762055
4534.830502762055
4534.830502762055
4534.830502762055
4534.830502762055
4534.830502762055
4534.830502762055
4534.830502762055
4534.498775165529
4534.498775165529
4534.498775165529
4534.498775165529
4534.498775165529
4533.74903991339
4533.74903991339
4533.74903991339
4533.74903991339
4533.74903991339
4533.74903991339
4533.74903991339
4533.74903991339
4533.74903991339
8621.763804212576
8123.888566274236
8123.888566274236
8042.86483251512
8042.86483251512
7686.961874055179
7686.961874055179
7605.728535442974
7605.728535442974
7605.728535442974
7524.255645635846
7176.504106483708
7007.121600248165
6835.750467887601
6543.961138739206
6543.961138739206
6543.961138739206
6157.892343172612
5882.17672000791
5882.17672000791
5853.422116255453
5771.08661156215
5771.08661156215
5771.08661156215
5771.08661156215
5771.08661156215
5771.08661156215
5771.08661156215
5771.08661156215
5771.08661156215
8621.763804212576
8236.105949267841
8134.186411469055
8134.186411469055
7809.217292134055
6726.130888462694
6726.130888462694
6726.130888462694
6496.639967041129
6496.639967041129
6496.639967041129
6423.743606652417
6423.743606652417
6423.743606652417
5258.670885298916
5258.670885298916
5258.670885298916
5038.734125823876
5000.633734189482
4908.206552155294
4908.206552155294
4791.758933776817
4791.758933776817
4791.758933776817
4782.279074488448
4782.279074488448
4635.916410780705
4174.4895805806855
4174.4895805806855
4174.4895805806855
3929.9946677796624
3929.9946677796624
3912.4242121491698
3912.4242121491698
3876.4213885109048
3854.365776508497
3825.925699307645
3825.925699307645
3790.5155555908395
3746.5154268648694
3744.7577217532767
3740.366979020901
3725.1919980831426
3709.595846154095
3695.8959997610773
3647.7293923087864
3610.1975905948693
3610.1975905948693
3577.8240603203412
3563.1395317904253
3560.7980101426583
3559.1500490313465
