7186.534361363718
7186.534361363718
7186.534361363718
7186.534361363718
7186.534361363718
7186.534361363718
7186.534361363718
7186.534361363718
7186.534361363718
8040.4897907078475
8009.747341820804
7981.716788146924
7917.397883437505
7917.397883437505
7908.37496023567
7908.37496023567
7493.5949002624775
7493.5949002624775
7493.5949002624775
7454.54907150548
7340.230365755871
7340.230365755871
7340.230365755871
7163.934330969408
7127.145151086896
7127.145151086896
7127.145151086896
6991.305804988348
6991.305804988348
6991.305804988348
6780.297993672443
6780.297993672443
6432.511427116597
6395.898463248852
6063.589026913625
6063.589026913625
5903.105394775107
5493.595523932263
5493.595523932263
5376.278705604636
5244.341544999243
5129.862262509707
5129.862262509707
5119.095987232629
5094.034658165856
5094.034658165856
4947.834854332221
4928.386081062752
4928.386081062752
4867.102079621802
4828.810087589749
4828.810087589749
4784.80019204989
4768.482291911334
4767.89533744897
4767.89533744897
4681.4356761004165
4558.136714501856
4546.249773400993
4526.11015440299
4513.020754722583
4513.020754722583
4513.020754722583
4513.020754722583
4491.918383164573
4479.68655496181
4464.702121491581
4459.375336278968
4459.375336278968
4445.852889358925
4440.64597744021
4440.64597744021
4430.447100722171
4429.104675264705
4425.8929824577335
4423.739302633309
4417.009925871669
4417.009925871669
4415.274842271729
4415.274842271729
4413.943037387917
4413.943037387917
4412.398278137882
4412.398278137882
4409.009678583717
4409.009678583717
4406.010942129113
4405.10596940464
4405.10596940464
4405.10596940464
4403.94942428714
4403.94942428714
4403.628181256259
4403.628181256259
4403.628181256259
4403.306527010739
4403.306527010739
4403.218646284146
4403.218646284146
4403.218646284146
4403.218646284146
4403.218646284146
4403.072865706505
4402.980867464743
4402.980867464743
4402.980867464743
4402.980867464743
4402.980867464743
4402.610008075967
4402.610008075967
4402.588237412336
4402.588237412336
4402.588237412336
4402.588237412336
4402.588237412336
4402.588237412336
4402.5499120026325
4402.5499120026325
4402.5499120026325
4402.5499120026325
4402.050103271789
4402.050103271789
4402.050103271789
4402.050103271789
4402.050103271789
4402.050103271789
4402.050103271789
4402.050103271789
4401.887255295346
4401.887255295346
4401.788011513237
4401.788011513237
4401.788011513237
4401.788011513237
4401.788011513237
4401.788011513237
4401.788011513237
4401.788011513237
4401.788011513237
8040.4897907078475
8009.747341820804
7981.716788146924
7955.590527989626
7931.677440480336
7910.272463446684
7891.499093002336
7610.264513326775
7471.3253459000925
6880.837883580394
6803.07985550799
6803.07985550799
6803.07985550799
6803.07985550799
6717.3797763363045
6336.027285616402
6336.027285616402
6336.027285616402
6130.468199883444
5680.882628994032
5680.882628994032
5655.460520917042
5655.460520917042
5524.611374377027
5485.8971998428515
5485.8971998428515
5174.766072931908
5142.973422058352
5142.973422058352
5113.176609414528
5101.60262128813
5101.60262128813
5101.60262128813
5026.786916279365
4817.42005174047
4817.42005174047
4780.406984776734
4678.888513803568
4667.8118721634555
4667.8118721634555
4627.096623486761
4602.224467575179
4574.879321286429
4570.51194477432
4530.51698137783
4530.51698137783
4497.496595193017
4489.148873813382
4483.306808019899
4447.767963604845
4447.767963604845
4440.708153063276
4420.959274817109
4420.959274817109
4414.19737499695
4414.19737499695
4409.820095713998
4393.932885903792
4392.9277539468
4392.9277539468
4385.385614646013
4374.784752387226
4373.689912202468
4373.075711127337
4373.075711127337
4371.326828076897
4368.212494749298
4367.23090772333
4365.549877664729
4364.042187844443
4363.971164282854
4363.971164282854
4363.4220508795825
4362.086967277964
4362.086967277964
4360.6706008034635
4360.6706008034635
4360.6706008034635
4358.985003930176
4358.985003930176
4358.985003930176
4358.985003930176
4358.854133449671
4358.854133449671
4358.2650416503
4358.2650416503
4357.996421674081
4357.996421674081
4357.996421674081
4357.996421674081
4357.996421674081
4357.996421674081
4357.996421674081
4357.996421674081
4357.996421674081
8040.4897907078475
7905.756448017957
7905.756448017957
5541.4690992368605
3768.170898847464
3617.1334924503417
3176.467764616459
3042.1790594788235
2917.3630937561725
2884.412932820378
2881.8846718249356
2858.13793722731
2814.6312173118863
2779.375659551399
2779.375659551399
2749.9322749597777
2749.9322749597777
2745.517924072345
2744.3933676847078
2742.856883924407
2725.676276502916
2725.5676859198547
2725.5676859198547
2722.8209392846156
2722.8209392846156
2721.358103768767
2719.5977756367406
2719.5977756367406
2718.1555446162893
2715.772060570554
2710.8492904787063
2700.180418906712
2700.180418906712
2699.923805806623
2697.019097091988
2697.019097091988
2695.629942436333
2693.7219671792122
2692.2110622561063
2692.2110622561063
2689.6958320434355
2688.0991349597803
2686.50304669364
2685.0993214424593
2685.0993214424593
2684.417364955189
2684.089305186636
2683.594532146759
2683.3358669537774
2683.009268889921
2683.009268889921
2682.786994247709
2682.678880251618
2682.5390109519585
2682.482592817212
2682.3194877854908
2682.212554621731
2682.212554621731
2682.105490338844
2682.105490338844
2682.105490338844
2682.06575645694
2682.06575645694
2682.000783537608
2682.000783537608
2681.9714155179818
2681.94865540234
2681.94865540234
2681.94865540234
2681.94865540234
2681.937019549946
2681.937019549946
2681.937019549946
2681.937019549946
2681.9364182205873
2681.9364182205873
2681.9364182205873
2681.9364182205873
2681.9364182205873
2681.9364182205873
2681.9364182205873
2681.9364182205873
2681.9248160209418
2681.9248160209418
2681.917883839262
2681.917883839262
2681.917883839262
2681.917883839262
2681.917883839262
2681.917883839262
2681.9047073335123
2681.9047073335123
2681.9047073335123
2681.9047073335123
2681.9047073335123
2681.9047073335123
2681.9047073335123
2681.9047073335123
2681.9047073335123
2681.902906287138
2681.902906287138
2681.902906287138
2681.902906287138
2681.902906287138
2681.902906287138
2681.902906287138
2681.902906287138
2681.902906287138
8040.4897907078475
7210.025029942829
6890.391378118084
5686.850520729291
5436.976533537423
3964.064643496486
3295.9214485900143
3042.224824937752
2965.036771501879
2867.9092472289735
2842.6676134936083
2811.1816771554404
2787.2253637088947
2787.2253637088947
2787.2253637088947
2787.2253637088947
2787.2253637088947
2778.058014022373
2772.468013894761
2765.2630892661477
2760.404799177285
2760.404799177285
2749.85188023125
2747.194674174874
2736.977103424353
2736.977103424353
2733.8488121088385
2728.508530820264
2723.7475971690124
2722.073986287968
2718.0675714818376
2717.203108588569
2715.1140185981235
2713.144880384103
2713.144880384103
2712.466589741956
2711.8027963835966
2711.8027963835966
2709.8192969055794
2708.403209251891
2706.8024352110037
2706.8024352110037
2706.6556991543184
2706.4754714096935
2706.2790227476225
2706.019588195324
2705.7648576038587
2705.7648576038587
2704.98445976737
2704.8216318376544
2704.636606826785
2704.393227283155
2703.804407995544
2703.6025064789433
2703.546184277378
2703.0993008686305
2703.0993008686305
2703.0731521810535
2702.790549190965
2702.5165957617846
2702.5009878844726
2702.4582224318724
2702.094480379311
2702.0589798091037
2702.0589798091037
2701.989367125132
2701.890772983676
2701.890772983676
2701.890772983676
2701.8573825454678
2701.577484045136
2701.577484045136
2701.577484045136
2701.577484045136
2701.577484045136
2701.577484045136
2701.577484045136
2701.577484045136
2701.534453910226
2701.534453910226
2701.5312073550663
2701.5128976492365
2701.5128976492365
2701.5128976492365
2701.5128976492365
2701.494548123346
2701.494548123346
2701.494548123346
2701.494548123346
2701.494548123346
2701.494548123346
2701.494548123346
2701.494299370468
2701.4775728785885
2701.4775728785885
2701.4728833074314
2701.4728833074314
2701.4596448072507
2701.4596448072507
2701.4596448072507
2701.4596448072507
2701.4596448072507
2701.4596448072507
2701.4596448072507
2701.4596448072507
2701.4596448072507
8040.4897907078475
7682.863129435378
7682.863129435378
5030.983403809407
3768.1837398078824
3322.264474690358
3080.59548203334
2963.001505329069
2940.8539548630415
2846.3454333475074
2817.968221104196
2780.0190454900867
2780.0190454900867
2756.817977558859
2756.817977558859
2733.058206254167
2712.1901578701936
2712.1901578701936
2712.1901578701936
2703.1452257403425
2703.1452257403425
2690.2747571031477
2685.968850495639
2685.968850495639
2683.0905946606354
2680.8193755463535
2679.8718462506804
2676.3430546240497
2676.3430546240497
2676.3430546240497
2674.866581511357
2673.787172203516
2672.079249546929
2670.9549449127953
2670.9422663770742
2668.1387832794207
2666.3082423418796
2665.435317738394
2664.521471644336
2662.2849028721434
2660.6303399319927
2658.8292523187774
2658.0833529265756
2656.9443933034295
2655.2859561581004
2655.2859561581004
2653.999380655363
2653.4110866365822
2653.0114137179503
2653.0114137179503
2652.5421054968406
2652.5421054968406
2651.7551087151487
2651.7551087151487
2651.7551087151487
2651.6001056927603
2651.3737925294527
2651.2975851870087
2651.230019118811
2651.1687047493497
2651.032342791005
2651.032342791005
2650.950228856049
2650.949320996393
2650.9284863745443
2650.9284863745443
2650.9284863745443
2650.8460435469974
2650.8460435469974
2650.8460435469974
2650.8246667257386
2650.711825418143
2650.711825418143
2650.711825418143
2650.711825418143
2650.691032441526
2650.691032441526
2650.6578478624083
2650.6578478624083
2650.6578478624083
2650.6296907835954
2650.6296907835954
2650.6296907835954
2650.5996006648215
2650.5996006648215
2650.5996006648215
2650.5996006648215
2650.5996006648215
2650.5996006648215
2650.5996006648215
2650.5996006648215
2650.598954981986
2650.598954981986
2650.581527153657
2650.581527153657
2650.581527153657
2650.581527153657
2650.581527153657
2650.581527153657
2650.581527153657
2650.581527153657
2650.581527153657
8657.026500199627
8051.099994721055
8051.099994721055
6161.6898872142165
4040.4225524826957
3287.662144324369
3110.3240047716167
2917.55226974506
2878.0751925252457
2809.253907465302
2795.2180468634833
2795.2180468634833
2795.2180468634833
2795.2180468634833
2772.2580293468736
2759.8954501311464
2759.8954501311464
2747.2513593884414
2739.9810665167765
2737.963118571335
2736.154192488581
2722.7800790769334
2722.6806737810457
2718.0276922858375
2710.3717166319957
2710.3717166319957
2705.49539839504
2705.49539839504
2704.5562482807636
2701.997871178873
2701.614699030135
2699.8592215821554
2699.8592215821554
2699.667399500279
2696.95826347622
2694.2203020544716
2694.097033400022
2694.097033400022
2692.778617850521
2691.905944289638
2691.772808462514
2691.772808462514
2691.6199776611948
2691.5301214258507
2691.4823233348275
2691.3380790661263
2690.903490701822
2690.6778830084095
2690.0679028928785
2690.0679028928785
2689.822501971692
2689.753405985083
2689.753405985083
2689.629162365864
2689.623877793679
2689.527775446345
2689.346045088796
2689.346045088796
2689.346045088796
2689.329480550052
2689.3099966608943
2689.3099966608943
2689.2556192690076
2689.1560239077576
2689.1560239077576
2689.1560239077576
2689.1560239077576
2689.1560239077576
2689.1508191113885
2689.0838134876126
2689.0838134876126
2689.0838134876126
2689.0838134876126
2689.0838134876126
2689.047398562306
2689.0446652260543
2689.0446652260543
2688.9781130427996
2688.9781130427996
2688.9781130427996
2688.9781130427996
2688.9781130427996
2688.9781130427996
2688.9781130427996
2688.9781130427996
2688.9781130427996
8657.026500199627
8633.189925269195
8226.444550199318
7391.2266825087445
7391.2266825087445
7286.442601523605
7286.442601523605
7286.442601523605
7286.442601523605
6666.979934593585
6666.979934593585
6629.410174295157
6199.025317775278
6199.025317775278
5883.494356063329
5639.8941107829405
5184.156138075146
5184.156138075146
5074.083193603352
5074.083193603352
4735.836265064925
4724.321252928423
4540.705824346343
4440.116484165048
4419.561347091902
4419.561347091902
4395.150712512638
4395.150712512638
4320.735262307919
4273.373503419347
4234.7657601926185
4234.7657601926185
4189.237915553842
4141.888646399003
4120.242733366719
4117.737868359192
4077.067208231233
4063.845942587485
4056.673626292215
4046.3796719468173
4035.705912084405
4034.6212624410655
4020.836161909456
4013.4896974889552
4002.407778215613
4002.407778215613
3993.3972754278157
3989.2995407844246
3986.8394576646688
3983.723526902049
3983.723526902049
3983.0581492674946
3979.741306313963
3979.0871914038535
3979.0871914038535
3975.8679967424796
3975.8679967424796
3975.8679967424796
3975.23799470986
3974.949837864435
3974.949837864435
3974.9123984284347
3974.614249958282
3974.614249958282
3974.5096978986257
3973.6451264488924
3973.6451264488924
3973.189485023904
3973.189485023904
3973.189485023904
3973.189485023904
3973.189485023904
3973.189485023904
3973.189485023904
3973.189485023904
3971.762872414113
3971.762872414113
3971.762872414113
3971.762872414113
3971.762872414113
3971.762872414113
3971.762872414113
3971.762872414113
3971.762872414113
8657.026500199627
8387.709008158621
7933.142530530598
7933.142530530598
7459.811440196847
7282.226859883316
7282.226859883316
7282.226859883316
6829.588169959188
6829.588169959188
6829.588169959188
6829.588169959188
6829.588169959188
6829.588169959188
6711.18170164492
6711.18170164492
6480.287573268573
6480.287573268573
6278.258942110993
6085.382444187317
6085.382444187317
6049.324097543766
5941.942358346932
5941.942358346932
5941.942358346932
5614.004909823554
5421.385185317342
5421.385185317342
5310.062363819485
5310.062363819485
5310.062363819485
5231.811190820477
5231.811190820477
5055.414424243475
5055.414424243475
5055.414424243475
4945.511483934895
4884.271886644732
4790.948401995329
4747.892253906888
4720.820600691402
4648.121790510331
4643.92288168685
4606.806665831479
4570.3557108025
4551.74618568927
4506.680907391528
4494.091075567212
4494.091075567212
4487.161428975669
4467.8080115661
4457.3487597137955
4457.3487597137955
4457.3487597137955
4449.056714829852
4447.87542669912
4447.87542669912
4440.726259842513
4440.726259842513
4437.078452193295
4436.833797865605
4436.833797865605
4436.833797865605
4426.67968282602
4426.67968282602
4426.67968282602
4426.443872750192
4426.443872750192
4426.443872750192
4425.916229026424
4425.916229026424
4425.219965761104
4422.162018699093
4422.162018699093
4422.162018699093
4422.162018699093
4422.083619970136
4422.083619970136
4422.083619970136
4421.015544404861
4420.743106894776
4420.743106894776
4420.341048033142
4420.341048033142
4419.887836480869
4419.887836480869
4419.887836480869
4419.460524084115
4419.460524084115
4418.729588711767
4418.729588711767
4418.729588711767
4418.729588711767
4418.729588711767
4418.729588711767
4418.729588711767
4418.729588711767
4418.729588711767
8657.026500199627
8657.026500199627
8021.880486959574
7249.977864320352
7249.977864320352
7249.977864320352
7189.424742697593
6780.744453346671
6452.317065099505
6452.317065099505
6452.317065099505
6452.317065099505
6138.922968267409
5757.9751949574265
5757.9751949574265
5757.9751949574265
5757.9751949574265
5425.2235387942155
5295.179032585761
5158.817990112786
5158.817990112786
5068.672507461027
5068.672507461027
4980.291986928432
4662.013218836312
4662.013218836312
4662.013218836312
4414.5226896850445
4414.5226896850445
4414.1191397889415
4414.1191397889415
4288.306504331863
4248.6189525387035
4236.455044825632
4236.455044825632
4094.1033591868872
4082.472252704493
3979.8685215768683
3932.3351273480866
3876.1519887459144
3814.0299903829864
3751.762199956942
3711.7584798952594
3705.9880935863084
3662.2694872235224
3662.2694872235224
3658.2207317698967
3653.9248744797524
3645.6616546502682
3639.748066491058
3635.928204093241
3630.2244857432042
3628.968887943277
3628.968887943277
3627.258917456651
3626.6247043726835
3625.0431618246785
3622.8363119003216
3621.6803328795795
3621.3666589178797
3621.3666589178797
3621.016495978499
3621.016495978499
3619.9412668736904
3619.4114979128353
3619.4114979128353
3619.4114979128353
3619.2179696426883
3619.2179696426883
3618.260223431945
3618.260223431945
3618.260223431945
3618.260223431945
3618.260223431945
3617.543863001171
3617.543863001171
3617.543863001171
3617.543863001171
3617.543863001171
3617.543863001171
3617.543863001171
3617.543863001171
3617.543863001171
8657.026500199627
8136.03009815532
8136.03009815532
8113.292012219519
8113.292012219519
8113.292012219519
7201.658229411721
7197.66354808415
6708.92311395033
6708.92311395033
6708.92311395033
6657.6113980284745
6225.469857991324
6225.469857991324
6225.469857991324
6064.407661548541
6064.407661548541
5992.97311550594
5661.374831950439
5661.374831950439
5661.374831950439
5554.305985423129
4971.9958047519585
4944.2093355375055
4944.2093355375055
4944.2093355375055
4914.445574251385
4852.921611945618
4533.382585120684
4533.382585120684
4533.382585120684
4406.652983315867
4308.430307123242
4262.065621168591
4262.065621168591
4218.3229211871085
4218.3229211871085
4200.304182422242
4186.598786002342
4186.598786002342
4186.598786002342
4150.084176175813
4150.084176175813
4136.554038337352
4130.401367653747
4105.988231919913
4097.77543221298
4097.77543221298
4083.911921102782
4081.0693495461264
4081.0693495461264
4076.471987995358
4073.3428494939535
4073.3428494939535
4069.7029031933016
4069.7029031933016
4069.465475567841
4069.465475567841
4067.110489789873
4064.9325312196634
4063.5298626992917
4063.5298626992917
4062.89164178628
4062.89164178628
4062.89164178628
4062.461806371788
4061.6034246559
4061.6034246559
4061.6034246559
4061.6034246559
4061.6034246559
4061.6034246559
4061.413805642598
4061.413805642598
4061.413805642598
4061.413805642598
4061.413805642598
4061.413805642598
4061.413805642598
4061.413805642598
4061.413805642598
8657.026500199627
8156.22020421814
7749.141422718551
7749.141422718551
7749.141422718551
7644.358866921292
7644.358866921292
7566.354812428936
7566.354812428936
7478.9202118194125
6700.079383578543
6700.079383578543
6283.26285029457
6283.26285029457
6283.26285029457
6283.26285029457
5913.7703856678745
5913.7703856678745
5913.7703856678745
