8046.621298064738
8004.297531312259
8004.297531312259
8004.297531312259
7408.508529672996
7408.508529672996
7191.301577953439
7191.301577953439
6728.598076186932
6728.598076186932
6728.598076186932
6032.822318110391
5956.371273320892
5956.371273320892
5897.888249115944
5742.421804069394
5577.683351328805
5577.683351328805
5537.267809030849
5401.219365538944
5120.6165793148375
4857.580815599076
4857.580815599076
4857.580815599076
4857.580815599076
4796.68605503564
4715.293915185555
4715.293915185555
4667.511245980246
4622.664973532351
4619.767448921578
4591.602943708447
4591.602943708447
4591.602943708447
4587.766031096606
4544.83713135389
4511.765811579557
4511.765811579557
4500.23747290917
4492.872485300826
4473.004645384623
4473.004645384623
4470.4446330544015
4467.76071182588
4466.739823586457
4464.9719456049115
4304.031019666491
4304.031019666491
4281.561336596054
4275.512150999823
4275.512150999823
4272.595115577061
4260.923593020327
4260.923593020327
4252.66750876791
4246.810173327939
4246.810173327939
4244.023560241663
4235.841558849164
4235.841558849164
4234.929120596937
4233.1773350264275
4233.1773350264275
4231.089545615838
4230.522903919504
4229.986802689325
4229.986802689325
4229.986802689325
4228.090513890731
4228.090513890731
4227.212733118582
4227.212733118582
4226.74887239818
4226.74887239818
4226.5903369936295
4226.5903369936295
4226.070803914464
4226.070803914464
4225.709566166059
4225.665555012393
4225.665555012393
4225.665555012393
4225.231197031731
4225.231197031731
4225.231197031731
4225.231197031731
4225.231197031731
4225.188182776599
4225.188182776599
4225.145329030743
4225.145329030743
4225.145329030743
4225.145329030743
4225.145329030743
4225.145329030743
4225.145329030743
4225.145329030743
4225.145329030743
8446.324226416644
8401.500265345037
7863.461786311817
7863.461786311817
7863.461786311817
7863.461786311817
7863.461786311817
7054.379571637441
7054.379571637441
7054.379571637441
7054.379571637441
6543.089249877491
6543.089249877491
5404.798458107866
5404.798458107866
5404.798458107866
5404.798458107866
5201.942168278423
5201.942168278423
5126.61970626215
5126.61970626215
5040.550936456451
5040.550936456451
5040.550936456451
4933.901820597792
4933.901820597792
4798.777732684524
4651.324756307269
4558.544366247484
4377.953733567766
4377.953733567766
4287.118422210614
4277.986095659353
4277.986095659353
4253.257329853847
4217.118735893356
4198.60362275714
4190.648238788598
4170.603206463395
4129.263807996105
4112.502464817097
4100.01804812019
4078.838651374846
4075.370151193869
4075.370151193869
4068.708953768529
4063.246808122787
4058.3487683230264
4056.47745432247
4049.548343162536
4044.3996595639364
4044.3996595639364
4042.514499638186
4042.514499638186
4042.514499638186
4041.1985244169705
4040.307585960728
4040.2874468501177
4039.531213523382
4039.531213523382
4037.723463426412
4037.1531750622626
4037.1531750622626
4036.1708506024256
4036.1708506024256
4035.9875113121475
4035.9875113121475
4034.945519895925
4034.945519895925
4034.945519895925
4034.945519895925
4034.841540648596
4034.841540648596
4033.788790567223
4033.788790567223
4033.7694174686285
4033.7694174686285
4033.7694174686285
4033.7694174686285
4033.7694174686285
4033.7694174686285
4033.7694174686285
4033.7694174686285
4033.7694174686285
8446.324226416644
8004.945574544736
8004.945574544736
8004.945574544736
8004.945574544736
7752.080320713058
7752.080320713058
6950.160551970193
6950.160551970193
6640.498504001852
6525.501148507339
6525.501148507339
6513.45359274385
6248.76840461969
6248.76840461969
6248.76840461969
5851.0487030607155
5851.0487030607155
5851.0487030607155
5504.235769614195
5238.822034406838
4918.48594442761
4918.48594442761
4700.567948537633
4700.567948537633
4700.567948537633
4700.567948537633
4521.529223058813
4503.345988422478
4463.027991499169
4424.357834199411
4405.747077150906
4345.077006332953
4345.077006332953
4319.135830744601
4313.381864244786
4299.684066714171
4298.1169661957465
4268.19872475954
4255.531086858568
4251.831915470194
4243.960072156475
4237.551016199272
4230.590031528575
4219.197533638967
4219.197533638967
4215.684658624362
4210.4739225949725
4205.647642418533
4202.576933381186
4200.4301543651045
4196.583013344395
4196.583013344395
4196.583013344395
4195.9346401469775
4195.747227769588
4194.846940918297
4194.846940918297
4194.846940918297
4193.925914482607
4192.356513091561
4192.034928825928
4192.034928825928
4191.05484380821
4190.1027166188405
4190.1027166188405
4190.1027166188405
4190.1027166188405
4190.1027166188405
4190.1027166188405
4190.1027166188405
4190.1027166188405
4190.1027166188405
8446.324226416644
8174.699264163119
8174.699264163119
7840.950881599496
7840.950881599496
7739.770407394489
7576.139267324551
7408.203083952309
7321.347885387732
6635.617248376708
6635.617248376708
6635.617248376708
6635.617248376708
6513.099401167141
6374.817486315444
6055.824500885928
6055.824500885928
5889.346148355871
5619.044292323386
5419.617144399575
5419.617144399575
5419.617144399575
5307.709686263974
5228.508762144187
5223.8504747245315
4972.75407785778
4739.840389244084
4739.840389244084
4650.504010185594
4613.075674831167
4613.075674831167
4536.606112212288
4536.606112212288
4534.787758207522
4518.722087985571
4476.271667125561
4420.9574495774095
4345.869782485171
4345.869782485171
4227.280030395429
4185.774788950736
4173.227781747351
4173.227781747351
4145.469601348173
4140.923640433635
4108.1851859008275
4084.0482518530207
4073.268571868855
4070.912976194224
4056.977642438793
4026.0189194420727
3792.393133834984
3792.393133834984
3792.393133834984
3792.393133834984
3779.413203165068
3779.413203165068
3778.459793089023
3770.987771819972
3760.654419916502
3744.724122394876
3742.741517555394
3741.959168203569
3737.0028844112385
3734.6437621463965
3723.1533293249777
3720.7742639727726
3720.7742639727726
3715.04442408336
3715.0150514359484
3714.434279852231
3712.928591029971
3712.928591029971
3704.3104963102232
3704.3104963102232
3704.3104963102232
3704.072953448232
3704.072953448232
3702.915288665893
3702.915288665893
3702.915288665893
3702.0359665287174
3700.239258612201
3700.239258612201
3700.239258612201
3700.167468847192
3699.588334814518
3699.588334814518
3699.588334814518
3699.588334814518
3699.588334814518
3699.588334814518
3699.4843065846517
3699.4843065846517
3699.4843065846517
3699.4843065846517
3699.4843065846517
3699.4843065846517
3699.4843065846517
3699.4843065846517
3699.4843065846517
8446.324226416644
8125.793420313123
8125.793420313123
8125.793420313123
7848.553264578436
7819.920704780622
7819.920704780622
7819.920704780622
7819.920704780622
7400.891524224681
7400.891524224681
7400.891524224681
7253.175859312009
7253.175859312009
7253.175859312009
7110.87748339782
7110.87748339782
6829.999525303835
6291.259344951135
6291.259344951135
6291.259344951135
6173.505695368393
6062.607478974527
6010.633889561564
5974.5211483776775
5886.566155949524
5886.566155949524
5800.598341076042
5735.380325716676
5735.380325716676
5718.931407781996
5657.9303299072235
5587.082252373733
5587.082252373733
5587.082252373733
5563.99057678025
5563.99057678025
5528.238018464443
5461.763175941944
5436.557658279224
5436.557658279224
5381.919159595263
5347.351489855267
5347.351489855267
5341.128744575704
5331.508723014236
5331.508723014236
5328.404223080926
5317.0728593474705
5317.0728593474705
5303.8877736799695
5293.414814172347
5286.797237394802
5285.511043175042
5285.511043175042
5272.687535729567
5271.456899695024
5269.96854882246
5267.841938611705
5267.841938611705
5267.841938611705
5265.024704617943
5265.024704617943
5263.9312643601115
5260.4344619336825
5260.4344619336825
5259.906050715503
5259.906050715503
5258.305595929845
5258.305595929845
5258.305595929845
5257.7994640637335
5257.7994640637335
5257.375420197157
5257.375420197157
5256.7259131393
5256.7259131393
5256.619732772584
5256.619732772584
5256.619732772584
5256.460411892132
5256.460411892132
5256.460411892132
5256.460411892132
5256.460411892132
5256.460411892132
5256.411250831903
5256.411250831903
5256.411250831903
5256.411250831903
5256.411250831903
5256.411250831903
5255.884092698521
5255.884092698521
5255.6211571044005
5255.6211571044005
5255.6211571044005
5255.3383389208775
5255.3383389208775
5255.3383389208775
5255.3383389208775
5255.3383389208775
5255.3383389208775
5255.3383389208775
5255.3383389208775
5255.3383389208775
8446.324226416644
8041.1725622801205
7941.946251679959
7941.946251679959
7941.946251679959
7941.946251679959
7941.946251679959
6996.00543286425
6996.00543286425
6996.00543286425
6996.00543286425
6996.00543286425
6996.00543286425
6533.986690497682
6391.146988849405
6124.603789945952
5984.699328023231
5860.288839182835
5860.288839182835
5699.292580911762
5699.292580911762
5370.154037094304
5370.154037094304
5248.206547567627
5247.876910887393
5120.496859748009
5111.705090514763
5111.705090514763
5078.967811423288
5055.55534253173
5048.33723795924
5021.358414855261
5002.421142310166
4966.077770173104
4933.903738519188
4915.365918092832
4891.668622423496
4867.188480668638
4855.001182977752
4814.764979882581
4814.5687090989195
4726.542931870872
4562.478385240337
4562.478385240337
4556.1572905601315
4535.964531527992
4535.964531527992
4513.553720943291
4488.552588813594
4443.334671566764
4443.334671566764
4418.932251314694
4409.089635670265
4401.555553451123
4401.555553451123
4391.118837951658
4387.622858289374
4374.467381923421
4374.467381923421
4365.381812124581
4363.583161342627
4359.214781888115
4339.789148588856
4332.335454973127
4332.335454973127
4330.598190852563
4329.184559745004
4329.184559745004
4325.17370046498
4325.1423192742595
4325.1423192742595
4323.250377145693
4321.8219364649885
4321.8219364649885
4320.459321145151
4320.459321145151
4319.188054374661
4318.748022983983
4318.748022983983
4318.748022983983
4317.934817483952
4317.934817483952
4317.446195715618
4317.446195715618
4316.96876939771
4316.96876939771
4316.96876939771
4316.705231894039
4316.705231894039
4316.705231894039
4316.166235951326
4316.166235951326
4316.166235951326
4316.166235951326
4316.166235951326
4316.166235951326
4316.166235951326
4316.166235951326
4316.166235951326
8446.324226416644
7886.138841624868
7886.138841624868
7285.818250958308
7239.536798356977
7239.536798356977
7066.609239255789
7066.609239255789
6465.216890473033
6465.216890473033
6321.721607246727
6321.721607246727
6321.721607246727
6267.689436547151
5886.991973697554
5720.22467833585
5720.22467833585
5720.22467833585
5615.37633287064
5615.37633287064
5598.6188152745235
5598.6188152745235
5587.879699378644
5557.863508094359
5509.407605305227
5328.546561948084
5328.546561948084
5328.546561948084
5328.546561948084
4971.71386402805
4971.71386402805
4971.71386402805
4771.116200592105
4592.236427064752
4592.236427064752
4431.246592617984
4431.246592617984
4431.246592617984
4335.427670353472
4271.969543391111
4115.593415652707
4115.593415652707
4115.593415652707
4066.518002373158
4042.452410599949
4042.452410599949
4013.556872468545
3983.3124607610066
3970.8716499207667
3963.4374543185877
3947.6246473774618
3927.1797831401836
3870.5451288508084
3834.3756568084
3834.009497426151
3834.009497426151
3817.411182326051
3808.943301778697
3798.7926896508375
3798.7926896508375
3796.7849196712627
3791.6256701112916
3791.6256701112916
3789.6450934020986
3787.968417500594
3787.7289784979776
3786.0983989484894
3784.2090651698954
3782.9326190228257
3782.9326190228257
3781.19340407426
3781.19340407426
3781.19340407426
3780.747311403132
3780.4036942327657
3780.4036942327657
3780.4036942327657
3779.269689720084
3779.269689720084
3778.7747617134128
3778.043868050343
3778.043868050343
3778.043868050343
3778.043868050343
3778.043868050343
3778.043868050343
3778.043868050343
3778.043868050343
3778.043868050343
3778.0177899762125
3778.0177899762125
3778.0177899762125
3778.0177899762125
3778.0177899762125
3778.0177899762125
3778.0177899762125
3778.0177899762125
3778.0177899762125
8981.359843629923
7773.926813000712
7773.926813000712
7773.926813000712
7773.926813000712
7773.926813000712
7773.926813000712
7586.979195235134
7586.979195235134
7586.979195235134
7327.014449160413
7327.014449160413
7327.014449160413
7281.403744368692
7215.0599425108485
7215.0599425108485
6821.341591607014
6821.341591607014
6685.0755254617325
6524.92448547181
6414.182853012064
6351.329414682235
6351.329414682235
6317.230825774646
6231.500224029391
6181.646032905986
6127.296547646248
6038.26119417121
6029.477179155823
6029.477179155823
5870.596217635019
5870.596217635019
5854.242441295062
5854.181507643209
5814.29018635134
5777.549305498273
5777.549305498273
5771.667862021228
5771.667862021228
5753.676797932152
5721.636841498004
5706.916886712264
5700.329470828801
5689.333083396818
5689.333083396818
5669.862845196716
5655.804551696136
5655.804551696136
5652.226238111705
5648.889732796995
5640.048529465354
5635.497258666044
5632.412520368536
5625.607453389557
5622.823195867684
5617.081124009649
5617.081124009649
5616.87789501447
5613.080006363546
5610.7205306944015
5609.258031477495
5609.072268382555
5548.118773884966
5548.118773884966
5529.984781036876
5529.984781036876
5495.369839469555
5495.369839469555
5495.369839469555
5486.555152300225
5480.9545620146
5480.759515395152
5475.618285880089
5475.43458035264
5474.408859042349
5472.29441002293
5472.29441002293
5467.545515291992
5467.545515291992
5467.5375080722915
5467.5375080722915
5466.829981730934
5466.116404696924
5341.341807057029
5256.454273379561
5256.454273379561
5249.77862230828
5249.77862230828
5249.77862230828
5249.77862230828
5249.044512381679
5249.044512381679
5249.044512381679
5249.044512381679
5249.044512381679
5248.007247803586
5246.305048829559
5246.305048829559
5246.305048829559
5246.305048829559
5245.67317613054
5244.975639991825
5244.933358521894
5244.933358521894
5244.933358521894
5244.933358521894
5244.4662305037655
5244.4662305037655
5244.4662305037655
5243.76137684298
5243.76137684298
5243.417950604167
5243.417950604167
5243.417950604167
5243.417950604167
5243.251068284466
5243.251068284466
5243.251068284466
5243.251068284466
5243.251068284466
5243.251068284466
5243.251068284466
5243.251068284466
5243.251068284466
8981.359843629923
8235.708441286133
8156.781335713742
6774.423996598884
6774.423996598884
4606.125007547523
4464.352638169123
3327.0883200054523
3113.75880664981
3008.3027267770826
2917.2639071716167
2852.9698155870856
2838.581222611997
2828.5719405938726
2819.4247870789063
2819.4247870789063
2802.0779169442108
2802.0779169442108
2802.0779169442108
2802.0779169442108
2802.0779169442108
2786.8663374846174
2778.8504996283054
2750.8283924619573
2750.8283924619573
2750.8283924619573
2742.113353095067
2740.3309547126814
2734.533182018075
2734.533182018075
2734.533182018075
2720.7805013999796
2705.0095751425233
2692.4415658381263
2692.4415658381263
2692.4415658381263
2692.4415658381263
2689.4232293072214
2686.6617882066967
2682.576133997219
2680.4030007001197
2674.2306664372363
2670.9097374967105
2668.130268111736
2666.120315514255
2664.728702889748
2664.728702889748
2664.3110852301097
2663.972865749988
2663.547698995883
2661.9362028059486
2661.03994303219
2660.1377512427207
2660.1377512427207
2658.979125803103
2658.806562252446
2658.716911632031
2658.2468963730657
2658.158376309469
2658.158376309469
2657.752685741816
2657.704683883215
2657.4755912784103
2657.3174678802784
2657.3174678802784
2657.284884762953
2657.1809275942387
2657.1809275942387
2657.1809275942387
2657.149307581459
2657.148488102426
2657.148488102426
2656.995866475357
2656.942007982582
2656.942007982582
2656.942007982582
2656.9140901075166
2656.9140901075166
2656.9140901075166
2656.9140901075166
2656.9140901075166
2656.9140901075166
2656.9140901075166
2656.908601827121
2656.908601827121
2656.839084713272
2656.839084713272
2656.839084713272
2656.839084713272
2656.839084713272
2656.839084713272
2656.839084713272
2656.839084713272
2656.839084713272
8981.359843629923
8521.98191781417
7863.529076103152
6264.615911309465
5906.283022210041
4188.672751545448
2849.252697680101
2707.858063098796
2620.464683745367
2580.3181038227644
2568.4790175497074
2547.795849310361
2537.988051068924
2528.6677467394984
2525.2913047487314
2520.50205022349
2518.4367451820626
2515.270302938477
2511.9587809274067
2510.538166609868
2509.0428578714364
2506.6519495358016
2503.712098599682
2503.411165049298
2503.256601292877
2502.788253736474
2501.7309928282893
2501.7309928282893
2501.5006018166628
2501.5006018166628
2501.449558323139
2501.2693348366565
2501.2693348366565
2501.2693348366565
2501.2693348366565
2501.2693348366565
2501.2693348366565
2501.2693348366565
2501.2693348366565
2501.2693348366565
2501.216265003839
2501.216265003839
2501.216265003839
2501.216265003839
2501.186126671425
2501.11267834738
2501.11267834738
2500.964601604299
2500.964601604299
2500.893590036662
2500.893590036662
2500.893590036662
2500.893590036662
2500.893590036662
2500.893590036662
2500.893590036662
2500.893590036662
2500.893590036662
8981.359843629923
7366.115360092118
7366.115360092118
7366.115360092118
7366.115360092118
7366.115360092118
7366.115360092118
7366.115360092118
7366.115360092118
7366.115360092118
8981.359843629923
8925.714989980457
7842.950180243059
7842.950180243059
7340.148236818994
7340.148236818994
7340.148236818994
6933.681784833872
6485.2848262794405
6352.213827285164
6352.213827285164
6352.213827285164
6352.213827285164
6016.16875973686
5593.608333860178
5593.608333860178
5593.608333860178
5593.608333860178
5089.93536069303
5045.039919050878
4923.855628887572
4923.855628887572
4923.855628887572
4797.515076434716
4797.515076434716
4755.608925563263
4729.826340520402
4678.757666320829
4678.757666320829
4678.757666320829
4500.443385767616
4362.475226409955
4296.010657790302
4268.271757191763
4208.651425717663
4196.764858185847
4178.349812401521
4177.792507852726
4112.796998446538
4112.796998446538
4100.737080624005
4100.709274535691
4089.6448576047487
4084.2302552718647
4074.5519434686603
4074.5519434686603
4060.406956831879
4057.8524079260546
4046.140767568918
4028.3094212494107
4021.2074288609524
4021.2074288609524
4018.118622402364
4013.4933025618084
4010.4692605170785
4009.773010327044
