8031.777520409956
7567.981069358132
7567.981069358132
7567.981069358132
7521.303316905902
7247.838801874592
7247.838801874592
7247.838801874592
7247.838801874592
7247.838801874592
6859.65166744678
6859.65166744678
6859.65166744678
6859.65166744678
6393.210316908717
6393.210316908717
6326.278474784847
5998.392192144407
5577.66507277876
5577.66507277876
5577.66507277876
5549.531820481041
5549.531820481041
5438.679487364794
5187.4371745401495
5071.5437294308795
5071.5437294308795
4951.30896960021
4816.760705850213
4816.760705850213
4691.753918386086
4680.184350891741
4534.87409046543
4433.67219141121
4433.67219141121
4433.67219141121
4433.67219141121
4418.468470980297
4392.221270148105
4392.221270148105
4387.536894957449
4372.075174198073
4364.922704862541
4362.235474082564
4354.915885479113
4342.9384130618255
4342.9384130618255
4335.768088680436
4335.768088680436
4335.0347591339105
4329.916090172978
4329.916090172978
4324.815524062297
4323.946759694563
4321.297570537945
4318.036467099788
4315.383157783377
4315.288315060683
4315.288315060683
4312.99646381163
4312.28390579207
4311.904606748674
4311.904606748674
4309.623083058989
4309.623083058989
4309.094228902515
4309.094228902515
4308.9882476229395
4308.450509522101
4308.450509522101
4308.408874207513
4308.408874207513
4307.942768652845
4307.942768652845
4307.942768652845
4307.942768652845
4307.824931482146
4307.824931482146
4307.824931482146
4307.824931482146
4307.62804333067
4307.62804333067
4307.62804333067
4307.62804333067
4307.62804333067
4307.62804333067
4307.50104389547
4307.50104389547
4306.649274084497
4306.649274084497
4306.649274084497
4306.649274084497
4306.649274084497
4306.649274084497
4306.470231970524
4306.470231970524
4306.470231970524
4306.470231970524
4306.470231970524
4306.470231970524
4306.470231970524
4306.470231970524
4306.470231970524
8034.355348671613
7952.528861815875
7887.5771054277975
7830.197217325139
7830.197217325139
7754.713447088034
7754.713447088034
7754.713447088034
7044.04741181042
7044.04741181042
7044.04741181042
6631.072714386497
6631.072714386497
6631.072714386497
6537.637927135465
6311.534480931048
6311.534480931048
6071.101801804109
5993.951740496246
5993.951740496246
5218.432001449089
5076.164973779164
5076.164973779164
4916.535745431801
4567.9431724998685
4567.9431724998685
4567.9431724998685
4567.9431724998685
4468.457616888134
4416.269095143426
4318.643692780916
4308.132049703343
4266.347975222659
4229.611963013096
4183.033323164422
4183.033323164422
4180.734024922898
4174.0889662456775
4128.631751703011
4128.631751703011
4056.328489554907
4021.7819113280957
4012.2718295356653
4012.2718295356653
4012.2718295356653
4012.2718295356653
3985.9476666855808
3979.5510586706114
3961.8727089203885
3961.8727089203885
3961.8727089203885
3958.7879510581442
3958.7879510581442
3952.1459625545663
3941.0272291514357
3941.0272291514357
3941.0272291514357
3931.0416053838917
3922.682662907486
3922.682662907486
3922.682662907486
3922.682662907486
3922.682662907486
3922.29120170612
3922.29120170612
3918.619507498559
3918.619507498559
3917.5191782891866
3917.317238364382
3906.078145823408
3906.078145823408
3906.078145823408
3905.6139083796375
3905.6139083796375
3905.6139083796375
3905.6139083796375
3905.6139083796375
3905.6139083796375
3905.6139083796375
3901.4115848624633
3901.4115848624633
3900.9657047061555
3900.9657047061555
3900.6611699803434
3900.6611699803434
3900.6611699803434
3898.4692365018586
3898.4692365018586
3897.8904611787166
3894.4300382087863
3894.4300382087863
3894.4300382087863
3893.2163960557773
3893.2163960557773
3893.2163960557773
3893.2163960557773
3893.2163960557773
3893.2163960557773
3893.2163960557773
3893.2163960557773
3893.2163960557773
8034.355348671613
8031.777520409956
5826.225114238479
5826.225114238479
5826.225114238479
5826.225114238479
5826.225114238479
5826.225114238479
5826.225114238479
5791.387755370033
5572.534945136335
5572.534945136335
5205.283237276808
5067.003386921432
5067.003386921432
4466.359473266264
4466.359473266264
4428.609736851508
4428.609736851508
4327.614879033118
4265.391430303718
4265.391430303718
4193.17429593258
4193.17429593258
4193.17429593258
4171.277542974356
4149.729099546921
4143.9010466910695
4143.9010466910695
4115.3048178595045
4098.3773968922105
4074.8768692376116
4061.0402093216517
4061.0402093216517
4046.6711313659416
4030.5299123239774
4026.0162777972655
4026.0162777972655
4019.229394435621
4013.5884633010432
3994.913547012942
3983.6118298323845
3981.3845354276823
3981.3845354276823
3979.262952452482
3979.262952452482
3975.938055406844
3975.896512780475
3973.5033083225417
3971.975186267689
3971.1108370319666
3968.574538082419
3968.574538082419
3968.574538082419
3968.574538082419
3967.802511792766
3967.802511792766
3965.2589876564934
3965.2589876564934
3965.0991833210883
3965.0991833210883
3965.0991833210883
3963.9576496798404
3962.2205858512434
3962.2205858512434
3962.2205858512434
3962.2205858512434
3962.2205858512434
3962.050664428555
3962.050664428555
3962.050664428555
3962.050664428555
3962.050664428555
3962.050664428555
3962.050664428555
3960.426274993921
3960.426274993921
3960.426274993921
3960.426274993921
3960.426274993921
3959.609629671275
3959.609629671275
3959.609629671275
3959.609629671275
3959.609629671275
3959.609629671275
3959.609629671275
3959.609629671275
3959.609629671275
8034.355348671613
7491.384018648164
7491.384018648164
7491.384018648164
7491.384018648164
7491.384018648164
7158.824455948264
7158.824455948264
7158.824455948264
7158.824455948264
7158.824455948264
6167.134670448042
6167.134670448042
6167.134670448042
6167.134670448042
5740.014568948644
5740.014568948644
5740.014568948644
5740.014568948644
5477.942442717558
5477.942442717558
5327.688354708878
5327.688354708878
5325.162981765847
5252.630268462159
5073.529292262947
4926.323855484818
4924.981253243321
4888.380663631766
4888.380663631766
4726.910081674071
4604.093397905606
4518.061150214049
4518.061150214049
4440.570820551689
4377.315193455259
4377.315193455259
4377.315193455259
4339.8881892436275
4287.966490510187
4237.685306146718
4215.293283794189
4188.879896473113
4154.113980568022
4127.185758680328
4105.213755428465
4103.097458542412
4103.097458542412
4099.897145300609
4089.7849658882774
4083.0928650966357
4075.9619361318864
4066.2767710910475
4059.7525273708907
4052.379998555242
4051.927452530261
4051.927452530261
4050.5537497813557
4050.5537497813557
4049.4269434966345
4049.2149807571786
4047.8994150587096
4044.9675326815805
4044.9675326815805
4044.9675326815805
4040.0560047557965
4040.0560047557965
4039.718016016659
4038.4241103820887
4037.6283362667064
4037.6283362667064
4035.42084791844
4035.42084791844
4035.42084791844
4035.42084791844
4035.42084791844
4035.2620016985356
4035.2620016985356
4035.2620016985356
4035.2620016985356
4035.2620016985356
4035.2620016985356
4034.37678575887
4034.37678575887
4034.37678575887
4034.37678575887
4034.37678575887
4034.37678575887
4034.37678575887
4034.37678575887
4034.37678575887
8034.355348671613
7524.293504578508
7524.293504578508
7524.293504578508
7524.293504578508
6946.431761600394
6946.431761600394
6946.431761600394
6291.086230947579
6206.9273165642735
6206.9273165642735
6206.9273165642735
5638.650508873208
5338.76728279859
5338.76728279859
5338.76728279859
4869.58892370037
4706.153899187859
4592.494221245413
4516.695479116632
4354.340892388839
4185.976592068706
3788.721024470383
3788.721024470383
3788.721024470383
3788.721024470383
3751.5674778122466
3721.039422259798
3676.180026860216
3676.180026860216
3633.4437705366504
3622.537686285422
3609.4418264099686
3586.232363429956
3533.612809609331
3496.6357741995084
3496.6357741995084
3492.834965901303
3464.0190877357536
3461.964941791161
3461.964941791161
3431.118108121772
3431.118108121772
3416.4765320367424
3380.73434000717
3367.1367565576425
3366.9328904077192
3363.7409487221867
3359.3644996737908
3354.148269774855
3351.115932108547
3351.115932108547
3348.614288505052
3346.7199164170906
3340.4034772155537
3337.751332697055
3337.751332697055
3337.6966086426696
3337.6966086426696
3336.8856946430114
3336.5308163263935
3335.867362042687
3335.3680469346527
3334.6025443314834
3334.6025443314834
3332.4797223134346
3332.4797223134346
3332.4797223134346
3332.4797223134346
3332.0970260074264
3332.0970260074264
3332.0970260074264
3332.0970260074264
3331.96700479332
3331.96700479332
3331.96700479332
3331.96700479332
3331.845670761822
3331.845670761822
3331.845670761822
3331.845670761822
3331.7699648041375
3331.7699648041375
3331.283702935165
3331.283702935165
3331.21425555216
3331.21425555216
3331.09331828918
3331.09331828918
3331.09331828918
3331.09331828918
3331.09331828918
3331.09331828918
3331.09331828918
3331.09331828918
3331.09331828918
8034.355348671613
7132.190895645605
7132.190895645605
7132.190895645605
7132.190895645605
7132.190895645605
7132.190895645605
7132.190895645605
6627.4419592346685
6627.4419592346685
6627.4419592346685
6399.794693175084
6123.534467673565
5833.936911599004
5560.621204561794
5560.621204561794
5560.621204561794
4918.942535142846
4918.942535142846
4905.722418102427
4727.976870423378
4607.831469060475
4433.871881038126
4399.996031134524
4371.980794504785
4365.10911644202
4318.711782275565
4085.516207123606
4085.516207123606
3973.2336294103798
3973.2336294103798
3970.436710147417
3970.436710147417
3910.3521258887304
3910.3521258887304
3868.471564057544
3868.471564057544
3855.3023878697236
3848.259842984763
3821.105460139971
3821.105460139971
3814.082234958163
3808.2160478881806
3802.0599258552193
3799.7169145741755
3799.7169145741755
3773.471361649429
3771.231640262514
3760.151582632859
3751.3697419343916
3751.3697419343916
3739.802799882582
3736.5881552283618
3731.9699232783078
3731.9699232783078
3720.797450211755
3713.760592009776
3713.760592009776
3707.820458220379
3707.820458220379
3707.820458220379
3702.3913693564496
3702.2914910985587
3695.6177095592375
3695.6177095592375
3694.100907382199
3692.565496848031
3692.565496848031
3690.906447958735
3689.4330116749015
3689.4330116749015
3688.271893114227
3688.271893114227
3688.271893114227
3688.271893114227
3688.271893114227
3688.271893114227
3688.271893114227
3688.271893114227
3688.271893114227
8034.355348671613
5498.989692638177
5498.989692638177
3899.1491217791677
2870.6072216620014
2719.655512575387
2611.06812697606
2600.6374175402316
2560.0510107621303
2551.807248076047
2542.8631386452653
2535.557261267652
2528.317127891389
2522.902591234038
2519.5972243108645
2515.863007899611
2513.102861796738
2509.834051974488
2508.609707943361
2507.7867236381676
2506.433737971367
2505.702322178243
2504.6427027190607
2503.71421332634
2502.452285427513
2501.60506903994
2501.3015632372535
2500.975445700027
2500.9575124101666
2500.9575124101666
2500.774320344298
2500.774320344298
2500.774320344298
2500.774320344298
2500.774320344298
2500.774320344298
2500.774320344298
2500.774320344298
2500.774320344298
8034.355348671613
6740.787654379436
6740.787654379436
4047.9954252484617
3474.7226067524375
2901.6934251075745
2727.1670432456494
2658.0201482342673
2621.678204303264
2589.1707638333864
2570.9860995428476
2551.3809461524415
2540.2782039991757
2532.410465892459
2527.9343866508752
2520.663718342873
2516.9032547130205
2513.4786103699703
2511.585520357274
2509.885693822572
2506.9359544440454
2504.3611175157125
2501.443579900486
2501.443579900486
2501.443579900486
2501.443579900486
2501.3728226912785
2501.216536194586
2501.216536194586
2501.216536194586
2501.216536194586
2501.216536194586
2501.216536194586
2501.08441196135
2501.08441196135
2501.08441196135
2501.08441196135
2501.08441196135
2501.08441196135
2500.842343587634
2500.842343587634
2500.842343587634
2500.842343587634
2500.842343587634
2500.842343587634
2500.842343587634
2500.842343587634
2500.842343587634
8034.355348671613
7130.204087272568
7130.204087272568
5083.020312072584
4003.5132734055246
3539.2414438271394
2956.222971326745
2695.241803912635
2624.5011093597204
2583.1418884938576
2567.9009465066165
2554.696498568878
2545.139359846463
2533.752888564887
2528.3470639663383
2523.6672710391936
2520.449678404664
2517.274008386301
2514.7621302023763
2513.1740262987655
2512.026102878206
2511.5990248467547
2510.7678261908773
2509.685468763645
2508.8422344340397
2507.6004810017694
2506.2654598981353
2505.0134223147234
2502.5971083144063
2501.659342171807
2501.659342171807
2501.659342171807
2501.6207425077782
2501.6042465486844
2501.4724486107148
2501.425772742192
2501.425772742192
2501.425772742192
2501.425772742192
2501.350553042119
2501.350553042119
2501.350553042119
2501.3145212631403
2501.3145212631403
2501.3145212631403
2501.3145212631403
2501.3145212631403
2501.281920617415
2501.281920617415
2501.281920617415
2501.281920617415
2501.281920617415
2501.281920617415
2501.281920617415
2501.2336129600385
2501.2336129600385
2501.2336129600385
2501.2336129600385
2501.196937019611
2501.196937019611
2501.196937019611
2501.196937019611
2501.196937019611
2501.196937019611
2501.196937019611
2501.196937019611
2501.196937019611
8034.355348671613
6330.5799916379965
6330.5799916379965
3430.1312057780356
2973.7717963526343
2641.0893777164733
2580.8292773765424
2577.748105343428
2563.6206600055248
2548.1075509523203
2542.8590615381645
2534.805247624165
2529.693576811245
2524.669380326508
2520.140553937875
2517.8941352582297
2515.308996475834
2512.8233651317473
2510.4066879713773
2508.172030719641
2505.710393474767
2504.860630303424
2502.3994663630474
2501.370345790217
2501.370345790217
2501.370345790217
2501.2000693909886
2501.2000693909886
2501.2000693909886
2501.2000693909886
2501.2000693909886
2501.109146603917
2501.109146603917
2501.109146603917
2501.109146603917
2501.109146603917
2501.109146603917
2501.109146603917
2501.109146603917
2501.109146603917
8034.355348671613
7542.689872297234
7542.689872297234
7542.689872297234
7542.689872297234
7542.689872297234
6717.645741050711
6405.70109124249
6382.817611360649
6347.365335664742
6339.2724875279455
6339.2724875279455
6318.2216239764275
6187.144287501816
6187.144287501816
6154.671828616636
6020.2698521553775
5823.786233089986
5553.22633212445
5247.238560693386
5247.238560693386
5189.493488189171
5160.19563857761
5001.267392698219
4991.290343396595
4991.290343396595
4928.436375258518
4826.980254087545
4813.521428879247
4809.882350479555
4734.659121406714
4685.306358263129
4622.02903959136
4622.02903959136
4617.947190761648
4609.806101851805
4607.203146972297
4600.140405152575
4600.140405152575
4596.606722749998
4586.2754949792115
4580.277659698724
4578.127213670444
4575.7480907278
4575.7480907278
4575.7480907278
4575.681833021665
4574.315361353264
4574.315361353264
4574.129540556691
4572.1385524018015
4572.1385524018015
4570.24144617333
4570.24144617333
4570.24144617333
4569.668236875281
4569.668236875281
4569.613157717209
4569.613157717209
4569.613157717209
4569.613157717209
4569.613157717209
4568.4381834420965
4568.4381834420965
4568.4381834420965
4568.4381834420965
4568.4381834420965
4568.4381834420965
4568.330959930348
4568.330959930348
4568.330959930348
4568.330959930348
4568.330959930348
4568.330959930348
4568.330959930348
4568.330959930348
4568.330959930348
4567.884255816041
4567.884255816041
4567.782753605647
4567.782753605647
4567.782753605647
4567.782753605647
4567.782753605647
4567.782753605647
4567.782753605647
4567.782753605647
4567.782753605647
8034.355348671613
5896.508677190657
5896.508677190657
3601.3609189673375
3035.38148896881
2677.5743937252178
2630.003282452257
2586.6459908303173
2570.8087966123603
2559.1261931224262
2551.971661990695
2540.756549183974
2534.358389237547
2530.3255655941866
2525.487165870384
2520.172386319175
2515.4522439274147
2511.1644189302106
2506.901032847348
2503.1934467986166
2502.1171772715893
2501.478116057753
2501.353081121142
2501.353081121142
2501.353081121142
2501.2638586595067
2501.2638586595067
2501.2638586595067
2501.2638586595067
2501.2638586595067
2501.2638586595067
2501.0237662208588
2501.0237662208588
2501.0237662208588
2501.0237662208588
2501.0237662208588
2501.0237662208588
2501.0237662208588
2501.0237662208588
2500.876486835034
2500.876486835034
2500.876486835034
2500.876486835034
2500.876486835034
2500.876486835034
2500.876486835034
2500.876486835034
2500.876486835034
8034.355348671613
7275.605137009491
7275.605137009491
4928.6767268328695
3855.23623869518
3149.535476734874
2976.267800371147
2651.4987246478927
2614.0736787833207
2580.694000604109
2562.2656568203183
2541.4254095096567
2537.959292162358
2529.1237485821684
2524.382181971728
2520.114219852812
2515.0853196196877
2512.1030100632843
2511.1983424089067
2508.797534316768
2503.320719775096
2502.375502234761
2502.3342934974294
2501.7116056969453
2501.5349032459794
2501.331486820498
2501.331486820498
2501.331486820498
2501.1344523313423
2500.9657831865397
2500.9657831865397
2500.9657831865397
2500.9657831865397
2500.9657831865397
2500.878563877923
2500.878563877923
2500.878563877923
2500.878563877923
2500.878563877923
2500.878563877923
2500.7771767557288
2500.7771767557288
2500.7771767557288
2500.7771767557288
2500.7771767557288
2500.7771767557288
2500.7771767557288
2500.7771767557288
2500.7771767557288
8034.355348671613
7105.193175890526
7105.193175890526
7105.193175890526
7105.193175890526
7105.193175890526
6262.415163490655
6262.415163490655
6262.415163490655
6262.415163490655
5879.928916405588
5879.928916405588
5796.875042510857
5796.875042510857
5466.536187311787
5133.467516203104
5133.467516203104
4966.787980680814
4710.479603829512
4710.479603829512
4612.463004574138
4444.401293547443
4444.401293547443
4392.974345123987
4147.8405253244355
4147.8405253244355
4147.8405253244355
4062.565993697852
4059.6790807731395
3926.7706800007563
3922.2845252076477
3834.5054962476634
3812.6879652045723
3810.710341011505
3782.812202949178
3782.812202949178
3742.7712568358866
3698.400425218369
3665.692288044359
3662.805841154961
3636.558451979492
3636.558451979492
3613.7469088393277
3601.3483070666925
3590.7183430105883
3585.4022643775197
3581.2139035302844
3580.7927745162024
3578.985270570901
3571.962383960734
3571.962383960734
3565.1863440249335
3565.1863440249335
3561.1247527229307
3561.1247527229307
3558.336772045537
3558.200744759543
3557.8558592380887
3557.8558592380887
3556.201138827292
3556.201138827292
3555.7428215413256
