8387.433903146652
8017.242612285235
8017.242612285235
8017.242612285235
8017.242612285235
7635.676709106295
7635.676709106295
7635.676709106295
7419.254204232471
7419.254204232471
7375.3162698873075
3750.25036897047
2954.406317534017
2738.50412113921
2587.3958499027667
2552.119725268583
2536.7704902242544
2521.295678869908
2515.6860857216802
2510.443648212033
2510.443648212033
2507.329210401236
2503.9085553332916
2502.9705616756073
2502.905355078944
2502.145396036959
2501.5977912083004
2501.5977912083004
2501.5977912083004
2501.5977912083004
2501.5977912083004
2501.5977912083004
2501.5977912083004
2501.5977912083004
2501.5977912083004
8387.433903146652
7605.6784308264205
7605.6784308264205
7605.6784308264205
7605.6784308264205
7450.737912647764
7295.902479431661
7295.902479431661
6707.260390551787
6696.47634139032
6219.176098349362
6219.176098349362
6112.605161840569
6112.605161840569
5943.787637289246
5649.009743149323
5490.518762661593
5490.518762661593
5347.642687118252
5347.642687118252
5174.931587618862
5174.931587618862
5008.549871598565
5008.549871598565
4961.228295006498
4829.504998215546
4829.504998215546
4829.504998215546
4693.026727164683
4604.247466590925
4397.883897524432
4397.883897524432
4371.645909868928
4371.645909868928
4203.578887726626
4203.578887726626
4203.578887726626
4203.578887726626
4111.794062549578
3971.7853540822
3935.3037767992996
3922.7649934896917
3902.1083724751725
3884.1897460940645
3847.9415024255677
3833.4666535036667
3821.652867677906
3821.652867677906
3813.983857420046
3803.8499013320006
3803.8499013320006
3792.5611568919476
3780.570369387403
3778.4719570563534
3778.4719570563534
3769.384361134159
3758.351618980494
3756.2028714179123
3754.0336875044786
3752.2347856701977
3748.6002692001002
3747.17620175048
3746.5840340121786
3744.0457652715113
3744.0457652715113
3740.1784559401267
3740.1784559401267
3738.233704067252
3736.109073804696
3736.109073804696
3730.6462897810743
3730.6462897810743
3730.6462897810743
3730.6462897810743
3730.6462897810743
3730.6462897810743
3730.6462897810743
3730.6462897810743
3730.3229564246594
3730.3229564246594
3730.0069636616026
3730.0069636616026
3730.0069636616026
3730.0069636616026
3730.0069636616026
3730.0069636616026
3730.0069636616026
3730.0069636616026
3730.0069636616026
8387.433903146652
7973.053497423663
7589.232547189041
7589.232547189041
7421.456455843576
7421.456455843576
7326.746443998439
6199.603825300002
6199.603825300002
6199.603825300002
6199.603825300002
6199.603825300002
5908.9669428549405
5908.9669428549405
5714.201621221113
5714.201621221113
5714.201621221113
5714.201621221113
5686.455315921099
5686.455315921099
5686.455315921099
5015.949415904635
4851.032049908228
4851.032049908228
4851.032049908228
4690.672890518301
4690.672890518301
4537.705465010937
4382.847339269145
4382.847339269145
4250.766210191831
4250.766210191831
4228.624757928399
4228.624757928399
4217.460398606952
4200.645186631298
4149.574780375895
4134.980180123091
4087.353878724879
4073.779085519839
4070.1558382839535
4070.1558382839535
4041.3706796254846
4041.3706796254846
4024.6486759206628
4022.713093538639
4013.347908893371
3999.3939524643165
3996.007780242385
3994.1517462878137
3984.014124697929
3976.801981388468
3976.801981388468
3964.35028521432
3963.1315379424886
3963.1315379424886
3961.6893946729583
3961.529900719941
3958.0095753997584
3955.7046515582506
3955.5107102527036
3955.5107102527036
3955.5107102527036
3954.3612100216887
3954.110567302462
3953.698710528507
3953.698710528507
3953.550028365611
3953.550028365611
3953.550028365611
3951.611442018506
3951.611442018506
3951.611442018506
3951.11540417237
3951.11540417237
3950.9995380186765
3950.9995380186765
3950.9551329752967
3950.9551329752967
3950.9551329752967
3950.9551329752967
3950.9551329752967
3950.9551329752967
3950.8969369401
3950.8969369401
3950.8969369401
3950.130963351042
3950.130963351042
3950.130963351042
3950.130963351042
3949.965947919564
3949.965947919564
3949.965947919564
3949.965947919564
3949.965947919564
3949.965947919564
3949.965947919564
3949.965947919564
3949.750390631455
3949.750390631455
3949.750390631455
3949.750390631455
3949.750390631455
3949.750390631455
3949.750390631455
3949.750390631455
3949.750390631455
8387.433903146652
8341.098969063529
7885.0856378751905
7885.0856378751905
7885.0856378751905
7617.828026215916
7617.828026215916
7008.0156380091075
6844.203412648411
6844.203412648411
6642.624799580962
6642.624799580962
6306.554117404907
6060.752044882744
6060.752044882744
6060.752044882744
5814.364040963637
5199.532619955293
5199.532619955293
4697.731965372354
4697.731965372354
4564.724948534651
4489.549184077977
4269.8509362291525
4269.8509362291525
4239.555455297533
3982.973456190415
3982.973456190415
3894.4822053103135
3709.0090593708023
3649.289146852416
3649.289146852416
3615.3253834840707
3615.3253834840707
3567.0602095622207
3567.0602095622207
3499.413218214887
3448.8748748626085
3444.903914745425
3394.090462431977
3394.090462431977
3322.217801059306
3322.217801059306
3316.820818257184
3307.3483533232443
3278.2251528479105
3277.9812233983507
3235.241351143261
3227.705592213058
3211.960993695849
3194.0848071196324
3194.0848071196324
3181.610430626778
3170.4244459150955
3168.161003491221
3162.481505370586
3158.4687331648943
3158.1220007181846
3156.774035659536
3152.743644313381
3008.6723355248614
3008.6723355248614
3000.050433510849
2977.326623113884
2977.326623113884
2977.326623113884
2967.737240683777
2967.737240683777
2963.720619890684
2963.720619890684
2952.562280810045
2952.2896873806685
2952.2896873806685
2943.0455166932816
2940.080961004266
2929.9443068588716
2815.157534172151
2704.6549541650843
2704.6549541650843
2697.1082814522315
2695.0487714435753
2695.0487714435753
2686.6963653173575
2674.0564050775215
2674.0564050775215
2674.0564050775215
2670.486324363915
2669.036532645077
2664.8483423777207
2658.774116114708
2657.3963331480495
2657.3963331480495
2657.3963331480495
2655.8729944063207
2655.8729944063207
2654.8299415221773
2654.8299415221773
2654.8299415221773
2653.6677554081275
2650.0719013714083
2650.0719013714083
2650.0719013714083
2650.0719013714083
2650.0719013714083
2650.0719013714083
2650.0719013714083
2649.9887110608197
2649.9887110608197
2649.9887110608197
2649.9818021759
2649.9818021759
2649.9801514776227
2649.9801514776227
2649.1780062923317
2649.1780062923317
2649.1780062923317
2649.1780062923317
2649.1780062923317
2649.1780062923317
2649.1780062923317
2649.1780062923317
2649.1780062923317
2649.077372378014
2649.077372378014
2648.65129553536
2648.65129553536
2648.59752051943
2648.59752051943
2648.59752051943
2648.4854405810133
2648.4854405810133
2648.4854405810133
2648.4854405810133
2648.470141600818
2648.470141600818
2648.470141600818
2648.470141600818
2648.470141600818
2648.470141600818
2648.4520950753385
2648.4520950753385
2648.1749672084934
2648.1749672084934
2648.1749672084934
2648.1749672084934
2648.1749672084934
2648.1749672084934
2648.1749672084934
2648.1749672084934
2648.1749672084934
8387.433903146652
8363.667015368332
7388.032490529939
7388.032490529939
7388.032490529939
7388.032490529939
6920.189310477573
5587.4529223378195
4862.321238268049
3562.7521608126413
2899.2253188659624
2731.458782086813
2620.553747198967
2576.556466563349
2561.414796540017
2551.1239631870503
2539.417220518004
2531.9940646093837
2523.650147349667
2519.3520396638787
2516.414836740215
2515.048482019622
2513.430024469108
2512.1578761602095
2510.490348875952
2509.572940694144
2508.88127156056
2507.9467169825643
2506.0055335132233
2503.750211342179
2501.9826687180325
2501.69181920496
2501.69181920496
2501.69181920496
2501.69181920496
2501.69181920496
2501.69181920496
2501.69181920496
2501.69181920496
2501.69181920496
8387.433903146652
8387.433903146652
7587.994038416964
7587.994038416964
7587.994038416964
7587.994038416964
7587.994038416964
7362.99928516937
7279.648715097478
7279.648715097478
6944.172774291835
6944.172774291835
6944.172774291835
6551.60484237143
6551.60484237143
6426.841376308233
6316.938895562131
6316.938895562131
6316.938895562131
5958.697082967679
5912.221138225188
5546.234751548536
5546.234751548536
4988.067561737664
4988.067561737664
4988.067561737664
4903.768357456585
4799.285751926878
4707.791269846
4692.700451531948
4692.700451531948
4619.19503895328
4549.291179562981
4471.068392524222
4458.6816100709275
4326.640506965061
4222.421590613115
4222.421590613115
4222.421590613115
4113.46973609693
4087.142794923976
4019.079413651786
3990.2379212408723
3938.076669432211
3851.200045421998
3842.6865089975336
3842.6865089975336
3827.5057531999705
3795.150375444591
3795.150375444591
3785.381411024441
3764.65822842694
3738.325304574783
3738.0491700449725
3729.2035671341037
3728.1294716305365
3727.7496757003114
3714.1235521180124
3662.290891732866
3654.886195496209
3609.330099377148
3609.330099377148
3609.1626523252844
3609.074813971073
3609.074813971073
3609.074813971073
3598.9163811127505
3593.220378221561
3593.220378221561
3590.683498890009
3587.7156562149444
3587.7156562149444
3587.2946508786
3585.3591650392636
3585.3591650392636
3584.8763751335
3583.284114931984
3580.094052211517
3580.094052211517
3578.6561129731786
3578.6561129731786
3578.6561129731786
3577.2340933946944
3577.2340933946944
3577.2340933946944
3576.984801840388
3576.984801840388
3576.618391879936
3576.618391879936
3576.618391879936
3575.9530018305686
3575.9530018305686
3575.9530018305686
3575.9530018305686
3575.9530018305686
3575.9530018305686
3575.9530018305686
3575.9530018305686
3575.9530018305686
3575.5841058786623
3575.5841058786623
3575.5489798103404
3575.5489798103404
3575.5489798103404
3575.5489798103404
3575.5489798103404
3575.5489798103404
3575.5489798103404
3575.5489798103404
3575.5489798103404
8387.433903146652
8063.307552511212
7638.103600717937
7638.103600717937
7638.103600717937
6656.98448070499
6656.98448070499
6656.98448070499
6523.999589005991
6406.678927696862
6290.338311749218
6005.349299218801
5679.036803718243
5679.036803718243
5679.036803718243
5415.417515242595
5324.089423831198
5324.089423831198
5324.089423831198
4956.526953196783
4953.568867543308
4953.568867543308
4953.568867543308
4789.169612927561
4720.790086908792
4720.790086908792
4566.662472627493
4520.377012478624
4485.855806314845
4480.8250957989785
4480.8250957989785
4440.298514836088
4357.2723040952205
4357.2723040952205
4264.25518068241
4052.436954812919
3942.395680421929
3942.395680421929
3942.395680421929
3942.395680421929
3908.1902812293533
3873.308637757229
3840.508165227211
3790.6153142500953
3778.8446428226143
3771.395617649254
3749.975501649527
3739.9639834680565
3739.9639834680565
3733.614977914297
3727.1842839358724
3716.4424342066054
3713.205152824021
3703.293897961545
3703.293897961545
3691.0750917778896
3691.0750917778896
3681.455263388887
3678.0321891538956
3678.0321891538956
3670.152255815049
3665.6669339439304
3665.6669339439304
3665.6669339439304
3658.0129251756116
3655.9836128607885
3652.0897157739814
3651.1828891194214
3645.478324918525
3643.978816626744
3640.144786998323
3640.144786998323
3640.144786998323
3640.144786998323
3638.2512240956044
3638.2512240956044
3638.2512240956044
3637.2580380243653
3637.2580380243653
3636.2860455352316
3635.5251393431668
3635.5251393431668
3635.045889810206
3635.045889810206
3635.045889810206
3633.955661122458
3633.955661122458
3633.955661122458
3633.955661122458
3633.955661122458
3633.955661122458
3633.955661122458
3633.955661122458
3633.955661122458
8387.433903146652
6876.338919309667
6876.338919309667
6876.338919309667
6876.338919309667
6876.338919309667
6876.338919309667
6876.338919309667
6876.338919309667
6876.338919309667
6743.736522950066
6743.736522950066
6743.736522950066
6637.535842052116
6297.3167340381715
5680.087270257766
5680.087270257766
5594.457896666415
5594.457896666415
5448.33285456102
5448.33285456102
5448.33285456102
5349.986875369137
5289.556114807732
5289.556114807732
4997.778386523958
4918.789394692728
4918.789394692728
4908.897942221177
4828.747049743363
4828.747049743363
4805.998049532582
4745.960633828137
4673.253152114638
4671.200342576874
4671.200342576874
4671.200342576874
4671.200342576874
4592.56083060948
4586.812792074066
4578.132264544902
4547.391989246504
4467.038655187887
4467.038655187887
4467.038655187887
4459.247642015202
4451.240799720304
4423.28777766004
4396.840110112669
4396.840110112669
4389.797964178031
4389.797964178031
4389.797964178031
4386.029879980885
4383.147954614658
4376.678250498016
4376.678250498016
4367.490339170563
4356.819259218121
4353.899095653626
4328.506118823489
4318.68415122608
4305.1976585165885
4302.710549227619
4297.593884668406
4280.228756071163
4194.484393375358
4194.484393375358
4183.35628613699
4183.35628613699
4179.4118568214035
4179.4118568214035
4171.5631913313655
4168.937785977412
4168.182706671464
4167.09921340732
4163.521397136291
4160.083391729164
4158.40132670801
4154.507457942481
4152.277250363967
4151.908072539857
4150.868965620625
4150.868965620625
4150.868965620625
4150.868965620625
4150.868965620625
4149.73505629919
4149.73505629919
4149.049712945647
4149.049712945647
4149.049712945647
4148.611653419318
4148.611653419318
4148.611653419318
4148.611653419318
4148.060640813824
4148.060640813824
4148.060640813824
4147.9273689154725
4147.9273689154725
4147.9273689154725
4147.901037223962
4147.901037223962
4147.901037223962
4147.8008090958965
4147.8008090958965
4147.8008090958965
4147.8008090958965
4147.8008090958965
4147.8008090958965
4147.8008090958965
4147.8008090958965
4147.8008090958965
8387.433903146652
8387.433903146652
7588.341106953312
7588.341106953312
4314.132857371319
3406.7092121726887
2942.8912561717866
2655.047606770717
2579.940451770707
2554.254196176529
2539.7783628944435
2532.004284998081
2521.341391171543
2518.5678130399515
2511.65007903484
2508.227712839607
2505.546130623986
2504.6683194088087
2503.855975790576
2502.9993032908565
2502.7672554692736
2502.7672554692736
2502.744347987259
2502.2223836664884
2501.981758515318
2501.8603644584
2501.8603644584
2501.8603644584
2501.8603644584
2501.8603644584
2501.8603644584
2501.579871279099
2501.579871279099
2501.579871279099
2501.579871279099
2501.397038179631
2501.397038179631
2501.397038179631
2501.397038179631
2501.397038179631
2501.0873652971213
2501.0873652971213
2501.0873652971213
2501.0873652971213
2501.0873652971213
2501.0873652971213
2501.0873652971213
2501.0873652971213
2501.0873652971213
2501.043426275145
2501.043426275145
2501.043426275145
2501.043426275145
2500.850702138983
2500.850702138983
2500.850702138983
2500.850702138983
2500.850702138983
2500.850702138983
2500.850702138983
2500.850702138983
2500.850702138983
8387.433903146652
7644.2835880931325
7644.2835880931325
7644.2835880931325
7541.5013579841525
7371.460301387041
6860.756185541087
6143.4770919291295
6143.4770919291295
6143.4770919291295
6143.4770919291295
6060.026614278029
6060.026614278029
5788.614673760361
5788.614673760361
5613.6700002696525
5613.6700002696525
5613.6700002696525
5374.481224042502
5374.481224042502
5026.024128868557
5026.024128868557
5026.024128868557
4631.221722006099
4495.942991429729
4392.29620756564
4392.29620756564
4237.7370564259945
4176.345106135275
4146.360839061344
4113.778190655354
4113.778190655354
4090.4503756872446
4024.9088306719764
4024.653554867833
4002.702784915687
3995.1545062504265
3982.178552733842
3978.6458955523985
3978.6458955523985
3966.171664037734
3948.385484768417
3934.5336356707066
3928.9472979561033
3924.564932732418
3918.9428322231397
3911.020755663989
3908.573733052583
3904.561917414101
3903.8052300861486
3901.9083479030332
3898.14489804065
3895.311922844621
3895.311922844621
3894.718887750795
3894.718887750795
3893.803022643252
3893.803022643252
3893.3323400500235
3893.3323400500235
3892.572490223948
3892.572490223948
3891.735802156455
3891.735802156455
3891.735802156455
3890.7062255029587
3890.7062255029587
3890.7062255029587
3890.7062255029587
3890.7062255029587
3890.6084570670228
3890.35053549489
3889.8047973381445
3889.683735146208
3889.683735146208
3889.4111986109647
3889.4111986109647
3888.823621874403
3888.823621874403
3888.823621874403
3888.823621874403
3888.823621874403
3888.823621874403
3888.823621874403
3888.823621874403
3888.823621874403
8387.433903146652
8387.433903146652
7531.41448762505
7531.41448762505
7531.41448762505
7238.842496177026
7238.842496177026
6694.1422624300385
6622.5620029970705
6260.636740008762
6260.636740008762
6260.636740008762
6165.135554556856
6017.531233676725
6017.531233676725
5869.064088576006
5621.566887567338
5621.566887567338
5422.870224030803
5110.83666628666
5110.83666628666
5110.83666628666
4817.659473527735
4817.659473527735
4749.798538944785
4749.798538944785
4730.852944506865
4730.852944506865
4232.423192223088
4126.762912631766
4126.762912631766
4124.354614290559
4124.354614290559
4094.403907810187
4094.403907810187
4093.338003863253
4093.338003863253
4005.806230420151
4005.806230420151
4005.806230420151
4005.806230420151
4005.806230420151
3991.943277336891
3980.2234303515315
3978.9071041802326
3978.9071041802326
3978.9071041802326
3888.3844929303623
3830.79348233586
3830.79348233586
3808.541045330522
3807.3818045349362
3781.952420049295
3746.5514944607676
3739.135645199645
3733.0740502884128
3714.634941695947
3696.851821429871
3695.460754282321
3686.133877239211
3680.7363210447456
3671.783164588028
3667.0179138019885
3667.0179138019885
3664.661628176532
3664.661628176532
3654.3677116788385
3647.8793952366223
3646.4784933194824
3646.4784933194824
3631.501449162153
3631.501449162153
3628.4344953067484
3623.4002366670675
3621.6560090198564
3621.0841124307253
3621.0841124307253
3621.0841124307253
3618.1892975228357
3618.093461726682
3618.093461726682
3617.5826662871123
3615.9100314146704
3615.9100314146704
3615.9100314146704
3615.9100314146704
3615.9100314146704
3614.81950770879
3614.81950770879
3614.81950770879
3614.81950770879
3614.81950770879
3614.81950770879
3614.81950770879
3614.7175718030626
3614.3612494810595
3614.3612494810595
3614.3612494810595
3614.3612494810595
3614.3612494810595
3614.3612494810595
3614.3612494810595
3614.3612494810595
3614.0066307666602
3614.0066307666602
3614.0066307666602
3613.749467841475
3613.749467841475
3613.749467841475
3613.749467841475
3613.749467841475
3613.749467841475
3613.749467841475
3613.749467841475
