7829.056751334795
7537.431672091136
7537.431672091136
6900.20301589223
6900.20301589223
6900.20301589223
6900.20301589223
6900.20301589223
6561.930116288248
6561.930116288248
6530.045679326694
6147.177700576848
6147.177700576848
5719.713572189819
5719.713572189819
5531.852425413804
5531.852425413804
5531.852425413804
5398.662763974766
5239.626266580171
5239.626266580171
5156.620578396973
4861.969054706212
4861.969054706212
4825.096964761213
4789.244938169382
4699.883872113676
4625.455899710403
4625.455899710403
4581.210717553864
4581.210717553864
4547.331907121124
4493.420084407813
4493.420084407813
4461.162099651906
4461.162099651906
4447.856132149758
4395.106542005604
4395.106542005604
4394.8049471498
4369.164048012688
4369.164048012688
4343.992843358274
4342.377878522177
4330.38116973139
4326.459802752996
4326.1346197948415
4311.628066859803
4306.681723390296
4306.408249102626
4292.756263012372
4282.992929143287
4280.923702352484
4185.317886995039
4154.432305804096
4154.432305804096
4154.432305804096
4146.9528824740555
4146.9528824740555
4137.389867447203
4132.043759456267
4132.043759456267
4132.043759456267
4124.548164059159
4121.939431258166
4121.939431258166
4120.358795469863
4118.432127162057
4116.891603119252
4116.522502381254
4116.522502381254
4115.640696533478
4114.923821053929
4114.923821053929
4114.923821053929
4113.741287006059
4113.443064207869
4113.443064207869
4113.443064207869
4112.648394025502
4112.648394025502
4111.841402865954
4111.841402865954
4111.841402865954
4111.54906821485
4111.54906821485
4111.54906821485
4111.54906821485
4111.54906821485
4111.54906821485
4110.959135518543
4110.959135518543
4110.959135518543
4110.959135518543
4110.959135518543
4110.68834789936
4110.68834789936
4110.68834789936
4110.68834789936
4110.68834789936
4110.68834789936
4110.68834789936
4110.68834789936
4110.68834789936
7829.056751334795
7829.056751334795
7785.154350377503
7713.466627841021
7612.941274451633
7612.941274451633
7612.941274451633
7612.941274451633
7485.095845825328
7186.62067527654
6679.218125651418
6679.218125651418
6679.218125651418
6548.986557985984
6548.986557985984
6548.986557985984
5816.301292247073
5619.4674727499405
5600.913000705143
5600.913000705143
5600.913000705143
5417.3736708737
5417.3736708737
5417.3736708737
5367.653770946641
5230.367046549785
5068.441083775564
5054.491460139735
5033.007949970939
5018.804542156249
5018.804542156249
4991.424151442078
4882.8760676086085
4882.8760676086085
4881.712975317042
4844.073254072838
4839.076304708591
4831.501717443127
4831.501717443127
4791.286128522583
4779.653505242208
4755.7291475837155
4754.069958457863
4754.069958457863
4734.193688036765
4721.714541391369
4708.41507222457
4708.41507222457
4708.41507222457
4701.0492845722565
4697.545429826228
4692.958801286161
4689.940723758814
4686.772816038019
4684.578172655898
4683.370566600039
4680.161121665852
4680.161121665852
4679.619182727007
4679.462808296637
4679.37480174063
4679.37480174063
4678.976749832402
4678.976749832402
4678.976749832402
4678.754160106815
4677.223631226581
4676.452557906954
4648.263075919665
4600.719508051759
4600.719508051759
4591.6979639334195
4591.6979639334195
4526.51235054819
4448.300914860714
4423.380005422682
4423.380005422682
4422.831492070969
4421.409379734448
4421.409379734448
4420.993386945402
4420.282855088428
4420.282855088428
4416.756819217608
4416.756819217608
4416.756819217608
4416.271621358853
4410.5144884659185
4410.5144884659185
4407.340519128322
4407.340519128322
4407.250037923847
4405.980360531789
4405.899399144173
4405.899399144173
4405.231471585475
4405.231471585475
4404.662289427134
4404.021597685954
4401.867701240635
4401.867701240635
4401.779125834094
4401.779125834094
4401.364254040576
4401.364254040576
4401.364254040576
4401.364254040576
4401.356699438627
4401.356699438627
4400.56962315338
4400.56962315338
4399.994581107821
4399.994581107821
4399.994581107821
4399.994581107821
4399.994581107821
4399.994581107821
4399.994581107821
4399.994581107821
4399.994581107821
7829.056751334795
7829.056751334795
7823.816687682148
7766.680321078386
7711.264066597223
7550.722138839865
7550.722138839865
7550.722138839865
7026.76086532375
7026.76086532375
7026.76086532375
7026.76086532375
6638.592462803515
6638.592462803515
6466.740337988853
6466.740337988853
6421.271071396353
6276.544123387504
6091.230945994587
5729.712130863516
5729.712130863516
5579.195355022098
5579.195355022098
5506.865872159975
5349.052505134879
5281.015515149571
5180.122239388984
5180.122239388984
5141.972769781976
5064.761229020132
4979.527445326349
4903.123739432729
4903.123739432729
4889.226520569984
4811.876845811764
4784.588572594459
4739.655272850422
4718.358122595666
4703.8277672628465
4651.948495990991
4651.948495990991
4651.234634503357
4644.996546904529
4620.083174332794
4620.083174332794
4619.791038957603
4619.791038957603
4615.167739556844
4611.113293221724
4600.423198009362
4600.132304796791
4569.594339844089
4563.6415999865385
4556.192681322448
4556.192681322448
4556.192681322448
4556.192681322448
4553.48350113436
4548.8919274565405
4548.8919274565405
4548.8919274565405
4546.11503384313
4541.247525883837
4538.15479703733
4538.15479703733
4538.15479703733
4538.15479703733
4538.15479703733
4537.679710635485
4537.679710635485
4537.679710635485
4537.176096575604
4534.8827300121175
4534.8827300121175
4534.8827300121175
4534.8827300121175
4533.876102502395
4533.876102502395
4533.472096015736
4533.472096015736
4533.472096015736
4533.472096015736
4533.117590137646
4533.117590137646
4532.7517779679
4532.7517779679
4532.7517779679
4532.7517779679
4531.357781406537
4531.357781406537
4531.357781406537
4529.086667181607
4529.086667181607
4529.086667181607
4529.086667181607
4529.086667181607
4529.086667181607
4529.086667181607
4529.086667181607
4529.086667181607
7829.056751334795
7829.056751334795
7763.7514754878
7698.627754711702
7635.870454883835
7574.9144052202455
7515.835017582202
7142.336080313852
7142.336080313852
7142.336080313852
6860.752960905752
6550.996030567512
6384.488989056489
6384.488989056489
5968.821663659079
5915.669780098617
5915.669780098617
5915.669780098617
5667.857048274544
5667.857048274544
5443.3201949543345
5443.3201949543345
5443.3201949543345
5443.3201949543345
5213.768121944452
5213.768121944452
5101.537562470728
5101.537562470728
5101.537562470728
5101.537562470728
4698.077498189374
4698.077498189374
4653.1943056376
4631.407074090465
4574.214003870512
4469.36578854113
4469.36578854113
4427.044991715942
4415.526519626541
4412.48721411909
4391.925000955525
4386.293600447585
4371.712191720281
4355.960476768364
4343.806117905642
4332.920026753416
4324.655256147575
4306.589125335528
4253.65756057422
4238.99743159317
4178.666977131825
4178.666977131825
4169.805950989501
4165.057678183723
4165.057678183723
4155.797789623546
4141.444208002185
4141.444208002185
4134.132489004358
4132.873443862883
4126.803614396071
4125.539819077217
4120.521390808502
4120.521390808502
4117.60946521313
4114.008435978971
4111.667893995199
4111.667893995199
4108.273689717824
4107.051568025698
4107.051568025698
4105.151958016435
4101.723968351666
4099.2261506142795
4099.2261506142795
4098.117260565823
4097.885502898725
4097.885502898725
4096.807608331961
4096.807608331961
4096.807608331961
4096.3676606259905
4096.3676606259905
4096.3676606259905
4095.2118089917485
4094.7161841894663
4094.7161841894663
4094.7161841894663
4093.4538276974226
4093.4538276974226
4093.4538276974226
4093.4538276974226
4093.439706081345
4093.439706081345
4093.439706081345
4093.439706081345
4093.439706081345
4093.439706081345
4093.439706081345
4093.439706081345
4093.439706081345
7829.056751334795
7423.092689770875
7412.030466368957
7063.674850818761
7063.674850818761
7015.989685409946
7015.989685409946
7015.989685409946
7015.989685409946
7015.989685409946
7015.989685409946
7008.8862497426035
7008.8862497426035
6801.047480601181
6801.047480601181
6591.304157245062
6591.304157245062
6591.304157245062
6474.682693309158
6474.682693309158
6292.794183773761
6039.342597781446
6039.342597781446
6039.342597781446
5958.671149650292
5674.746617124672
5674.746617124672
5582.008164106284
5582.008164106284
5545.073563197155
5470.339267254589
5470.339267254589
5429.029240824309
5429.029240824309
5429.029240824309
5249.9820803716775
5227.038269146275
5215.493177234388
5215.493177234388
5028.117691575797
4845.72588133723
4833.31713440414
4833.31713440414
4814.488088536988
4745.954715970949
4683.2913315463065
4416.003041357238
4416.003041357238
4389.646359259653
4389.122302622676
4339.18186126427
4339.18186126427
4317.9224785469205
4317.9224785469205
4287.39355971264
4236.785599507715
4228.937670375969
4223.748119164772
4222.967467858687
4222.967467858687
4205.5490434305975
4201.567731198187
4197.323863141308
4192.388766345842
4192.388766345842
4178.76336589484
4175.345825423143
4173.887703922452
4173.745176798366
4167.750030879421
4167.750030879421
4161.3659222797405
4155.687090884873
4155.669426204689
4154.905369812104
4153.972162465125
4153.207350732103
4149.583856342913
4149.583856342913
4146.236986222384
4146.236986222384
4145.292507843618
4145.292507843618
4145.292507843618
4145.035674579452
4145.035674579452
4143.883072917699
4143.883072917699
4143.453110687264
4143.453110687264
4143.453110687264
4143.453110687264
4143.453110687264
4143.453110687264
4143.453110687264
4143.453110687264
4143.453110687264
7829.056751334795
7542.96976391697
7542.96976391697
7542.96976391697
7542.96976391697
7542.96976391697
7214.277629976071
7214.277629976071
7214.277629976071
6023.651242496695
4843.754387683935
3756.057177835332
3283.57272478961
3122.041105688726
3007.939768071523
2962.3520441461246
2913.7358529757257
2882.437369315362
2842.2867302755003
2835.227672870985
2801.2615173245254
2794.528787390457
2783.5928695598623
2778.0891515246653
2768.256807335856
2768.256807335856
2759.4058098056194
2759.4058098056194
2759.4058098056194
2749.949882612548
2744.666246702406
2744.321678054237
2739.775956772457
2736.4015368850733
2735.067458854717
2733.249029467754
2731.8462460220258
2727.9826550071675
2727.0110499293273
2725.995521132533
2722.6739722135353
2722.2583342757857
2721.6465739806977
2720.3763449644157
2720.167457639133
2719.36085625994
2719.36085625994
2718.5413502592473
2716.0104755324796
2715.6136208904227
2715.6136208904227
2715.6136208904227
2715.172765690723
2714.99232353794
2714.99232353794
2714.99232353794
2714.754503255307
2714.5450241935587
2714.4456893824245
2714.388680068575
2714.1310347620674
2714.0793133327534
2713.9803458683264
2713.89134862925
2713.89134862925
2713.89134862925
2713.7474013175056
2713.7474013175056
2713.7474013175056
2713.7474013175056
2713.7474013175056
2713.714457902865
2713.714457902865
2713.714457902865
2713.714457902865
2713.706078381939
2713.706078381939
2713.693788897074
2713.693788897074
2713.6760805605663
2713.6760805605663
2713.647207912034
2713.647207912034
2713.642760707687
2713.642760707687
2713.642760707687
2713.642760707687
2713.642760707687
2713.642760707687
2713.642760707687
2713.642760707687
2713.642760707687
7829.056751334795
7829.056751334795
7795.668396205696
7735.9220237640075
7677.833265251893
7621.425818831582
7290.5310104392
7290.5310104392
7290.5310104392
6568.627498373155
6373.316888940477
6243.60942959054
5973.341729869926
5919.70133046593
5919.70133046593
5777.637654497464
5583.088512948785
5583.088512948785
5583.088512948785
5321.565255018426
5319.172689179486
5319.172689179486
5315.063790253252
5315.063790253252
5189.118682913344
4960.503765591589
4960.503765591589
4960.503765591589
4945.028026380157
4874.935191722839
4797.616847965933
4740.796014284433
4702.536361204133
4659.987712466696
4659.987712466696
4501.337056889905
4501.337056889905
4501.337056889905
4468.370008400088
4468.370008400088
4468.370008400088
4468.370008400088
4374.187295855663
4366.024842717387
4366.024842717387
4364.190261993018
4357.207288321102
4355.83977428548
4337.442806664844
4336.678080631387
4323.898918100639
4306.237309480305
4305.181646587841
4304.39690652555
4298.834861779966
4298.834861779966
4298.834861779966
4293.31102246093
4291.398324255933
4291.398324255933
4285.175011847296
4285.175011847296
4283.602736949057
4280.803211826096
4280.803211826096
4280.803211826096
4278.243707530121
4278.243707530121
4278.243707530121
4275.081675198393
4275.081675198393
4275.081675198393
4274.624077029844
4274.624077029844
4274.280287043783
4274.280287043783
4273.754990363643
4273.754990363643
4273.716622332932
4273.69817271332
4273.69817271332
4273.076088538436
4273.076088538436
4273.076088538436
4273.076088538436
4273.076088538436
4273.076088538436
4273.076088538436
4273.076088538436
4272.8247215688425
4272.8247215688425
4272.8247215688425
4272.8247215688425
4272.8247215688425
4272.8247215688425
4272.8247215688425
4272.8247215688425
4272.8247215688425
7829.056751334795
7425.472360078239
7425.472360078239
7425.472360078239
7425.472360078239
7157.142351806079
7157.142351806079
7157.142351806079
6803.929231099752
6803.929231099752
6413.130694509278
6413.130694509278
6413.130694509278
6413.130694509278
6345.396660757897
6176.172593838856
5957.988162979863
5957.988162979863
5019.150575713068
5019.150575713068
5019.150575713068
4994.897002763637
4994.897002763637
4842.467902483435
4842.467902483435
4556.179380078846
4556.179380078846
4489.093496360993
4448.384527923843
4448.384527923843
4395.120352876407
4383.238408291038
4309.6162677551865
4309.6162677551865
4291.194111541074
4291.194111541074
4220.3841668075465
4202.76923880769
4166.704336559495
4095.4427730657003
4095.4427730657003
4067.4635933979257
4059.6592982845677
3999.110805783971
3999.110805783971
3999.110805783971
3954.8590309127067
3947.339922310218
3947.339922310218
3928.045352135474
3921.041324484392
3921.041324484392
3900.039431805516
3894.945665365382
3894.945665365382
3892.6575020742143
3889.5808360491046
3889.5808360491046
3886.788378188756
3883.2811541400233
3882.6243294228007
3873.722156443623
3873.722156443623
3873.6850171618576
3873.6850171618576
3873.6850171618576
3873.565161308003
3873.565161308003
3872.926359409848
3872.7919979578683
3872.1048099764475
3872.1048099764475
3871.540041595419
3871.540041595419
3871.540041595419
3871.540041595419
3870.858404367923
3870.858404367923
3870.858404367923
3870.386089456648
3869.854121236859
3869.482384588784
3869.482384588784
3869.482384588784
3869.482384588784
3869.482384588784
3869.482384588784
3869.482384588784
3869.482384588784
3869.482384588784
3868.9056650378334
3868.9056650378334
3868.9056650378334
3868.9056650378334
3868.9056650378334
3868.9056650378334
3868.9056650378334
3868.9056650378334
3868.9056650378334
7829.056751334795
7747.494518863209
7747.494518863209
7747.494518863209
7407.569251339818
7407.569251339818
6962.977073767235
6962.977073767235
6843.729940153817
6843.729940153817
6220.495051671076
5530.790113931996
5530.790113931996
5530.790113931996
5496.803870918702
5496.803870918702
5347.101531422932
5069.811468309101
5069.811468309101
4696.757257076861
4665.8718577181835
4619.670960231565
4619.670960231565
4619.670960231565
4577.235735113602
4577.235735113602
4302.870262279325
4275.200226050779
4257.836671894861
4222.772391157252
4222.772391157252
4209.431071193737
4184.394403039205
4179.265982883722
4179.265982883722
4158.244817515759
4151.605089420742
4140.285802350032
4126.382365603686
4122.108814556872
4107.681836131615
4099.736954149806
4094.7869892186245
4092.546672532359
4084.4787374298185
4083.8006083679584
4079.893414332451
4075.929389975637
4075.929389975637
4075.929389975637
4066.376776067098
4066.376776067098
4062.0313948730673
4061.1975254336703
4061.1975254336703
4061.1975254336703
4059.3872871049844
4059.3872871049844
4057.5847853995065
4057.5847853995065
4057.5847853995065
4056.798829323584
4056.504699409674
4056.504699409674
4055.773095004428
4055.773095004428
4055.773095004428
4055.773095004428
4055.773095004428
4055.773095004428
4055.773095004428
4055.773095004428
4055.773095004428
7829.056751334795
7205.1755319201275
7205.1755319201275
7205.1755319201275
7100.180466644637
7100.180466644637
7100.180466644637
7100.180466644637
6909.595919303398
6909.595919303398
6843.124672749851
6240.020924463815
6240.020924463815
6105.239899954171
6105.239899954171
6105.239899954171
6105.239899954171
6105.239899954171
6084.55223439246
5598.456271183372
5598.456271183372
5113.536254236603
5113.536254236603
4966.662624071358
4950.615092173142
4950.615092173142
4838.768732117103
4780.2867355005
4751.295302967395
4696.496773609304
4683.542378016824
4562.023352325225
4507.731113111384
4507.731113111384
4498.741857129948
4484.512527643545
4461.2134072597655
4457.0422825444275
4438.906147541191
4438.906147541191
4434.90113522024
4419.599691591554
4408.026680006984
4405.043315363163
4396.639658441898
4396.639658441898
4385.113674942893
4375.1194790333575
4375.1194790333575
4368.826771740594
4366.2646951814295
4348.058377870091
4345.0603342850645
4337.081656282255
4337.081656282255
4335.380588138454
4335.380588138454
4334.474313598586
4334.474313598586
4333.533117325535
4331.504864596662
4331.504864596662
4331.504864596662
4331.504864596662
4331.504864596662
4331.504864596662
4331.504864596662
4331.41381513777
4331.41381513777
4331.41381513777
4331.303823576874
4331.303823576874
4330.915738399419
4330.915738399419
4330.915738399419
4330.915738399419
4330.915738399419
4330.915738399419
4330.5644001178825
4330.5644001178825
4330.5644001178825
4329.537234439307
4329.537234439307
4329.537234439307
4329.537234439307
4329.537234439307
4329.537234439307
4329.537234439307
4329.537234439307
4329.537234439307
7829.056751334795
7829.056751334795
7829.056751334795
7788.931744543219
7773.432028173052
7769.37504213361
7766.89560181578
7201.511594234833
6956.188793544629
6956.188793544629
6956.188793544629
6956.188793544629
6934.393376835889
6934.393376835889
6433.335253063946
6433.335253063946
6283.797428251458
6283.797428251458
6109.1456655807215
6060.253650012398
5791.562894353804
5791.562894353804
5791.562894353804
5777.151824252211
5777.151824252211
5562.031083999948
5433.865432631819
