6947.574952308016
4513.026021923295
3678.0543853618274
3075.6135047198068
2686.1592653013518
2590.95498374727
2554.5423358640696
2540.8602082666434
2533.034635118267
2526.1860703650927
2518.5717018804353
2513.8403821942256
2511.2555368862577
2509.919776680952
2507.9091757527844
2506.300782725159
2504.627485047085
2503.60564638431
2503.385039091868
2503.279311861772
2503.2471208398
2503.2471208398
2503.0423593604787
2502.5345230218422
2502.2797939040947
2502.2797939040947
2502.2797939040947
2502.2797939040947
2502.2797939040947
2502.2797939040947
2502.2797939040947
2502.2797939040947
2502.2797939040947
6947.574952308016
6947.574952308016
3807.904225067141
2904.4402535241015
2603.228174782278
2583.8992120216526
2573.016559015471
2561.1052565683262
2554.535941017293
2544.604470005427
2536.502030533981
2528.5244876051843
2522.495980328742
2517.219787173072
2512.223400327375
2510.3254600667287
2504.4543907362518
2504.0079493714916
2502.9558494602707
2502.879905536105
2502.0537882896692
2502.0537882896692
2501.9773071976047
2501.9773071976047
2501.9773071976047
2501.9773071976047
2501.9773071976047
2501.6365962463447
2501.6365962463447
2501.6365962463447
2501.6365962463447
2501.471431657742
2501.471431657742
2501.471431657742
2501.471431657742
2501.471431657742
2501.471431657742
2501.471431657742
2501.471431657742
2501.471431657742
6947.574952308016
6947.574952308016
5196.1950900728
3051.9683680140815
2764.8959276792925
2661.1493988518823
2589.824219732025
2574.1115555817
2555.1772016352124
2545.8698913974654
2537.34899644032
2532.531252841172
2525.015127408148
2519.704233924521
2515.068353000359
2512.657410820416
2512.263660001425
2511.418898146058
2509.4549007770847
2507.727054791405
2505.8616001784553
2504.313473074498
2502.27102622329
2501.5076922938497
2501.5076922938497
2501.2783748846678
2501.2783748846678
2501.2783748846678
2501.218310021951
2501.218310021951
2501.218310021951
2501.218310021951
2501.218310021951
2501.218310021951
2501.2175582137725
2501.2175582137725
2501.2175582137725
2501.2175582137725
2501.2175582137725
2501.2175582137725
2501.2175582137725
2501.2175582137725
2501.2175582137725
6947.574952308016
6947.574952308016
3065.5745703928924
2626.8031333054378
2589.681215452439
2558.0493609171913
2547.1781294678976
2532.704622422933
2528.606961939468
2515.4292250453454
2510.214573181475
2505.7237913637664
2503.839434832124
2502.140987784828
2502.140987784828
2501.718631080876
2501.718631080876
2501.718631080876
2501.718631080876
2501.718631080876
2501.718631080876
2501.718631080876
2501.6149667170876
2501.6149667170876
2501.6149667170876
2501.6149667170876
2501.6149667170876
2501.6149667170876
2501.6149667170876
2501.6149667170876
2501.6149667170876
6947.574952308016
6947.574952308016
3916.1558109566827
2964.822818283186
2735.672766870697
2632.7290099806223
2585.521480334087
2554.607809986582
2544.221599611586
2534.292472838407
2528.411645383507
2523.2763141184214
2519.984367874618
2517.057364319029
2513.1477811754057
2509.9492963638218
2507.000793194136
2504.39623012277
2502.081813509064
2502.081813509064
2502.081813509064
2501.7807055100775
2501.7807055100775
2501.7807055100775
2501.5554668948357
2501.372981917727
2501.372981917727
2501.3120485731924
2501.3120485731924
2501.3120485731924
2501.3120485731924
2501.3120485731924
2501.3120485731924
2501.3120485731924
2501.3120485731924
2501.3120485731924
6947.574952308016
6947.574952308016
3794.0388043923695
3221.76416021577
2668.742873841738
2604.529067468102
2573.976808118686
2551.8024529476834
2541.137334444022
2534.253641851628
2523.6667774717716
2521.0274330245925
2517.857569663685
2513.306747935372
2509.4494198671932
2506.044007745107
2502.790175031534
2502.445432082164
2502.445432082164
2502.445432082164
2501.921726581644
2501.921726581644
2501.921726581644
2501.921726581644
2501.921726581644
2501.7837098209734
2501.6683854375115
2501.656278801007
2501.656278801007
2501.656278801007
2501.656278801007
2501.656278801007
2501.656278801007
2501.656278801007
2501.2092757085984
2501.2092757085984
2501.2092757085984
2501.2092757085984
2501.2092757085984
2501.2092757085984
2501.2092757085984
2501.2092757085984
2501.2092757085984
6947.574952308016
6947.574952308016
3354.514018310264
2881.6630316592205
2600.982053750389
2542.0408920206437
2534.487458327383
2522.025924550138
2519.9441135034076
2513.863111382625
2507.57690473713
2505.229813300909
2503.322127355957
2503.322127355957
2503.322127355957
2503.322127355957
2503.243534493442
2503.243534493442
2503.243534493442
2503.1147181416036
2503.1147181416036
2503.1147181416036
2503.05991429087
2502.653291044526
2502.653291044526
2502.6251075844734
2502.1136482441316
2501.928198766216
2501.7198050891066
2501.5836723016414
2501.5836723016414
2501.5836723016414
2501.5836723016414
2501.5836723016414
2501.5836723016414
2501.5836723016414
2501.3499345658624
2501.3499345658624
2501.3499345658624
2501.3499345658624
2501.3499345658624
2501.3499345658624
2501.3499345658624
2501.3499345658624
2501.2193036057997
2501.2193036057997
2501.2193036057997
2501.2193036057997
2501.2193036057997
2501.2193036057997
2501.2193036057997
2501.2193036057997
2501.2193036057997
6947.574952308016
6947.574952308016
3241.6236036919267
2772.0756273763227
2618.275719688324
2555.4449252024
2540.0783012471506
2524.813591928881
2523.4241524797694
2522.415681844809
2517.004579853161
2515.40488422242
2514.605037937846
2510.974549466895
2509.857706366225
2508.3144949320745
2503.7334072502545
2502.894127901334
2501.439134480632
2501.439134480632
2501.439134480632
2501.271603949218
2501.271603949218
2501.271603949218
2501.271603949218
2500.850024395839
2500.850024395839
2500.850024395839
2500.850024395839
2500.850024395839
2500.850024395839
2500.850024395839
2500.850024395839
2500.850024395839
2500.8291152902366
2500.8291152902366
2500.8291152902366
2500.8291152902366
2500.8291152902366
2500.8291152902366
2500.8291152902366
2500.8291152902366
2500.8291152902366
2500.8184715731104
2500.8184715731104
2500.8184715731104
2500.8184715731104
2500.8184715731104
2500.8184715731104
2500.8184715731104
2500.8184715731104
2500.8184715731104
6947.574952308016
6947.574952308016
2796.019742568653
2657.552857604704
2586.6286140980355
2576.8500973846726
2564.389970199769
2549.0562650737884
2539.942248114386
2536.315895092227
2530.259892857332
2525.0279210826234
2519.0470117637446
2513.942760459169
2508.9815685065932
2503.067966154533
2501.4756580948365
2501.4756580948365
2501.4756580948365
2501.4756580948365
2501.2295666634345
2501.1877682398185
2501.1877682398185
2501.1877682398185
2501.179408465057
2501.0416158104285
2501.0416158104285
2500.886413903042
2500.886413903042
2500.886413903042
2500.691359329065
2500.691359329065
2500.691359329065
2500.691359329065
2500.691359329065
2500.691359329065
2500.691359329065
2500.691359329065
2500.691359329065
6947.574952308016
6947.574952308016
2795.673284663841
2642.4767892971877
2583.0130851042004
2571.2638437230116
2555.152792517973
2539.7773357633346
2528.5961773225536
2518.807813067754
2512.7430074037147
2510.3053611064834
2509.216765513295
2506.7506948195264
2504.325877779847
2500.8606720791286
2500.8606720791286
2500.8606720791286
2500.8606720791286
2500.8606720791286
2500.8606720791286
2500.8606720791286
2500.8606720791286
2500.8606720791286
6947.574952308016
6947.574952308016
4657.993010964925
3056.8719690376774
2793.6360822248926
2766.0522143520943
2637.3929242585796
2587.3202661857636
2552.7424380652565
2537.328980337661
2529.13103554028
2522.458160581296
2517.9023776811828
2514.515830620675
2512.966218830349
2510.3708346745725
2508.01338189519
2503.8831884760943
2502.37005848078
2502.37005848078
2502.37005848078
2502.37005848078
2501.920783806749
2501.920783806749
2501.920783806749
2501.920783806749
2501.920783806749
2501.920783806749
2501.4886957360727
2501.4886957360727
2501.4886957360727
2501.4886957360727
2501.4886957360727
2501.4886957360727
2501.3976217786267
2501.3976217786267
2501.3026147980627
2501.3026147980627
2501.3026147980627
2501.3026147980627
2501.1391231706025
2501.1391231706025
2501.1391231706025
2501.1391231706025
2501.1391231706025
2501.1391231706025
2501.1391231706025
2501.1391231706025
2501.1391231706025
6947.574952308016
6947.574952308016
3784.613663567392
3098.529486732935
2601.3331775967667
2576.2745616823336
2554.3463625386084
2545.4983171605422
2534.9201389518134
2529.0762520144426
2518.511041175016
2515.438942442869
2513.427377404651
2509.626091267385
2503.9792525290427
2501.874420473573
2501.773581103868
2501.773581103868
2501.773581103868
2501.773581103868
2501.773581103868
2501.7318023688267
2501.7318023688267
2501.7318023688267
2501.7318023688267
2501.7318023688267
2501.7318023688267
2501.463853822013
2501.463853822013
2501.463853822013
2501.463853822013
2501.463853822013
2501.463853822013
2501.463853822013
2501.463853822013
2501.463853822013
6947.574952308016
6947.574952308016
3030.3633273432697
2607.573777866084
2560.6409216649363
2547.148813213033
2539.0413425868787
2533.156796137281
2524.145306370501
2518.8879588656696
2515.199268398743
2511.1363087722825
2507.341561078955
2502.8715858531536
2502.491656848725
2502.2204782969766
2501.6137886183615
2501.6137886183615
2501.6137886183615
2501.6137886183615
2501.6137886183615
2501.564437604987
2501.564437604987
2501.564437604987
2501.564437604987
2501.564437604987
2501.564437604987
2501.564437604987
2501.564437604987
2501.564437604987
2501.522098743115
2501.522098743115
2501.522098743115
2501.522098743115
2501.1995110352295
2501.1995110352295
2501.1995110352295
2501.1995110352295
2501.1995110352295
2501.1995110352295
2501.1995110352295
2501.0738691326624
2501.0738691326624
2501.0738691326624
2501.0738691326624
2501.0738691326624
2501.0738691326624
2501.0738691326624
2501.0738691326624
2501.0738691326624
6947.574952308016
6947.574952308016
3079.0418782343872
2647.3055596784375
2644.84632512398
2602.697886388128
2579.921266750248
2565.8821510690964
2553.3610315571023
2545.032244164392
2537.6288504327918
2530.414396718888
2524.9943886856895
2518.5846213333457
2515.2754481650127
2511.7406175810183
2509.445212102379
2506.600031451074
2505.126610081054
2502.856126886984
2502.856126886984
2502.856126886984
2502.538260349192
2502.538260349192
2502.3366952441474
2502.1560592501487
2501.8686358355276
2501.8686358355276
2501.7289072607414
2501.7289072607414
2501.7289072607414
2501.507288130028
2501.507288130028
2501.507288130028
2501.507288130028
2501.507288130028
2501.412009272522
2501.412009272522
2501.412009272522
2501.412009272522
2501.412009272522
2501.412009272522
2501.412009272522
2501.412009272522
2501.412009272522
6947.574952308016
6947.574952308016
3136.324972617961
2812.777441475477
2630.139257448234
2580.1207490380657
2561.534655667308
2547.19867970317
2542.20011563583
2531.622073015465
2527.3766504232563
2521.166001503288
2515.553754330116
2512.5611259775806
2505.988722635423
2503.7186247270783
2502.8731200767256
2502.8731200767256
2501.9586661449894
2501.9586661449894
2501.9586661449894
2501.9414423851777
2501.9414423851777
2501.9414423851777
2501.9414423851777
2501.796173041731
2501.50158121117
2501.4146936416596
2501.4146936416596
2501.4146936416596
2501.4146936416596
2501.4146936416596
2501.4146936416596
2501.4146936416596
2501.4146936416596
2501.4146936416596
6947.574952308016
6947.574952308016
3417.42801382788
2772.8307112612306
2578.5236363518957
2569.4022221908995
2550.5313425642544
2543.4539856313254
2536.9806723842466
2530.6599642685806
2527.2523143440203
2521.899893583046
2516.2844207193584
2511.0159169339504
2503.5286178559186
2502.573940137144
2502.2473304035907
2502.2473304035907
2502.2473304035907
2502.2473304035907
2501.5747203011238
2501.5747203011238
2501.5747203011238
2501.5747203011238
2501.5747203011238
2501.5747203011238
2501.5747203011238
2501.5747203011238
2501.5300887434037
2501.5300887434037
2501.5300887434037
2501.5300887434037
2501.5300887434037
2501.5300887434037
2501.5300887434037
2501.5300887434037
2501.5300887434037
6947.574952308016
6680.9917901041
4152.773695298139
3202.150239008825
2986.3147752267814
2730.690124420362
2637.442486554812
2599.5649336558013
2574.7840313677375
2554.395681202085
2545.13721041395
2536.874545080501
2527.454356265775
2521.13487230993
2517.911440219502
2513.5159871385817
2511.010822942801
2508.9993018914374
2505.433542198302
2501.7333284461283
2501.7333284461283
2501.7333284461283
2501.472138570726
2501.0693782827852
2501.0655932510895
2501.0655932510895
2501.0655932510895
2501.0655932510895
2501.0655932510895
2501.006122166497
2501.006122166497
2501.006122166497
2501.006122166497
2501.006122166497
2501.006122166497
2501.006122166497
2501.006122166497
2501.006122166497
6947.574952308016
6947.574952308016
3344.201421777963
2698.8730325861134
2606.7895893735963
2565.0835836202646
2547.472902909068
2533.1617699715644
2525.4108555455527
2519.2544161346614
2514.4789571250367
2510.294684782707
2502.839772373632
2501.7394380360047
2501.7394380360047
2500.9426005988453
2500.9426005988453
2500.739307437353
2500.739307437353
2500.739307437353
2500.739307437353
2500.739307437353
2500.739307437353
2500.7331200354215
2500.7331200354215
2500.6800841026393
2500.6800841026393
2500.6800841026393
2500.6800841026393
2500.6800841026393
2500.6800841026393
2500.6800841026393
2500.6800841026393
2500.6800841026393
6947.574952308016
6947.574952308016
3457.9620239494843
2981.9087683533253
2648.9485619242705
2578.6742582449456
2567.8684862500195
2545.255945271077
2533.2302208271713
2523.1344293190236
2515.579970600162
2508.117931067063
2503.1831549508884
2501.3986318013194
2501.3986318013194
2501.3986318013194
2501.3986318013194
2501.0555495181893
2501.0366780063355
2501.0366780063355
2501.0366780063355
2501.0366780063355
2501.0366780063355
2501.0366780063355
2501.0366780063355
2501.0366780063355
2501.0366780063355
8452.846441167872
7882.28022239776
7882.28022239776
7882.28022239776
7245.127775025107
7245.127775025107
7245.127775025107
7245.127775025107
6741.872090259674
6605.523669891582
6605.523669891582
6605.523669891582
6587.357357166841
6587.357357166841
6587.357357166841
6587.357357166841
6587.357357166841
6351.652226063101
6351.652226063101
5843.072460778395
5843.072460778395
5716.789063773291
5535.352875047662
5535.352875047662
5394.031061383479
4927.713193113298
4927.713193113298
4927.713193113298
4883.941066739972
4868.288639828925
4752.261417023357
4596.008427015568
4596.008427015568
4592.055482373977
4582.632628534446
4546.710845940694
4516.070299798957
4503.172347548196
4503.172347548196
4490.546811565682
4457.002233156865
4447.470791801654
4435.333603280118
4435.333603280118
4424.041349991171
4410.299806051862
4410.299806051862
4406.701732317728
4404.1068557733615
4404.1068557733615
4404.1068557733615
4394.478055398438
4394.11905085939
4389.977894609312
4384.741668924023
4366.464773011288
4366.464773011288
4365.683381846693
4360.318408963927
4360.318408963927
4360.318408963927
4360.318408963927
4360.318408963927
4356.248108820894
4356.248108820894
4356.248108820894
4356.248108820894
4353.219070655692
4353.219070655692
4353.219070655692
4353.219070655692
4351.263053518763
4349.600472761868
4349.600472761868
4349.486329392193
4349.486329392193
4349.486329392193
4349.486329392193
4348.274898247486
4348.105910292981
4348.105910292981
4348.105910292981
4345.959023192302
4345.156340276738
4345.156340276738
4345.156340276738
4345.156340276738
4345.156340276738
4345.156340276738
4345.156340276738
4345.156340276738
4345.156340276738
4344.47221748143
4344.47221748143
4344.47221748143
4344.47221748143
4344.47221748143
4344.47221748143
4344.47221748143
4344.47221748143
4344.157198747282
4344.157198747282
4344.157198747282
4344.157198747282
4344.157198747282
4344.157198747282
4344.157198747282
4344.157198747282
4344.157198747282
8452.846441167872
7748.6320040624705
7748.6320040624705
7748.6320040624705
6745.768874019599
6745.768874019599
6745.768874019599
6745.768874019599
6174.824094063884
6174.824094063884
6174.824094063884
5492.522239585067
5492.522239585067
5492.522239585067
5492.522239585067
5492.522239585067
4971.30112890232
4937.046529267591
4937.046529267591
4937.046529267591
4827.080162433995
4821.267633078831
4821.267633078831
4550.279288047348
4464.234345345159
4379.596699427384
4379.596699427384
4300.836292070667
4243.044203352907
4201.768513635595
4171.253998420794
4140.962466168153
4045.446566427855
4027.073291466075
4026.365544856991
4013.0996246204513
4008.2070630539793
3972.001728755111
3954.124147917022
3921.756040177561
3921.756040177561
3919.3005311887982
3861.813411186444
3861.813411186444
3861.813411186444
3854.0372309017475
3853.196450254467
3850.1305047623937
3845.156115319773
3845.156115319773
3843.1858274467168
3841.3635526580115
3837.966766754059
3832.916413415662
3825.8295477956267
3823.3345085028777
3815.597246015004
3813.117453440059
3811.4629481509774
3811.4629481509774
3811.4629481509774
3810.500868804651
3810.184700566539
3808.8599308104367
3808.8599308104367
3807.741498960683
3807.741498960683
3807.741498960683
3807.741498960683
3807.741498960683
3807.741498960683
3807.741498960683
3807.7405263978226
3807.7405263978226
3807.471736264124
3807.471736264124
3807.001331277766
3807.001331277766
3807.001331277766
3807.001331277766
3807.001331277766
3807.001331277766
3807.001331277766
3807.001331277766
3807.001331277766
8452.846441167872
6871.5641147029455
6871.5641147029455
6871.5641147029455
6871.5641147029455
6871.5641147029455
6560.274795714638
6560.274795714638
6329.521706459178
6329.521706459178
5848.0909009493125
5753.084790692075
5753.084790692075
5753.084790692075
5753.084790692075
5581.520943088994
5419.428629922027
5419.428629922027
5419.428629922027
5202.925640873138
5075.267835285067
4958.938336824165
4629.1285185978795
4629.1285185978795
4629.1285185978795
4602.488532886222
4440.541435359175
4440.541435359175
4196.961430026425
4196.961430026425
4196.961430026425
4006.4935358908942
4006.4935358908942
3961.1982698579363
3918.8098422457815
3841.921945113486
3841.921945113486
3841.921945113486
3808.337589482944
3808.337589482944
3808.337589482944
3794.46882471025
3761.8554003833333
3749.04521591648
3732.608285453389
3732.608285453389
3724.9362686130166
3711.67510227581
3706.8687923713333
3693.5726609220046
3682.060869477895
3671.6603387918303
3653.5938729831178
3642.5082855072906
3642.5082855072906
3637.3524288511
3632.2622710257615
3622.570925706088
3622.570925706088
3621.929143665078
3618.6678156069966
