7308.329025730841
7062.593019163266
7062.593019163266
7062.593019163266
7062.593019163266
7062.593019163266
6881.100078324034
6881.100078324034
6657.138314215614
6527.4721985122305
6527.4721985122305
6079.379335540092
6079.379335540092
6061.400427832072
6061.400427832072
5503.731340380717
5503.731340380717
5345.862226858914
5281.215019237072
5233.818681053049
5099.889033391302
5038.529407206694
4853.4921112289585
4853.4921112289585
4606.690131940724
4570.702502563176
4570.702502563176
4506.894011474876
4464.504698198292
4447.807193726476
4428.722716383792
4428.722716383792
4417.180876776064
4417.180876776064
4391.912993726216
4386.152541317089
4386.152541317089
4376.978976149022
4376.978976149022
4367.68647001632
4361.049093763326
4356.503490043589
4342.823930219738
4333.669335163285
4328.745304758856
4328.745304758856
4323.5428059360975
4314.082918659987
4314.082918659987
4314.082918659987
4310.613838634772
4306.451304018002
4302.503017975033
4301.3084563804605
4301.3084563804605
4298.160006095195
4296.0674836195285
4296.0674836195285
4296.051910547426
4296.051910547426
4296.051910547426
4295.139534050084
4295.139534050084
4295.139534050084
4295.139534050084
4292.547297366901
4292.547297366901
4292.547297366901
4292.547297366901
4292.478898140009
4292.414834179475
4292.414834179475
4292.133604728533
4292.133604728533
4292.133604728533
4292.133604728533
4292.133604728533
4292.133604728533
4291.511116078058
4291.511116078058
4291.511116078058
4291.511116078058
4291.511116078058
4291.511116078058
4291.511116078058
4291.511116078058
4291.088227442591
4291.088227442591
4291.088227442591
4291.088227442591
4291.088227442591
4291.088227442591
4291.088227442591
4291.088227442591
4291.053180678495
4291.053180678495
4291.053180678495
4291.053180678495
4291.053180678495
4291.053180678495
4291.053180678495
4291.053180678495
4291.053180678495
8603.007280156995
8323.472548989688
8309.063256088837
7950.271009447844
4947.2032876706235
4306.618584955267
3495.455065583288
3120.1856193493722
2945.433868099608
2924.926986961301
2857.9653850082314
2855.7601972821276
2855.7601972821276
2855.7601972821276
2841.1649018554276
2841.1649018554276
2787.295108491193
2787.295108491193
2787.295108491193
2787.295108491193
2787.295108491193
2787.295108491193
2771.175780365027
2769.1185235504427
2762.776355676314
2755.2396481415617
2746.6623112963994
2746.6623112963994
2743.4871254658615
2737.0734386235204
2729.7604838821685
2729.7604838821685
2729.7604838821685
2729.282350536564
2725.3463843561726
2724.0593185849884
2722.686840487598
2721.9140522689545
2721.7785581236994
2721.6258189459672
2719.262872074886
2717.0244993150895
2714.501266379585
2712.7828918853706
2711.3603871059017
2707.7277064371456
2705.117449919259
2704.1266148267055
2703.464421163883
2702.4349402561897
2701.5866232279423
2701.107347471675
2700.647339836811
2700.628651704185
2700.1564745523774
2699.332355691461
2698.69121660205
2698.69121660205
2698.69121660205
2698.3919961659067
2698.175597180758
2698.1649334727726
2698.1649334727726
2698.1566500924396
2698.048707604769
2698.048707604769
2698.048707604769
2697.937221426127
2697.937221426127
2697.937221426127
2697.937221426127
2697.937221426127
2697.9231334048295
2697.8935363151422
2697.8935363151422
2697.8935363151422
2697.8935363151422
2697.8935363151422
2697.8935363151422
2697.8935363151422
2697.8856607954913
2697.8856607954913
2697.8497501054876
2697.8497501054876
2697.8497501054876
2697.8497501054876
2697.8497501054876
2697.8497501054876
2697.8497501054876
2697.8497501054876
2697.8396584274824
2697.8396584274824
2697.8396584274824
2697.8396584274824
2697.8396584274824
2697.8396584274824
2697.8396584274824
2697.8396584274824
2697.8396584274824
8603.007280156995
7616.104954346093
7616.104954346093
7616.104954346093
7338.517328766291
7338.517328766291
6929.701026396515
5677.933901860004
4991.202161352285
4154.190904144623
3578.2923701784894
3224.703506942073
3041.8720451641916
2934.5482123563097
2918.5042863896037
2856.2310338595603
2822.6003968718805
2807.9106051237736
2802.5910888542144
2802.5910888542144
2770.7812752066225
2770.7812752066225
2770.7812752066225
2761.8329485852623
2742.2148547420156
2742.2148547420156
2733.778164423758
2732.0025970355614
2722.5555264725754
2717.953187177818
2713.308954545327
2711.7588601760153
2711.7588601760153
2710.534911248058
2710.1044712123476
2710.035276078916
2708.6070055693153
2705.7957791582576
2705.421944386093
2703.63120565933
2700.3101641026774
2700.3101641026774
2698.2054277506604
2695.186905782304
2694.967963718191
2693.8301908131116
2693.330492488836
2692.7368156966236
2692.559796401057
2692.2168401355966
2692.1633081789782
2692.0354996062765
2691.8333618515944
2691.7600253878677
2691.2058980089832
2691.0315602336386
2691.0315602336386
2690.729489828206
2690.707423798393
2690.707423798393
2690.5095772141663
2690.2292507452507
2690.2292507452507
2690.2292507452507
2690.0607937368304
2690.042575822745
2690.042575822745
2690.0004788726155
2690.0004788726155
2689.9955237759004
2689.9955237759004
2689.9955237759004
2689.9584970065202
2689.9584970065202
2689.9272819268967
2689.9272819268967
2689.9236140144335
2689.9236140144335
2689.8811277175105
2689.8811277175105
2689.8811277175105
2689.8811277175105
2689.8811277175105
2689.8574813461055
2689.8364191700343
2689.8364191700343
2689.8364191700343
2689.8364191700343
2689.8364191700343
2689.8364191700343
2689.8364191700343
2689.8364191700343
2689.8364191700343
2689.8294524128737
2689.8294524128737
2689.8294524128737
2689.8294524128737
2689.8294524128737
2689.8294524128737
2689.8294524128737
2689.8294524128737
2689.8294524128737
2689.8171561365293
2689.8171561365293
2689.8171561365293
2689.8171561365293
2689.8171561365293
2689.8171561365293
2689.8171561365293
2689.8171561365293
2689.8171561365293
8603.007280156995
8126.942805865362
8126.942805865362
7455.683841036122
7455.683841036122
7455.683841036122
7455.683841036122
6803.193001195669
6690.731056103126
6690.731056103126
6665.514903058809
6472.189304824024
6472.189304824024
6472.189304824024
5845.07505076181
5330.069280376521
5330.069280376521
5096.298642639902
5096.298642639902
5096.298642639902
4939.064031869631
4544.517898430164
4544.517898430164
4544.517898430164
4544.517898430164
4530.125293034155
4389.045505476274
4232.332318010467
4232.332318010467
4232.332318010467
4066.214981547593
4027.1358475537922
3948.6368482255302
3928.0243177417087
3889.355280424458
3839.7822118991326
3816.5284000949778
3802.361017682088
3797.176700780161
3776.229846942814
3753.8610518848645
3750.712134151897
3744.4802129486798
3729.1032755806796
3702.46930911819
3702.46930911819
3702.46930911819
3698.63880050406
3694.245124100815
3693.554666766746
3690.6435229100225
3682.007759773003
3679.218789319069
3674.88400076096
3672.6707806742993
3671.788238229736
3671.788238229736
3669.9123315077995
3667.9917578503614
3667.729300303661
3666.4969284052895
3666.4969284052895
3666.4969284052895
3666.4969284052895
3666.399234827154
3665.7375090850937
3665.075217937885
3665.075217937885
3665.075217937885
3665.075217937885
3665.075217937885
3664.966925486978
3664.966925486978
3664.966925486978
3664.966925486978
3664.966925486978
3664.966925486978
3664.966925486978
3664.966925486978
3663.8529278062542
3663.8529278062542
3663.8529278062542
3663.8529278062542
3663.8529278062542
3663.8529278062542
3663.8529278062542
3663.8529278062542
3663.8529278062542
8603.007280156995
7860.770640097189
6866.8183584529925
5799.360603532428
5511.572416496366
4554.29840916773
3834.5134352133628
3472.5929092547253
3236.884448937438
3030.9310965076684
2997.437135953239
2997.437135953239
2997.437135953239
2975.69904038688
2930.911680080209
2900.981450527677
2884.141004349162
2839.2237943626724
2835.7344146122764
2835.7344146122764
2835.7344146122764
2832.3571163328293
2792.865032989219
2792.865032989219
2792.865032989219
2792.865032989219
2786.874445876293
2781.1327422344266
2776.2717939027416
2773.1793646507163
2763.890214905973
2761.3959221889095
2755.3965859490836
2752.0280296664005
2752.0280296664005
2751.892065288029
2751.892065288029
2749.265281520591
2747.6112925865164
2745.705748941379
2744.9916422043157
2744.9916422043157
2743.6125523921623
2743.6125523921623
2743.2149836698154
2742.059749159455
2739.8071433491536
2738.79218403904
2737.703013710394
2736.986045158054
2736.41503301592
2736.2113696138986
2735.901650371778
2735.775852812762
2735.170614309598
2734.7892348011937
2734.2931051009905
2734.201624693721
2734.1108431394673
2733.8419129005565
2733.8419129005565
2733.749072192377
2733.661692642404
2733.6329549526736
2733.6329549526736
2733.591722796094
2733.591722796094
2733.591722796094
2733.545450422638
2733.5194050921073
2733.5194050921073
2733.4900894574225
2733.4900894574225
2733.4900894574225
2733.4840250776233
2733.4840250776233
2733.483929883478
2733.483929883478
2733.465241651084
2733.4495161205364
2733.4495161205364
2733.4495161205364
2733.4495161205364
2733.4495161205364
2733.4495161205364
2733.4495161205364
2733.4285618671242
2733.4285618671242
2733.4285618671242
2733.4285618671242
2733.4285618671242
2733.4285618671242
2733.4285618671242
2733.4285618671242
2733.4285618671242
8603.007280156995
8445.365922774978
6994.539297768197
6994.539297768197
5925.494981152802
4654.0548475694495
3792.324695601934
3391.433850553031
3106.683651454451
3036.4366934351747
2970.7255682159566
2923.64775071121
2878.578429167411
2861.8371334365647
2861.8371334365647
2839.733981364199
2810.4390080379835
2785.701542744445
2785.701542744445
2782.099254156053
2754.9939904658468
2754.9939904658468
2754.9939904658468
2753.8936086734498
2747.282428410519
2745.7257432544216
2741.067756457965
2735.8083277806163
2735.8083277806163
2735.8083277806163
2735.8083277806163
2733.530981420276
2733.0997489359866
2729.667614723618
2728.70863604572
2728.70863604572
2728.70863604572
2727.4736868801183
2727.372139609166
2726.557803083093
2726.483328789018
2726.316999703171
2726.1315034731197
2725.8562047534124
2725.3289746653645
2724.9862265413694
2724.967567490176
2724.9359295715535
2724.6381379213335
2724.6381379213335
2724.6381379213335
2724.5057725896754
2724.5057725896754
2724.3765558409764
2724.3765558409764
2724.3608106314878
2724.3608106314878
2724.349007772933
2724.349007772933
2724.314150066706
2724.314150066706
2724.284608604862
2724.284608604862
2724.284608604862
2724.281555571747
2724.281555571747
2724.2689418118475
2724.2689418118475
2724.2689418118475
2724.2689418118475
2724.2689418118475
2724.2689418118475
2724.2608730386055
2724.2608730386055
2724.245182791112
2724.245182791112
2724.245182791112
2724.245182791112
2724.245182791112
2724.245182791112
2724.245182791112
2724.245182791112
2724.245182791112
8603.007280156995
8089.43547625173
7022.257653565739
7022.257653565739
7022.257653565739
7022.257653565739
6940.188814617136
6940.188814617136
6924.304838421166
6924.304838421166
6924.304838421166
6924.304838421166
6924.304838421166
6643.65094629959
6643.65094629959
6643.65094629959
6643.65094629959
6252.117179369732
5706.17184444641
5706.17184444641
5706.17184444641
5587.07438822451
5587.07438822451
5353.587375006023
5353.587375006023
5255.857437624057
5255.857437624057
5106.824094204469
5018.281843631807
5001.546968598264
5001.546968598264
4872.662348221116
4854.0140198342
4854.0140198342
4779.382127675112
4735.6858150000535
4662.606118667532
4633.020253860224
4619.678605679862
4555.580406491565
4540.274820763982
4532.3006994689285
4532.3006994689285
4501.558003226386
4484.51552865699
4481.834720934476
4464.287416473488
4453.386943126198
4453.386943126198
4451.435693550948
4441.623133007189
4441.623133007189
4440.388678093604
4433.499706721356
4429.42846698203
4428.305167397228
4423.370355726669
4420.516421348981
4417.382129612819
4417.382129612819
4417.382129612819
4417.12500159759
4415.748253402033
4415.748253402033
4414.650123355753
4414.650123355753
4414.650123355753
4414.650123355753
4414.060955976014
4414.060955976014
4412.794019496456
4412.794019496456
4412.794019496456
4412.681536816119
4412.681536816119
4412.681536816119
4412.681536816119
4412.199788296696
4412.199788296696
4412.199788296696
4412.199788296696
4412.199788296696
4412.199788296696
4412.199788296696
4412.199788296696
4412.199788296696
8603.007280156995
7990.626814004813
7762.536003457626
4774.01555344338
4774.01555344338
3227.5886844155198
2959.7374329497525
2913.0741169314133
2913.0741169314133
2840.2137118851574
2840.2137118851574
2839.8585396409494
2797.699697096706
2797.699697096706
2770.2173741140864
2760.09411721828
2749.202729195039
2740.4691506621602
2740.4691506621602
2738.0994597154954
2735.9261297018575
2724.7924031041593
2724.7924031041593
2716.1363111533437
2711.5528248708774
2695.3775334097936
2695.3775334097936
2695.3775334097936
2695.3775334097936
2691.6227648122426
2690.328049005075
2689.9389267120473
2689.602491443248
2676.760437652903
2676.760437652903
2674.142747257159
2665.45522573364
2665.45522573364
2665.075617937774
2663.083682372927
2660.6560226518336
2660.3176906324193
2659.2118154027175
2658.7734127221674
2658.3142655253587
2657.486877286413
2657.486877286413
2656.7783518369038
2656.1548721996583
2655.910267414158
2655.404761463482
2655.404761463482
2655.3641482231237
2654.709483782055
2654.5095612923787
2654.5095612923787
2654.401810720768
2654.401810720768
2654.312242381845
2654.271188682165
2654.1783430811843
2654.1783430811843
2654.0158826653646
2654.0158826653646
2654.0158826653646
2653.8932031724935
2653.8932031724935
2653.8932031724935
2653.7928245145017
2653.7928245145017
2653.7928245145017
2653.7891295961817
2653.7891295961817
2653.7594434958983
2653.7594434958983
2653.7594434958983
2653.7251957694007
2653.7251957694007
2653.7251957694007
2653.7251957694007
2653.7251957694007
2653.717114629582
2653.7064496011503
2653.686147969643
2653.686147969643
2653.686147969643
2653.686147969643
2653.686147969643
2653.686147969643
2653.677755092684
2653.677755092684
2653.677755092684
2653.677755092684
2653.677755092684
2653.677755092684
2653.677755092684
2653.5763243789656
2653.5763243789656
2653.5763243789656
2653.5763243789656
2653.5763243789656
2653.5763243789656
2653.5763243789656
2653.5763243789656
2653.5763243789656
8603.007280156995
8400.6053196043
7744.684269105323
7744.684269105323
7327.950027765914
4690.355210816371
4134.52163407118
3816.135478205847
3351.9250016606093
3112.1938115797484
2983.726132044422
2898.4636073972642
2890.8549055093586
2847.937158612996
2833.6845676394887
2829.6087951553895
2758.64732593856
2758.64732593856
2758.64732593856
2750.016039226871
2748.399708608953
2748.399708608953
2735.9056996330864
2731.838513971409
2726.3223418858965
2716.4142362135563
2716.4142362135563
2713.259743567613
2709.738551399987
2709.738551399987
2707.2875790170683
2703.3286093716583
2702.608243549392
2702.608243549392
2701.179679888724
2699.46415551186
2698.2213992210627
2697.942773198232
2697.394770986888
2695.484354876723
2693.4698317886596
2692.2192028153836
2691.3790460388154
2688.579887351364
2686.4036999761743
2683.601369692463
2683.601369692463
2682.6161312090517
2682.2154287346675
2681.815207916631
2681.374055052939
2681.200478395401
2680.4978084930644
2680.4978084930644
2680.3174871518163
2679.3608081702023
2679.3608081702023
2679.317204364276
2679.3063391159176
2679.0950055220756
2679.082484053697
2678.721547072716
2678.721547072716
2678.721547072716
2678.53447983353
2678.53447983353
2678.433662762547
2678.433662762547
2678.3439166404455
2678.3439166404455
2678.3439166404455
2678.1801241714975
2678.117571423142
2678.117571423142
2678.095407181468
2678.0713557329873
2678.055901845422
2678.055901845422
2678.0420334812297
2678.0420334812297
2678.0420334812297
2678.036422198348
2678.036422198348
2678.0244762659745
2678.0244762659745
2678.0244762659745
2678.0244762659745
2678.0244762659745
2678.0244762659745
2678.0117304362734
2678.0117304362734
2678.0117304362734
2678.0117304362734
2678.0117304362734
2678.0117304362734
2678.0117304362734
2678.0117304362734
2678.0117304362734
8603.007280156995
8194.43610026127
8194.43610026127
7751.879400387052
7530.76791162267
7530.76791162267
7530.76791162267
6687.002142074857
6687.002142074857
6134.460100962428
6134.460100962428
5454.305984391863
5266.823107179103
5266.823107179103
5266.823107179103
5266.823107179103
5018.08265682492
4950.148133293891
4774.818306519647
4745.552690040999
4652.512773444034
4652.512773444034
4558.433953308477
4518.647027504203
4474.561363756549
4449.048480496571
4424.624448345896
4424.624448345896
4398.947328138401
4283.653165332809
4283.653165332809
4252.499151071315
4224.298426780938
4213.587005538087
4204.973843020826
4190.812244460291
4161.646828683784
4152.3550548411185
4126.819318480228
4121.70444637459
4117.423833527111
4112.895948001186
4106.093212686206
4106.093212686206
4106.093212686206
4102.207858273672
4102.207858273672
4098.7291835867745
4096.743295325156
4091.5191516553778
4091.5191516553778
4088.9542795050556
4088.9542795050556
4088.0677050976055
4079.9652604829726
4079.9652604829726
4079.9652604829726
4078.4222929051975
4077.3901842593314
4070.611438109225
4070.472526132665
4070.472526132665
4068.8645481061576
4068.8645481061576
4068.8645481061576
4068.8645481061576
4068.8645481061576
4066.6179388133205
4066.6179388133205
4062.95028928814
4062.95028928814
4062.95028928814
4062.1314923080495
4062.1314923080495
4062.1314923080495
4062.1314923080495
4062.1314923080495
4061.078136980591
4061.078136980591
4060.5190590857155
4060.5190590857155
4060.5190590857155
4060.5190590857155
4060.5190590857155
4060.5190590857155
4060.5190590857155
4059.430528926152
4059.430528926152
4059.430528926152
4059.430528926152
4059.430528926152
4059.430528926152
4059.430528926152
4059.430528926152
4059.430528926152
8603.007280156995
7333.459588574858
7333.459588574858
7333.459588574858
7333.459588574858
7333.459588574858
7333.459588574858
7001.4837051317845
7001.4837051317845
6685.853085982915
6685.853085982915
6430.28037547277
6430.28037547277
6002.401570214386
6002.401570214386
5868.053797265228
5830.14635040698
5830.14635040698
5830.14635040698
5727.201999430181
5727.201999430181
5727.201999430181
5727.201999430181
5675.047789489772
5539.013305797211
5539.013305797211
5470.286498391089
5470.286498391089
5452.472698298912
5452.472698298912
5427.1316732782925
5316.164684319156
5228.583738233081
5200.768334405857
5176.877684804213
5071.672112848965
5060.776822018527
4986.771835435275
