7819.576124589846
7819.576124589846
7819.576124589846
7819.576124589846
7811.446000205763
7402.235462906492
7197.247447662558
6922.997022862642
6922.997022862642
6922.997022862642
6922.997022862642
6922.997022862642
6511.3042249839455
6511.3042249839455
6511.3042249839455
6266.701628753383
6266.701628753383
6266.701628753383
5814.912318389848
5814.912318389848
5465.7675512415135
5413.799626475025
5413.799626475025
5346.777367605521
4920.200521624505
4781.488042172232
4239.792115044859
4239.792115044859
4239.792115044859
4234.237419151874
4213.749545033679
4101.189859340795
4083.239506869109
3995.0866707894866
3964.121956721946
3960.948543452261
3931.2307631825774
3909.5685738078464
3876.7259291997043
3847.808898567464
3847.808898567464
3844.154945601422
3813.295046997828
3811.5487420009313
3766.988936798165
3766.988936798165
3766.988936798165
3727.074206540994
3723.5199878575886
3723.5199878575886
3711.0883480704892
3694.850865501915
3689.0341257009695
3685.6591406423463
3685.6591406423463
3682.6433858084924
3677.5677490625244
3671.911654751541
3667.003834387716
3666.896442217436
3666.0725379161404
3664.5171067653937
3664.5171067653937
3664.5171067653937
3663.9940789726
3663.9940789726
3663.89795506694
3663.89795506694
3663.7458849197637
3663.7458849197637
3660.9435990600155
3660.757246915352
3660.757246915352
3660.663377480093
3660.663377480093
3660.411562154364
3659.8235606613684
3658.3847858330146
3658.3847858330146
3658.3847858330146
3658.3847858330146
3658.3847858330146
3658.3847858330146
3658.3847858330146
3658.3847858330146
3658.3847858330146
8525.892182843203
8152.918904731913
7322.929525835287
7322.929525835287
7322.929525835287
7322.929525835287
7322.929525835287
7322.929525835287
7322.929525835287
6985.9291228614775
6985.9291228614775
6887.878206148105
6887.878206148105
6609.41266594937
6609.41266594937
6609.41266594937
6135.056630892535
6135.056630892535
6135.056630892535
6125.534015130285
6125.534015130285
5984.428932064877
5604.364511500377
5302.768424149235
5302.768424149235
5244.420983052683
5209.227060060752
5067.3600778577875
4926.526448148243
4926.526448148243
4877.506166267174
4877.506166267174
4839.944905090493
4729.558345586024
4729.558345586024
4643.201686944183
4643.201686944183
4619.938896945785
4595.03406130074
4595.03406130074
4415.007825156093
4243.4775847394285
4243.4775847394285
4243.4775847394285
4153.070953213628
4099.523376279032
4058.067661076503
4058.067661076503
4058.067661076503
4015.4170172094846
4011.791591395592
3989.6503835613876
3989.6503835613876
3967.3870727828053
3849.8619559436647
3849.8619559436647
3845.856948896094
3842.309458308802
3842.309458308802
3842.309458308802
3804.926764277975
3789.443832087478
3782.6106680403636
3767.0074614469195
3757.4813444200386
3750.2752081931467
3733.742594062053
3729.6577891544785
3723.5789420467995
3705.7121674105556
3704.4308884866005
3698.3960198644313
3698.3960198644313
3698.009305008073
3696.383033768926
3696.383033768926
3690.6386906517178
3690.6386906517178
3685.9997492208595
3685.9997492208595
3684.424327441193
3680.4114308012313
3680.4114308012313
3680.4114308012313
3680.4114308012313
3678.5728772650073
3672.5991945362457
3672.5991945362457
3672.5991945362457
3672.5991945362457
3672.5991945362457
3672.5991945362457
3670.6983169083915
3670.6983169083915
3666.9867383397373
3666.9867383397373
3666.9867383397373
3666.9867383397373
3666.9867383397373
3666.9867383397373
3666.9867383397373
3666.9867383397373
3666.9867383397373
8525.892182843203
8166.346094789502
8153.672096854718
7188.538843731795
7188.538843731795
7188.538843731795
7188.538843731795
7188.538843731795
7188.538843731795
7188.538843731795
7188.538843731795
6800.295078802557
6525.07530817654
6425.30717781087
5928.662441299974
5928.662441299974
5605.056148171141
5576.811347851373
5574.384498689221
5574.384498689221
5554.778647748567
5483.672491018926
5483.672491018926
5328.356427393459
5222.164480847017
5129.529887655994
5113.331879978874
5036.522157498596
4987.105438452513
4951.223795884345
4865.460614496213
4709.925454004324
4709.925454004324
4674.609227831571
4674.609227831571
4669.799438759314
4669.799438759314
4603.055840709152
4603.055840709152
4581.439135843448
4575.205214423437
4544.113007585004
4534.682411031624
4515.633885577141
4515.633885577141
4513.814604620551
4506.185692359776
4495.024611412682
4483.87879100721
4476.3889549959395
4476.3889549959395
4468.820767921536
4457.641779774156
4455.663322271482
4451.37008276896
4447.0875486584
4436.742403503103
4436.742403503103
4433.290025823622
4426.742122501914
4426.742122501914
4424.152595211594
4424.152595211594
4423.200905323628
4422.950116923387
4422.950116923387
4422.950116923387
4422.950116923387
4421.602944931599
4421.602944931599
4421.602944931599
4421.602944931599
4421.602944931599
4421.239107886397
4421.239107886397
4421.239107886397
4421.055961956345
4421.055961956345
4421.055961956345
4421.055961956345
4421.055961956345
4421.055961956345
4421.055961956345
4420.478153785367
4420.478153785367
4420.478153785367
4420.478153785367
4420.478153785367
4420.478153785367
4420.478153785367
4420.478153785367
4420.478153785367
8525.892182843203
8525.892182843203
8473.48295108477
8299.06315602591
7297.473474159861
7297.473474159861
7297.473474159861
7297.473474159861
7297.473474159861
7297.473474159861
6645.423464229008
6645.423464229008
6645.423464229008
6645.423464229008
6323.18716935495
6323.18716935495
6227.417779767258
5737.054076532386
5737.054076532386
5707.932003897593
5667.6368255361385
5667.6368255361385
5667.6368255361385
5630.860211395561
5248.534475007663
5248.534475007663
5214.714340560343
5126.104219872928
5126.104219872928
4949.048042422864
4949.048042422864
4949.048042422864
4899.051844664105
4849.646168116601
4834.129244870258
4765.477743212974
4713.211511254419
4681.904640810224
4681.904640810224
4681.904640810224
4650.4198802501105
4637.652914850716
4614.9160690039735
4579.024231077739
4535.741575259665
4499.139739297285
4477.90367755306
4327.402365286439
4275.334157253295
4261.358431869017
4261.358431869017
4260.153712496067
4260.153712496067
4260.153712496067
4245.4664193237095
4236.680012253563
4216.810088553185
4213.931571634506
4213.869371042336
4213.869371042336
4213.869371042336
4207.771651141285
4206.69161827701
4203.092710248759
4200.235872447716
4194.298350039399
4194.298350039399
4189.975858512161
4189.975858512161
4187.53160702515
4184.288503314013
4184.288503314013
4184.288503314013
4184.288503314013
4184.288503314013
4184.288503314013
4184.07288408216
4178.256355724443
4178.256355724443
4178.256355724443
4178.256355724443
4178.256355724443
4178.256355724443
4178.256355724443
4178.256355724443
4178.256355724443
8525.892182843203
8298.605663245753
8298.605663245753
7752.194078427344
7274.003925112951
3955.7543854211567
2995.9775692833455
2885.196621300755
2670.926034764791
2599.764915255055
2560.3587518468225
2540.636334484937
2531.055428121281
2525.1104927049128
2521.448962445636
2514.5005189949416
2509.6098391568285
2506.5538383817434
2505.4739401756487
2505.301913744418
2501.566554030024
2501.566554030024
2501.566554030024
2501.566554030024
2501.566554030024
2501.566554030024
2501.505120855839
2501.505120855839
2501.505120855839
2501.505120855839
2501.503899627817
2501.503899627817
2501.503899627817
2501.502527724108
2501.502527724108
2501.502527724108
2501.502527724108
2501.502527724108
2501.4599255315347
2501.4599255315347
2501.4599255315347
2501.4599255315347
2501.4599255315347
2501.4599255315347
2501.4599255315347
2501.4599255315347
2501.4599255315347
2501.3965697608137
2501.3965697608137
2501.2750555861085
2501.2750555861085
2501.2750555861085
2501.2750555861085
2501.2750555861085
2501.2750555861085
2501.2750555861085
2501.2750555861085
2501.1429204434203
2501.028596208432
2501.028596208432
2501.028596208432
2501.028596208432
2501.028596208432
2501.028596208432
2501.028596208432
2501.028596208432
2501.028596208432
2500.876594147842
2500.876594147842
2500.876594147842
2500.876594147842
2500.876594147842
2500.876594147842
2500.876594147842
2500.876594147842
2500.876594147842
8525.892182843203
8412.053694965442
7793.299595071976
7793.299595071976
7252.567651641699
6930.949558948324
6867.598823255049
6867.598823255049
6756.989411079987
6445.855273568819
6125.553158528276
5979.933997636455
5979.933997636455
5933.602552227511
5810.281742618174
5810.281742618174
5781.223049952923
5738.177789940391
5701.162294111387
5342.7836832828125
5213.837109948354
5213.837109948354
5207.885852113934
4965.315814277186
4965.315814277186
4768.955910695186
4768.955910695186
4662.061263006164
4662.061263006164
4555.180953815248
4451.0414797252415
4451.0414797252415
4393.501111422536
4339.389806168492
4281.4075753434845
4232.376327494572
4215.9507000636
4215.9507000636
4203.337182322244
4164.86373861668
4150.232029566629
4141.597561905161
4128.790256884158
4114.254701672868
4109.235105536701
4085.6573653508754
4085.6573653508754
4085.6573653508754
4077.732225356239
4075.3696353815612
4074.4373728313153
4074.4373728313153
4072.8999934930685
4072.4033912134464
4069.0827027088935
4063.4409349463017
4063.4409349463017
4063.4409349463017
4060.739904238273
4059.0962570187985
4059.0962570187985
4058.912156844218
4058.912156844218
4058.668223451935
4056.156036889074
4056.156036889074
4056.156036889074
4056.156036889074
4056.156036889074
4056.156036889074
4056.007594103473
4056.007594103473
4056.007594103473
4055.597478742239
4055.597478742239
4055.597478742239
4055.4983495047345
4055.4983495047345
4055.4983495047345
4055.4983495047345
4055.4983495047345
4055.4983495047345
4055.4983495047345
4055.4983495047345
4055.4983495047345
8525.892182843203
8341.956662038652
8248.512306150351
7800.7171921976715
7688.17275115536
7688.17275115536
7688.17275115536
7688.17275115536
7096.533035351725
6917.103580465095
6917.103580465095
6736.577770440159
6334.306098303943
5913.030717319696
5913.030717319696
5773.58698868641
5773.58698868641
5773.58698868641
5773.58698868641
5773.58698868641
5773.58698868641
5710.978401641427
5639.690417072377
5538.733911045658
5333.666058032037
5253.089488842985
5191.977377877707
5106.925069442569
5106.925069442569
5076.967638344451
5055.079596156138
5055.079596156138
5055.079596156138
4893.433458955153
4758.49322152061
4709.285059641408
4681.061248274366
4681.061248274366
4567.305552845324
4567.305552845324
4567.305552845324
4522.542403330783
4479.30902417149
4438.897350470247
4432.6204138997555
4431.63943285857
4431.63943285857
4421.129777287548
4418.343599032531
4396.711776988967
4384.432542200456
4384.432542200456
4384.432542200456
4368.1397717581385
4218.971792989647
4193.060431929144
4193.060431929144
4174.9859609425
4148.217861233691
4148.217861233691
4148.217861233691
4148.217861233691
4142.626047743273
4138.049086716157
4135.966726965431
4135.966726965431
4133.02586167666
4133.02586167666
4131.276239370854
4124.0514007980655
4124.0514007980655
4124.0514007980655
4122.946679984998
4122.017921373054
4122.017921373054
4116.51977383892
4116.51977383892
4116.51977383892
4115.039452278693
4113.828714083727
4113.828714083727
4084.2902089036193
4050.8514854517034
4035.682253731541
4032.799815931351
4032.799815931351
4032.799815931351
4031.6650321258785
4024.8769779312966
4024.8769779312966
4024.8769779312966
4020.443965463414
4020.443965463414
4020.443965463414
4018.0478062099955
4018.0478062099955
4018.0478062099955
4017.29200724535
4017.29200724535
4016.665589630247
4016.665589630247
4014.908107517143
4014.908107517143
4014.908107517143
4014.172530356636
4014.172530356636
4013.3361486784097
4013.3361486784097
4013.3361486784097
4013.27631613463
4013.27631613463
4013.27631613463
4012.749883288321
4012.749883288321
4012.6818677667807
4012.6818677667807
4012.6818677667807
4012.5415792253716
4012.5415792253716
4012.2629801453177
4012.2629801453177
4012.2629801453177
4012.2629801453177
4012.2629801453177
4012.2629801453177
4012.2629801453177
4012.2629801453177
4012.2629801453177
8720.036138375186
8716.792796748636
8716.792796748636
8716.792796748636
8464.196919421576
8464.196919421576
8464.196919421576
8262.159772525592
8113.240171024999
8113.240171024999
7707.018288937646
7707.018288937646
7707.018288937646
7662.033962697454
6605.594015666278
6605.594015666278
6583.512121273057
6583.512121273057
5919.965172285913
5919.965172285913
5919.965172285913
5917.471046544892
5900.012047201661
5879.107880806068
5879.107880806068
5546.861931727215
5546.861931727215
5521.479022700546
5521.479022700546
5508.747297743164
5508.747297743164
5483.814423964424
5464.533066089736
5464.533066089736
5403.776999603437
5403.776999603437
5396.036089650372
5383.444537126914
5373.715948325181
5352.836832560581
5328.371322135182
5328.371322135182
5320.30229198996
5306.690584562386
5303.902462175901
5295.807289251244
5295.807289251244
5286.113169152969
5271.218527140425
5270.7967956244665
5263.255704395395
5259.753627657557
5256.550438691518
5256.550438691518
5252.350932054289
5227.095110376567
5194.02392201375
5194.02392201375
5113.5187720759295
5082.6828185914555
5082.6828185914555
5082.6828185914555
5068.689365979948
5068.689365979948
5068.689365979948
5063.358270782472
5063.358270782472
5063.358270782472
5063.358270782472
5063.358270782472
5063.358270782472
5060.290712416616
5058.414399076428
5058.414399076428
5058.414399076428
5054.649622091958
5046.515462287756
5046.515462287756
5046.515462287756
5046.515462287756
5045.5332501399025
5043.319764031049
5040.044063599511
5039.085465706006
5037.044016261762
5035.41898105353
5035.41898105353
5035.41898105353
5035.41898105353
5033.501065405241
5033.501065405241
5033.501065405241
5033.501065405241
5033.501065405241
5033.501065405241
5033.501065405241
5033.501065405241
5033.501065405241
5033.500587284765
5033.500587284765
5033.500587284765
5033.229604140417
5033.229604140417
5033.229604140417
5033.229604140417
5031.967598145146
5031.967598145146
5031.967598145146
5031.967598145146
5031.411764954706
5031.411764954706
5031.411764954706
5031.411764954706
5031.411764954706
5031.411764954706
5031.411764954706
5031.411764954706
5031.411764954706
8720.036138375186
8630.28842050553
8186.114878300793
7518.306196439048
5822.589260288097
3273.601241200504
2929.7428527672064
2652.1131675152874
2595.1105313198764
2568.102744886544
2543.553408069532
2530.9177809444272
2521.55385410204
2516.327643613638
2508.817265859111
2508.05575719322
2504.933803979898
2502.334454323994
2502.334454323994
2502.334454323994
2502.1428189451744
2501.981737015875
2501.981737015875
2501.981737015875
2501.981737015875
2501.806441683923
2501.758109145354
2501.758109145354
2501.758109145354
2501.6238085037153
2501.6238085037153
2501.6238085037153
2501.6238085037153
2501.568818613328
2501.3975179596405
2501.3975179596405
2501.3975179596405
2501.3178955299304
2501.3178955299304
2501.3178955299304
2501.3178955299304
2501.1338321193803
2501.1338321193803
2501.1338321193803
2501.1338321193803
2501.1338321193803
2501.1338321193803
2501.1338321193803
2501.1338321193803
2501.1338321193803
8720.036138375186
8475.237121482274
8007.554724545711
8007.554724545711
8007.554724545711
8007.554724545711
7417.593992374613
7417.593992374613
7372.731239337789
7372.731239337789
7372.731239337789
6818.15202031156
6667.305019607689
6667.305019607689
5963.539639940977
5963.539639940977
5963.539639940977
5696.945700232658
5538.8652334289145
5455.320124577585
5069.58407425696
5069.58407425696
5016.262059427521
4831.692968529716
4626.50769405867
4626.50769405867
4626.50769405867
4481.677540402208
4481.677540402208
4422.215136090298
4310.588248094434
4252.8471781792
4202.478571569432
4202.478571569432
4135.652806562073
4135.652806562073
4124.1080756541205
4072.448918029262
3952.9810132889243
3952.9810132889243
3952.9810132889243
3952.398598461139
3938.2272202940453
3935.047016977159
3929.5639547717537
3926.197801255925
3923.3839717953724
3922.711830811873
3919.8554333737056
3917.8670499833715
3913.8286362610365
3913.441014647594
3911.7635846670346
3910.7266456468096
3910.7266456468096
3907.8657370868787
3907.8657370868787
3901.665892533114
3901.665892533114
3901.665892533114
3900.5817586175413
3900.5817586175413
3899.6391111689645
3899.6391111689645
3897.740056724271
3896.6442558827066
3896.6442558827066
3896.6442558827066
3896.6442558827066
3896.6442558827066
3895.848257901682
3895.2698126406067
3895.2698126406067
3895.2698126406067
3895.2698126406067
3895.1014976052757
3895.1014976052757
3895.1014976052757
3895.038960762834
3895.038960762834
3894.146098627436
3894.146098627436
3894.146098627436
3894.146098627436
3894.146098627436
3894.146098627436
3894.146098627436
3894.137166796172
3894.125138149202
3894.125138149202
3893.412738729292
3893.412738729292
3893.412738729292
3893.412738729292
3893.412738729292
3893.412738729292
3893.412738729292
3893.412738729292
3893.412738729292
8720.036138375186
8492.7015973614
8221.201634043067
7757.492501471328
7757.492501471328
7445.426280851041
7445.426280851041
6542.648499014575
6542.648499014575
6189.494413032669
6189.494413032669
6189.494413032669
6189.494413032669
6189.494413032669
6189.494413032669
6189.494413032669
6189.494413032669
6041.124352990913
5910.080296087037
5910.080296087037
5611.6133270349865
5611.6133270349865
5178.650170732244
5109.87604956335
5109.87604956335
5067.245062261447
4993.36737427052
4934.721260369502
4934.721260369502
4876.858119565471
4865.128750026752
4823.174472434463
4823.174472434463
4812.30796437398
4788.6969883825195
4763.419703793281
4705.960649625733
4705.960649625733
4692.0066085493145
4692.0066085493145
4675.118019637994
4648.945416084034
4637.379828891335
4622.678156046984
4622.678156046984
4615.30737494596
4595.11306773153
4595.11306773153
4585.152607292867
4565.0267238073675
4556.45288419469
4550.18778514396
4549.051102367996
4548.821475739792
4546.328802161422
4542.839626975259
4539.567228014256
4539.2965883568595
4534.04408695367
4527.27980081338
4523.527187798385
4518.816785505494
4513.208338104654
4513.208338104654
4513.208338104654
4512.448365170667
4512.448365170667
4511.322755874872
4511.322755874872
4511.203067256381
4509.409134960308
4509.409134960308
4508.701227127386
4508.701227127386
4507.838528914603
4507.838528914603
4507.13864758253
4506.339931134942
