8258.632836710169
8187.361975523901
7166.0374138689995
7115.764615858261
7115.764615858261
7115.764615858261
7115.764615858261
7115.764615858261
7115.764615858261
6829.922113571162
6505.97685105111
6360.845567012505
6360.845567012505
5726.902967127702
5726.902967127702
5726.902967127702
5469.977997693066
5268.7523930713705
5268.7523930713705
5172.031878751936
4926.558151566944
4646.313827212725
4506.172207637548
4506.172207637548
4506.172207637548
4435.404321750937
4319.856168299682
4185.1789512345495
4185.1789512345495
4141.520731562318
4103.202719511343
4041.5949784636723
3985.9152501364
3961.2598303225946
3935.424514966363
3935.424514966363
3891.065411069902
3740.1614148178414
3740.1614148178414
3692.2818733960785
3692.2818733960785
3679.879298190297
3679.879298190297
3676.783103844872
3676.783103844872
3666.2039550473123
3658.712169100144
3651.363394569372
3645.0503581997064
3624.691615174348
3506.615676251271
3506.615676251271
3458.955367580766
3458.955367580766
3457.531486873707
3456.995264291101
3456.852407506873
3443.7828140206793
3440.113204322148
3437.384693169225
3437.384693169225
3430.66783757218
3430.66783757218
3424.031855425813
3418.964038883356
3418.964038883356
3416.4030049743114
3416.4030049743114
3413.1614573892402
3411.904342502167
3411.794604765199
3409.840498630701
3406.804348102759
3406.804348102759
3405.017146183784
3405.017146183784
3401.8632378684306
3400.5764727734895
3400.5764727734895
3399.9893692386872
3399.9893692386872
3399.666551954347
3399.666551954347
3399.666551954347
3399.666551954347
3399.666551954347
3399.666551954347
3399.666551954347
3399.5030704030723
3399.5030704030723
3398.465042979329
3398.465042979329
3398.465042979329
3398.465042979329
3398.465042979329
3398.465042979329
3398.465042979329
3398.465042979329
3398.1134835972853
3398.1134835972853
3398.1134835972853
3398.1134835972853
3398.1134835972853
3398.1134835972853
3398.0248095280103
3398.0248095280103
3398.0248095280103
3398.0248095280103
3398.0248095280103
3398.0248095280103
3398.0248095280103
3398.0248095280103
3398.0248095280103
8474.412371017013
8280.341733357229
8280.341733357229
8280.341733357229
8280.341733357229
8280.341733357229
7934.628920785127
7489.876616552676
7134.264046793922
7134.264046793922
7134.264046793922
7134.264046793922
7134.264046793922
7046.546070583307
7046.546070583307
6745.88727278458
6628.018718900809
6112.979096294104
5915.187299312816
5915.187299312816
5063.114222009586
5063.114222009586
4769.8992611500435
4693.9314139526205
4693.9314139526205
4564.078904017671
4521.032312959813
4519.005633007875
4519.005633007875
4306.277094042331
4306.277094042331
4306.277094042331
4269.8047842323285
4227.247308122591
4171.453846695498
4133.091796079486
4068.0266299173113
4068.0266299173113
4048.538343954583
3984.5273290795585
3984.5273290795585
3958.2777979621196
3935.010782341811
3892.4586634409875
3883.2454747882275
3864.123920050006
3794.7757352179915
3794.7757352179915
3794.7757352179915
3791.8901089092624
3779.079242643451
3772.14481211144
3765.805700528883
3747.060764164193
3735.7972960230254
3735.7972960230254
3726.2227821552992
3724.0230795631696
3720.8300855414036
3720.8300855414036
3716.792509909969
3716.792509909969
3715.4029261886512
3713.6810795194983
3710.5624592728263
3705.6012991447215
3705.6012991447215
3705.6012991447215
3703.6319076764876
3703.6319076764876
3703.0092951038623
3703.0092951038623
3702.8488965932656
3702.8488965932656
3702.8488965932656
3702.8488965932656
3701.4108997696494
3701.4108997696494
3701.4108997696494
3701.4108997696494
3701.007066928514
3701.007066928514
3700.156837837206
3700.156837837206
3699.8880883347347
3699.8880883347347
3699.8880883347347
3699.8880883347347
3699.8880883347347
3699.8880883347347
3699.8880883347347
3699.8880883347347
3699.7542661200223
3699.7542661200223
3699.7542661200223
3699.7542661200223
3699.7542661200223
3699.7542661200223
3699.7542661200223
3699.7542661200223
3699.7542661200223
8474.412371017013
8287.55906398264
7959.038835040607
7959.038835040607
7641.502925069865
7469.255676383868
7469.255676383868
7265.7083846900905
6895.395741978505
6895.395741978505
6895.395741978505
6895.395741978505
6342.82135365606
6342.82135365606
6342.82135365606
6342.82135365606
6315.438960196154
6286.564229777847
5402.217839633931
5402.217839633931
5353.019216666483
5347.268285389279
5347.268285389279
5045.402468207438
4905.762774790145
4784.698069734847
4609.066615676842
4275.983994077205
4275.983994077205
4275.983994077205
4075.3901976926877
4075.3901976926877
4075.3901976926877
4045.6071956430633
3994.7125041632135
3952.900975745538
3905.2515304297353
3905.2515304297353
3881.295214992539
3881.295214992539
3860.0125448629256
3841.873459002033
3830.1049201988926
3817.0577829631916
3792.806863695898
3780.7468283213393
3775.502464669782
3775.502464669782
3775.502464669782
3766.759285978902
3763.485894134691
3763.485894134691
3763.485894134691
3760.3112311095256
3757.0102892439445
3756.183881030477
3754.6765603555314
3752.940349020497
3752.940349020497
3751.4235185062917
3751.4235185062917
3749.1386489377937
3749.1386489377937
3749.1386489377937
3749.1386489377937
3748.1794584215213
3748.1794584215213
3747.524357441793
3747.524357441793
3747.47831099398
3747.47831099398
3747.47831099398
3747.47831099398
3747.47831099398
3747.47831099398
3747.47831099398
3747.47831099398
3747.47831099398
8474.412371017013
8444.693955058945
7712.682218634657
7712.682218634657
7712.682218634657
7712.682218634657
7712.682218634657
7067.6241134370575
7067.6241134370575
7067.6241134370575
6831.838549710462
6831.838549710462
6757.256140701793
6496.654202177274
6496.654202177274
6402.974930866165
5842.82172172257
5842.82172172257
5842.82172172257
5806.218756103277
5685.623871408568
5518.023125769521
5518.023125769521
5351.038469383715
5337.78796795322
5238.955007650064
5013.001986897543
5013.001986897543
4804.331043873319
4804.331043873319
4804.331043873319
4790.446748065919
4790.446748065919
4738.1893319235205
4738.1893319235205
4695.336097361135
4681.048446443523
4681.048446443523
4681.048446443523
4667.156387299144
4627.263449418093
4554.2718755775095
4554.2718755775095
4545.239532673546
4544.4399545476335
4535.464010950247
4535.464010950247
4525.656846164428
4525.46131351777
4525.46131351777
4523.289958565678
4518.239482127372
4518.151764776585
4517.0055906948155
4511.357967721903
4511.357967721903
4511.357967721903
4481.0251474595025
4408.295100760793
4263.80578069858
4248.74077130985
4201.756590071438
4201.756590071438
4201.756590071438
4181.3586565164605
4181.3586565164605
4181.3586565164605
4168.367343151038
4157.329987558043
4154.500354631995
4150.699302377676
4149.907315848353
4149.907315848353
4148.3668899544555
4137.5706245054935
4137.5706245054935
4137.5706245054935
4133.569400528922
4131.049864458293
4131.049864458293
4131.049864458293
4129.7711690772
4129.701213743134
4129.067101879706
4129.067101879706
4128.786820293595
4128.786820293595
4128.786820293595
4128.3056678806515
4127.975390755354
4127.975390755354
4127.975390755354
4127.367485564467
4127.367485564467
4127.367485564467
4127.367485564467
4127.367485564467
4126.764214590348
4126.764214590348
4126.764214590348
4126.764214590348
4126.399215613704
4126.399215613704
4126.399215613704
4126.399215613704
4126.399215613704
4126.399215613704
4126.26143431971
4126.26143431971
4126.26143431971
4126.26143431971
4126.26143431971
4126.26143431971
4126.26143431971
4126.26143431971
4126.26143431971
8474.412371017013
8147.77644723513
7474.638336061343
7474.638336061343
6701.805523187297
6701.805523187297
5693.38726183576
4406.91480248049
4087.313824769001
3589.412147658306
3074.2400859364147
2971.765944457855
2864.5676568844365
2846.216725281002
2827.696132229204
2799.994020217935
2799.994020217935
2771.7665321608524
2771.7665321608524
2770.9802493893326
2758.0376994123303
2743.885486742796
2743.885486742796
2717.541881199913
2717.541881199913
2717.541881199913
2712.732992564247
2712.732992564247
2711.918773598027
2709.2198843459832
2708.4350924303294
2701.5691456728873
2697.728532551145
2695.8208865265797
2695.008820521152
2694.6136989039546
2691.4150941546777
2689.464738340351
2686.203229807126
2686.203229807126
2685.1373882991156
2685.1373882991156
2684.738115709035
2683.43653272849
2682.429810950834
2682.155962224603
2680.1213475257246
2679.891070029171
2678.735120200446
2678.6479501875137
2678.3578322100593
2677.8382424180495
2677.616542971118
2676.9815777168496
2676.8567454577187
2676.4393774568466
2676.0349355191133
2676.0349355191133
2676.0349355191133
2676.0349355191133
2675.8026921020924
2675.599399269473
2675.399049014901
2675.399049014901
2675.399049014901
2675.3979504976055
2675.3229008184658
2675.3229008184658
2675.30827104603
2675.2576292851472
2675.2405764010023
2675.2405764010023
2675.1010341168885
2675.1010341168885
2675.1010341168885
2675.1010341168885
2675.0810994011044
2675.0810994011044
2675.05356901688
2675.05356901688
2675.05356901688
2675.05356901688
2675.05356901688
2675.05356901688
2675.05356901688
2675.05356901688
2675.05356901688
8474.412371017013
8277.912301595368
8276.859901130825
8094.515482692177
8094.515482692177
8094.515482692177
7931.70751092579
7649.419746274383
7649.419746274383
6747.950678377125
6747.950678377125
6747.950678377125
6528.68520302472
6528.68520302472
6528.68520302472
6139.694869834118
6139.694869834118
5928.066806504403
5868.781053426237
4766.862256130169
4666.829598578795
4666.829598578795
4666.829598578795
4461.67505142768
4198.103702248496
4198.103702248496
4198.103702248496
4134.591654751827
4104.917369298387
4099.003003222711
4066.9693526920983
4066.9693526920983
3989.7984483770265
3957.1270699234183
3903.854349997255
3882.5238411217665
3835.8161976209785
3827.409905886302
3806.1642976587373
3792.801052054122
3792.025205892889
3774.152463869257
3756.0751993687045
3749.8537340268817
3726.7065852751057
3711.163425288146
3707.8289757664033
3707.8289757664033
3698.678818049466
3690.236479718287
3690.236479718287
3684.53736151705
3673.6120440945256
3661.7443758775344
3652.565339400555
3651.1909483089876
3651.1909483089876
3650.216774851532
3650.216774851532
3650.216774851532
3648.4570326155585
3647.273610839922
3646.7914484793637
3646.7914484793637
3646.126515123643
3644.7360867879197
3644.7360867879197
3644.7360867879197
3644.7360867879197
3644.7360867879197
3644.7360867879197
3644.1953582527794
3644.1953582527794
3644.1953582527794
3643.875349588947
3643.875349588947
3643.5526669317196
3643.5526669317196
3643.0945001631553
3643.0945001631553
3643.0945001631553
3643.0945001631553
3643.043067872623
3643.043067872623
3642.8881677343343
3642.8881677343343
3642.8881677343343
3642.8881677343343
3642.8881677343343
3642.8881677343343
3642.8881677343343
3642.8881677343343
3642.8881677343343
8474.412371017013
8223.030815007813
8223.030815007813
8223.030815007813
7246.317930945922
7246.317930945922
7246.317930945922
7246.317930945922
7214.959194761145
7214.959194761145
7214.959194761145
6958.7547502268435
6958.7547502268435
6731.320558287245
6731.320558287245
6731.320558287245
6246.672462490058
6068.518358324863
5616.466697102608
5616.466697102608
5616.373718623314
5616.373718623314
5616.373718623314
5169.436446982585
5128.044383148948
4787.122370005547
4643.956622074096
4574.204557748859
4520.831577730189
4413.724112321775
4413.724112321775
4413.724112321775
4367.508897814178
4367.508897814178
4347.963777652582
4347.963777652582
4340.505201033015
4332.647303185444
4332.647303185444
4328.089732474102
4312.102306958163
4312.102306958163
4289.421157712753
4263.171623747901
4257.052079327025
4257.052079327025
4227.526882204355
4214.7363145350955
4205.377635080158
4195.814098575771
4195.814098575771
4195.599652772122
4192.88923348207
4192.88923348207
4184.713466291274
4182.745364832339
4182.745364832339
4182.745364832339
4181.383778512632
4180.074805751611
4180.074805751611
4179.80095916334
4178.580414018804
4178.580414018804
4176.9677565597585
4176.9677565597585
4176.9677565597585
4176.935037103746
4176.935037103746
4175.8433640960275
4175.060274746034
4175.060274746034
4175.060274746034
4175.060274746034
4175.060274746034
4175.060274746034
4175.060274746034
4175.060274746034
4175.060274746034
8474.412371017013
8453.993232058452
7913.888057384666
7913.888057384666
7463.164902084871
7463.164902084871
7463.164902084871
7121.389530195136
7121.389530195136
7121.389530195136
6938.725553465111
6767.338110799234
6714.655813913308
6421.157105738452
6297.813906001369
6253.608601169945
6115.28724850429
6115.28724850429
5901.34602699
5901.34602699
5901.34602699
5901.34602699
5474.505468084736
5409.363902476347
5363.638239624752
5363.638239624752
5305.388456294003
5252.836177914632
5252.836177914632
5252.836177914632
5089.0605322327865
5016.315741777013
4827.933706312864
4675.600155324104
4675.600155324104
4594.2356086903055
4481.2612642983
4481.2612642983
4472.837189216008
4451.521762191447
4424.517140182593
4390.459941175911
4360.100376761406
4329.4196998957395
4323.830716293853
4303.152106279655
4291.748068852193
4282.4268587478355
4245.362553995631
4229.968312046354
4221.428050030541
4210.392145801656
4206.944682071057
4201.365024992899
4201.365024992899
4188.495747414681
4182.356383229115
4181.338557253875
4181.338557253875
4176.865644063148
4174.529318695452
4174.529318695452
4173.923580208186
4170.437695106134
4168.467349896223
4167.9058284031125
4166.9221158947885
4166.9221158947885
4166.9221158947885
4166.9221158947885
4166.9221158947885
4166.600499644871
4166.600499644871
4166.453047120575
4166.102104924599
4166.102104924599
4164.12338529861
4164.12338529861
4163.406135875788
4163.406135875788
4163.406135875788
4163.406135875788
4163.406135875788
4163.406135875788
4163.406135875788
4163.406135875788
4163.406135875788
8474.412371017013
7978.112081855778
7758.103264154068
7758.103264154068
7758.103264154068
7609.4338993413685
7609.4338993413685
7609.4338993413685
7009.119177975945
6617.295492572649
6617.295492572649
5899.305565958857
5899.305565958857
5859.76154560867
5638.435024384289
5505.5402579226375
5505.5402579226375
5313.808347539258
5216.381888136226
4868.019777556853
4868.019777556853
4830.6570435967315
4485.917878986791
4387.695380522428
4329.499601604299
4297.0896591490855
4297.0896591490855
4178.5221870548085
4042.3053331337196
4042.3053331337196
3967.1294998967837
3868.33706454599
3803.356158747436
3757.767205501471
3642.7885082242738
3561.436015740824
3561.436015740824
3557.9516874980573
3521.3195867061836
3507.67158591082
3438.2595569337163
3425.8126545844825
3396.8407121981045
3388.5862868430977
3387.8186703178435
3369.396026659568
3354.9415532648945
3331.4105597462217
3318.551948553973
3317.5033544842377
3311.072738127056
3307.9597722139856
3302.856432940363
3302.0839572243117
3296.1180245743426
3290.813400952326
3290.3167837769697
3290.3167837769697
3288.347537568453
3286.6026126560782
3286.6026126560782
3285.015831824641
3281.6503142192078
3281.6503142192078
3281.058770716894
3280.7173496923215
3280.7173496923215
3280.5570549514778
3280.5570549514778
3279.644938634381
3279.644938634381
3279.644938634381
3279.644938634381
3278.643964705806
3278.643964705806
3278.643964705806
3278.643964705806
3278.643964705806
3278.643964705806
3278.279105029546
3278.279105029546
3278.279105029546
3278.279105029546
3278.279105029546
3278.279105029546
3278.279105029546
3278.279105029546
3278.279105029546
8474.412371017013
8160.788905780182
8160.788905780182
8058.6933020662855
8058.6933020662855
8058.6933020662855
8058.6933020662855
8058.6933020662855
8030.022020932683
7402.984141774243
6588.148618829791
6588.148618829791
6535.5379354942725
6053.281025905893
6053.281025905893
6053.281025905893
6053.281025905893
6053.281025905893
5863.2733009123785
5405.4310316156625
5405.4310316156625
5145.700744498588
5113.206319462846
5021.151803580407
4879.41949256708
4736.569412858979
4446.051803949827
4446.051803949827
4257.05743556672
4257.05743556672
4257.05743556672
4233.692235567262
4210.21956260318
4138.464941783698
4045.0600587160625
4010.741580746775
4010.741580746775
3964.0362334366946
3964.0362334366946
3932.7937900992274
3907.695037131877
3866.7024241795616
3866.7024241795616
3811.0029144963632
3811.0029144963632
3811.0029144963632
3790.892018254621
3783.465660291748
3649.13299002095
3649.13299002095
3649.1220300275313
3649.1220300275313
3573.7604930839443
3573.7604930839443
3573.7604930839443
3572.6247375744492
3563.762327575273
3563.762327575273
3559.913235197891
3556.9191409318055
3552.8886800670675
3552.8886800670675
3551.5547240464166
3546.40168463355
3544.092640920397
3537.6259773262655
3537.6259773262655
3537.45255644457
3535.7926483608335
3535.7926483608335
3535.6711141483847
3535.6711141483847
3534.4734912402696
3533.8914001045746
3532.7578178552353
3531.2413069630575
3531.1811936847366
3530.8985263716395
3530.8985263716395
3530.1996415956773
3530.1996415956773
3528.999638264088
3528.9269745224483
3528.9269745224483
3528.633390712176
3528.633390712176
3528.633390712176
3528.5444043618318
3528.5444043618318
3527.888851725842
3527.888851725842
3527.843411604148
3527.843411604148
3526.468389005887
3526.468389005887
3525.39641086031
3525.39641086031
3525.39641086031
3525.39641086031
3525.39641086031
3525.39641086031
3525.39641086031
3525.39641086031
3525.39641086031
8474.412371017013
7789.882257393131
7789.882257393131
7257.905542023581
6928.597628669347
6928.597628669347
6928.597628669347
6928.597628669347
6928.597628669347
6690.6902141295095
6690.6902141295095
6690.6902141295095
6375.202889520555
6375.202889520555
6236.23158934837
6078.292006933076
6078.292006933076
5834.806707300635
5665.297649719549
5267.16397937616
5267.16397937616
5267.16397937616
5114.135145615015
5050.232264367069
5050.232264367069
4989.3424041733215
4793.206182181122
4779.494761540015
4646.029006590499
4646.029006590499
4531.040767325076
4454.274572790382
4352.452819827875
4352.452819827875
4333.376639744585
4262.681373111493
4262.681373111493
4252.76999075871
4219.983179016028
4218.947761570917
4218.947761570917
4190.810616072318
4190.810616072318
4190.810616072318
4187.091661270234
4178.040298689784
4172.2740141688655
4162.507123571905
4158.898543265407
4154.559015787618
3996.5748955825966
3952.6073356309
3952.6073356309
3947.2573861870324
3947.2573861870324
