7249.546050567807
7249.546050567807
7249.546050567807
7249.546050567807
7146.145618982477
7146.145618982477
7146.145618982477
7005.657065024171
7005.657065024171
6397.734062362997
6397.734062362997
5682.129168404618
5682.129168404618
5682.129168404618
5682.129168404618
5575.722233844324
5575.722233844324
5575.722233844324
5556.49172135173
5421.772136576034
5117.815295653308
5117.815295653308
5022.635063155203
5022.635063155203
5018.8125859369775
4967.422945703723
4902.93610745051
4847.366606771766
4820.978487025295
4801.286805166663
4778.820883813236
4705.611107556668
4686.800367780013
4648.38996046731
4601.364261408293
4589.387116604278
4542.586454491447
4542.586454491447
4542.586454491447
4518.845115884049
4518.845115884049
4518.845115884049
4513.4644870171105
4510.70314188927
4510.70314188927
4502.536383718783
4494.510904088237
4492.737342016762
4489.386980637046
4487.558082368287
4481.951305410923
4481.951305410923
4480.787222455687
4326.50248117714
4312.508319054056
4312.508319054056
4284.859143900089
4284.859143900089
4284.859143900089
4278.041146164418
4278.041146164418
4274.95412721365
4274.95412721365
4274.95412721365
4270.54954870199
4266.374437466703
4265.56863835537
4265.56863835537
4261.836475708818
4258.669887782713
4252.769773251479
4252.769773251479
4252.769773251479
4252.534193576958
4252.534193576958
4252.534193576958
4250.689667063871
4250.689667063871
4250.689667063871
4250.689667063871
4250.689667063871
4250.689667063871
4250.689667063871
4250.689667063871
4249.475222889787
4249.475222889787
4249.261228176029
4249.261228176029
4249.261228176029
4248.8620653585895
4248.8620653585895
4248.8620653585895
4248.8620653585895
4248.8620653585895
4248.8620653585895
4248.8620653585895
4248.8620653585895
4248.581329213534
4248.581329213534
4248.581329213534
4248.581329213534
4248.581329213534
4234.134005707363
4124.129147333044
4116.906753319302
4104.440136061207
4104.440136061207
4095.3889040145277
4095.236340165714
4095.236340165714
4080.9552240485123
4080.9552240485123
4080.9552240485123
4080.9552240485123
4077.8576838323543
4075.798829090055
4075.798829090055
4074.9521590593877
4074.9521590593877
4074.381594954095
4074.381594954095
4074.077631892813
4072.439772802146
4072.439772802146
4071.8651992573787
4071.8651992573787
4071.8651992573787
4071.7469857128367
4071.7469857128367
4071.7469857128367
4071.7469857128367
4071.0315957081393
4071.0315957081393
4071.0315957081393
4071.0315957081393
4071.0315957081393
4071.0315957081393
4071.0315957081393
4071.0315957081393
4071.0315957081393
4070.8657700009944
4070.719417221914
4070.719417221914
4070.719417221914
4070.719417221914
4070.719417221914
4070.719417221914
4070.719417221914
4070.719417221914
4070.719417221914
8415.311270116326
7685.517260175361
7685.517260175361
7685.517260175361
5476.0693348734985
3746.335801410146
3658.5890111444114
2795.9751153873485
2638.171772560844
2575.8897282914245
2556.2669546472325
2539.6332433792795
2532.892726725544
2524.0819246952924
2518.571706648143
2512.233496323069
2509.5174153146327
2504.863597681249
2502.483302904975
2501.709628728435
2501.5143779802665
2501.5143779802665
2501.5143779802665
2501.5143779802665
2501.328717480728
2501.328717480728
2501.328717480728
2501.328717480728
2501.328717480728
2501.328717480728
2501.328717480728
2501.328717480728
2501.328717480728
8415.311270116326
7482.86186130906
7482.86186130906
7482.86186130906
7482.86186130906
7482.86186130906
7252.335914783088
7089.472808024764
7089.472808024764
5960.6739061218195
5960.6739061218195
5960.6739061218195
5960.6739061218195
5960.6739061218195
5960.6739061218195
5390.414571945103
5390.414571945103
5390.414571945103
5142.163413864588
5142.163413864588
5126.617834304168
5126.617834304168
5126.617834304168
5088.490921537201
4819.59231555629
4363.818021933446
4363.818021933446
4351.920585170255
4293.151598006642
4210.4929548590335
4210.4929548590335
4032.293536387145
4032.293536387145
3937.9530833792173
3937.9530833792173
3875.920261096649
3849.050034485169
3838.57785679314
3737.6569439204495
3737.6569439204495
3693.244158544479
3693.244158544479
3589.890496807816
3495.7566718935086
3333.550302374203
3333.550302374203
3323.377078777539
3283.999125622683
3283.999125622683
3263.7636382128103
3257.6684616786115
3257.6684616786115
3233.6003104099746
3222.3261606616543
3212.983191889228
3212.983191889228
3202.6471464724323
3073.205116769597
3073.205116769597
3073.205116769597
3036.425862945078
2996.213083802168
2996.213083802168
2996.213083802168
2979.144021417314
2949.6307147695165
2943.343706169214
2943.343706169214
2940.2700611386804
2930.9496603124326
2927.4487403683984
2918.4620355827196
2918.4620355827196
2917.129601858326
2916.155195451396
2914.377442678665
2913.682371436321
2911.769548552489
2911.5694000468143
2908.641620785003
2908.641620785003
2907.761381291959
2907.761381291959
2905.1882125336333
2905.1882125336333
2905.1882125336333
2905.1882125336333
2905.1882125336333
2905.1882125336333
2904.731186605359
2904.731186605359
2904.731186605359
2904.33570224756
2903.5010979182653
2903.5010979182653
2903.5010979182653
2903.3759587354675
2903.3759587354675
2903.3759587354675
2903.3759587354675
2903.3759587354675
2903.3759587354675
2903.3759587354675
2903.3759587354675
2903.3759587354675
8415.311270116326
8045.296257015444
8045.296257015444
7847.080534210384
7847.080534210384
7847.080534210384
7847.080534210384
7847.080534210384
7847.080534210384
7757.241611038312
7757.241611038312
7489.6216103502
7256.736334434833
7256.736334434833
6258.343325729762
6258.343325729762
6258.343325729762
6142.935228360397
6142.935228360397
6142.935228360397
5612.195927476877
5612.195927476877
5574.4569460662915
5107.713509050299
5034.153290272521
5034.153290272521
4890.568415051844
4719.064630665118
4719.064630665118
4633.5530361111
4514.047206516308
4514.047206516308
4514.047206516308
4459.436390199056
4451.086499837208
4422.912420777468
4384.91355235415
4377.961736451435
4377.055455724827
4369.296216919516
4363.635134968232
4352.844780625886
4345.549907450291
4345.549907450291
4339.177335740216
4336.067364481227
4327.068467339307
4323.318122751398
4314.91965867976
4310.506327381261
4301.395867683152
4295.140054161026
4291.784330480205
4290.113208308229
4286.122627312136
4286.122627312136
4285.677833147488
4285.611075969783
4285.448019728371
4285.448019728371
4282.841867720195
4282.841867720195
4282.2858505967015
4282.2858505967015
4282.2858505967015
4282.07480620472
4282.07480620472
4282.07480620472
4281.887607436652
4281.165950983764
4281.165950983764
4281.165950983764
4281.165950983764
4279.151676184079
4279.151676184079
4279.151676184079
4279.151676184079
4279.151676184079
4279.151676184079
4279.151676184079
4279.151676184079
4279.151676184079
8415.311270116326
7555.30841856127
7555.30841856127
7555.30841856127
7555.30841856127
7555.30841856127
7046.277490808197
7046.277490808197
6590.651063016854
6590.651063016854
6590.651063016854
6248.855756813955
6248.855756813955
6248.855756813955
6188.31930401204
6054.768392331465
6011.284077619283
5971.9676863236855
5971.9676863236855
5971.9676863236855
5841.27077159776
5749.766531918682
5713.553607293279
5575.558587232128
5298.919956040097
5298.919956040097
5298.919956040097
5257.694759930342
5064.61526442124
5064.61526442124
5055.406600510783
5053.884966029488
5017.467934191762
4729.319698720224
4729.319698720224
4729.319698720224
4702.962501794567
4702.962501794567
4684.399470232668
4667.8242379152325
4655.078166908588
4645.190523038575
4639.26927189221
4635.93194767595
4611.851297331294
4611.851297331294
4609.739269177305
4602.900249974049
4584.113508843342
4574.20499382524
4558.015409990491
4553.897291765032
4541.937124964451
4541.937124964451
4540.2154177398315
4540.2154177398315
4537.349525240179
4533.202779519846
4533.202779519846
4529.438094560462
4526.598383101591
4523.731039762428
4519.721509214258
4518.692545606015
4518.302179012388
4515.914780281361
4515.610339911629
4515.610339911629
4515.610339911629
4515.361866671138
4514.398141423202
4513.908707116544
4511.794632428614
4511.794632428614
4511.325008718766
4509.960279487029
4509.960279487029
4509.960279487029
4509.960279487029
4509.960279487029
4509.883007899704
4509.883007899704
4509.229564826261
4509.229564826261
4509.229564826261
4509.229564826261
4509.229564826261
4509.229564826261
4509.229564826261
4508.962822950693
4508.962822950693
4508.91263576946
4508.91263576946
4508.91263576946
4508.91263576946
4508.91263576946
4508.91263576946
4508.91263576946
4508.91263576946
4508.91263576946
8415.311270116326
7474.647192557374
7474.647192557374
7474.647192557374
7474.647192557374
7474.647192557374
7474.647192557374
6806.638622226082
6806.638622226082
6806.638622226082
6806.638622226082
6666.519217266729
6392.8857916321485
6392.8857916321485
6209.871599604944
6061.5775093683515
6061.5775093683515
6042.74819642049
5913.85930029038
5757.17189467186
5757.17189467186
5739.47187041253
5694.256889143569
5594.116807618404
5269.474644691646
5269.474644691646
5269.474644691646
5225.380247917849
5225.380247917849
5225.380247917849
5216.2191778535
5033.944761531434
5009.262688687001
4998.768580271693
4998.768580271693
4982.681784463828
4915.843354627781
4857.677985135324
4845.3671117961
4787.188056750585
4745.292529032833
4745.292529032833
4725.8408134735455
4704.9246284992405
4680.072008078797
4659.389694327808
4659.389694327808
4653.640017874237
4593.9758946490165
4569.008977202977
4569.008977202977
4565.404351043058
4559.0920552268
4550.249605664477
4531.912628677379
4531.912628677379
4531.912628677379
4530.0741199799395
4527.760303119407
4524.848577318613
4522.286911695639
4518.913521960212
4518.436455218481
4518.436455218481
4516.47819182628
4514.36310594482
4514.36310594482
4513.5210821847795
4513.5210821847795
4512.479410505423
4511.1138206633705
4511.1138206633705
4511.1138206633705
4511.1138206633705
4509.975138042813
4509.975138042813
4509.975138042813
4509.975138042813
4509.975138042813
4509.975138042813
4509.727546630298
4509.727546630298
4509.727546630298
4509.727546630298
4509.727546630298
4509.727546630298
4509.727546630298
4509.727546630298
4509.727546630298
8415.311270116326
7983.860406893661
7882.8026758754695
7882.8026758754695
7354.281904991147
7354.281904991147
7354.281904991147
7354.281904991147
7354.281904991147
7354.281904991147
7233.3011556700085
7069.411176064826
7069.411176064826
7069.411176064826
7069.411176064826
7069.411176064826
6763.012210698089
6763.012210698089
6747.766721813659
6067.494859862112
6067.494859862112
6067.494859862112
5408.07242080697
5408.07242080697
5408.07242080697
5408.07242080697
5283.23962345838
4758.813768566604
4758.813768566604
4712.708913596104
4645.933534798428
4611.961181665372
4546.968209939698
4540.265356795207
4514.556131282574
4441.445760798641
4412.202124637184
4306.432858765282
4278.257366169325
4241.043092939812
4241.043092939812
4216.08862112343
4160.652100311567
4145.467901659931
4110.689425767784
4012.9064332838702
3990.7947356220857
3969.149351477273
3957.6513493760067
3956.6910148842994
3946.8672055660677
3946.8672055660677
3937.9992170506766
3928.066794521291
3928.066794521291
3927.5262475910085
3909.985634536249
3909.985634536249
3909.985634536249
3900.895785157558
3892.1738351754357
3890.9041676913694
3890.9041676913694
3889.869701364488
3889.869701364488
3886.157374935481
3882.655265831946
3882.190233585299
3878.4079894967435
3878.4079894967435
3878.4079894967435
3874.6594484938673
3874.4300481109713
3874.4300481109713
3874.4300481109713
3873.112062681529
3873.112062681529
3873.0423332942446
3872.341856474659
3872.341856474659
3872.341856474659
3872.341856474659
3872.341856474659
3872.341856474659
3872.341856474659
3872.341856474659
3872.27924844226
3872.27924844226
3872.27924844226
3872.27924844226
3872.27924844226
3872.27924844226
3872.27924844226
3872.27924844226
3872.27924844226
3872.1977895798236
3872.1977895798236
3872.1977895798236
3872.1977895798236
3871.9363021778654
3871.9363021778654
3871.3757000907403
3871.3757000907403
3871.3757000907403
3871.3757000907403
3871.3757000907403
3871.3757000907403
3871.3757000907403
3871.2998743440967
3871.2998743440967
3871.2998743440967
3871.2998743440967
3870.8616543526496
3870.8616543526496
3870.8616543526496
3870.8616543526496
3870.8616543526496
3870.8616543526496
3870.8616543526496
3870.8616543526496
3870.8616543526496
8415.311270116326
7566.00867771207
7566.00867771207
7566.00867771207
7335.108788018704
6375.952932875864
6375.952932875864
6375.952932875864
6375.952932875864
6129.443384283284
5994.652021956429
5994.652021956429
5994.652021956429
5834.002505859369
5834.002505859369
5488.992849380213
5245.267797801466
5245.267797801466
5245.267797801466
5219.852771033459
5145.014482712541
5027.901514005632
4963.116851161279
4963.116851161279
4910.3762191018095
4848.823627768586
4657.689830246951
4573.365686448615
4573.365686448615
4526.847537567886
4526.847537567886
4478.894012120671
4319.979321971219
4319.979321971219
4239.38492133855
4223.840164723386
4192.885351738147
4142.2498023832
4118.120869668463
4093.9653558528034
4093.9653558528034
4089.2284465653274
4065.024781427614
4053.1751250855696
4045.29387410849
4045.29387410849
4022.8045292406596
4006.7197959994965
3992.812759879962
3992.812759879962
3992.0491802599536
3990.1205894288632
3988.9191983355345
3986.306054408861
3986.306054408861
3976.7415972911112
3976.7266573037396
3974.1969428956195
3974.1969428956195
3972.3196944777856
3972.3196944777856
3971.1999059792015
3970.6524182874136
3968.5835903422917
3967.3032810693876
3967.3032810693876
3966.224473127045
3966.224473127045
3965.5662461237407
3965.5662461237407
3965.130228620201
3965.130228620201
3965.130228620201
3964.311622176956
3964.311622176956
3964.0933555694164
3964.0933555694164
3963.7534549960133
3963.7534549960133
3963.322930966532
3963.322930966532
3963.322930966532
3963.322930966532
3963.0709467689353
3962.8021674112942
3962.8021674112942
3962.8021674112942
3962.8021674112942
3962.8021674112942
3962.8021674112942
3962.8021674112942
3962.8021674112942
3962.8021674112942
8415.311270116326
7457.370802797662
7063.483612309408
5920.01687632597
3076.610129419775
2651.4194344391685
2572.858042836404
2543.4378261240645
2532.9223264790985
2526.933998714929
2522.2913635247737
2519.6475222952163
2516.690614884378
2512.2222105008805
2504.42188969485
2503.133014218673
2503.133014218673
2502.8673372896083
2502.3465014210096
2502.3465014210096
2502.1415184725174
2502.1254828288365
2502.1254828288365
2502.1254828288365
2502.002593223103
2502.002593223103
2501.8765833505954
2501.7411910101614
2501.7411910101614
2501.7411910101614
2501.429719373218
2501.429719373218
2501.429719373218
2501.429719373218
2501.429719373218
2501.429719373218
2501.429719373218
2501.429719373218
2501.272301461056
2501.272301461056
2501.272301461056
2501.272301461056
2501.272301461056
2501.272301461056
2501.272301461056
2501.272301461056
2501.272301461056
8415.311270116326
8189.254509433399
8189.254509433399
7327.779655195821
7327.779655195821
7327.779655195821
7327.779655195821
7327.779655195821
7287.489003630498
6968.480608727607
6819.914728176076
6819.914728176076
6168.755434779649
6168.755434779649
6168.755434779649
6158.68472621452
6158.68472621452
5981.753302989968
5981.753302989968
5981.753302989968
5694.909898211923
5370.806042928767
5370.806042928767
5370.806042928767
5370.806042928767
5173.607242974963
5173.607242974963
5173.607242974963
5019.424068592575
4938.314578566928
4938.314578566928
4790.550513576489
4674.86803982796
4608.494450358339
4547.211609068244
4547.211609068244
4495.44830514999
4446.541372225627
4446.541372225627
4433.447090193806
4404.34193477479
4325.763628289484
4311.244170482707
4282.004929618037
4282.004929618037
4256.973286523551
4256.361556045536
4222.879858706255
4202.071252956838
4187.150803969529
4179.492432073457
4170.391159457864
4146.376114183465
4138.220104972396
4125.584125255453
4119.102741833818
4108.259568058979
4099.822986365401
4099.822986365401
4099.822986365401
4098.627273094525
4097.078822624151
4096.958067636305
4096.958067636305
4096.229658324405
4095.684951168424
4090.991795214363
4090.7738590654376
4090.3384044523673
4090.3384044523673
4088.8510008597405
4088.8510008597405
4086.624430573832
4085.5779332746088
4085.5779332746088
4085.5779332746088
4084.2330329251618
4084.2330329251618
4082.2493547399126
4082.180503417353
4082.180503417353
4081.608107029031
4081.608107029031
4081.608107029031
4081.608107029031
4081.608107029031
4081.608107029031
4081.608107029031
4081.2115072851507
4081.2115072851507
4080.2841544339153
4080.2841544339153
4080.2841544339153
4080.2841544339153
4080.2841544339153
4080.0539259161724
4080.0539259161724
4079.626142478961
4079.626142478961
4079.626142478961
4079.626142478961
4079.626142478961
4079.626142478961
4079.626142478961
4079.626142478961
4079.626142478961
4078.751687018196
4078.751687018196
4078.751687018196
4078.751687018196
4078.751687018196
4078.751687018196
4078.751687018196
4078.751687018196
4078.751687018196
8415.311270116326
8138.12954262143
8138.12954262143
7514.887721146756
7514.887721146756
7514.887721146756
7478.190205279029
6665.353599631175
6665.353599631175
6665.353599631175
6643.354986095348
6643.354986095348
6643.354986095348
6606.238656769867
5960.820118173881
5960.820118173881
5960.820118173881
5573.537516117991
5382.19573226843
5382.19573226843
4847.115373794791
4735.446649322463
4735.446649322463
4735.446649322463
4735.446649322463
4668.902936553735
4653.783157731768
4621.274025854154
4573.125287080497
4526.520175987288
4472.394564492131
4454.073660385968
4398.537423531197
4361.096181385721
4361.096181385721
4361.096181385721
4361.096181385721
4345.112257118766
4315.071747787199
4276.724796028496
4276.724796028496
4274.373416134331
4269.596079099769
4254.623528105754
4254.623528105754
4252.68990939918
4251.110805975843
4242.945481329667
4242.945481329667
4163.1071341759025
4154.810308840129
4141.02889616396
4141.02889616396
4136.026060195378
4136.026060195378
4132.66847153691
4127.9564516693845
4125.579339176964
4125.579339176964
4125.579339176964
4124.269334507638
4123.530483721559
4122.057354174747
4118.6817284358285
4117.534720805665
4114.6842868181375
