7892.725536242788
7892.725536242788
7892.725536242788
7767.887262855651
7705.894247595361
7515.8215969876655
7515.8215969876655
7424.642264496528
7412.978019559514
7196.436251311542
7196.436251311542
7196.436251311542
6416.720734124453
6416.720734124453
6416.720734124453
5686.5973018083105
5686.5973018083105
5551.249149001722
5551.249149001722
5546.256614907543
5546.256614907543
5276.655021380207
5206.358307808348
5206.358307808348
5192.202406053895
4914.588926360557
4914.588926360557
4441.945080811061
4441.945080811061
4300.270652635017
4224.141636051906
4224.141636051906
4174.078511887739
4171.32858690562
4171.32858690562
4038.8187447714595
3987.2260517486657
3987.2260517486657
3941.621144774709
3921.1056646731695
3874.2631122250864
3817.4127782967043
3816.400884145254
3777.602027138647
3776.9083343153807
3776.9083343153807
3773.7939399583374
3767.600644863328
3761.424791991317
3749.0081710212585
3735.36230295965
3735.36230295965
3735.36230295965
3686.783102330799
3643.353165243691
3623.289440964726
3623.289440964726
3601.1257699113635
3575.140226599271
3541.145393934279
3537.582879661695
3520.9563844667364
3520.9563844667364
3520.9563844667364
3514.8864076260406
3509.8127340312562
3509.4133835720168
3509.4133835720168
3506.3763990944826
3499.1857332423197
3493.8754263469887
3492.633531929818
3492.633531929818
3490.2855495428253
3488.81992009673
3488.81992009673
3488.81992009673
3486.1233819020827
3486.1233819020827
3482.9645417830616
3482.9645417830616
3482.5920092239503
3482.5920092239503
3480.648735657649
3480.648735657649
3480.648735657649
3480.269980622944
3480.0627393069753
3480.0627393069753
3480.0627393069753
3480.0627393069753
3480.0627393069753
3480.0627393069753
3480.0627393069753
3480.0627393069753
3480.0627393069753
8322.486710210069
4114.299390055701
3388.1327555930175
3146.2856025540523
2800.1965153348297
2699.226828584567
2602.8674424199576
2569.1428312625426
2551.2370001445374
2542.0205482724596
2532.6009077030635
2524.419714953746
2522.3423546613294
2520.38655449706
2518.6382983806243
2517.039365731806
2515.4382807192433
2513.021844566604
2510.4875998065572
2508.958721341806
2506.0002815088137
2503.3091401385464
2501.5121535316844
2501.5121535316844
2501.227623074616
2500.9685723173593
2500.9685723173593
2500.9685723173593
2500.9685723173593
2500.9685723173593
2500.9685723173593
2500.8464977713406
2500.8464977713406
2500.8464977713406
2500.8464977713406
2500.8464977713406
2500.79484751366
2500.79484751366
2500.79484751366
2500.79484751366
2500.79484751366
2500.766939644076
2500.766939644076
2500.766939644076
2500.766939644076
2500.7312197948486
2500.7312197948486
2500.7312197948486
2500.7312197948486
2500.7312197948486
2500.7312197948486
2500.7312197948486
2500.7312197948486
2500.7312197948486
8322.486710210069
5675.219537046767
4185.846022130718
3283.1286816057236
3090.855532286584
2748.0660509688423
2632.1917945752216
2583.213590532778
2570.659999325784
2550.1938827416834
2542.468754893539
2534.1340031291465
2528.1471759396654
2526.006441727739
2522.671856274914
2522.4069173076746
2519.9229596586556
2516.584085338144
2514.8585002605437
2511.8999108928924
2511.719474484876
2509.684710509381
2508.6044442873
2507.540932462972
2502.659318847562
2502.659318847562
2502.5025398425505
2502.1008657125553
2501.9683415956556
2501.8485555910997
2501.8485555910997
2501.8485555910997
2501.1412960825182
2501.1412960825182
2501.1412960825182
2501.1412960825182
2501.1412960825182
2501.088600510115
2501.088600510115
2501.088600510115
2501.088600510115
2501.088600510115
2501.088600510115
2501.088600510115
2501.088600510115
2501.088600510115
2501.072920404919
2501.072920404919
2501.072920404919
2501.072920404919
2501.072920404919
2501.072920404919
2501.072920404919
2501.072920404919
2501.072920404919
8322.486710210069
5856.211342276714
4951.101337532957
4296.676239204271
2908.0272552033634
2721.996091184715
2624.5212506150265
2596.804145823212
2586.1417891405704
2571.3292566737223
2558.1353309764095
2546.9029346537895
2538.7913456826554
2529.736395950077
2522.6585925962772
2516.6273275414715
2512.276054063285
2508.7768879672267
2504.4133101841635
2502.0435787187776
2502.0435787187776
2502.0435787187776
2502.0435787187776
2501.98842911833
2501.947450068334
2501.947450068334
2501.869353413037
2501.869353413037
2501.5804143031846
2501.5804143031846
2501.5804143031846
2501.5804143031846
2501.5804143031846
2501.5804143031846
2501.5804143031846
2501.5804143031846
2501.5804143031846
8322.486710210069
4482.1544073845635
3496.3379848065624
2974.121871302378
2667.2218254193704
2608.792423121391
2577.9404939808956
2555.9353659874446
2549.818698848376
2540.149066600437
2530.572975867377
2526.6866038449457
2523.748013961493
2519.977383821286
2517.020654913065
2513.7766919616706
2509.901930168335
2506.1611219128013
2503.190252017803
2502.4803404845243
2502.479162223683
2502.479162223683
2502.3649116697216
2502.07338492487
2502.07338492487
2502.047712269697
2501.614547799978
2501.614547799978
2501.614547799978
2501.614547799978
2501.614547799978
2501.4961441125197
2501.4961441125197
2501.4961441125197
2501.4961441125197
2501.4961441125197
2501.4961441125197
2501.4961441125197
2501.4961441125197
2501.4961441125197
8322.486710210069
3428.192829058978
3212.1243984331845
2680.7135458784733
2619.7326853788686
2593.73239434125
2573.374362397651
2568.3099179651726
2548.0903474669412
2539.190448346674
2529.353920023587
2520.7564539861023
2515.70832712804
2511.5818146913275
2510.0053502739397
2507.3816055447924
2502.3678674669404
2502.1870203691547
2502.1870203691547
2502.1382634663873
2502.0295576200606
2502.0295576200606
2502.0295576200606
2502.0295576200606
2502.0295576200606
2502.0295576200606
2502.0295576200606
2502.0149187433385
2502.0149187433385
2502.0149187433385
2502.0149187433385
2502.0149187433385
2502.0149187433385
2501.9124666428015
2501.9124666428015
2501.722721493591
2501.570840494982
2501.570840494982
2501.570840494982
2501.570840494982
2501.570840494982
2501.570840494982
2501.570840494982
2501.570840494982
2501.3679286276015
2501.3679286276015
2501.3679286276015
2501.3679286276015
2501.3679286276015
2501.3679286276015
2501.3679286276015
2501.3679286276015
2501.3679286276015
8322.486710210069
5161.622701413409
4031.460494540164
3547.9932220650744
3177.9216774635806
2806.3166742072235
2642.377165754092
2609.9648551412797
2585.26245448651
2560.1844626711636
2546.4055205999084
2537.3618164759737
2533.7806790261625
2528.4858716677086
2524.5506603316217
2516.7438559381867
2513.9662825263968
2511.356073780602
2509.4230647571376
2506.0961949437683
2503.6719907330357
2502.24377817167
2501.7642763080503
2501.642489425821
2501.642489425821
2501.642489425821
2501.642489425821
2501.5848353669057
2501.5848353669057
2501.396803665302
2501.396803665302
2501.396803665302
2501.396803665302
2501.396803665302
2501.374710538371
2501.176162581936
2500.9147915909093
2500.9147915909093
2500.8944220523335
2500.8944220523335
2500.8944220523335
2500.8629094619264
2500.8629094619264
2500.8629094619264
2500.8629094619264
2500.8629094619264
2500.8629094619264
2500.8629094619264
2500.8629094619264
2500.8629094619264
8322.486710210069
5264.866944611903
4881.903600253423
3175.1321878080757
3034.512086493697
2880.4689926199367
2664.3024760200515
2616.558118967804
2590.737932732901
2565.069103139984
2552.565362878652
2539.4409747250984
2530.6556273213496
2520.296588918697
2515.4882772559754
2509.3567911943896
2504.3169216928713
2502.895706787602
2502.895706787602
2502.769759943885
2502.4268456785335
2501.5985679427267
2501.5985679427267
2501.5985679427267
2501.4569639111414
2501.4569639111414
2501.4569639111414
2501.4569639111414
2501.4569639111414
2501.4569639111414
2501.4569639111414
2501.4569639111414
2501.4569639111414
2501.2096457989664
2501.2096457989664
2501.2096457989664
2501.2096457989664
2501.2096457989664
2501.2096457989664
2501.2096457989664
2501.2096457989664
2501.2096457989664
8322.486710210069
5271.107367691963
3291.1067858275633
3145.6635192973135
2758.4393525939895
2655.787209780516
2604.276101856236
2591.7654230559956
2573.6177433984362
2565.3309232284423
2553.2166810166736
2546.679467221458
2538.021738626524
2532.836143430103
2529.9395593293502
2526.256392022848
2522.0510830260187
2515.9266344957327
2512.7053584995965
2509.1816013293173
2504.3009087876576
2501.109049569274
2501.109049569274
2501.109049569274
2501.109049569274
2501.109049569274
2501.109049569274
2501.109049569274
2501.109049569274
2501.109049569274
8322.486710210069
5445.928586755035
3727.5736226014105
3021.0458705017604
2819.354469488262
2670.2732044765776
2597.207847031474
2567.628264401147
2554.0206418612775
2544.5427895091007
2533.473663625118
2524.833342789629
2518.1213172644293
2514.782130135714
2512.6861295608846
2511.6266849089216
2508.0066091203707
2502.67972185761
2501.1312182085103
2501.1312182085103
2501.1312182085103
2501.1312182085103
2501.1312182085103
2501.1312182085103
2500.9927103579917
2500.9927103579917
2500.9927103579917
2500.9927103579917
2500.9927103579917
2500.9927103579917
2500.9927103579917
2500.9927103579917
2500.9927103579917
8322.486710210069
5034.988730600688
5030.003192107042
3180.3310854914075
3073.92405379861
2822.010325555728
2687.772762710359
2630.9523649113135
2591.354580684156
2577.1391671528063
2567.278106387905
2561.265014993201
2555.357318064193
2547.0546465610505
2537.89245360303
2531.0590563630517
2526.3118122918045
2521.5845972108355
2516.264990468715
2513.4024054954893
2509.97882283539
2508.5820116897385
2506.843492932975
2504.7203590170348
2502.3851322057435
2501.8274656662975
2501.482197833444
2501.482197833444
2501.482197833444
2501.482197833444
2501.482197833444
2501.472024892357
2501.32461676861
2500.9481027408233
2500.9481027408233
2500.9481027408233
2500.9481027408233
2500.9034390949773
2500.9034390949773
2500.9034390949773
2500.9034390949773
2500.9034390949773
2500.9034390949773
2500.9034390949773
2500.9034390949773
2500.9034390949773
8322.486710210069
7995.172637424112
7995.172637424112
7860.547576733067
7274.801322981167
7274.801322981167
7274.801322981167
7274.801322981167
6833.407006636854
6505.069903986454
6375.739536946598
6375.739536946598
6194.097058284871
5964.604693246185
5728.416087061292
5605.665559749772
5605.665559749772
5138.2941001510235
5137.349856115807
5137.349856115807
5051.243632536451
4916.153349653812
4788.008573988407
4772.68923777194
4772.68923777194
4592.9151206758415
4592.9151206758415
4426.500618978898
4419.859983834334
4253.807918324661
4225.495513390168
4205.293372380135
4205.293372380135
4173.43899049203
4139.505528313305
4090.5132431907623
4075.515500721279
4063.6288724240458
4047.054740177929
4042.0861245088754
4022.460769450357
4022.460769450357
4016.889838304308
4016.889838304308
4000.3204125696766
3992.269396075855
3985.849217780975
3851.6209644234123
3685.8921626436068
3685.8921626436068
3685.8921626436068
3665.1380078075845
3653.8355684321496
3653.8355684321496
3653.8355684321496
3653.4201175441267
3653.4201175441267
3644.2253673745727
3641.4661747626747
3637.6865168513277
3637.174485215208
3624.9340874445033
3624.9340874445033
3624.535029686176
3624.535029686176
3621.5421250782647
3621.5421250782647
3621.5421250782647
3617.080820292448
3617.080820292448
3615.3675738108323
3613.987155672203
3613.987155672203
3610.828655452794
3610.828655452794
3610.828655452794
3610.828655452794
3609.33411927957
3607.6410355456774
3607.6410355456774
3607.521890023416
3607.521890023416
3607.521890023416
3607.521890023416
3607.521890023416
3607.521890023416
3607.521890023416
3607.514195474262
3607.514195474262
3607.1780989964373
3607.1780989964373
3607.1780989964373
3606.720542410705
3606.720542410705
3606.720542410705
3606.720542410705
3606.720542410705
3606.720542410705
3606.720542410705
3606.478209122808
3606.478209122808
3606.2665749555053
3606.2665749555053
3606.2665749555053
3606.2665749555053
3606.2665749555053
3606.2665749555053
3606.2665749555053
3606.2665749555053
3606.2665749555053
8322.486710210069
8322.486710210069
8289.928699574826
8267.639707605871
7808.076673666301
7808.076673666301
7659.088436393084
7659.088436393084
7659.088436393084
7659.088436393084
7659.088436393084
7659.088436393084
7659.088436393084
7659.088436393084
7622.443290425505
6902.347093920575
6902.347093920575
6877.41308466001
6414.265617121576
5860.152491612985
5838.847642223478
5838.847642223478
5472.63772473111
5472.63772473111
5472.63772473111
5359.919634486261
5322.125986663523
5268.024760705795
5268.024760705795
5260.032837186573
5218.215928703402
5198.290776570009
4983.90806032575
4983.90806032575
4983.90806032575
4923.329584957904
4923.329584957904
4923.329584957904
4905.9534755797995
4840.96446876862
4838.149139051848
4818.224977174869
4770.3062131431425
4733.014194769299
4733.014194769299
4728.9977197718745
4719.989667882155
4704.844700059983
4701.232000981201
4701.232000981201
4685.232236812884
4669.992862840027
4662.194312995571
4659.8353600560695
4654.301318207076
4647.502675660782
4639.8423007583715
4634.800241782881
4624.101301882579
4620.001287121378
4615.961127334911
4615.961127334911
4612.77000972982
4609.5262913859415
4609.5262913859415
4606.912213611615
4604.319728797118
4604.319728797118
4604.319728797118
4602.058512364167
4600.716732835451
4600.716732835451
4600.716732835451
4597.665571565836
4597.665571565836
4597.665571565836
4597.665571565836
4597.513924431136
4597.513924431136
4596.5076602339595
4596.5076602339595
4596.5076602339595
4596.5076602339595
4596.5076602339595
4596.5076602339595
4596.5076602339595
4596.5076602339595
4596.386278594706
4596.386278594706
4596.106173372576
4596.106173372576
4596.106173372576
4596.048546809039
4596.048546809039
4596.048546809039
4596.048546809039
4596.048546809039
4596.048546809039
4595.882123823393
4595.882123823393
4595.882123823393
4595.882123823393
4595.882123823393
4595.882123823393
4595.882123823393
4595.882123823393
4595.882123823393
8322.486710210069
7668.4979764034115
7668.4979764034115
7668.4979764034115
7668.4979764034115
7531.134452224283
7373.841794993964
7373.841794993964
7365.565611150559
7365.565611150559
7365.565611150559
7365.565611150559
6472.694813848111
6472.694813848111
5807.268609233788
5807.268609233788
5792.642279420643
5569.011411151221
5569.011411151221
5569.011411151221
5447.733138599755
5447.733138599755
5388.871996715691
5137.407713011806
5106.674271848329
5039.222448299117
5039.222448299117
4935.473476311317
4912.443356226872
4869.422460938433
4794.806834245137
4721.890578708946
4651.009197555949
4620.931464962021
4620.931464962021
4618.611608435129
4586.282801650374
4540.327100497346
4525.9862126148255
4522.027455686333
4514.180637542139
4500.168727553461
4486.227430616036
4486.227430616036
4469.527460551199
4469.480582733317
4469.089403316143
4467.76835920554
4466.654985971176
4466.654985971176
4466.654985971176
4462.584391511613
4462.584391511613
4455.977472562045
4453.064313474378
4448.84211546718
4445.1434344387035
4445.1434344387035
4442.045289076686
4442.045289076686
4442.045289076686
4440.967181319249
4440.967181319249
4436.686249940794
4436.686249940794
4436.686249940794
4436.686249940794
4436.686249940794
4436.686249940794
4436.686249940794
4436.686249940794
4436.686249940794
8322.486710210069
8174.746579957077
7708.567806729452
7708.567806729452
7708.567806729452
7708.567806729452
7708.567806729452
7708.567806729452
5062.479228470459
4613.80568062434
4402.285625619874
3027.43916085459
2908.756830476247
2701.69597992673
2656.9352268645807
2607.635494768436
2595.2432300538626
2579.425464233749
2572.20208697311
2564.621177005902
2540.155125016245
2537.4960819786143
2526.1266232572702
2522.1401454756933
2518.6983202356114
2515.4486875868915
2513.275238397704
2511.057710291168
2508.461017100172
2504.0760164186854
2502.0244944185138
2501.8212943215526
2501.8212943215526
2501.8212943215526
2501.739908566477
2501.3941681061383
2501.3941681061383
2501.3819847159775
2501.375632410682
2501.375632410682
2501.375632410682
2501.375632410682
2501.375632410682
2501.333583119765
2501.308658796727
2501.308658796727
2501.301996927019
2501.301996927019
2501.301996927019
2501.301996927019
2501.301996927019
2501.301996927019
2501.301996927019
2501.301996927019
2501.301996927019
2501.100658182018
2501.100658182018
2501.100658182018
2501.100658182018
2501.100658182018
2501.100658182018
2501.100658182018
2501.100658182018
2501.100658182018
8322.486710210069
7733.228997904846
7733.228997904846
7733.228997904846
7733.228997904846
7572.630795253804
7572.630795253804
7572.630795253804
6816.388396604656
6816.388396604656
6816.388396604656
6816.388396604656
6338.0418954630595
6338.0418954630595
6338.0418954630595
6008.499014808391
5953.595629361014
5911.721662867125
5900.188731871472
5900.188731871472
5751.084123668731
5604.8915949311395
5524.7189308156985
5173.271077468484
5173.271077468484
5146.677669269084
4993.733355527214
4958.660151269558
4934.181087366405
4859.357797017858
4597.149963382815
4597.149963382815
4569.646944765256
4569.646944765256
4566.44459861504
4564.2451912686665
4559.764485480432
4515.012848176395
4425.671205317552
4384.727083502688
4384.727083502688
4384.727083502688
4360.139124596945
4331.837286537843
4322.890202945384
4322.890202945384
4320.776032048327
4316.4707018272275
4305.682689240215
4297.580689676326
4290.189877031766
4290.189877031766
4281.731876968376
4274.40252596251
4270.458168054825
4270.216400519186
4267.323335199443
4267.323335199443
4267.323335199443
4261.312760651743
4261.312760651743
4254.052689352729
4254.052689352729
4254.052689352729
4254.052689352729
4253.906374222146
4251.091078067319
4251.091078067319
4249.500391836529
4248.797695427367
4248.797695427367
4248.797695427367
4248.797695427367
4248.797695427367
4248.797695427367
4248.797695427367
4248.53108790897
4247.7895616038295
4246.872166291241
4246.872166291241
4246.872166291241
4246.872166291241
4246.872166291241
4246.872166291241
4246.872166291241
4246.872166291241
4246.872166291241
8322.486710210069
7827.088471689653
7265.179640673101
4827.010746367918
3712.9759669366163
2923.2235316658675
2686.290324591303
2600.9951204742983
2565.2538093922267
2554.023958739304
2545.477560599048
2533.1412312005764
2525.4053615642906
2519.814574383143
2517.9962801364695
2513.9322086880097
2513.7464272923153
2510.1930801142234
2506.8239219275947
2503.208008983464
2502.3753256462783
2502.0966292619682
2502.0966292619682
2502.0966292619682
2502.0966292619682
