7927.653894396789
7927.653894396789
7927.653894396789
7840.814313973814
7840.814313973814
7840.814313973814
7840.814313973814
7588.609391655194
7588.609391655194
7508.960980306066
7029.167613883228
6865.900446543497
6865.900446543497
6751.718496972951
6751.718496972951
6751.718496972951
6456.042973394242
6155.593586076438
6117.489055923655
6117.489055923655
5892.8242492522895
5734.988833126072
5734.988833126072
5603.227970905605
5456.587052169473
5456.587052169473
5414.250268457155
5408.270272207588
5353.988509046192
5283.509830401526
5273.042064703059
5265.2665761223225
5265.2665761223225
5255.9286336706655
5246.566723371572
5231.853328947777
5214.279362081398
5211.2584567929625
5205.558103414463
5195.421129779204
5195.421129779204
5178.864289249895
5177.817704567121
5168.184457729578
5166.2318915116175
5163.585646168782
5161.462949176584
5161.462949176584
5150.084380665248
5148.153699109549
5148.153699109549
5148.153699109549
5148.153699109549
5148.153699109549
5148.153699109549
5146.5083296970115
5146.5083296970115
5143.813568841643
5143.813568841643
5140.2681104516605
5140.2681104516605
5140.2681104516605
5138.641903749465
5138.641903749465
5137.734508697286
5137.734508697286
5137.734508697286
5134.209363982882
5134.209363982882
5133.129357331059
5133.129357331059
5133.129357331059
5132.814121054145
5132.814121054145
5131.139532048601
5131.139532048601
5130.249600158488
5130.209832248126
5130.209832248126
5130.209832248126
5130.209832248126
5130.209832248126
5130.138099065156
5130.138099065156
5128.685971196751
5128.685971196751
5128.685971196751
5128.685971196751
5128.685971196751
5128.685971196751
5128.685971196751
5128.685971196751
5128.685971196751
8102.702232906124
7838.534501439299
7838.534501439299
7838.534501439299
7838.534501439299
7838.534501439299
7838.534501439299
7513.902829032675
7513.902829032675
7513.902829032675
7513.902829032675
7245.159487866837
7245.159487866837
6678.324426281845
6678.324426281845
6678.324426281845
6652.6924434668035
6652.6924434668035
6510.92958061921
6510.92958061921
6199.687547387391
6060.889702023368
6060.889702023368
6060.889702023368
5972.5687582363025
5690.14712235919
5660.239911873579
5660.239911873579
5660.239911873579
5181.723937932084
5181.723937932084
5181.723937932084
5052.320330574292
5052.320330574292
5037.74511135544
4992.313123669159
4877.502721985196
4877.502721985196
4877.502721985196
4805.7557022001765
4805.7557022001765
4790.615142929026
4775.987850516643
4751.082766003913
4749.205797248522
4743.275475682691
4721.696502376082
4721.696502376082
4718.331838242345
4717.86108092454
4715.969637569767
4708.031938595015
4696.428353566433
4688.618417969936
4678.037911861362
4674.946035616891
4674.946035616891
4674.554853102467
4674.554853102467
4670.2522816337205
4670.2522816337205
4669.198985735522
4669.198985735522
4665.754063547814
4665.088026648585
4661.361175769291
4661.361175769291
4661.361175769291
4661.361175769291
4661.361175769291
4661.317797688329
4661.317797688329
4661.317797688329
4661.317797688329
4661.069427267043
4661.069427267043
4661.069427267043
4660.3036129061165
4660.3036129061165
4660.3036129061165
4660.3036129061165
4660.3036129061165
4658.142278275134
4658.142278275134
4658.142278275134
4658.142278275134
4656.898192512754
4656.898192512754
4656.898192512754
4656.898192512754
4656.898192512754
4656.898192512754
4656.898192512754
4656.898192512754
4656.898192512754
8102.702232906124
7775.590943368181
7775.590943368181
7752.800001129652
7752.800001129652
7752.800001129652
7549.308452609578
7549.308452609578
7147.886933548247
7147.886933548247
6958.529927839089
6958.529927839089
6958.529927839089
6958.529927839089
6574.410358862157
6574.410358862157
6457.521401082389
6457.521401082389
6457.521401082389
6457.521401082389
6181.287179658779
6181.287179658779
6037.354088907034
6037.354088907034
5780.915853907361
5780.915853907361
5699.589340433133
5583.274480987673
5583.274480987673
5510.394437347119
5307.410268021198
5259.025792316224
5259.025792316224
5169.475043946218
5078.5883019159
5077.240032078099
4844.683183280086
4844.683183280086
4844.683183280086
4735.810573617713
4722.690039100929
4617.123336753937
4578.655324441672
4562.54109491702
4562.54109491702
4531.3778824450255
4514.0073274579645
4481.451359443638
4477.904388501171
4477.379070551152
4454.4415224202585
4454.4415224202585
4449.716772403457
4444.103697507151
4443.258352147892
4442.477029961194
4442.477029961194
4437.719418778524
4437.719418778524
4436.752872206789
4435.948526314035
4433.777557811399
4433.777557811399
4433.266249558015
4431.977747091733
4431.977747091733
4431.471800892965
4429.5837632330895
4429.135883322097
4429.135883322097
4427.57045875826
4426.228535195375
4426.228535195375
4426.228535195375
4425.571351916198
4425.571351916198
4425.571351916198
4425.025501811746
4425.025501811746
4425.025501811746
4423.923186835586
4423.923186835586
4423.923186835586
4423.923186835586
4423.923186835586
4423.477218092101
4423.477218092101
4423.477218092101
4423.477218092101
4423.477218092101
4423.477218092101
4423.08834869116
4423.08834869116
4423.08834869116
4423.08834869116
4422.852777835436
4422.852777835436
4422.852777835436
4422.852777835436
4422.852777835436
4422.852777835436
4422.852777835436
4422.852777835436
4422.852777835436
8102.702232906124
8100.499201814105
8099.8877579693235
8099.8877579693235
8075.772861193039
7560.996223899481
7560.996223899481
7560.996223899481
7495.266559547837
7495.266559547837
7495.266559547837
7495.266559547837
6841.696659227354
6841.696659227354
6841.696659227354
6649.145461753804
6649.145461753804
6206.4354615921675
6049.055997597665
6049.055997597665
5875.706017640381
5875.706017640381
5787.377346115306
5787.377346115306
5758.037739891202
5654.655991063999
5501.145723297923
5412.2495867398175
5163.608407301515
4969.26367982765
4780.294692341124
4780.294692341124
4780.294692341124
4743.257607742629
4637.790226582654
4562.951011055116
4550.272573486425
4527.388330909596
4471.547666767027
4422.580864007228
4402.56358192848
4387.0600058271975
4375.073433523172
4365.505580130744
4365.505580130744
4357.319433246652
4355.971309817314
4348.1422139890965
4345.5364726383905
4342.476591479699
4342.476591479699
4337.563062905412
4337.563062905412
4337.563062905412
4333.682866584594
4331.509251472638
4331.220009451813
4327.10383595739
4327.10383595739
4327.076461041059
4327.076461041059
4326.245776824084
4326.245776824084
4326.245776824084
4325.393035512445
4325.393035512445
4325.393035512445
4325.393035512445
4324.711884192683
4324.711884192683
4323.927512275733
4323.927512275733
4323.927512275733
4323.927512275733
4323.927512275733
4323.927512275733
4323.927512275733
4323.3284084825755
4323.3284084825755
4323.3284084825755
4323.3284084825755
4323.3284084825755
4323.3284084825755
4323.326684612711
4323.326684612711
4322.831708393347
4322.831708393347
4322.616731736081
4322.616731736081
4322.616731736081
4322.616731736081
4322.616731736081
4322.616731736081
4322.616731736081
4322.616731736081
4322.616731736081
8102.702232906124
7483.866292424068
7483.866292424068
7483.866292424068
7377.842774234869
7377.842774234869
7377.842774234869
7088.929270267827
7014.195756778121
7014.195756778121
6825.585809698843
6825.585809698843
6825.585809698843
6607.688408574189
6565.622796388015
6312.438306067703
6312.438306067703
6077.398150170171
6077.398150170171
5882.354961362863
5882.354961362863
5882.354961362863
5704.6468355462985
5704.6468355462985
5516.491378092474
5483.225024008701
5456.874214326062
5116.662651041328
5116.662651041328
4838.653449894182
4838.653449894182
4618.3231745685625
4618.3231745685625
4516.483104374682
4505.938050521399
4505.938050521399
4487.695179770184
4487.695179770184
4485.608891988215
4473.500457851795
4438.00926158177
4431.209384387025
4431.209384387025
4404.591056987286
4371.044416211252
4315.70562450645
4310.7029060116665
4310.7029060116665
4294.730079699037
4281.401634648742
4257.0053985580425
4253.292394430007
4234.534040880527
4211.4688743200895
4184.424757508383
4176.869905394959
4162.33688677388
4153.585976137838
4150.032853118835
4144.348453074987
4134.865857657576
4133.942580094881
4133.942580094881
4131.145173205579
4127.644461787064
4127.067271754448
4127.067271754448
4127.067271754448
4125.690270508332
4125.690270508332
4125.621444529954
4125.621444529954
4125.621444529954
4125.621444529954
4125.621444529954
4113.032442525095
4109.255001467334
4109.255001467334
4108.269891551714
4108.269891551714
4108.269891551714
4108.269891551714
4108.073498941516
4108.073498941516
4107.762149861757
4107.762149861757
4106.8434691168095
4106.8434691168095
4106.8434691168095
4105.548063100866
4105.548063100866
4105.548063100866
4105.548063100866
4105.548063100866
4105.548063100866
4105.548063100866
4105.548063100866
4105.548063100866
4105.5222431861785
4105.5222431861785
4105.053308493698
4105.053308493698
4105.053308493698
4105.053308493698
4104.90833973508
4104.90833973508
4104.90833973508
4104.90833973508
4104.90833973508
4104.90833973508
4104.90833973508
4104.90833973508
4104.90833973508
8102.702232906124
7882.146631289041
7882.146631289041
7882.146631289041
7882.146631289041
7882.146631289041
6561.373720534141
6561.373720534141
6561.373720534141
6561.373720534141
6561.373720534141
6561.373720534141
6158.2394849138145
5806.988149758401
5806.988149758401
5806.988149758401
5806.988149758401
5806.988149758401
5388.865718897136
5244.033427996527
5161.772634357298
4907.128374597739
4696.212059283007
4696.212059283007
4556.02456302481
4544.369755921751
4368.002634949562
4193.857239115669
4193.857239115669
4071.90822678948
4027.1686365007813
4027.1686365007813
3913.6360705999878
3856.693067677672
3807.963693897642
3793.6532660134844
3749.76528325453
3749.76528325453
3716.3375389413095
3716.3375389413095
3671.9458768748627
3651.6550823524294
3651.6550823524294
3633.2298582142294
3627.098488138553
3624.429841048349
3609.7841096551456
3604.0663020901447
3599.5471775454416
3599.5471775454416
3599.5471775454416
3597.0174278464383
3591.043577541111
3588.140431995754
3588.140431995754
3584.4253763915867
3582.845357093245
3581.9721514632565
3581.9350804425667
3581.0424276044596
3577.5906684830925
3577.5906684830925
3576.4960339517565
3575.7909815634225
3574.9297757872064
3574.9297757872064
3573.1033760415553
3573.1033760415553
3573.1033760415553
3572.502593623725
3572.502593623725
3572.502593623725
3572.502593623725
3572.502593623725
3572.502593623725
3572.502593623725
3572.502593623725
3572.502593623725
3572.3257286188527
3572.3257286188527
3572.3257286188527
3572.3257286188527
3572.3257286188527
3572.3257286188527
3572.3257286188527
3572.3257286188527
3572.3257286188527
8102.702232906124
7459.458546587229
7459.458546587229
7459.458546587229
7459.458546587229
7146.217841466697
6829.7301356118805
6810.950675461276
6810.950675461276
6158.938659867265
6158.938659867265
6158.938659867265
6158.938659867265
5799.515460372545
5799.515460372545
5799.515460372545
5600.948904250994
5524.721390502816
5287.544517478416
5287.544517478416
5259.149149499232
5259.149149499232
5088.258456271618
4916.961219391784
4916.961219391784
4832.302343295152
4798.749224055213
4700.96907033953
4669.387785163513
4587.100492178093
4498.603547251461
4491.864829667433
4484.474027855076
4434.989723105804
4433.004002472659
4433.004002472659
4406.5069570657815
4400.651516761368
4388.494552436061
4387.266545344169
4365.2093151579065
4363.495877586909
4363.495877586909
4355.698720805782
4352.6460831251625
4340.968801341751
4327.8762899082285
4313.697911004072
4308.078141286084
4295.677911803609
4295.677911803609
4295.677911803609
4292.627480664755
4289.81660470008
4289.81660470008
4289.812642805602
4284.67591029742
4284.67591029742
4284.67591029742
4284.67591029742
4283.962310686296
4282.6423465287935
4282.6423465287935
4281.844877080556
4281.844877080556
4281.844877080556
4281.125110698622
4281.125110698622
4280.9439161952105
4280.9439161952105
4280.9439161952105
4280.9439161952105
4280.9439161952105
4280.9439161952105
4280.9439161952105
4280.9439161952105
4280.9439161952105
8102.702232906124
7609.258568126644
7609.258568126644
7609.258568126644
7609.258568126644
7609.258568126644
7381.6132307866565
7381.6132307866565
7381.6132307866565
7381.6132307866565
7288.623590640964
6723.357955980028
6723.357955980028
6723.357955980028
6455.9901024782885
6455.9901024782885
6455.9901024782885
6288.790247324588
6288.790247324588
6129.4396613206645
6020.574109281361
6020.574109281361
5704.684252318033
5583.761439856528
5435.900336182978
5323.671687279371
5300.48970612128
5300.48970612128
5062.324138760541
5062.324138760541
5044.746526064355
4905.83564252989
4905.83564252989
4831.163812275189
4740.927762932599
4740.927762932599
4717.1416855659545
4673.314805572236
4666.812829532331
4652.117823619495
4648.062411022683
4648.062411022683
4632.538597594984
4622.047029080548
4600.515513028688
4600.515513028688
4548.93708806159
4536.876547163347
4509.159550888447
4509.159550888447
4501.1849451322
4487.048095351627
4484.896394030058
4481.364593711291
4481.364593711291
4465.7093964828
4448.765706587901
4448.765706587901
4448.765706587901
4448.258793792803
4442.172570734845
4441.708929178194
4437.227049226083
4437.227049226083
4432.570741382966
4432.570741382966
4432.570741382966
4431.990595392077
4429.148006481799
4428.302526458545
4427.1637161281105
4427.1637161281105
4426.053552158298
4426.053552158298
4426.053552158298
4425.881864249539
4424.852730941759
4424.852730941759
4423.97398599617
4423.97398599617
4423.761574427934
4423.580764498136
4423.256349744845
4423.256349744845
4423.256349744845
4422.498255977604
4422.498255977604
4422.116069164885
4422.116069164885
4422.116069164885
4422.116069164885
4422.116069164885
4421.751367672934
4421.751367672934
4421.751367672934
4421.751367672934
4421.751367672934
4421.751367672934
4421.751367672934
4421.751367672934
4421.538085910149
4421.538085910149
4421.132329503057
4421.132329503057
4421.132329503057
4420.994659536966
4420.994659536966
4420.994659536966
4420.994659536966
4420.994659536966
4420.994659536966
4420.994659536966
4420.994659536966
4420.994659536966
8102.702232906124
8100.499201814105
7232.115462663589
7232.115462663589
7232.115462663589
7232.115462663589
7232.115462663589
7232.115462663589
7232.115462663589
7232.115462663589
7232.115462663589
8102.702232906124
8100.499201814105
7804.104265234127
7584.672209923584
7584.672209923584
7478.106044960393
5508.6473312103535
3413.3302930498985
2932.6270393465225
2639.755018455761
2572.5000718779856
2546.633198536142
2533.425087762772
2522.7153539995084
2517.9525828872256
2514.5917259580797
2512.296323326829
2509.8687827412423
2506.952588906772
2505.213751385861
2504.550378049947
2503.5088871000135
2502.2448833782114
2502.2448833782114
2502.235855277813
2502.1266824567774
2502.1266824567774
2502.1266824567774
2501.652831312485
2501.6164989407066
2501.6164989407066
2501.6164989407066
2501.6164989407066
2501.6164989407066
2501.6164989407066
2501.6164989407066
2501.6164989407066
2501.6164989407066
8102.702232906124
8100.499201814105
8099.8877579693235
7889.850371216268
7889.850371216268
7889.850371216268
7189.992039472253
7189.992039472253
7189.992039472253
7189.992039472253
7189.992039472253
6792.869680141766
6792.869680141766
6478.055982994143
6478.055982994143
6456.662526986722
6456.662526986722
6338.4057502684955
6106.012105211957
6106.012105211957
5822.004374992937
5822.004374992937
5811.337331939939
5697.121925400491
5624.612808236079
5560.911663973204
5560.911663973204
5542.834547037587
5542.834547037587
5355.17858506866
5303.739395895604
5170.009069292479
5130.263960371886
5130.263960371886
5085.331201092056
5046.720991599288
5035.581010242104
5030.528727216388
5018.138751905234
4882.210139085959
4882.210139085959
4853.864134225243
4828.424366260667
4807.812683083859
4780.261590981883
4777.173853984948
4777.173853984948
4748.81419044283
4748.81419044283
4723.474782147156
4717.833601012684
4717.833601012684
4712.662752318289
4712.662752318289
4711.947914228305
4699.117011447432
4692.844225979635
4688.5895827137065
4682.784199238957
4677.326563657711
4677.326563657711
4674.79328873058
4674.79328873058
4674.674306037043
4671.896924630068
4670.851047456054
4670.851047456054
4668.598116287234
4667.319522116391
4664.576119035593
4664.576119035593
4663.0130047532475
4661.8429200282035
4661.8429200282035
4661.024491609591
4660.863919948819
4660.863919948819
4659.928629555731
4659.908977453523
4659.908977453523
4659.702884571597
4659.702884571597
4659.702884571597
4659.702884571597
4659.45256553328
4659.45256553328
4659.333130612518
4659.333130612518
4658.913881463365
4658.913881463365
4658.494572908743
4658.494572908743
4658.494572908743
4658.494572908743
4658.494572908743
4658.494572908743
4658.494572908743
4658.427490323942
4658.427490323942
4658.427490323942
4658.427490323942
4658.427490323942
4658.427490323942
4658.427490323942
4658.427490323942
4658.427490323942
8102.702232906124
8100.499201814105
8099.8877579693235
8099.8877579693235
8086.964802660178
8072.508214492828
7275.57244428784
7275.57244428784
7275.57244428784
7036.021961728377
7036.021961728377
6700.687804289453
6700.687804289453
6321.955159887599
6321.955159887599
6306.940137032462
6306.940137032462
6111.334218079233
5869.455209989629
5748.981624615614
5748.981624615614
5689.349218839618
5689.349218839618
5689.349218839618
5663.2319232466
5585.175527844631
5585.175527844631
5535.468041148653
5487.245071458177
5438.875438505998
5361.849369678014
5361.849369678014
5346.369390565522
5243.903105631885
5239.5439860527
5232.215994163095
5218.540697867682
5197.787353834872
5165.020639857705
5142.012789604751
5133.3479477775145
5132.017094944342
5097.802860618157
5077.499603035056
5077.499603035056
5076.138425628844
5076.138425628844
5066.996133028455
5064.130212325237
5046.586564024755
5042.459625926426
5030.429744865847
5030.429744865847
5030.429744865847
5030.429744865847
5026.535346831122
5025.9876528922105
5023.907642226616
5023.907642226616
5023.8971324430395
5023.8971324430395
5023.8971324430395
5023.8971324430395
5023.8971324430395
5021.474511744728
5021.474511744728
5021.474511744728
