7547845229.398584
3216181675.8576045
1203432694.1053662
316818107.7870781
151614355.67439228
35137191.13803481
35137191.13803481
35137191.13803481
35137191.13803481
13227162.808302281
13227162.808302281
10932424.749908617
5375989.242460324
5222395.148022228
3896473.4500978445
2047424.4881027527
1394206.215083161
1394206.215083161
713076.0702946015
474563.42128603766
474563.42128603766
174958.45567753568
174958.45567753568
149033.39014107542
137006.54770114648
90606.49706849793
60247.849569765945
60247.849569765945
60247.849569765945
60247.849569765945
48081.906504625425
48081.906504625425
48081.906504625425
23240.47155367671
23240.47155367671
23240.47155367671
23240.47155367671
23240.47155367671
23240.47155367671
21151.911457537237
21151.911457537237
21151.911457537237
19715.184304528004
19715.184304528004
19715.184304528004
14355.96502617572
14355.96502617572
14355.96502617572
14355.96502617572
14355.96502617572
13861.979112123276
13861.979112123276
13861.979112123276
13861.979112123276
13861.979112123276
13861.979112123276
13861.979112123276
13861.979112123276
13861.979112123276
10900060195.669197
7159781418.90346
2570567791.2990985
1481407666.8279781
723909534.4210471
535095646.182874
222485505.75435442
143947909.413309
119856067.09718284
72183145.79458132
72183145.79458132
12307684.28766673
11972501.224396773
11972501.224396773
9384165.495975995
5760497.332874601
5088837.02976403
2703370.11253201
2703370.11253201
1726401.4013103563
897140.5575637274
897140.5575637274
893929.9783476676
893929.9783476676
776902.1880899587
572644.358033568
572644.358033568
392100.9913018624
240350.54308105935
240350.54308105935
159378.76132796967
159378.76132796967
131220.35176239655
45495.40674984016
45495.40674984016
42755.97841471527
42755.97841471527
42755.97841471527
42755.97841471527
42755.97841471527
37998.59690322036
37998.59690322036
37998.59690322036
27014.19190838297
27014.19190838297
27014.19190838297
27014.19190838297
27014.19190838297
24343.725304188596
24343.725304188596
24343.725304188596
17000.924260904023
17000.924260904023
17000.924260904023
17000.924260904023
17000.924260904023
17000.924260904023
17000.924260904023
17000.924260904023
17000.924260904023
10900060195.669197
4730170860.928633
3209853243.01889
1343711809.460274
714311370.2656219
276379189.252228
181717157.72723764
166570529.56439042
57540097.48240316
57540097.48240316
40914824.235485986
40914824.235485986
30670806.84793786
16582510.505184947
16582510.505184947
11991741.695804711
8784857.831459854
2831300.807838301
2831300.807838301
2831300.807838301
2229971.753148185
2229971.753148185
1058046.180465582
1058046.180465582
1058046.180465582
536198.1776928791
284074.1744923369
271354.98630554805
125679.64433330466
84685.16638062475
79746.33132811174
78846.49321941794
75461.7739977793
45625.92464461267
43126.93193954719
43126.93193954719
19790.798635259674
19790.798635259674
19790.798635259674
19790.798635259674
19790.798635259674
19790.798635259674
19790.798635259674
19790.798635259674
19790.798635259674
10900060195.669197
7159928802.575125
4624342866.214204
2189879060.2560945
739344026.1204538
211937199.9537101
172071106.5629289
130313387.0946493
75547238.42990957
75547238.42990957
28006530.619149283
28006530.619149283
14549373.31040964
14549373.31040964
9958317.100601425
9958317.100601425
8341133.560695888
6893703.606405836
6893703.606405836
3196745.532638265
3103839.761007273
2842386.3689269326
1885609.757342829
1781018.4994973226
738933.8001815238
738933.8001815238
329864.5885202752
329864.5885202752
132427.92543244438
117727.02420829672
78602.64759935162
78602.64759935162
70328.00917573008
70328.00917573008
70328.00917573008
70328.00917573008
51479.72824020835
51479.72824020835
51479.72824020835
45348.42923486475
42351.838695918945
42351.838695918945
42351.838695918945
35664.813587931196
35664.813587931196
35664.813587931196
21683.14764030264
21683.14764030264
21683.14764030264
21683.14764030264
21683.14764030264
21683.14764030264
21683.14764030264
21683.14764030264
21683.14764030264
10900060195.669197
5860814584.696427
3395213087.38418
2011414684.4032528
832167008.1786757
526379557.0136787
289573006.3160596
85133898.72056215
85133898.72056215
85133898.72056215
63688475.391429596
20694416.050758254
20694416.050758254
19203747.189597495
15472541.774796277
15472541.774796277
8192546.052213338
3913740.2500952943
3335963.8932160963
2492805.0285589597
1758270.6690107833
967293.204036276
967293.204036276
967293.204036276
791843.0852658215
464645.6541097408
411129.839222875
274110.30636384245
274110.30636384245
274110.30636384245
171267.8084572389
110408.72103636366
110408.72103636366
110408.72103636366
87735.33928291735
30175.089589905296
30175.089589905296
30175.089589905296
30175.089589905296
28839.48264265253
28839.48264265253
28839.48264265253
28839.48264265253
28839.48264265253
28839.48264265253
28839.48264265253
21970.07220594142
21970.07220594142
21970.07220594142
21970.07220594142
21970.07220594142
21970.07220594142
21970.07220594142
21970.07220594142
17540.25906966228
17540.25906966228
17540.25906966228
17540.25906966228
17540.25906966228
17540.25906966228
17540.25906966228
17540.25906966228
17540.25906966228
10900060195.669197
6894614438.002299
3549590592.257742
2007561935.0105834
836040957.5610241
219330855.2695971
219330855.2695971
64446530.926239
58179707.58255027
47739797.69283403
31950792.11027506
30753637.99447633
15047183.004754951
14563072.189273786
11904939.088937638
7385934.490800362
7385934.490800362
5865814.857110318
5167767.649534436
2409061.238349639
588757.1008510996
588757.1008510996
588757.1008510996
206184.42406917235
206184.42406917235
154013.82891519766
154013.82891519766
154013.82891519766
151822.85712411476
69663.90761551849
69663.90761551849
69663.90761551849
50288.919582164825
50288.919582164825
50288.919582164825
42261.43184638707
42261.43184638707
31836.86319692302
31836.86319692302
31836.86319692302
31836.86319692302
28575.27462606764
28575.27462606764
27148.6725884941
27148.6725884941
27148.6725884941
27148.6725884941
27148.6725884941
27148.6725884941
27148.6725884941
27148.6725884941
27114.3638610673
27114.3638610673
27114.3638610673
27114.3638610673
27114.3638610673
27114.3638610673
27114.3638610673
27114.3638610673
27114.3638610673
10900060195.669197
6114423701.729202
2630143538.364856
1081520796.7242458
219759583.61636737
142936448.7704333
37854098.96476797
22804615.32485587
22804615.32485587
22804615.32485587
17097818.087569594
7168513.820241036
7168513.820241036
6539927.680149997
6539927.680149997
6539927.680149997
5369070.2153466735
2796862.455466303
2796862.455466303
2796862.455466303
1956417.9197440196
1684887.9858674742
924642.5401141794
499056.262991992
499056.262991992
499056.262991992
348483.183131777
348483.183131777
74294.0328880439
74294.0328880439
43237.25965461756
40379.337391574256
40379.337391574256
26725.39684509356
26725.39684509356
26725.39684509356
26725.39684509356
26725.39684509356
26725.39684509356
26725.39684509356
26725.39684509356
26725.39684509356
24713.406504038056
24713.406504038056
24713.406504038056
24713.406504038056
17891.46041332806
17891.46041332806
17891.46041332806
17891.46041332806
17891.46041332806
17891.46041332806
17891.46041332806
17891.46041332806
17891.46041332806
10900060195.669197
7154814357.977373
2700909033.972896
1126900060.8551202
264473296.3225452
187866776.02162102
96721077.90339452
96721077.90339452
36448937.01676053
13727020.203727186
10595826.596288387
10595826.596288387
5296461.746060419
1951185.3870066968
1951185.3870066968
1702724.0386576157
1278541.0307117696
1278541.0307117696
673546.9555621466
154881.00155235847
154881.00155235847
92523.49574519032
77951.61737960383
68577.61055964252
55592.60086912145
53013.389197153985
53013.389197153985
53013.389197153985
25403.57303563176
25403.57303563176
25403.57303563176
25403.57303563176
25403.57303563176
25403.57303563176
25403.57303563176
25403.57303563176
25403.57303563176
10900060195.669197
7282814812.480332
4724317900.739873
1589315735.5366971
462166371.75372547
291698918.3765026
258798839.28291303
177495195.4515341
116565715.6324045
37313175.35344186
28360093.230747007
24366907.170814775
24366907.170814775
12159571.719083678
6976619.309397491
6976619.309397491
1728442.792088207
1728442.792088207
1105945.525612938
1105945.525612938
1041785.5809493627
684123.7266658096
368283.86584076035
368283.86584076035
368283.86584076035
214126.11682818984
80290.95618545442
79601.6403178838
44054.1825742436
44054.1825742436
44054.1825742436
44054.1825742436
44054.1825742436
44054.1825742436
18940.04274725096
18940.04274725096
18940.04274725096
18940.04274725096
18940.04274725096
18940.04274725096
18940.04274725096
18940.04274725096
18940.04274725096
14818.747532308453
14818.747532308453
8347.813594490102
8347.813594490102
8347.813594490102
8347.813594490102
8347.813594490102
8347.813594490102
8347.813594490102
8347.813594490102
8347.813594490102
10900060195.669197
7737132754.660514
4518251751.668294
2625038128.3142915
1101601034.6703684
575726100.9619317
129539539.39773121
86241525.53692198
67720653.73367058
44856343.57215906
44856343.57215906
25925476.87704762
14607999.195457514
12844984.033644093
10076099.368264271
6626523.919582229
5197031.794213075
5197031.794213075
3860900.547578736
1753648.491162702
1753648.491162702
1121552.8275008455
1121552.8275008455
594234.5612609372
594234.5612609372
594234.5612609372
594234.5612609372
412941.9302201192
235273.73719482482
235273.73719482482
235273.73719482482
180069.95830670625
86793.9445746967
45132.806751693526
45132.806751693526
44961.049840936255
44961.049840936255
43645.62983074107
23596.85088553795
23596.85088553795
23596.85088553795
23596.85088553795
23596.85088553795
23596.85088553795
23596.85088553795
23596.85088553795
23596.85088553795
10900060195.669197
7627943522.987168
4280626615.622377
2016374344.537647
940123111.8212171
292721425.5196201
101761934.07121193
63757878.400051035
58319172.86975533
41796299.25883237
11291595.42691555
11291595.42691555
11291595.42691555
6889551.213076529
5333892.027884378
4715305.249879032
4715305.249879032
2236452.004912669
1392461.5537900683
1392461.5537900683
880108.277984315
830785.9523899904
311052.7726976314
145718.37589306786
145718.37589306786
75306.63303354142
75306.63303354142
75306.63303354142
75306.63303354142
39192.67359465526
37566.411887565104
37566.411887565104
19469.689786427618
19469.689786427618
19469.689786427618
19469.689786427618
19469.689786427618
18452.972172664184
18452.972172664184
17483.636870716284
17483.636870716284
17483.636870716284
17483.636870716284
17483.636870716284
17483.636870716284
17483.636870716284
17483.636870716284
17483.636870716284
10900060195.669197
4430938834.6552
4229877894.1872463
3081260715.182169
1088723906.4613678
535120154.8171856
281323062.18327075
177171484.46922225
20027384.80239462
12790196.78966254
11424894.376717547
11424894.376717547
7224668.979908871
4850471.095031147
4850471.095031147
3347440.840458496
1165324.2879331994
813995.5772229059
813995.5772229059
813995.5772229059
200489.7157680738
200489.7157680738
161580.18944310813
161580.18944310813
148431.83050831995
107692.8147478657
107692.8147478657
79099.37933518935
79099.37933518935
74431.13292324885
74431.13292324885
44245.88672138688
44245.88672138688
44245.88672138688
44245.88672138688
44245.88672138688
44245.88672138688
44245.88672138688
44245.88672138688
44245.88672138688
10900060195.669197
3797072496.664039
3105472503.292376
1910652827.1827319
1246515626.8526626
625142924.809482
373587362.55835235
78020666.64894922
15515086.829276212
15515086.829276212
15515086.829276212
5862630.047630517
5862630.047630517
5862630.047630517
5480317.910458478
4772418.37832415
3258632.6318500005
1737379.110300781
1688676.1849118457
1437160.8708495235
1215729.1893058964
469125.14526716375
448843.50508921
364493.63670257607
364493.63670257607
254913.15857441278
254913.15857441278
192598.49941336646
71227.08708228526
71227.08708228526
71227.08708228526
67208.58661035298
67208.58661035298
67208.58661035298
57387.53787503243
57387.53787503243
57387.53787503243
39347.99735661578
39347.99735661578
39347.99735661578
23632.966414087572
23632.966414087572
23632.966414087572
23632.966414087572
23632.966414087572
23632.966414087572
23632.966414087572
23632.966414087572
23632.966414087572
10900060195.669197
5490703462.008509
4415437559.542251
2778645228.548432
1471603894.0307245
1003952163.919573
764557912.4531453
397294394.9312497
226807269.20149875
157886235.04884878
107588172.96671107
77034054.69281626
42983506.89095248
25183085.451489728
13529807.400567964
9367643.298665851
4978133.096458893
3144253.1136587462
2349868.202275685
1279621.9361309293
1279621.9361309293
632959.5174136237
632959.5174136237
559961.7810104776
559961.7810104776
438371.98196342477
242611.1407215097
220090.2616612774
172564.92137302214
146848.49824335086
138801.78866435657
96257.0742948436
46710.67039480815
46710.67039480815
46710.67039480815
46710.67039480815
46710.67039480815
45639.71728624929
45639.71728624929
45639.71728624929
45639.71728624929
45310.53436562075
45310.53436562075
36643.81832126833
36643.81832126833
36643.81832126833
36643.81832126833
36643.81832126833
35678.86808885014
35678.86808885014
35678.86808885014
35678.86808885014
35678.86808885014
32902.28938698779
32902.28938698779
32902.28938698779
32902.28938698779
32902.28938698779
32902.28938698779
23973.7046440585
23973.7046440585
23973.7046440585
23973.7046440585
23973.7046440585
23973.7046440585
23973.7046440585
23973.7046440585
23973.7046440585
10900060195.669197
6106192098.352141
4054479134.9669676
2430560859.606944
971899878.5512404
707540822.8297588
491678436.15285623
364337361.69446504
141020443.7560373
141020443.7560373
129627670.09687601
100721623.50560677
44326631.02267167
34163485.28352031
26465896.943855867
14107303.204875229
14107303.204875229
8224860.619636656
5367682.6110271355
3662996.1709692
3060201.3384315
1209995.8026073517
1209995.8026073517
943666.3471201608
943666.3471201608
490354.2398942827
447603.10928960016
249779.4809101852
249779.4809101852
194832.6793730506
103106.32295502073
103106.32295502073
103106.32295502073
103106.32295502073
77278.53810152978
77278.53810152978
72518.17612282117
72518.17612282117
58233.88536284535
58233.88536284535
58233.88536284535
58233.88536284535
58233.88536284535
43529.114497066905
43529.114497066905
40195.03353670595
30519.036213138035
30519.036213138035
30519.036213138035
30519.036213138035
30519.036213138035
30519.036213138035
30519.036213138035
30519.036213138035
30519.036213138035
10900060195.669197
6836845549.452368
4229138298.9724383
2180439713.6100807
873135435.1186732
495544832.17192376
168841296.2175613
167945363.69829732
69463859.13666601
69463859.13666601
51749596.26053295
17691670.37985608
17691670.37985608
6449268.0412296895
4195686.118873855
4195686.118873855
2254918.0540749854
1016192.8467305639
1016192.8467305639
1014497.827056378
1014497.827056378
668892.0735563945
305026.6832545247
305026.6832545247
181859.6692489994
181859.6692489994
181859.6692489994
181859.6692489994
169326.4131253274
169326.4131253274
104880.06312347158
104880.06312347158
89970.06372375732
89970.06372375732
75860.75838054357
75860.75838054357
65611.4141905101
65611.4141905101
61695.8142399273
61695.8142399273
50855.03834567618
50855.03834567618
40583.907976744704
40583.907976744704
23933.610290045206
23933.610290045206
23933.610290045206
23933.610290045206
23933.610290045206
23933.610290045206
23933.610290045206
23658.339219198882
23658.339219198882
23658.339219198882
23658.339219198882
23658.339219198882
23658.339219198882
23658.339219198882
23658.339219198882
21864.286797329973
21864.286797329973
21864.286797329973
21864.286797329973
21864.286797329973
21864.286797329973
21864.286797329973
14361.399342576035
14361.399342576035
14361.399342576035
14361.399342576035
14361.399342576035
14361.399342576035
14361.399342576035
14361.399342576035
14361.399342576035
10900060195.669197
5775944271.137162
4479255348.1755295
2435254449.7283154
1634832604.146946
862879775.8303515
299474843.75545084
55872331.621852726
55872331.621852726
55872331.621852726
31179257.11652318
5276946.906943386
5276946.906943386
5276946.906943386
4118037.6569279884
2356087.414432421
2356087.414432421
2356087.414432421
1583578.024442145
1523516.1855554334
804704.8230896111
441532.52127544524
441532.52127544524
441532.52127544524
194596.521893819
127912.14397452345
99876.23182035163
99876.23182035163
54963.087986249084
54963.087986249084
35059.98157903632
35059.98157903632
35059.98157903632
29179.012848484384
29179.012848484384
26768.064985718716
26768.064985718716
26768.064985718716
26768.064985718716
26768.064985718716
26768.064985718716
26768.064985718716
26768.064985718716
26768.064985718716
10900060195.669197
6393519789.611334
4474145208.322131
1650741228.7865992
641434174.5477824
316932506.8391953
206569195.4203286
134905413.81532276
95057930.54708885
60713252.53897912
22898754.227575894
22898754.227575894
22898754.227575894
15689213.761179727
8439439.62000874
4772121.863360883
4772121.863360883
2399958.399841069
2237064.689330187
2237064.689330187
1440916.750941639
967505.485133727
416336.7654495279
288203.1784906524
288203.1784906524
288203.1784906524
288203.1784906524
105515.87664955432
105515.87664955432
105515.87664955432
42150.785502668965
42150.785502668965
42150.785502668965
35026.63006325882
30020.131912121487
30020.131912121487
30020.131912121487
17592.49011880498
17592.49011880498
17592.49011880498
17592.49011880498
17592.49011880498
17592.49011880498
17592.49011880498
17592.49011880498
17592.49011880498
10900060195.669197
5597749425.582766
3456759516.0792804
907957185.8851558
493878555.12555087
209477142.93038437
181335849.21870762
103570195.23726343
57166670.980293445
19096511.524724573
19096511.524724573
19096511.524724573
5098310.892038018
5098310.892038018
5098310.892038018
5098310.892038018
3156837.287697218
1547930.4936198546
1532322.0862804966
955467.9250769494
697323.637832789
325213.7146120604
281249.67169723124
270630.82368795434
270630.82368795434
65810.85021410038
65810.85021410038
65810.85021410038
65810.85021410038
65810.85021410038
32285.057546057866
32285.057546057866
32285.057546057866
27401.905899273
27401.905899273
27401.905899273
27401.905899273
27401.905899273
27401.905899273
27401.905899273
27401.905899273
