6245702824.685201
4449436092.817133
2142817521.359598
800062353.2596728
395076502.8523336
243740218.698143
165349350.4281957
93325638.33757451
62901555.78365827
48544172.96432841
15518267.032698326
15518267.032698326
14049545.974700823
11080331.699765403
11080331.699765403
9516918.457358235
7054062.989526784
4075629.1854534317
4075629.1854534317
3173986.5298456317
1902114.0671305326
1817573.9630399102
1349713.854831175
593357.4004369684
400851.250029496
400851.250029496
280847.2137375075
280847.2137375075
78624.13464878513
78624.13464878513
78624.13464878513
78624.13464878513
75071.3301920842
26943.4060242068
26943.4060242068
26943.4060242068
22805.200072027586
22805.200072027586
22121.90290529435
22121.90290529435
22121.90290529435
22121.90290529435
16398.171254798384
16398.171254798384
12410.051428513696
12410.051428513696
12410.051428513696
12410.051428513696
12410.051428513696
12410.051428513696
11263.317275201112
11263.317275201112
11263.317275201112
11263.317275201112
11263.317275201112
11263.317275201112
10537.768478394248
10537.768478394248
10537.768478394248
10537.768478394248
10537.768478394248
10537.768478394248
10537.768478394248
10537.768478394248
10537.768478394248
8964550584.17464
6409497933.423675
3748560900.7548175
1215626807.1806555
277457142.47993267
270755109.3864927
131168169.12495393
131168169.12495393
52640996.779508114
14685656.224315187
6093938.953362876
6093938.953362876
6093938.953362876
4094248.8944806014
2453266.190230521
2453266.190230521
2453266.190230521
1164914.8347592927
596338.0466477977
300754.4603446779
253496.79925281552
253496.79925281552
211277.92885926607
127841.94385484561
97058.18167733816
48270.41233922887
48270.41233922887
48270.41233922887
27761.908943414834
27761.908943414834
27761.908943414834
27761.908943414834
17293.658669430468
17293.658669430468
17293.658669430468
17293.658669430468
17293.658669430468
17293.658669430468
17293.658669430468
17293.658669430468
17293.658669430468
17136.327181909903
17072.334121212574
17072.334121212574
17072.334121212574
17072.334121212574
17072.334121212574
17072.334121212574
17072.334121212574
17072.334121212574
10774.293996963905
10774.293996963905
10774.293996963905
10774.293996963905
10774.293996963905
10774.293996963905
10774.293996963905
10774.293996963905
10774.293996963905
8964550584.17464
5857799745.49507
3745277061.4736195
2160012243.227363
917449248.4845983
341485720.70107967
91897190.06009431
91897190.06009431
82831549.98218805
82831549.98218805
38807244.51876226
32264904.558021702
21712394.109779477
11159627.813045576
11159627.813045576
4651143.6395899225
4651143.6395899225
4651143.6395899225
3930934.035025374
2850959.8087588814
2797111.4153242577
2571556.8258249103
1811986.5050357077
1811986.5050357077
1350858.1784912662
1062024.6382920428
857158.7656287502
622383.2091992726
194687.32181926977
149783.6609949984
145175.4746455019
122815.02337941558
96834.182495341
96834.182495341
76145.56518892676
76145.56518892676
32171.190725879344
32171.190725879344
32171.190725879344
32171.190725879344
32171.190725879344
32171.190725879344
32171.190725879344
23074.64912091821
23074.64912091821
23074.64912091821
23074.64912091821
7889.413539288368
7889.413539288368
7889.413539288368
7889.413539288368
7889.413539288368
7889.413539288368
7889.413539288368
7889.413539288368
7889.413539288368
8964550584.17464
7345615385.278652
4125284589.660923
2218803032.1328573
1265582952.6864994
726290672.2657089
230577851.59374723
212463337.30998203
120959291.04864979
70878026.27498461
70878026.27498461
40875301.275855064
40875301.275855064
22099362.67654607
7830236.507206936
7830236.507206936
7830236.507206936
7344370.915684086
3625195.737172119
2434184.5952663845
887385.7186508278
887385.7186508278
743027.7136093093
497494.981731399
497494.981731399
248908.72599094614
229806.5821993861
229806.5821993861
229806.5821993861
152953.8232498308
152953.8232498308
152953.8232498308
81737.83163640756
48313.98765837098
42098.54025420748
42098.54025420748
42098.54025420748
24807.512028879217
24807.512028879217
24807.512028879217
24807.512028879217
24354.46392426962
24354.46392426962
15415.958832666087
15415.958832666087
10713.524184684227
10713.524184684227
10713.524184684227
10713.524184684227
10713.524184684227
10713.524184684227
10713.524184684227
10713.524184684227
10713.524184684227
8964550584.17464
7693700139.559141
5527914653.234988
2351733182.388349
1320635755.6366856
702297758.713452
290391947.9047169
165694682.13278353
81916131.78755717
54383884.24807394
45758658.17023717
29157192.06822735
14591577.637693746
14591577.637693746
8541992.461991478
5846663.870131225
5846663.870131225
4114328.0721979504
2191131.080210926
1753163.9295118218
1275278.1978442948
1275278.1978442948
1207205.9331639344
928200.049999791
758104.1548368379
585018.8826135556
525550.8394092754
392502.3373081256
295104.4539808068
295104.4539808068
134509.81676611895
107225.85302075854
62882.185616627066
62882.185616627066
62882.185616627066
62882.185616627066
62882.185616627066
62882.185616627066
12461.406252696388
12461.406252696388
12461.406252696388
12461.406252696388
12461.406252696388
12461.406252696388
12461.406252696388
12461.406252696388
12461.406252696388
8964550584.17464
5286078203.344885
3620832458.2718973
2016187063.7615867
1138093958.4314017
621046188.2954473
298854745.2438789
164955852.2845652
91915242.6187139
77688920.81809312
35031977.78122265
33612446.13628349
19853026.850455124
19853026.850455124
11355898.400771635
8185509.635745488
8185509.635745488
3117420.701325102
3117420.701325102
2515982.705471634
2003775.8550249324
614703.6632888445
614703.6632888445
614703.6632888445
614484.3668428083
307157.09907532495
296922.3236234725
208867.17439990595
95876.71963326205
95876.71963326205
95108.8782039565
95108.8782039565
68640.52021695765
35542.15232999398
35542.15232999398
35542.15232999398
35542.15232999398
15470.78742382848
15470.78742382848
15470.78742382848
15470.78742382848
15470.78742382848
15470.78742382848
15470.78742382848
15470.78742382848
15470.78742382848
8964550584.17464
6469523680.610191
4832856029.980986
3032908525.021108
1371123270.12403
589814136.7327433
307429310.17017347
72045130.88388558
36330001.661829114
26783180.24716663
26783180.24716663
14426107.77708098
10155146.441269472
10155146.441269472
9522194.177855182
4849814.181474935
4849814.181474935
4849814.181474935
3933848.8257241915
2514684.295063797
2514684.295063797
960440.3153192473
960440.3153192473
951879.7533804395
601152.9510834783
497311.0923455954
497311.0923455954
310091.0247445806
310091.0247445806
164883.89440029327
77141.56169739398
77141.56169739398
77141.56169739398
47460.696969528035
47460.696969528035
47460.696969528035
31209.923839502462
31209.923839502462
22227.578709034286
22227.578709034286
22227.578709034286
22227.578709034286
22227.578709034286
17095.581287457408
17095.581287457408
17095.581287457408
17095.581287457408
17095.581287457408
17095.581287457408
17095.581287457408
17095.581287457408
17095.581287457408
8964550584.17464
6577985615.565706
4965484089.084904
2195287189.209932
1441166152.702755
819848560.1969222
351233511.4501186
133196045.75250457
122919220.33084229
80487196.2964289
80487196.2964289
28582597.324637137
19282550.221526124
10198471.44658556
10198471.44658556
4084956.0480939234
2636558.6402215036
2636558.6402215036
710508.394752864
710508.394752864
710508.394752864
660065.5203359164
540207.0134934852
540207.0134934852
468973.5822729714
181146.12906931204
83304.07331693974
83304.07331693974
26567.546946468818
26567.546946468818
19759.16999751392
19759.16999751392
19759.16999751392
19759.16999751392
19759.16999751392
19759.16999751392
19759.16999751392
19759.16999751392
16670.473988914575
16670.473988914575
16670.473988914575
16670.473988914575
16670.473988914575
16670.473988914575
11356.23057353666
11356.23057353666
11356.23057353666
11356.23057353666
11356.23057353666
11356.23057353666
11356.23057353666
11356.23057353666
11356.23057353666
8964550584.17464
7759017236.276287
5001579027.735846
2865369465.7439904
1477526687.8622413
556578190.5593299
304352330.20324105
148407345.62924546
138636893.84476632
138636893.84476632
82255548.87482105
63277270.30609495
48637132.39603458
32376986.342332248
26603006.90772006
26603006.90772006
16978790.315608118
15291389.290919045
7218280.8260308895
5819516.446988579
5819516.446988579
1005997.1425638321
1005997.1425638321
1005997.1425638321
550101.7422277227
550101.7422277227
501368.7556810663
306372.2413298666
306372.2413298666
218130.96960033593
121053.82893362078
121053.82893362078
118981.09619081792
100704.0478923385
100704.0478923385
100704.0478923385
79470.4606422254
79470.4606422254
61690.10441170241
61690.10441170241
54615.58295469436
44228.19376267864
44228.19376267864
40762.95653568216
39374.84711675755
34657.86538588329
34657.86538588329
28946.99819158436
28946.99819158436
18370.173969640688
18370.173969640688
18370.173969640688
18370.173969640688
18370.173969640688
18370.173969640688
18370.173969640688
18370.173969640688
18370.173969640688
8964550584.17464
6723989941.362084
4005709575.244206
1991030133.3710604
981948339.914357
239885493.67926234
80981578.66552462
80981578.66552462
66873585.539262205
63547221.671683885
19079304.711433142
19079304.711433142
19079304.711433142
11615974.363032615
7336144.141508513
3608914.4724173085
1871177.9209988934
1871177.9209988934
1331279.6720381186
966981.102704705
924860.9363021542
924860.9363021542
574557.2918636298
461762.78549155407
461762.78549155407
217620.41861162896
217620.41861162896
217620.41861162896
96639.3518420555
96639.3518420555
96639.3518420555
89850.3701584203
57034.25270549735
36233.325816910416
36233.325816910416
23517.964368304798
16843.17602368976
16843.17602368976
16843.17602368976
16843.17602368976
16843.17602368976
16843.17602368976
16843.17602368976
13993.828278381568
13993.828278381568
13993.828278381568
13993.828278381568
13993.828278381568
13993.828278381568
13993.828278381568
13993.828278381568
13993.828278381568
8964550584.17464
6763703487.912135
4174223634.6851473
2058162157.3244703
782645662.3542639
488751175.9252378
193333597.56329802
187304439.75546223
98004744.10635754
68917005.17672145
53637708.61573086
53637708.61573086
21744439.80517731
4529392.3427183
4529392.3427183
4529392.3427183
4529392.3427183
4210178.567729412
2819965.258351815
2194975.931089108
1894794.5876939148
1474560.4605925435
1452540.7076552836
586132.9103263151
586132.9103263151
417704.0798505315
195584.18951632376
195584.18951632376
139987.38148402222
139987.38148402222
122011.42545515164
122011.42545515164
98181.9439727414
98181.9439727414
84444.45430034277
84444.45430034277
36879.550336964785
36879.550336964785
36879.550336964785
36453.790178109906
36035.79876687374
36035.79876687374
28996.633740246296
28996.633740246296
28381.924338162808
28220.39624640748
28220.39624640748
22100.440129474195
22100.440129474195
22100.440129474195
22100.440129474195
10642.535198447093
10642.535198447093
10642.535198447093
10642.535198447093
10642.535198447093
10642.535198447093
10642.535198447093
10454.30583389245
10454.30583389245
10454.30583389245
10454.30583389245
10454.30583389245
10454.30583389245
10454.30583389245
10454.30583389245
10454.30583389245
8964550584.17464
5379646944.313101
4872153135.748425
2330123327.8666234
1547760462.374807
792179012.5969664
329882590.50522155
254681217.53219268
110626439.78417015
32153014.41071773
12249329.41640841
9502006.111766933
9502006.111766933
7262225.769712359
6457268.517051955
4546789.327876808
4546789.327876808
4546789.327876808
1894540.5538643317
1624431.1408753016
1077955.0898862965
1077955.0898862965
1077955.0898862965
1077955.0898862965
644437.4746409955
416582.4681459775
374449.09207032627
369117.4150711063
139469.72728076446
139469.72728076446
139469.72728076446
139469.72728076446
76271.41342042563
57878.54393166719
57878.54393166719
28823.06655054131
28823.06655054131
28823.06655054131
28823.06655054131
28823.06655054131
28823.06655054131
28823.06655054131
21477.44764854427
21477.44764854427
21477.44764854427
21477.44764854427
21477.44764854427
21477.44764854427
21477.44764854427
21477.44764854427
16991.339438542356
16991.339438542356
16991.339438542356
14170.496104498205
14170.496104498205
14170.496104498205
14170.496104498205
14170.496104498205
14170.496104498205
14170.496104498205
14170.496104498205
14170.496104498205
8964550584.17464
4910334587.199922
4517393210.425932
2816090958.565305
1859115961.9513242
1140900562.5428994
283572050.3582779
153589815.58993322
133296426.84661764
67279527.23822652
56819240.34420365
52041043.293769464
52041043.293769464
42904548.856135644
32444966.610589683
13339978.691627957
13339978.691627957
13339978.691627957
8012085.831811727
4254652.343890155
3972004.5071130227
1853430.9425407515
1381837.1709849185
1381837.1709849185
1381837.1709849185
1219301.8590326721
856006.8029226736
856006.8029226736
754805.2323173761
754805.2323173761
489394.39339403994
272257.5461693394
104560.70797985714
104560.70797985714
75230.36688735818
75230.36688735818
75230.36688735818
24547.407931804566
24547.407931804566
24547.407931804566
24547.407931804566
24547.407931804566
24547.407931804566
19376.29424574174
10926.57994603223
10926.57994603223
10926.57994603223
10926.57994603223
10926.57994603223
10926.57994603223
10926.57994603223
10926.57994603223
10926.57994603223
8964550584.17464
6977199931.257862
4465321495.690017
2155211776.160651
1074356176.6689985
563240654.23619
237377102.12024045
157065051.11483482
118543797.98819937
77976545.6270024
57427508.38898744
34779485.20286288
13379261.333222566
13379261.333222566
13379261.333222566
10838397.100625575
3988662.8407143233
3045474.596909882
3045474.596909882
2426438.573427682
2426438.573427682
2426438.573427682
1242280.0495470588
838100.606615323
834830.6507894391
624987.2813811442
303569.2687650691
303569.2687650691
296376.40288900584
282035.7786530077
162108.87435723058
162108.87435723058
146943.6028896053
146943.6028896053
27620.664274221843
27620.664274221843
27620.664274221843
27620.664274221843
23490.622481149345
22310.957237379247
22310.957237379247
14478.148514807117
14478.148514807117
14478.148514807117
14478.148514807117
14478.148514807117
14478.148514807117
14478.148514807117
14478.148514807117
14478.148514807117
8964550584.17464
7160747373.473391
4750800368.90886
2574156112.1351547
1290188312.6224587
927809111.8408283
463653685.44542295
249826357.02714914
106911426.04921392
77496914.69326073
77496914.69326073
45389142.17923015
18536369.185861655
18536369.185861655
18536369.185861655
7239213.4242520975
5483330.76199193
4012650.5110341962
4012650.5110341962
2358002.763432719
2358002.763432719
1345138.0157647813
1345138.0157647813
1239339.966698764
891201.930083769
838797.8296818802
575403.3417856371
394181.11837980116
394181.11837980116
394181.11837980116
297440.70854501525
151264.50186085943
151264.50186085943
151213.8276551596
115364.35939134897
96250.1714778716
96250.1714778716
86223.78805435149
86223.78805435149
86223.78805435149
86223.78805435149
53103.055344770255
40300.921985957946
40300.921985957946
21266.40846859497
21266.40846859497
21266.40846859497
21266.40846859497
21266.40846859497
21266.40846859497
21266.40846859497
9777.673847707809
9777.673847707809
9777.673847707809
9777.673847707809
9777.673847707809
9777.673847707809
9777.673847707809
9777.673847707809
9777.673847707809
8964550584.17464
4332528912.484039
3849751130.364637
3194254803.03736
1280034652.8385046
773101061.2405946
584278578.0819831
447522113.6122005
265517597.1133467
151814657.30450904
86118800.80319352
86118800.80319352
68797192.89747347
32909337.83291111
32909337.83291111
30216670.893892415
30216670.893892415
19544006.901873086
13493159.923643645
11255380.855089445
8413751.191627288
5745155.920880989
2254304.7568366113
1491111.254778219
1491111.254778219
636423.1288124847
636423.1288124847
549863.3752616538
381815.7891845555
381815.7891845555
266566.5901540315
74724.88442848956
74724.88442848956
42942.467788345006
42942.467788345006
42942.467788345006
19663.272122224476
10283.85521445293
10283.85521445293
10283.85521445293
10283.85521445293
10283.85521445293
10283.85521445293
10283.85521445293
10283.85521445293
10283.85521445293
8964550584.17464
7043059005.689683
3710522359.6817403
2336332503.107668
1180018858.249559
552380498.0597922
231554962.34839025
54221676.09457353
38207194.294411935
16909545.07096077
11855715.75862838
8308964.669815867
5442257.379076827
5442257.379076827
2583747.493673895
2583747.493673895
1492944.7790964092
1082181.5868800182
1082181.5868800182
1082181.5868800182
1082181.5868800182
462557.0144190847
462557.0144190847
413204.0167598523
413204.0167598523
413204.0167598523
356299.42919569387
356299.42919569387
177319.4998136278
177319.4998136278
177319.4998136278
106780.56324837459
106780.56324837459
106780.56324837459
80707.47212574512
39642.479009228
39642.479009228
39642.479009228
39642.479009228
31437.44650858631
31437.44650858631
31437.44650858631
31437.44650858631
31437.44650858631
23883.463858756673
23883.463858756673
18013.740932868954
18013.740932868954
18013.740932868954
18013.740932868954
15800.892484779595
15800.892484779595
15800.892484779595
15800.892484779595
15800.892484779595
15800.892484779595
15800.892484779595
15800.892484779595
15800.892484779595
8964550584.17464
4422064591.449699
3776733033.9597387
1040697080.0833433
496427131.2098163
300190662.75701284
289116354.5617786
183174223.53894535
59884711.827556215
48361315.727425404
48361315.727425404
26467460.03386918
26467460.03386918
5147887.552887834
5147887.552887834
5147887.552887834
5147887.552887834
5147887.552887834
4167412.091142668
3179370.7457847837
3179370.7457847837
1497212.167032901
652241.7038091285
652241.7038091285
460343.7710449508
245971.4942433173
201132.1712689613
201132.1712689613
161633.47860748586
60280.5212381107
60280.5212381107
60280.5212381107
51298.460140341966
42863.835327422064
42863.835327422064
42863.835327422064
37306.1059804159
37306.1059804159
37306.1059804159
37306.1059804159
32730.569159036197
32730.569159036197
28064.539938137637
28064.539938137637
15426.581797217166
15426.581797217166
15426.581797217166
15426.581797217166
15426.581797217166
8241.212289537114
8241.212289537114
8241.212289537114
8241.212289537114
8241.212289537114
8241.212289537114
8241.212289537114
8241.212289537114
8241.212289537114
8964550584.17464
7774844915.565452
5267105139.111572
2299369195.204425
