4867576722.052612
2080364692.6453507
617719499.1055068
291879054.2221526
145331023.2425875
101186424.10268185
101186424.10268185
46936775.79615897
33752463.30950121
16376053.284913965
16376053.284913965
9075148.00360757
8460124.627160385
7109334.731739315
1948180.9784159735
1948180.9784159735
1948180.9784159735
1800013.4660737666
764615.1336812504
764615.1336812504
721843.1030114514
622455.3609967876
553261.5491026934
553261.5491026934
286686.41458379873
282709.47348207736
197623.76656474694
139873.4864136842
139873.4864136842
67826.2588336715
67826.2588336715
67826.2588336715
36834.305407061525
36834.305407061525
36834.305407061525
36834.305407061525
25194.10016393251
25194.10016393251
25194.10016393251
25194.10016393251
12569.809619118654
12569.809619118654
12569.809619118654
12569.809619118654
12569.809619118654
12569.809619118654
12569.809619118654
12569.809619118654
12569.809619118654
8665634735.31947
5136396250.653825
3577619468.943099
1709719094.3710177
704420818.3055519
455416203.36057025
192437133.68797097
132088174.03139398
88511806.62428448
58930747.83527362
39328745.10170751
18985528.329920962
18985528.329920962
14182554.542570446
12671513.878601598
7971153.954329856
4587123.596662577
1731462.4001299997
884899.5196040699
884899.5196040699
843707.542918685
406616.1284853972
219958.03104574935
204527.30395086625
204527.30395086625
176865.49771463274
98163.70227247755
59648.94723899852
59648.94723899852
59648.94723899852
28609.92233134229
28609.92233134229
15613.03686080437
15613.03686080437
15613.03686080437
15613.03686080437
15613.03686080437
14585.479272206852
14585.479272206852
14585.479272206852
14585.479272206852
14585.479272206852
14585.479272206852
14585.479272206852
14585.479272206852
13131.839408047274
13131.839408047274
13131.839408047274
13131.839408047274
13131.839408047274
13131.839408047274
13131.839408047274
13131.839408047274
13131.839408047274
8665634735.31947
5204601056.728683
2879041572.52193
1064746723.2710521
697901150.3692204
303997176.3699117
155525094.81038997
135337330.61232615
98385661.09144267
75495621.80560037
10552408.950009773
10552408.950009773
10552408.950009773
10552408.950009773
10552408.950009773
7393639.661405173
7328545.533534766
5159065.722761412
2459217.9337355043
2169494.3804482613
1030601.5801309203
797709.9645902606
469365.05717431894
404367.4689184185
332882.1852456154
303879.40208156005
182704.7354410221
182704.7354410221
159292.92400660063
118560.93836673832
118560.93836673832
61640.54171601685
61640.54171601685
50900.618687188544
40714.10346608597
40714.10346608597
23263.417841457
23263.417841457
18294.076253511976
18294.076253511976
18294.076253511976
18294.076253511976
17329.57192507179
17329.57192507179
17329.57192507179
17329.57192507179
17329.57192507179
17329.57192507179
17329.57192507179
16788.525388674236
16788.525388674236
16788.525388674236
16788.525388674236
16788.525388674236
16788.525388674236
16788.525388674236
16788.525388674236
16788.525388674236
8665634735.31947
5464669143.9996605
2602341933.6619444
1429405373.259363
502755323.6708595
237544157.70881346
17021875.588068448
16575038.824977415
16575038.824977415
16575038.824977415
10124603.941159766
7895578.724261907
7895578.724261907
7895578.724261907
4822854.270069663
4822854.270069663
2433658.9807321825
2433658.9807321825
2433658.9807321825
1837808.6323805708
1837808.6323805708
752804.7424073052
486480.76425043924
295871.38936662825
196977.81760425674
171746.4054155555
166566.72558300852
158135.99050650958
115587.85945308201
115587.85945308201
70264.65606548623
57285.047454145286
57285.047454145286
57285.047454145286
57285.047454145286
57285.047454145286
57285.047454145286
57285.047454145286
30007.659048316375
30007.659048316375
30007.659048316375
30007.659048316375
30007.659048316375
30007.659048316375
29661.183914075264
29661.183914075264
29661.183914075264
29661.183914075264
29661.183914075264
29661.183914075264
29661.183914075264
29661.183914075264
29155.985152035082
29155.985152035082
29155.985152035082
29155.985152035082
29155.985152035082
29155.985152035082
29155.985152035082
26307.61936461197
26307.61936461197
26307.61936461197
26307.61936461197
26307.61936461197
26307.61936461197
23650.119664831607
22112.758624578237
19457.053229162088
19457.053229162088
19457.053229162088
19457.053229162088
19457.053229162088
19457.053229162088
19457.053229162088
19457.053229162088
19457.053229162088
8665634735.31947
3692748169.620505
2695336269.026596
1342194598.5147016
391108494.0351772
110052982.57490641
45614336.490498416
45614336.490498416
43081622.90163883
22196826.365619443
20844996.613149513
12203736.334684279
7090718.696148433
7090718.696148433
3820645.718176404
1371457.8189710118
1371457.8189710118
927552.9305934749
820013.0282561558
797120.8318174758
542347.6878608654
542347.6878608654
316466.0089982927
236942.40676699058
236942.40676699058
147049.01781152943
64447.31334557293
64447.31334557293
53610.60805479879
53610.60805479879
53610.60805479879
43430.64129982916
43430.64129982916
43430.64129982916
43430.64129982916
33319.68538267691
33319.68538267691
33319.68538267691
33319.68538267691
33319.68538267691
23657.689372960594
23657.689372960594
20564.066718757196
20564.066718757196
19886.24669895154
19648.232075823693
19648.232075823693
19648.232075823693
14355.154347353886
14355.154347353886
14355.154347353886
14355.154347353886
14355.154347353886
14355.154347353886
14355.154347353886
14355.154347353886
14355.154347353886
8665634735.31947
5249169605.783855
2823854150.821951
1164979493.1656597
535958607.73635197
345386631.10403067
125611341.57097161
125611341.57097161
103714495.82654177
58725827.32238584
19798973.62737307
15628884.27810051
14319443.468125591
9823255.693142762
4869047.543332984
4583630.048362758
4583630.048362758
4382433.585048923
1823989.762513222
1823989.762513222
1823989.762513222
922187.725234632
922187.725234632
334762.734907318
334762.734907318
283617.3222641362
283617.3222641362
283617.3222641362
283617.3222641362
126612.7898182897
124716.44753023947
124716.44753023947
124716.44753023947
63753.72747968874
63753.72747968874
45826.474749156914
45826.474749156914
43332.64930162893
40807.51869350387
34230.63830947105
34230.63830947105
26704.19142263962
26704.19142263962
26704.19142263962
26704.19142263962
26704.19142263962
26704.19142263962
26704.19142263962
26704.19142263962
26704.19142263962
8665634735.31947
5430591525.910451
2724640459.538569
1473988173.7571266
314227207.53324676
121986267.117394
119773353.56224991
119773158.27738309
79685567.28212924
33965258.74754826
33965258.74754826
27416129.884204082
20674802.63315659
15462925.99592844
5843918.966180263
4671333.442525184
1557523.1831540419
1557523.1831540419
1557523.1831540419
1557523.1831540419
667131.2827117083
667131.2827117083
454570.9234802352
434520.18044516986
214335.8660168291
61248.07514814877
61248.07514814877
61248.07514814877
39083.431427183736
39083.431427183736
39083.431427183736
39083.431427183736
37653.93030966168
37653.93030966168
37653.93030966168
14517.963672162818
14517.963672162818
14517.963672162818
14517.963672162818
13447.21921290654
13447.21921290654
13447.21921290654
13447.21921290654
13447.21921290654
13447.21921290654
13447.21921290654
13447.21921290654
13447.21921290654
8665634735.31947
5207953003.963636
2397992360.6218
1837885980.4397697
1037502884.7933023
570903511.5540901
171269186.8276031
115969205.36194892
79479001.36791477
60692780.51607249
16144565.0977746
13800219.39501372
8176441.899077384
7652015.65315632
7652015.65315632
7652015.65315632
4956855.928906449
3330692.549949864
1666117.3721892561
795353.4409202037
600272.4237244215
330616.6085959793
330616.6085959793
330616.6085959793
330616.6085959793
289483.378115168
289483.378115168
123088.03349481769
119979.04435769278
58606.73824283131
58606.73824283131
58606.73824283131
24424.735845954056
24424.735845954056
24424.735845954056
24424.735845954056
24424.735845954056
24424.735845954056
24424.735845954056
24424.735845954056
24424.735845954056
15860.55781989333
15860.55781989333
15860.55781989333
15860.55781989333
15860.55781989333
15860.55781989333
15860.55781989333
15860.55781989333
15860.55781989333
8665634735.31947
4892942873.17502
2218392854.747845
1415836710.4961357
604837838.1085341
458328711.95845383
381856604.330743
232156240.199558
127474045.9825616
95371041.11181459
47146890.484521784
41771538.39179414
41771538.39179414
13212981.015002491
13212981.015002491
9948382.143715294
6393129.983412042
6393129.983412042
6393129.983412042
5855555.636298983
2602032.174705035
2602032.174705035
2602032.174705035
1420008.937561706
515050.89980989846
515050.89980989846
471878.3836788682
471878.3836788682
363461.58666779654
194063.90789305547
100038.74615569148
100038.74615569148
100038.74615569148
100038.74615569148
80829.18854818592
43448.23918213766
43448.23918213766
43448.23918213766
43448.23918213766
40858.755469537675
25480.487808076323
25480.487808076323
18300.67638642477
18300.67638642477
18300.67638642477
18300.67638642477
17160.189187024884
13014.350140023724
13014.350140023724
11422.664120055488
11422.664120055488
11422.664120055488
11422.664120055488
11422.664120055488
11422.664120055488
11422.664120055488
9692.040985672767
9692.040985672767
9692.040985672767
9692.040985672767
9692.040985672767
9692.040985672767
9692.040985672767
9692.040985672767
9692.040985672767
8665634735.31947
4873239528.74828
2541251412.407106
1913989949.7932603
978016792.2739334
122015778.47444005
122015778.47444005
52270789.49273342
52270789.49273342
22136341.26182568
22136341.26182568
22136341.26182568
10094782.389269516
7311842.105417137
3973272.6269809892
3973272.6269809892
1493431.6913764097
1493431.6913764097
944702.0973290926
944702.0973290926
748448.7589564975
748448.7589564975
265078.34240839706
251631.5180625298
199818.12925632106
127982.32632022558
127982.32632022558
127982.32632022558
56680.325480665895
56680.325480665895
56680.325480665895
39792.71806436014
39792.71806436014
36396.47629015391
36396.47629015391
34396.47134866654
34396.47134866654
33835.531673558355
27543.17790938043
27543.17790938043
27543.17790938043
25889.03751326786
25889.03751326786
24145.522759243762
24145.522759243762
23461.406054688894
23461.406054688894
23461.406054688894
23461.406054688894
23461.406054688894
23461.406054688894
23461.406054688894
23461.406054688894
23461.406054688894
19233.179002903133
19233.179002903133
19233.179002903133
19233.179002903133
19233.179002903133
19233.179002903133
18290.594009101354
18290.594009101354
6993.800742921967
6993.800742921967
6993.800742921967
6993.800742921967
6993.800742921967
6993.800742921967
6993.800742921967
6993.800742921967
6993.800742921967
8665634735.31947
4948717956.375112
1897506309.4801185
1105282187.1289017
617468596.9522696
314807719.59905297
185659195.5311328
140741789.48526663
131643570.01676708
45897105.38507183
26815414.02364041
17694561.22686462
17694561.22686462
14952857.950827464
7013830.373463363
2802454.4247293663
2802454.4247293663
2802454.4247293663
1556251.158222513
1556251.158222513
1188495.2469672386
705947.9186598463
524970.4659791857
381831.6026535711
377845.06056763174
102013.19119069049
88479.4777525887
88479.4777525887
67477.29403737948
67477.29403737948
67477.29403737948
67477.29403737948
46839.89305125287
46839.89305125287
46839.89305125287
46839.89305125287
35725.32383913373
35725.32383913373
23993.548964245667
23993.548964245667
9224.23920133957
9224.23920133957
9224.23920133957
9224.23920133957
9224.23920133957
9224.23920133957
9224.23920133957
9224.23920133957
9224.23920133957
8665634735.31947
5480608563.504804
2329098219.6346765
1138556848.5366762
685498010.778262
657584297.9509364
263753069.90806442
170328090.88246125
104343360.68651357
68741236.50419663
68741236.50419663
42472680.27818322
12883205.686337035
8110491.034373667
8110491.034373667
5843154.392850354
4220714.227234498
2393587.5137155405
1899910.9869320716
1895632.3635874079
1597457.6460831834
596935.8434327946
396432.1558765545
266304.2054973953
266304.2054973953
266304.2054973953
266304.2054973953
31516.953455586954
31516.953455586954
31516.953455586954
31516.953455586954
5902.199677721003
5902.199677721003
4741.037894740508
4741.037894740508
4741.037894740508
4741.037894740508
4741.037894740508
4741.037894740508
4741.037894740508
4741.037894740508
4741.037894740508
8665634735.31947
5557838166.993265
2316211940.6540775
1304221812.453465
591035299.4550164
268109176.3167305
187950300.8119769
101218175.33908814
95048921.76223606
49614087.26398185
12486603.523478327
12486603.523478327
12486603.523478327
5486427.202637789
5486427.202637789
2273211.4701767024
2273211.4701767024
2273211.4701767024
1323604.7296385816
763341.6967187432
396400.4031882279
153383.98492631075
153383.98492631075
153383.98492631075
153383.98492631075
121635.81142754716
121635.81142754716
90288.29683508031
90288.29683508031
47325.71847428294
47325.71847428294
47325.71847428294
32151.679755118555
32151.679755118555
13872.2693979878
13872.2693979878
13872.2693979878
13872.2693979878
13872.2693979878
13872.2693979878
13872.2693979878
13872.2693979878
13872.2693979878
8665634735.31947
3972704433.3065104
2343623547.660544
853273528.3682095
516480367.43686485
351711532.0101847
156366835.44979954
115162606.16668439
102671362.19251974
102671362.19251974
99140700.61105467
83226384.67670557
69706076.30980249
69706076.30980249
39818219.9175226
34440306.81790945
25264680.47953949
15425377.792691074
9159849.265932893
8750285.513562419
8750285.513562419
8750285.513562419
3649669.1819576425
3649669.1819576425
3424312.729907308
159562.97680101887
159562.97680101887
159562.97680101887
140850.14102513556
140850.14102513556
140850.14102513556
95877.48270126387
75002.68016794277
63028.41284645262
54241.88060007763
54241.88060007763
54241.88060007763
27268.23569978263
27268.23569978263
27268.23569978263
27268.23569978263
18718.434516207217
18718.434516207217
18691.9256712299
18691.9256712299
18691.9256712299
18691.9256712299
18691.9256712299
18691.9256712299
18691.9256712299
14394.11632073045
14394.11632073045
14394.11632073045
14394.11632073045
14394.11632073045
14394.11632073045
13315.307919355306
13315.307919355306
13315.307919355306
11749.957298910127
11749.957298910127
11749.957298910127
11749.957298910127
11749.957298910127
11749.957298910127
11749.957298910127
11749.957298910127
11749.957298910127
8665634735.31947
3783038902.8574853
2893174809.8485403
1052323104.369436
632403836.593296
294189264.59835035
294087032.7210346
165044827.77590302
71528859.94522828
71528859.94522828
63207223.41486823
15955555.902638711
15955555.902638711
5454542.135688646
3342743.4410651056
3342743.4410651056
2490792.923874509
2490792.923874509
1926420.6410678083
1090787.935484
736343.6069914585
298116.26206033153
263881.57153426093
263881.57153426093
203662.96186871396
102933.65515315282
102933.65515315282
102618.58102126427
102618.58102126427
52256.1943179111
52256.1943179111
52256.1943179111
51899.45718293842
51899.45718293842
33562.09297471971
33562.09297471971
32188.214209339476
32188.214209339476
32188.214209339476
32188.214209339476
27500.239459281336
23293.976680236705
23293.976680236705
23293.976680236705
23293.976680236705
20795.210424236953
20795.210424236953
20795.210424236953
20795.210424236953
20795.210424236953
20795.210424236953
20795.210424236953
20795.210424236953
20795.210424236953
8665634735.31947
6035941451.243516
2838784896.5056295
1502518607.7189543
586543616.3961656
166056803.03836438
123414540.95436245
123414540.95436245
93916474.02309315
24170515.720036674
24170515.720036674
24170515.720036674
21380328.259363804
20948517.811898384
14180981.999096524
14148476.886155723
14148476.886155723
10269190.766406156
7511830.440469902
4721578.744542283
3871437.1925485837
3525247.5185942827
2726354.1668445324
1979872.5310605909
1064178.0808754456
838361.4837955111
838361.4837955111
610277.1351715425
417747.5163626874
322186.66655235965
322186.66655235965
322186.66655235965
156601.5656992895
156601.5656992895
45017.9832893772
45017.9832893772
45017.9832893772
24302.57599271122
16104.989022022673
16104.989022022673
16104.989022022673
16104.989022022673
16104.989022022673
16104.989022022673
16104.989022022673
16104.989022022673
16104.989022022673
8665634735.31947
5272863559.034115
2021420190.5476956
1311206985.83815
567263525.8137833
238984779.31704316
188794951.82984433
58198051.45316581
56312205.325117685
52404190.98613388
41137340.91951053
18882368.64312762
18882368.64312762
18882368.64312762
18882368.64312762
13907858.963743119
9627736.961479474
4798274.6354703605
4669504.261166117
4669504.261166117
4015965.041781834
2884157.225384958
2884157.225384958
2881664.078161886
2777423.3245337554
2716350.799447155
2716350.799447155
2185449.668032133
646683.3832253299
646683.3832253299
646683.3832253299
646683.3832253299
488574.2101779122
241872.4829188535
241872.4829188535
176497.50158083768
125932.79578957168
80372.68910166822
80372.68910166822
79614.20825838063
73901.90379680996
71841.84293408912
71841.84293408912
71841.84293408912
49758.048390137395
49758.048390137395
49758.048390137395
49758.048390137395
49758.048390137395
36720.186315758605
34004.78236213655
34004.78236213655
34004.78236213655
30041.978899766753
30041.978899766753
24935.941650351753
24935.941650351753
19131.082354858416
19131.082354858416
19131.082354858416
19131.082354858416
19131.082354858416
19131.082354858416
19131.082354858416
19131.082354858416
19131.082354858416
8665634735.31947
5135838241.717776
3004855624.575196
1201814137.9554882
551674549.4072855
179128223.39188707
119390202.69973595
119390202.69973595
105519711.64924835
72186064.70915273
29836579.90296682
25036022.41215674
22949298.230178718
22257517.51012563
18271691.465753824
14274509.408386122
13710729.992463848
13111481.882805157
6313797.879645119
4159108.4522182313
2377186.3364975573
2148255.1904935753
1865039.2723828906
765374.145644509
331729.0536451139
331729.0536451139
295852.5679486302
295852.5679486302
295852.5679486302
205669.50972309918
184750.76790416677
184750.76790416677
122757.82265277134
114714.27331474079
114714.27331474079
50237.855445649635
50237.855445649635
50237.855445649635
50237.855445649635
50237.855445649635
44248.3876228743
44248.3876228743
44248.3876228743
44248.3876228743
36440.53987873287
36440.53987873287
36440.53987873287
19089.0753979474
19089.0753979474
19089.0753979474
19089.0753979474
19089.0753979474
19089.0753979474
19089.0753979474
