7361988716.619252
3817512765.941786
1622824618.4790256
779554838.3606002
425148452.4062408
164444345.41955975
133699579.71288249
133699579.71288249
133699579.71288249
81918608.56593956
49177319.68196223
41506138.086678624
22394239.645827204
13467719.312215686
11463635.703731328
7689428.689917555
5634778.077739282
5634778.077739282
5634778.077739282
4155991.881152974
1305586.6403197167
1305586.6403197167
1262252.626207469
1262252.626207469
895754.546781528
557954.5734320872
143058.131382627
97418.54166405645
97418.54166405645
97418.54166405645
97418.54166405645
42190.6224275654
41285.771722902864
41285.771722902864
24073.378163081346
24073.378163081346
24073.378163081346
24073.378163081346
24073.378163081346
22397.27989621135
22397.27989621135
15137.274292666272
15137.274292666272
15137.274292666272
15137.274292666272
15137.274292666272
15137.274292666272
15137.274292666272
15137.274292666272
15137.274292666272
8948118847.626207
7458174898.05111
3062260999.6110554
1356157135.590473
760342587.7630397
289040520.74185854
199700404.85263935
109884815.94135284
105110573.37278162
73615003.0099268
59893074.87447304
35815029.299025744
27669596.88455018
19955666.5861997
10325174.72524654
8238390.561971889
7189347.988865687
7189347.988865687
4523000.565269613
1913023.2457430952
978262.4619009135
449118.0153668203
449118.0153668203
449118.0153668203
369389.5292482202
369389.5292482202
369389.5292482202
197709.4144755919
197709.4144755919
197709.4144755919
153972.9330768133
120639.15930160912
111154.01914295004
111154.01914295004
111154.01914295004
38586.79610930613
38586.79610930613
38586.79610930613
38586.79610930613
28413.11252644962
28413.11252644962
28413.11252644962
28413.11252644962
28413.11252644962
28413.11252644962
28413.11252644962
28413.11252644962
28413.11252644962
8948118847.626207
7347922488.161596
3353089844.630226
1654694914.621147
1179525821.271137
789770000.459818
503934235.0696862
358827986.750082
34564078.70247916
34564078.70247916
34564078.70247916
20151762.036052294
14317679.093635395
7299231.779333638
7299231.779333638
3551146.356686343
3551146.356686343
2376128.27990225
2096178.886130422
2096178.886130422
2096178.886130422
2096178.886130422
2096178.886130422
1838593.6705565327
1548839.8987651907
1548839.8987651907
758093.4033923594
758093.4033923594
758093.4033923594
238534.60658977818
57612.81497791707
57612.81497791707
57612.81497791707
57612.81497791707
57612.81497791707
57612.81497791707
50853.52880305359
50853.52880305359
50853.52880305359
37316.02974815187
30939.60898106766
26430.828177893494
26430.828177893494
16927.379150459652
16927.379150459652
16927.379150459652
16927.379150459652
16927.379150459652
16927.379150459652
16927.379150459652
16927.379150459652
16927.379150459652
8948118847.626207
7527462756.607914
2490171754.6888485
976350667.640255
729414977.175452
426624185.3152015
399416096.94264144
251750297.03063872
100670538.81125121
51781749.07914733
34888781.35083889
21724622.95959009
21724622.95959009
21724622.95959009
6378463.22069332
6378463.22069332
6285418.83564622
4671280.8772703
2802328.46688858
2319351.1298141256
2319351.1298141256
1559829.9593727088
1559829.9593727088
362597.00536117295
362597.00536117295
362597.00536117295
329196.2901058258
329196.2901058258
329196.2901058258
231270.18549948258
231270.18549948258
142084.0383095754
121637.10511622345
121637.10511622345
121637.10511622345
121637.10511622345
94191.68426233708
38311.85912368542
38311.85912368542
31206.11468844385
31206.11468844385
31206.11468844385
28101.499878443825
28101.499878443825
28101.499878443825
17756.65891492342
17756.65891492342
17756.65891492342
17756.65891492342
17756.65891492342
17756.65891492342
17756.65891492342
17756.65891492342
17756.65891492342
8948118847.626207
5538356112.6718235
1521578010.9711535
704541768.4541097
506529945.774502
218505531.6747455
76441636.14958765
76441636.14958765
64516570.96627912
49479616.92408141
39686549.12341739
39686549.12341739
15446978.61198006
8291214.9550811285
8291214.9550811285
6055892.923277626
4269038.683298608
4269038.683298608
3472258.8300295738
1421535.2428691017
1421535.2428691017
1421535.2428691017
1421535.2428691017
709921.4309903817
395990.46087277157
395990.46087277157
349822.8630015011
336049.9257236854
336049.9257236854
336049.9257236854
264301.11097280827
264301.11097280827
150473.65785423832
122003.40657160523
78669.72690397588
78669.72690397588
44878.58501806079
44878.58501806079
25183.24405360434
25183.24405360434
25183.24405360434
17405.068408893643
17405.068408893643
17405.068408893643
17405.068408893643
15941.023599327444
15941.023599327444
15941.023599327444
14044.746156720399
14044.746156720399
12996.679994221793
12996.679994221793
12996.679994221793
12996.679994221793
12996.679994221793
12996.679994221793
12996.679994221793
12996.679994221793
7837.571825039342
7837.571825039342
7837.571825039342
7837.571825039342
7837.571825039342
7837.571825039342
7837.571825039342
7837.571825039342
7837.571825039342
8948118847.626207
6135919456.158257
1887962972.1551418
853695352.5779265
558183545.4943652
323168187.0015407
95642065.66606098
95642065.66606098
60642970.17457061
60642970.17457061
47860675.15526701
24180687.05521718
24180687.05521718
9424599.410599133
5335311.645307964
5335311.645307964
4862639.00024346
4422337.616249491
4422337.616249491
3194487.392631741
3194487.392631741
2393306.802346257
2323481.7839703946
2323481.7839703946
904810.543310964
712968.174973064
712968.174973064
510293.83714622876
510293.83714622876
403815.3757375754
187431.30505129058
87469.91505336117
87469.91505336117
57957.74639476024
57957.74639476024
40227.97658406445
40227.97658406445
28653.835052037266
28653.835052037266
28653.835052037266
28653.835052037266
28653.835052037266
28653.835052037266
28653.835052037266
28653.835052037266
28653.835052037266
8948118847.626207
5440598336.546959
1629359207.7825327
389310477.6529907
389310477.6529907
212718393.8002019
98554081.98434521
98554081.98434521
98554081.98434521
53871325.69475255
34546550.36475594
12550308.961947283
10749908.63377749
10107702.939808905
5149761.354049001
1868513.6534629443
1868513.6534629443
1868513.6534629443
1211137.0811786524
1064275.1219080675
821142.2329647635
710091.3077069245
710091.3077069245
281974.2123077003
218995.2091863116
218995.2091863116
218995.2091863116
175793.32678293597
113289.97212690877
90358.94179303152
87682.55723111973
41632.05790295884
41632.05790295884
31613.842549421002
31613.842549421002
19651.004366037778
19651.004366037778
19651.004366037778
19651.004366037778
19651.004366037778
13579.62550094745
13579.62550094745
13579.62550094745
13579.62550094745
13579.62550094745
13579.62550094745
13579.62550094745
13579.62550094745
13579.62550094745
8948118847.626207
6512412382.315462
1070113422.3606411
785017789.3108658
499549482.9680341
199380398.13799614
107273312.2383762
52953333.096760675
44080130.62804468
35604099.57591232
24450592.280948024
14969051.90725802
13646173.114144064
12465642.675481252
12465642.675481252
2399860.5064323316
2399860.5064323316
2399860.5064323316
1839708.424901224
1839708.424901224
1751779.0116903582
1252457.5301601575
429588.5874267176
422227.48604815616
422227.48604815616
242512.43686740613
242512.43686740613
161981.36972597364
161981.36972597364
161981.36972597364
114112.43588088559
111947.50349040149
79941.90122112948
51707.88631419637
51707.88631419637
51707.88631419637
51707.88631419637
51707.88631419637
51707.88631419637
51707.88631419637
32940.52547699683
32940.52547699683
32940.52547699683
32940.52547699683
32940.52547699683
28669.234712370362
28669.234712370362
28669.234712370362
28669.234712370362
28669.234712370362
28669.234712370362
28669.234712370362
28669.234712370362
28669.234712370362
8948118847.626207
5721067657.311531
1641189003.4162753
542183106.1042393
168281879.80514032
151747818.67349038
71666276.93614782
41805046.87702873
41805046.87702873
21454676.238049954
21454676.238049954
21454676.238049954
7743180.040001344
4115640.774790354
3318156.0614609118
969433.2012292739
969433.2012292739
969433.2012292739
969433.2012292739
822722.0189658507
375756.765309444
375756.765309444
124388.56483686193
124388.56483686193
124388.56483686193
124388.56483686193
76937.58449120325
76937.58449120325
65239.40774229942
36775.84177367659
31030.59166757582
31030.59166757582
31030.59166757582
21781.633376593898
19923.266872255394
19923.266872255394
19923.266872255394
19923.266872255394
19923.266872255394
19923.266872255394
19923.266872255394
19923.266872255394
19923.266872255394
8948118847.626207
5597521543.363649
1829504317.9579616
813761789.9891206
484224292.91230685
180652598.84164137
180652598.84164137
159765267.89023912
74401674.10383905
46529098.0708078
46529098.0708078
26243264.788538415
21346776.214565355
21346776.214565355
15753218.1890648
5120693.899137873
5120693.899137873
3698585.975361235
3698585.975361235
1972205.6847386484
1972205.6847386484
1972205.6847386484
1025800.1862440858
822833.9939061952
511037.9783273619
511037.9783273619
253963.11814942097
189745.16030292024
113536.5035231044
113536.5035231044
113536.5035231044
113536.5035231044
74587.2243225216
47082.94157241939
47082.94157241939
35871.8714234837
35871.8714234837
20598.311342791436
20598.311342791436
20598.311342791436
18444.883420422528
15529.66405625154
15529.66405625154
15529.66405625154
15529.66405625154
15529.66405625154
15529.66405625154
15529.66405625154
15529.66405625154
15529.66405625154
8948118847.626207
6567229306.308223
4122988345.4066963
1917570956.8145957
501066898.04382515
286099042.82936096
157872118.79298043
85149771.75477667
75636716.05984671
44229398.06043975
44229398.06043975
44229398.06043975
27716628.241603497
27716628.241603497
21225412.76635472
9639167.922177661
8938064.936535725
4225274.057032497
4225274.057032497
3077476.4891215386
1011229.2564196321
1011229.2564196321
1011229.2564196321
1011229.2564196321
689342.6478688562
493767.0799917458
487878.9083078809
322818.74192057626
322818.74192057626
322818.74192057626
297736.6064989296
144630.03619303362
144630.03619303362
144630.03619303362
91434.32611024732
91434.32611024732
91434.32611024732
42792.27509702993
42792.27509702993
42792.27509702993
26012.699480257532
26012.699480257532
26012.699480257532
26012.699480257532
20744.609478575723
20744.609478575723
20744.609478575723
20744.609478575723
20744.609478575723
20744.609478575723
20744.609478575723
20744.609478575723
20744.609478575723
8948118847.626207
6217376670.112423
2458192441.5224934
746775099.6290667
462052232.0260033
225985446.98535135
106543277.36874199
42284451.05438348
25962304.43930062
16439241.120342327
16439241.120342327
6565609.702942961
6565609.702942961
5629383.687662893
5439947.023263669
5439947.023263669
5282698.26540574
3122459.4543317645
1545824.6815581238
1520160.8772490676
1101573.3455449592
642931.820112382
389892.24966431904
389892.24966431904
389892.24966431904
58598.25788806639
58598.25788806639
58598.25788806639
58598.25788806639
58598.25788806639
58598.25788806639
58598.25788806639
21924.21732086135
21924.21732086135
21924.21732086135
21924.21732086135
21924.21732086135
21924.21732086135
21924.21732086135
21924.21732086135
21924.21732086135
8948118847.626207
5820840570.75049
1856613536.7163868
364967830.91189635
364967830.91189635
229185718.52410048
161619004.99685028
134837303.87926796
63146392.37541791
50297981.74171694
16458572.019996833
16458572.019996833
13683463.179294813
13683463.179294813
12903456.846174484
12888323.368923686
7761226.74465569
7761226.74465569
2075912.29906756
1469650.2411192218
1469650.2411192218
1469650.2411192218
1469650.2411192218
1469650.2411192218
924259.4342026635
387184.20834031457
387184.20834031457
387184.20834031457
299427.839751959
172691.5243953655
83695.05692254852
83695.05692254852
83695.05692254852
54050.38192487667
54050.38192487667
30991.48801054743
30991.48801054743
30991.48801054743
22895.35193883328
22895.35193883328
22895.35193883328
22895.35193883328
22895.35193883328
22895.35193883328
22895.35193883328
22895.35193883328
22895.35193883328
21868.44059757656
13666.828091691259
13666.828091691259
13666.828091691259
13666.828091691259
13666.828091691259
13666.828091691259
10066.372245829965
10066.372245829965
10066.372245829965
10066.372245829965
10066.372245829965
10066.372245829965
10066.372245829965
10066.372245829965
10066.372245829965
8948118847.626207
6967800897.584163
2435384688.6144137
1202945641.590763
494633039.8555718
194953510.45151934
89959465.77561037
66818394.1649232
31484359.197902724
31484359.197902724
14169615.852011336
14059796.436881099
5491929.049623191
5491929.049623191
3665388.1151708327
2753448.2932433155
2753448.2932433155
1348087.3136898174
1348087.3136898174
760921.2065644626
257444.40743204954
257444.40743204954
257444.40743204954
165893.3393633977
165893.3393633977
165893.3393633977
85105.31857900563
85105.31857900563
67596.44463270326
48585.714934031275
48585.714934031275
45800.57041146898
17872.1992269348
17872.1992269348
17872.1992269348
17872.1992269348
17872.1992269348
17872.1992269348
17872.1992269348
17872.1992269348
17872.1992269348
8948118847.626207
5267380254.79001
1579108778.611222
1235247272.540112
518740970.3573267
243963608.69632724
71735346.36567783
71735346.36567783
14617651.575007001
14617651.575007001
14617651.575007001
9387174.718664264
9387174.718664264
5486828.911933469
5389518.806574868
4810315.229176145
4810315.229176145
3045627.401950393
3045627.401950393
3045627.401950393
810578.1122583838
810578.1122583838
810578.1122583838
508228.75324231543
508228.75324231543
317967.2429388224
182272.67881552243
182272.67881552243
118747.7663299762
81033.92408810942
81033.92408810942
21071.325065378314
21071.325065378314
21071.325065378314
21071.325065378314
21071.325065378314
21071.325065378314
15193.956543650726
15193.956543650726
15193.956543650726
15193.956543650726
15193.956543650726
15193.956543650726
15193.956543650726
15193.956543650726
15193.956543650726
8948118847.626207
7480096669.697928
3296651534.060676
1205629023.4775033
723723033.762923
113424623.70267141
113424623.70267141
113424623.70267141
44289432.254842624
43363798.73882687
43363798.73882687
43363798.73882687
17117774.880599096
12740084.151709551
12740084.151709551
12740084.151709551
11062367.201393494
5411645.211424673
1544250.9882169713
1544250.9882169713
1544250.9882169713
1544250.9882169713
839951.1354684666
711427.1287723018
711427.1287723018
385535.1122068308
360962.1410538609
335680.29970560013
335680.29970560013
335680.29970560013
113185.85410371206
113185.85410371206
92851.66129650353
68936.11248858206
68936.11248858206
68936.11248858206
68936.11248858206
60291.30498459683
60291.30498459683
35941.04670959572
35941.04670959572
35941.04670959572
35941.04670959572
35941.04670959572
35941.04670959572
35941.04670959572
25431.764322700245
25431.764322700245
25431.764322700245
25431.764322700245
25431.764322700245
25431.764322700245
25431.764322700245
25431.764322700245
25431.764322700245
8948118847.626207
4917379615.620529
2274751759.235306
1048262641.0122114
344629149.70684546
259345292.45377925
139269938.25800297
63679464.490840994
63679464.490840994
30473072.820463438
29057884.986719947
28871279.825763248
27212777.052464724
27212777.052464724
19372666.932120375
10163771.74909707
6522312.096729147
4006308.4305330813
3412433.5849965145
3412433.5849965145
2119095.6815362847
2119095.6815362847
2119095.6815362847
2023952.6440593586
840445.3795878422
723647.2569424459
441372.79058729956
354248.0994431313
354248.0994431313
215980.72989515532
215980.72989515532
162758.28148972476
162758.28148972476
68349.85176204567
68349.85176204567
37562.73949541239
37562.73949541239
29244.244530525488
29244.244530525488
29244.244530525488
29244.244530525488
25105.663595106646
25105.663595106646
23439.605535848743
23439.605535848743
23439.605535848743
23439.605535848743
23439.605535848743
23439.605535848743
23439.605535848743
23439.605535848743
23209.7270692752
23209.7270692752
17342.800583863
17342.800583863
17342.800583863
17342.800583863
17342.800583863
17342.800583863
17342.800583863
17342.800583863
17342.800583863
8948118847.626207
5481646663.566489
1143836280.6757464
237462833.5467022
208559778.50536376
208559778.50536376
145470329.97784102
64413602.482608564
35677527.2853278
6195204.418085855
6195204.418085855
6195204.418085855
6195204.418085855
4114689.5255658464
4114689.5255658464
2255352.747041767
2150206.929969142
819475.3187095684
819475.3187095684
819475.3187095684
819475.3187095684
819475.3187095684
420226.3453631176
405217.31026684894
284656.61806904594
284656.61806904594
284656.61806904594
272857.58653972234
272857.58653972234
171890.77755394345
171890.77755394345
145275.18470403383
145275.18470403383
142771.19392796364
122010.84823373525
122010.84823373525
88757.98737368063
88757.98737368063
77279.31431149137
77279.31431149137
77279.31431149137
64703.00780140481
64703.00780140481
39679.73316176281
39679.73316176281
17951.842829122215
17951.842829122215
17951.842829122215
17951.842829122215
17951.842829122215
17951.842829122215
17951.842829122215
17951.842829122215
17951.842829122215
8948118847.626207
6290171908.782377
2709222117.180194
849027988.6653249
508519853.2226021
53333104.06982325
20131224.887495175
20131224.887495175
20131224.887495175
20131224.887495175
10720856.44308808
10720856.44308808
4648752.234492052
1630211.2297767014
1630211.2297767014
1630211.2297767014
1630211.2297767014
1336509.6280910084
804757.2082492849
432563.0526272122
225333.7162999183
225333.7162999183
225333.7162999183
132869.98819874576
98797.81692389144
98797.81692389144
55324.45053406983
21335.90768631604
21335.90768631604
14351.434753723785
14351.434753723785
14351.434753723785
14351.434753723785
14351.434753723785
14351.434753723785
14351.434753723785
14351.434753723785
14351.434753723785
8948118847.626207
6121158187.392991
1783176287.99039
556213006.3342925
226111685.16185817
115697758.8638365
69455695.2738786
69455695.2738786
62307571.88548216
54157573.595396936
39567118.80980216
23507698.70799269
22212809.909805816
19940160.2380362
15516909.08157136
11707400.147292813
4251933.796270836
2562151.8584763343
2562151.8584763343
2562151.8584763343
1526456.8831272484
970020.162009325
970020.162009325
622318.4312539778
611467.1891982902
375739.1287919892
290144.18127955805
290144.18127955805
170963.42717125706
170963.42717125706
95386.97482921064
95386.97482921064
74121.94111782833
67468.9135411771
67468.9135411771
