3931010481.0121694
1966770335.5863793
832937959.7582308
377083805.80573845
306153612.14323014
158640459.30304343
139899020.8115294
47358255.58593165
47174585.84294082
47174585.84294082
47174585.84294082
31257793.5989008
20502026.77923542
10269724.329678398
10269724.329678398
9692816.020859174
7750652.3402826
6036923.703168586
3180841.750168183
1411043.1763898986
1278558.1488382258
1059544.4550269747
740077.5325680694
740077.5325680694
740077.5325680694
740077.5325680694
365948.2083623225
303925.8521373115
187568.76169653708
107432.79293989201
103394.4591149076
103394.4591149076
83040.00860285819
83040.00860285819
44002.01566752707
44002.01566752707
44002.01566752707
44002.01566752707
28356.035657646364
28356.035657646364
25089.260804631835
25089.260804631835
18924.351027230707
18924.351027230707
11056.565908814107
11056.565908814107
11056.565908814107
11056.565908814107
11056.565908814107
11056.565908814107
11056.565908814107
11056.565908814107
11056.565908814107
4237024661.9085736
4236682805.3882933
1956877186.5945714
649988397.0448097
174876227.17839018
97556325.45092589
36747579.36996035
36747579.36996035
36747579.36996035
12780170.096712861
12780170.096712861
7630939.165018317
5477060.233200694
3366849.5289748944
1374760.9606659177
1123036.0762113882
1123036.0762113882
1123036.0762113882
707767.6724618701
707767.6724618701
696610.6483818963
229374.73942774293
112434.84063238424
75595.92754272709
75595.92754272709
75595.92754272709
75595.92754272709
75595.92754272709
75595.92754272709
75595.92754272709
69266.72961393403
67322.43559329887
59381.94213668907
59381.94213668907
28849.498815389717
28849.498815389717
27791.898506737998
27791.898506737998
27791.898506737998
27791.898506737998
27791.898506737998
27791.898506737998
27791.898506737998
27791.898506737998
27791.898506737998
24077.81941500038
24077.81941500038
24077.81941500038
24077.81941500038
24077.81941500038
17751.85353051236
17751.85353051236
17751.85353051236
17751.85353051236
17751.85353051236
17751.85353051236
17751.85353051236
17751.85353051236
17751.85353051236
4237024661.9085736
4236682805.3882933
1787671459.131491
476134879.44269365
269809788.08578485
167664960.804078
160645205.08177486
106154442.25230694
91484213.87224747
57580519.753899254
28357337.73591602
28357337.73591602
22211722.878576882
21163025.210543383
17401985.077670265
8641059.155660039
8641059.155660039
4432956.346389792
2418604.4560577567
2418604.4560577567
412314.34418421536
412314.34418421536
412314.34418421536
388133.70274069265
388133.70274069265
388133.70274069265
246466.1351962852
246466.1351962852
246466.1351962852
213200.20139593518
93564.64885216372
93564.64885216372
52054.71497604029
52054.71497604029
45255.694542128826
33832.658628068704
33832.658628068704
33832.658628068704
33832.658628068704
16044.044561516017
13373.782456407886
13373.782456407886
13373.782456407886
13373.782456407886
13373.782456407886
13373.782456407886
13373.782456407886
13373.782456407886
13373.782456407886
4237024661.9085736
4236682805.3882933
2113632704.9560692
529292406.5374173
339943382.5185297
339943382.5185297
180249087.76715162
166134703.64644083
100844827.2259814
83367243.18320791
16176549.2817861
6993282.836077291
6993282.836077291
6993282.836077291
6993282.836077291
2751434.753873614
1080322.759504419
1080322.759504419
713930.0209640505
713930.0209640505
417567.77461991506
417567.77461991506
417567.77461991506
272232.1537355522
272232.1537355522
272232.1537355522
92774.9644986513
92774.9644986513
36380.34937288071
36380.34937288071
36380.34937288071
36380.34937288071
36380.34937288071
36380.34937288071
36380.34937288071
33297.270678009605
33297.270678009605
33297.270678009605
33297.270678009605
33297.270678009605
33297.270678009605
33297.270678009605
33297.270678009605
19078.22971079113
19078.22971079113
19078.22971079113
19078.22971079113
19078.22971079113
19078.22971079113
19078.22971079113
19078.22971079113
19078.22971079113
4237024661.9085736
3754902285.246181
2069377976.8649776
526256495.5087816
348955721.87980735
291309984.35702187
198172054.21829283
96253459.13657679
96201263.05520177
59836374.16043447
10158778.75088651
10158778.75088651
10158778.75088651
4869076.144272327
4869076.144272327
4869076.144272327
4869076.144272327
2730015.5082392767
2730015.5082392767
2252731.268380981
1259654.0213573794
1037583.6636695793
635593.2196192718
463665.85547926574
463665.85547926574
463665.85547926574
218692.7964858505
218692.7964858505
218692.7964858505
218692.7964858505
117221.26390866333
52227.22712009947
52227.22712009947
43802.59323409355
43802.59323409355
43802.59323409355
43802.59323409355
36272.07854951723
36272.07854951723
22359.186689505656
22359.186689505656
22359.186689505656
22359.186689505656
22359.186689505656
22359.186689505656
22359.186689505656
22359.186689505656
22359.186689505656
4237024661.9085736
4114889127.9448943
2117101111.1487887
636810799.2057884
403076187.6931698
347309328.5703971
210565971.12142742
100127063.24048504
100127063.24048504
77575773.34871379
34704584.74500647
34704584.74500647
5532332.086372291
5532332.086372291
4793081.849477856
4793081.849477856
4793081.849477856
4793081.849477856
3748476.303155465
3748476.303155465
2896829.308798403
1406814.9859097945
720073.622413543
330321.0722683572
330321.0722683572
238231.2338028491
238231.2338028491
206291.40712852575
121664.8266647044
121664.8266647044
121664.8266647044
121664.8266647044
66761.31669355687
66761.31669355687
63814.24862648998
28136.78597184144
28136.78597184144
28136.78597184144
28136.78597184144
28136.78597184144
28136.78597184144
14830.886425973506
14830.886425973506
14830.886425973506
14830.886425973506
14830.886425973506
14830.886425973506
14830.886425973506
14830.886425973506
14830.886425973506
4237024661.9085736
3477595165.935797
1217826273.222378
745473561.6910121
486094551.6265648
129672562.38976896
96978768.87865058
83993379.95019765
83993379.95019765
62820992.35094249
19378622.556419805
17943447.95557889
9179820.261077994
8795404.74911087
7593420.643914366
5433594.337934028
5433594.337934028
2921563.4948468166
2921563.4948468166
1541729.0586657366
1541729.0586657366
1349779.8584238912
1148946.6537264574
1148946.6537264574
1148946.6537264574
1104389.615859321
621878.0520443675
398983.5559602721
398983.5559602721
398983.5559602721
372329.2482301377
334312.5455231116
334312.5455231116
297154.85715447774
175427.8595271978
175427.8595271978
175427.8595271978
108995.85832339212
108995.85832339212
95110.96792698895
65443.27679501718
65443.27679501718
65443.27679501718
36513.24615202189
36513.24615202189
36513.24615202189
17374.08501585381
17374.08501585381
17374.08501585381
17374.08501585381
17374.08501585381
17374.08501585381
10656.292356186235
10656.292356186235
10656.292356186235
10656.292356186235
10656.292356186235
10656.292356186235
10656.292356186235
10656.292356186235
10656.292356186235
4237024661.9085736
4065201226.7000947
1517438340.9272587
1328685241.512584
514230546.96960497
310262485.45390224
127255787.28034276
86017900.02342443
77696986.06852545
38169626.63997002
38169626.63997002
20860497.05380927
20435798.463989228
12784182.197326586
12784182.197326586
7335327.009390663
7057057.876398229
4094235.707063728
2316439.0004986837
1080913.4692717607
1080913.4692717607
881437.3679906884
524748.9809925568
447447.5227436615
266085.39686313114
239282.1118050405
239282.1118050405
239282.1118050405
239282.1118050405
91729.37681679476
91729.37681679476
70348.44048343711
70348.44048343711
27258.395609273448
27258.395609273448
27258.395609273448
27258.395609273448
27258.395609273448
24796.97591841577
24796.97591841577
24796.97591841577
24796.97591841577
24796.97591841577
24796.97591841577
24796.97591841577
22263.862191997334
22263.862191997334
22263.862191997334
22263.862191997334
22263.862191997334
18241.55880761114
18241.55880761114
18241.55880761114
18241.55880761114
18241.55880761114
18241.55880761114
11429.34435442682
11429.34435442682
11429.34435442682
11429.34435442682
11429.34435442682
11429.34435442682
11429.34435442682
10677.605111736626
10677.605111736626
10677.605111736626
10677.605111736626
10677.605111736626
10677.605111736626
10677.605111736626
10677.605111736626
10677.605111736626
4237024661.9085736
3645123046.5812726
2299841956.106451
1112994116.102518
762185611.6182144
322394794.9694757
294644150.43859637
150728169.36092466
144067794.23471218
95761827.09491614
45372746.88662395
5366896.58043874
5366896.58043874
5366896.58043874
5159591.586928528
5159591.586928528
2952651.5112190694
1795228.1011100828
1795228.1011100828
1527034.435940309
1527034.435940309
1506613.5362456688
499864.0462085273
499864.0462085273
499864.0462085273
291900.66029085976
216155.72261109544
190238.01704499964
190238.01704499964
135633.45016067388
135633.45016067388
124925.74624468845
85689.88790458872
45759.75661989259
45759.75661989259
39313.856820453795
39313.856820453795
39210.34677441516
39210.34677441516
31745.74984027729
31745.74984027729
28952.383725485106
28952.383725485106
28952.383725485106
28952.383725485106
27143.996634776737
18208.003579173677
18208.003579173677
13906.209024224676
13906.209024224676
13906.209024224676
13253.981748479307
13253.981748479307
13253.981748479307
13253.981748479307
13253.981748479307
13253.981748479307
13253.981748479307
13253.981748479307
13253.981748479307
4237024661.9085736
3779727083.6854253
1271443416.631967
684004390.4991586
100861707.51533344
75974873.77820037
75974873.77820037
40701959.93078331
40701959.93078331
12397336.703307616
8548726.938730275
8548726.938730275
8548726.938730275
4141924.515283404
3383161.5213407157
3383161.5213407157
2762425.460251128
2762425.460251128
2219515.960885899
2219515.960885899
1372270.9952434106
447776.8487339786
447776.8487339786
447776.8487339786
426892.2414833202
426892.2414833202
378649.2164510606
378649.2164510606
223852.76743603672
223852.76743603672
165608.10457209093
165608.10457209093
79345.76364228856
79345.76364228856
40472.38812391532
40472.38812391532
40472.38812391532
40472.38812391532
34324.27624953352
31752.74882185665
26903.754527038072
26903.754527038072
26903.754527038072
26903.754527038072
26903.754527038072
26903.754527038072
12362.598788583018
12362.598788583018
12362.598788583018
12362.598788583018
12362.598788583018
12362.598788583018
12362.598788583018
12362.598788583018
8624.37519511177
8624.37519511177
8624.37519511177
8624.37519511177
8624.37519511177
8624.37519511177
8624.37519511177
8624.37519511177
8624.37519511177
4237024661.9085736
3762375595.261884
1547100487.3481588
549945519.5760915
284477249.8130846
212354479.39034164
160382443.3944405
126878534.93589742
59546583.47137182
59546583.47137182
50774799.7252837
35224947.825748235
20966078.853590854
16893583.688642867
16893583.688642867
9320995.28758045
9320995.28758045
6640220.666010714
6640220.666010714
4483117.152257035
2277476.1816958096
2277476.1816958096
2277476.1816958096
2277476.1816958096
1165511.9753377053
1103058.1631242635
546767.5608460087
546767.5608460087
393254.6417852375
206483.38418782738
206483.38418782738
182657.65443338256
112759.35678222089
106066.72775858437
48743.04192464239
36561.28643269888
36561.28643269888
16055.260218009978
16055.260218009978
16055.260218009978
16055.260218009978
16055.260218009978
14775.310191109287
14775.310191109287
14775.310191109287
14775.310191109287
14775.310191109287
14775.310191109287
14775.310191109287
14775.310191109287
14775.310191109287
4237024661.9085736
4236682805.3882933
1845573983.0131395
322632288.88298124
173358301.09219834
148068087.8779156
72060823.18419118
72060823.18419118
72060823.18419118
51561301.14531327
42331298.64402376
17354945.485923376
17249812.3195403
17249812.3195403
17249812.3195403
7591586.677177472
6643074.841573988
6643074.841573988
4887516.862553523
2654771.9319902617
1358873.8104776144
784560.0665132874
784560.0665132874
662184.250229968
507034.82841201837
180453.09214484462
107332.46060914868
107332.46060914868
87748.83152167317
72479.97136068024
72479.97136068024
69494.91413552016
51249.87006056761
51249.87006056761
40318.8850575531
40318.8850575531
32359.673283179807
32359.673283179807
17936.140231865447
17936.140231865447
17936.140231865447
17936.140231865447
17936.140231865447
17936.140231865447
17936.140231865447
17936.140231865447
17110.732780899867
17110.732780899867
17110.732780899867
17110.732780899867
17110.732780899867
17110.732780899867
15801.047577737458
15215.666201437014
15215.666201437014
15215.666201437014
15215.666201437014
15215.666201437014
15215.666201437014
15215.666201437014
8286.907212312231
8286.907212312231
8286.907212312231
8286.907212312231
8286.907212312231
8286.907212312231
8286.907212312231
8286.907212312231
8286.907212312231
4237024661.9085736
3669454925.331541
926972578.0530977
257052606.29265976
221943499.04248247
138006635.0414562
62252462.33081825
62252462.33081825
36000849.07304897
36000849.07304897
24458513.652885955
14663760.328331487
14663760.328331487
9156397.837045666
4757370.723872078
3917303.0537442286
2042456.5197477853
2042456.5197477853
1792011.5058699395
1451266.6789404782
789785.9915701773
534430.0782311683
534430.0782311683
440597.66143783135
440597.66143783135
285596.88715545804
140153.6095103299
140153.6095103299
82960.14830752547
82960.14830752547
82960.14830752547
44235.89556465289
33462.790454842274
33462.790454842274
23115.52716439659
23115.52716439659
23115.52716439659
23115.52716439659
23115.52716439659
9418.163324453986
9418.163324453986
4222.342433213148
4222.342433213148
4222.342433213148
4222.342433213148
4222.342433213148
4222.342433213148
4222.342433213148
4222.342433213148
4222.342433213148
4237024661.9085736
3463210331.638104
1618899654.3206692
550641152.445323
186721385.9208019
186721385.9208019
94677303.19265918
79042961.00035653
41864262.29749261
41864262.29749261
41864262.29749261
25460176.464357153
25460176.464357153
22304697.24656931
7318322.99488936
6590234.489747762
6590234.489747762
2638198.6884941747
1955995.9273078733
1522360.8455560736
1216576.8074789988
844531.7645973248
844531.7645973248
417791.4155993435
340535.637134343
303742.58385475737
303742.58385475737
221910.31026000297
221910.31026000297
221910.31026000297
221910.31026000297
221910.31026000297
113827.58117370718
70212.29175602061
70212.29175602061
70212.29175602061
32648.6456794336
32648.6456794336
16036.663663502892
16036.663663502892
16036.663663502892
16036.663663502892
16036.663663502892
16036.663663502892
16036.663663502892
16036.663663502892
16036.663663502892
4237024661.9085736
3882284290.921185
1374276213.541219
611977231.0304654
350997319.4491972
239664669.5055562
175717103.86961877
134520693.68862852
81673922.14511035
43102381.38647445
26658106.516420867
22349158.879091404
22349158.879091404
22349158.879091404
13340706.69859634
7027334.550433888
7027334.550433888
7027334.550433888
5389433.203926246
2626108.1109016663
2626108.1109016663
318592.7336990292
318592.7336990292
318592.7336990292
318592.7336990292
318592.7336990292
273457.78173014085
152694.88224211268
124647.34057984785
63845.65256707689
63845.65256707689
63845.65256707689
63845.65256707689
26155.634669560342
26155.634669560342
26155.634669560342
26155.634669560342
26155.634669560342
24798.392349212354
24798.392349212354
24798.392349212354
24798.392349212354
24798.392349212354
21622.73192389051
11200.097081286238
11200.097081286238
11200.097081286238
11200.097081286238
11200.097081286238
11200.097081286238
11200.097081286238
11200.097081286238
11200.097081286238
4237024661.9085736
4113924541.037574
860146733.0350196
529032141.693318
269397203.0806863
192163735.66962346
161309269.55335602
31893847.78511134
31893847.78511134
31893847.78511134
28104774.858538616
13058400.824534174
8911843.511505432
8911843.511505432
8911843.511505432
7458087.131274143
3899527.683869538
2216945.189210137
2216945.189210137
1207234.7474416713
590137.3662584211
402965.33375453553
402965.33375453553
395711.45601066056
395711.45601066056
177392.28730809918
177392.28730809918
132244.752305647
56090.620383332796
41426.52856516562
41426.52856516562
25451.990714385814
18175.659056968707
18175.659056968707
15291.085505425128
15291.085505425128
15291.085505425128
15291.085505425128
15291.085505425128
15291.085505425128
15291.085505425128
15291.085505425128
9735.820505531312
9735.820505531312
9735.820505531312
9735.820505531312
9735.820505531312
9735.820505531312
9735.820505531312
9735.820505531312
9735.820505531312
4237024661.9085736
3545608204.1128855
1769932034.5161097
632092506.6401216
285258369.52752376
194183208.81783122
126808793.48030193
26000001.872914594
26000001.872914594
23493012.894227546
19075650.221344184
12303416.695665468
6788290.305758727
6788290.305758727
6788290.305758727
3605649.418475381
3605649.418475381
2072178.2349960315
1406591.9780967883
779635.5753448516
586688.9354626917
524637.5154809948
412621.30156312016
412621.30156312016
407340.184084408
62121.544493740555
62121.544493740555
62121.544493740555
62121.544493740555
62121.544493740555
62121.544493740555
60673.228858957984
60673.228858957984
33967.08128973745
33967.08128973745
33967.08128973745
33967.08128973745
20595.6457481315
20595.6457481315
20595.6457481315
20595.6457481315
20595.6457481315
20595.6457481315
18489.31877562312
18489.31877562312
18489.31877562312
18489.31877562312
18181.65724355844
18181.65724355844
18181.65724355844
18181.65724355844
18181.65724355844
13177.045432869356
13177.045432869356
13177.045432869356
13177.045432869356
13177.045432869356
13177.045432869356
13177.045432869356
13177.045432869356
12306.170029037623
12306.170029037623
12306.170029037623
12306.170029037623
12306.170029037623
12306.170029037623
12306.170029037623
12306.170029037623
12306.170029037623
4237024661.9085736
4211686309.557835
1681593614.439478
741467979.8324633
157316192.00281757
138549826.4580325
127819311.76051334
70755973.7909559
70755973.7909559
43140109.94875231
25811018.053511538
9065259.349379424
9065259.349379424
9065259.349379424
7928846.2830079645
6013843.243022508
3860027.6136302096
3774454.0835891184
3774454.0835891184
3300177.6331222355
2637957.0931254406
1432755.9986061223
1309926.517305798
906510.0887641774
906510.0887641774
597636.8215814312
597636.8215814312
597636.8215814312
495503.89470967115
495503.89470967115
495503.89470967115
254981.9901914519
87358.5108176128
87358.5108176128
87358.5108176128
87358.5108176128
49794.45023291015
42379.35922505405
40040.39218093275
40040.39218093275
40040.39218093275
40040.39218093275
7932.657199450247
7932.657199450247
