6143094703.81231
2985796529.325166
1228607955.5539014
827010618.83985
491838578.68045217
120633771.85502927
120633771.85502927
100798327.31668036
76061011.48459423
54986113.146944106
38269501.47511178
24408948.81786396
24408948.81786396
10716935.724151766
10716935.724151766
10696435.480698202
9997916.815666314
4574299.402478715
3757843.9382029474
3757843.9382029474
3757843.9382029474
2374285.761684737
2092098.9196244297
1389611.426107004
1389611.426107004
1352268.0672781435
1352268.0672781435
1352268.0672781435
1038083.8187715914
1002674.5649996165
633935.7316418537
633935.7316418537
592583.7847659789
361302.31261955225
361302.31261955225
320014.56067226746
300369.7025289053
195359.83518242187
125932.27908584027
125932.27908584027
125932.27908584027
125932.27908584027
63066.32033957577
54474.809630054035
54474.809630054035
40004.02547930423
40004.02547930423
40004.02547930423
38408.02145651129
38408.02145651129
38408.02145651129
38408.02145651129
24069.288095990458
24069.288095990458
24069.288095990458
24069.288095990458
24069.288095990458
21795.10825929317
21795.10825929317
21795.10825929317
21795.10825929317
18134.988143922048
18134.988143922048
18134.988143922048
18134.988143922048
18134.988143922048
18134.988143922048
18134.988143922048
16313.693502686097
16313.693502686097
16313.693502686097
16313.693502686097
16313.693502686097
16313.693502686097
16313.693502686097
16313.693502686097
16313.693502686097
6143662404.20736
6143094703.81231
3329577032.7999725
2147276922.356409
926815799.0132328
400186666.8229501
188534687.0271034
150815902.79023075
67125173.67172334
56124016.035310164
56124016.035310164
26120555.245819394
26120555.245819394
16391630.134962734
16391630.134962734
10829713.92200726
4558390.977899043
4496066.899908937
2940641.2632308686
2911485.003706718
2333995.190424966
2333995.190424966
901171.5718251646
520129.90502310765
453802.4368969747
449870.7688682138
449870.7688682138
197620.68261239983
157485.2406091748
153695.6940893377
62436.127259802604
37201.60998954127
37201.60998954127
37201.60998954127
24696.23896082313
24696.23896082313
24696.23896082313
24696.23896082313
24696.23896082313
24696.23896082313
24696.23896082313
24696.23896082313
21942.303984665446
21942.303984665446
16935.029395900805
16935.029395900805
16935.029395900805
16935.029395900805
16935.029395900805
16935.029395900805
16935.029395900805
16935.029395900805
16935.029395900805
6143662404.20736
6143094703.81231
3816952438.7154427
1146474145.6777024
430416325.9782453
320137596.0381551
84712394.69982396
47328991.407344855
32030501.367704965
21401991.862616584
17966046.337213125
17004492.62251185
10434872.825321358
7223087.866913263
1976624.7510533559
1976624.7510533559
1976624.7510533559
1976624.7510533559
1879007.9915400208
1044035.1100836566
1044035.1100836566
787330.804057896
787330.804057896
787330.804057896
787330.804057896
787330.804057896
787330.804057896
787330.804057896
361771.70773369726
361771.70773369726
296013.1380729964
296013.1380729964
296013.1380729964
171725.40931393448
118396.98261925395
54435.73839436121
54435.73839436121
54435.73839436121
54435.73839436121
39188.20980445893
21394.487685568765
21394.487685568765
21394.487685568765
21394.487685568765
21394.487685568765
21394.487685568765
21394.487685568765
21394.487685568765
21394.487685568765
6143662404.20736
6143094703.81231
2081434993.9609303
1010291318.7993889
648485052.0174298
254109551.3435831
254109551.3435831
115908978.37547818
63333836.75312283
63333836.75312283
60426393.42296981
26481690.57723511
15990373.848619545
12897174.709116394
9894994.072775787
9894994.072775787
4793237.297921052
3114692.329249794
3114692.329249794
2604524.9555589156
1722974.4981568537
1722974.4981568537
1722974.4981568537
856991.2859253885
856991.2859253885
856991.2859253885
625964.1220840885
492948.4411077419
300330.1508456053
222073.62025926032
124404.26681353737
124404.26681353737
124404.26681353737
124404.26681353737
68764.21267423012
64919.771217426285
64919.771217426285
64919.771217426285
22776.24862934705
22776.24862934705
22776.24862934705
22776.24862934705
22776.24862934705
22776.24862934705
22776.24862934705
20472.964797466644
20472.964797466644
20472.964797466644
20472.964797466644
18756.70285249556
18756.70285249556
13221.859303439942
13221.859303439942
13221.859303439942
13221.859303439942
13221.859303439942
13221.859303439942
13221.859303439942
13221.859303439942
13221.859303439942
6143662404.20736
6143094703.81231
3823849692.9677043
1694393110.1313672
1055126427.0660955
319409640.7387921
319409640.7387921
62896303.141133845
37823580.52306467
35340452.620721966
13956691.59112512
13956691.59112512
10719097.332846913
9912226.635209057
9912226.635209057
5940964.65038033
2790680.2652417133
2790680.2652417133
2227555.4960743785
1768509.0142033007
1478080.9406492116
1300264.9543910786
1094759.3873689577
698640.8367945824
499307.3004328524
345382.3746305988
194665.76552182809
124096.33498339543
124096.33498339543
64699.42196345673
64699.42196345673
64699.42196345673
50908.73452272646
40164.890496099586
40164.890496099586
40164.890496099586
40164.890496099586
40164.890496099586
40164.890496099586
33047.01275430429
22657.68126719731
22657.68126719731
22657.68126719731
22657.68126719731
22657.68126719731
22657.68126719731
19085.34007416207
19085.34007416207
17223.592751643235
17223.592751643235
13943.148279273277
13943.148279273277
13943.148279273277
13943.148279273277
13943.148279273277
13943.148279273277
13943.148279273277
13943.148279273277
13943.148279273277
9678.67017704602
9678.67017704602
9678.67017704602
9678.67017704602
9678.67017704602
9678.67017704602
9678.67017704602
9678.67017704602
9678.67017704602
6143662404.20736
6143094703.81231
3455480805.9997168
2202306140.6037693
756291862.7042392
733793040.4441661
264484628.2548486
168562149.8468418
168562149.8468418
58267591.740226984
15107878.438765258
15107878.438765258
15107878.438765258
8043184.331116571
6927746.079236278
5724162.192202779
5724162.192202779
1763417.412379733
1649365.9251833635
658390.1613122816
658390.1613122816
450437.1395131164
450437.1395131164
285571.54068216484
285571.54068216484
284836.3488295084
270390.9931563429
67997.07230687008
23713.668181628593
23713.668181628593
23713.668181628593
23713.668181628593
23713.668181628593
20451.425174526987
20451.425174526987
20451.425174526987
20451.425174526987
20451.425174526987
20451.425174526987
20451.425174526987
20451.425174526987
20451.425174526987
16414.99661242475
16414.99661242475
16414.99661242475
16414.99661242475
16414.99661242475
16414.99661242475
16414.99661242475
16267.49166735523
16267.49166735523
16267.49166735523
16267.49166735523
16267.49166735523
16267.49166735523
16267.49166735523
12438.411278100808
12438.411278100808
12438.411278100808
12438.411278100808
12438.411278100808
12438.411278100808
12438.411278100808
12438.411278100808
12438.411278100808
6143662404.20736
6143094703.81231
2658616548.1456814
1768636407.1598463
1341994587.4054854
360412074.776025
173796975.0676277
98019129.79089989
35262347.03636926
35262347.03636926
35262347.03636926
31335508.578733567
28367957.737770192
19642077.708206274
9065083.526424825
6771746.025248573
5613084.520693727
3567405.9674412683
3567405.9674412683
1824530.1496919482
1824530.1496919482
1182614.164628679
1048573.7134508626
190706.72188881386
190706.72188881386
190706.72188881386
88830.09346005159
88830.09346005159
79396.73162909402
79396.73162909402
49148.7485317286
32516.1901976699
32516.1901976699
32516.1901976699
32516.1901976699
14046.312173344
14046.312173344
14046.312173344
14046.312173344
14046.312173344
14046.312173344
14046.312173344
14046.312173344
14046.312173344
6143662404.20736
6143094703.81231
3889741602.370508
2091562475.0291235
349002934.9624574
280355990.914507
280355990.914507
227677101.5079086
159630876.09275836
65272535.82806463
50604360.7009656
50604360.7009656
37405201.15086556
33310551.295926318
20149132.06121075
14727523.424243879
14727523.424243879
14727523.424243879
4385919.995941786
4385919.995941786
2296249.6172115104
2296249.6172115104
1333723.3122394735
697210.835246497
697210.835246497
697210.835246497
697210.835246497
336606.75507708837
199718.96553747216
199718.96553747216
97165.87836366468
97165.87836366468
97165.87836366468
80750.17684165286
49803.11043524133
49803.11043524133
33897.5437885758
33897.5437885758
27958.720333189594
27958.720333189594
26503.541383147047
26503.541383147047
26503.541383147047
26503.541383147047
25450.64637886537
25450.64637886537
25450.64637886537
25450.64637886537
25450.64637886537
25450.64637886537
25450.64637886537
25450.64637886537
24771.772849082485
24771.772849082485
24771.772849082485
19732.61398567082
19732.61398567082
19732.61398567082
19732.61398567082
19732.61398567082
19732.61398567082
16444.351353247737
16444.351353247737
16444.351353247737
16444.351353247737
16444.351353247737
16444.351353247737
16444.351353247737
16444.351353247737
16444.351353247737
6143662404.20736
6143094703.81231
3072887320.534072
1233999215.5252469
263596394.01643747
263596394.01643747
59157082.922244325
33799380.86644089
33799380.86644089
33799380.86644089
18488087.532892313
14865075.094935581
14865075.094935581
13866213.955606185
6923560.831353462
6923560.831353462
4259050.609699006
2692110.0916873002
2102156.6488096435
2102156.6488096435
2033957.7522320626
1546083.9640889976
1546083.9640889976
1041576.9027757263
743968.680107375
743968.680107375
743968.680107375
248267.2226998648
202038.78012238586
202038.78012238586
121292.08673660588
121292.08673660588
60694.45735746287
60694.45735746287
40488.04050417211
40488.04050417211
22936.127506200846
22936.127506200846
9029.97728062344
9029.97728062344
9029.97728062344
9029.97728062344
9029.97728062344
9029.97728062344
9029.97728062344
9029.97728062344
9029.97728062344
6143662404.20736
6143094703.81231
3287497955.8042483
1975571005.2814155
1059357592.1442889
925112315.8871754
672396538.3086324
240985620.12873024
130929943.15180334
52210277.04031661
52210277.04031661
36429518.11013619
16807792.569309648
16807792.569309648
11852390.46084412
11852390.46084412
4628856.088297708
4628856.088297708
4628856.088297708
2209544.1559643885
2209544.1559643885
1170691.00287254
1170691.00287254
532968.5185574228
246742.96611805295
172155.08806610238
168288.3773790213
168288.3773790213
167568.0362756139
115350.05225094134
115350.05225094134
115350.05225094134
49290.42324069683
49290.42324069683
49290.42324069683
49290.42324069683
49290.42324069683
27551.813866138873
15348.787672627943
15348.787672627943
15348.787672627943
15348.787672627943
15348.787672627943
15348.787672627943
15348.787672627943
15348.787672627943
15348.787672627943
6143662404.20736
6143094703.81231
2790697663.5582857
2340698157.678064
702290403.5561653
238178118.0142778
238178118.0142778
104166758.34800176
34969701.76455081
34969701.76455081
23973780.440753866
23973780.440753866
19316835.47034145
8354893.867354284
4205289.560253289
4205289.560253289
4205289.560253289
4205289.560253289
3480429.565749595
3326426.17329991
1788018.9360224192
842275.4523571768
842275.4523571768
744973.3595419896
302343.3840065379
285597.7842854851
108882.56281093141
108882.56281093141
108882.56281093141
108882.56281093141
65325.69249485453
65325.69249485453
60878.23470666445
60878.23470666445
60878.23470666445
60218.12571669254
55715.531274830224
45053.097238503695
24416.88935499754
24416.88935499754
24416.88935499754
24416.88935499754
24416.88935499754
24416.88935499754
24416.88935499754
24416.88935499754
24416.88935499754
6143662404.20736
6143094703.81231
3205375697.4288387
1404197415.3198006
651615968.6916246
241715994.2301265
241715994.2301265
103765156.90088047
67042259.753730565
61564926.181380324
34189670.7653882
32732132.3290561
27489114.82180393
15965086.133562861
15965086.133562861
13946341.180156028
13946341.180156028
8676710.19329015
3181230.126630891
3181230.126630891
2568995.825983817
1765727.2030410443
1765727.2030410443
1610799.9963133824
1610799.9963133824
1312958.4418975888
865824.4186544843
467564.6149985236
228727.60674303336
228727.60674303336
228727.60674303336
228727.60674303336
211039.94454930312
207993.79054934063
163597.24662266052
163597.24662266052
78939.27901611823
78939.27901611823
63063.43152495454
63063.43152495454
63063.43152495454
63063.43152495454
53298.811881902555
53298.811881902555
45154.76333159337
45154.76333159337
27615.378646328976
27615.378646328976
27245.05356873974
27245.05356873974
27245.05356873974
27245.05356873974
27245.05356873974
20741.66892204964
20741.66892204964
20741.66892204964
14850.788875552831
14850.788875552831
14850.788875552831
14850.788875552831
14850.788875552831
14850.788875552831
14850.788875552831
14850.788875552831
14850.788875552831
6143662404.20736
6143094703.81231
2598261362.6187487
902865186.873446
189564245.90252313
189564245.90252313
123703613.76931407
102000183.39177963
54298003.78185449
54298003.78185449
36252504.50073279
30506597.14693979
30506597.14693979
23220268.531858813
18575397.18640282
14484141.61316645
8154617.094492493
8154617.094492493
7825091.0942841815
4269212.8761929
4269212.8761929
1797287.248840715
976999.2648339525
767828.6868176163
767828.6868176163
344794.0687400051
276686.91256485065
262333.74441250856
78054.31212434775
78054.31212434775
78054.31212434775
57178.748650636095
56487.11199889112
56487.11199889112
37533.7838792119
37533.7838792119
37533.7838792119
37533.7838792119
31369.498963975842
31369.498963975842
31369.498963975842
27772.98605324983
27772.98605324983
27772.98605324983
27772.98605324983
22892.915313549118
22600.63525458512
22600.63525458512
14240.06653735394
14240.06653735394
14240.06653735394
14240.06653735394
14240.06653735394
14240.06653735394
14240.06653735394
14240.06653735394
14240.06653735394
6143662404.20736
6143094703.81231
2511600689.534125
1371477808.9711645
588532642.8840493
404820365.2100751
71321999.87542267
52017924.119993895
52017924.119993895
39802247.05541537
39802247.05541537
25274697.21937014
19245489.125706255
19245489.125706255
11949497.631032938
6577494.408654803
5505661.662671343
2286607.7019841196
550872.9787039995
550872.9787039995
543742.0063275072
543742.0063275072
400766.41097190307
400766.41097190307
337259.4203230037
337259.4203230037
215200.90001497962
215200.90001497962
214200.4870971327
214200.4870971327
136404.68192222586
102548.84892944577
25460.09352585178
25460.09352585178
25460.09352585178
25460.09352585178
14069.681501542627
14069.681501542627
14069.681501542627
14069.681501542627
14069.681501542627
14069.681501542627
14069.681501542627
14069.681501542627
14069.681501542627
6143662404.20736
6143094703.81231
3487334586.600792
877173187.1719296
741726715.3980932
452745695.4233443
415609030.6428673
168856274.2667508
101560715.28979558
73324203.72902441
46536476.77515085
46536476.77515085
24988872.979909997
12765662.308707843
12765662.308707843
10317019.053110171
6936036.271116755
3250962.125767468
3250962.125767468
3250962.125767468
1406657.2899026268
1406657.2899026268
768385.299383707
768385.299383707
768385.299383707
466164.36350589397
228104.61596208863
210637.10433450926
151928.77689846887
151928.77689846887
151928.77689846887
119884.46008833617
119884.46008833617
90863.04693409201
64024.759253614335
64024.759253614335
53081.150412581905
38007.608918552796
30526.687844318298
30024.679449311512
30024.679449311512
23623.01163829065
23623.01163829065
23623.01163829065
23239.552710614247
17742.90984499083
17742.90984499083
17742.90984499083
17742.90984499083
17742.90984499083
17742.90984499083
17742.90984499083
17742.90984499083
17742.90984499083
6143662404.20736
6143094703.81231
3224050701.1111317
1741683401.8475013
623878167.2322385
304902789.1753064
172807708.5618309
125117867.05572888
53843258.627373174
41356860.92940044
24446466.20555622
21358159.733156737
21358159.733156737
8097676.425660639
6363592.755140776
6363592.755140776
6363592.755140776
6363592.755140776
2996017.1608019345
2220817.796078508
2220817.796078508
2220817.796078508
1385384.845575814
668566.3629256525
668566.3629256525
488246.1810437643
249377.60991303643
249377.60991303643
181786.7748703022
166152.40678081813
43520.70958098538
43520.70958098538
43520.70958098538
43520.70958098538
29009.529762165686
29009.529762165686
29009.529762165686
29009.529762165686
29009.529762165686
27887.133919230688
27887.133919230688
21660.934025969596
21660.934025969596
21660.934025969596
21660.934025969596
21660.934025969596
21660.934025969596
21660.934025969596
21603.667338843425
15440.005867402468
15440.005867402468
15440.005867402468
15440.005867402468
15440.005867402468
15440.005867402468
15440.005867402468
15440.005867402468
15440.005867402468
6143662404.20736
6143094703.81231
3901877663.6943035
2859452753.642541
2098050293.8120253
1155275824.4349172
354926639.14017254
146456762.84800616
96335760.20080487
82003946.47958371
56412769.62333602
30846504.375772238
26456674.993308585
18789932.07730688
18789932.07730688
14328866.984574843
13476567.444012515
13476567.444012515
5276270.490898722
1844769.0275416
1766960.3900628
1766960.3900628
918258.9634519545
918258.9634519545
849944.0395599212
656798.5228327952
300450.3910503264
226979.4556616834
127303.80578789774
95846.16758366786
64657.424984353056
64657.424984353056
64098.756847544704
63201.56073689459
48008.31270275366
48008.31270275366
48008.31270275366
48008.31270275366
31290.709945114
31290.709945114
31290.709945114
31290.709945114
29944.152415482673
29944.152415482673
24862.096677821755
24862.096677821755
24862.096677821755
24862.096677821755
24862.096677821755
24862.096677821755
20748.72851280979
20748.72851280979
20748.72851280979
20748.72851280979
20748.72851280979
20748.72851280979
20038.64181669531
20038.64181669531
20038.64181669531
20038.64181669531
20038.64181669531
20038.64181669531
20038.64181669531
20038.64181669531
20038.64181669531
18838.14139977214
18838.14139977214
18838.14139977214
18838.14139977214
18838.14139977214
18838.14139977214
18838.14139977214
18838.14139977214
18838.14139977214
6143662404.20736
6143094703.81231
3063377118.207553
1455135122.9361763
567017764.20874
372071703.90455747
121661952.97998944
121661952.97998944
111822402.03405331
36824233.71893023
15793848.823523413
15793848.823523413
14132161.810435427
8206668.881581168
8206668.881581168
1810336.7038302626
1810336.7038302626
1810336.7038302626
1810336.7038302626
1580622.9066865516
970210.030661765
