5762832184.785018
3723792594.4860034
1776542720.1294556
1376432611.253912
919620690.250525
456204464.71342635
252248619.77353495
148455285.92820027
36246466.54821588
30505109.917820342
29013156.00068067
17477696.88532554
14539316.42245485
9589329.176853675
9589329.176853675
6474012.805217685
3314833.561039681
2582465.383974909
2582465.383974909
1915492.4749760136
970488.8000491762
970488.8000491762
300936.11969575967
300936.11969575967
153895.10580061094
112423.03314215306
112423.03314215306
89913.3174051058
84940.92857597422
74873.0184356785
74873.0184356785
74873.0184356785
51682.33137036949
44992.61311811085
44992.61311811085
44992.61311811085
44992.61311811085
31852.451761673634
31852.451761673634
31852.451761673634
29372.198510329512
29372.198510329512
29372.198510329512
22831.01106993797
22831.01106993797
18001.197864203277
18001.197864203277
18001.197864203277
18001.197864203277
18001.197864203277
10724.242622610449
10724.242622610449
10724.242622610449
10724.242622610449
10724.242622610449
10724.242622610449
10724.242622610449
10724.242622610449
10724.242622610449
10934901932.501102
7145823913.626031
3708151361.2657924
1757595852.3421535
925296748.933972
575070266.4403684
422366014.39482313
250985198.07934916
159887884.80276945
99951407.53085178
88785001.5294567
57299904.78827894
44000650.72967123
11956828.436286204
11956828.436286204
11956828.436286204
10027220.736375352
8694113.403381236
5983079.63320252
4145232.65920191
1975905.8719317869
1291922.406783928
771321.3293573164
771321.3293573164
633899.9763373157
495463.9685701374
432441.49987282936
432441.49987282936
309439.4568940013
243248.13309525274
243248.13309525274
73027.8024239577
73027.8024239577
63181.558754607075
63181.558754607075
48205.098925959
37415.00562413667
37415.00562413667
28892.283352633684
28892.283352633684
20851.607395909297
20851.607395909297
20851.607395909297
20851.607395909297
20851.607395909297
20851.607395909297
20851.607395909297
20851.607395909297
20851.607395909297
10934901932.501102
8312954009.313441
4274673766.2828646
1469394161.2406986
931964964.0225508
380488630.0387673
363190106.9285654
211772167.20848423
125636682.02516758
48278379.19307881
42464716.62826386
38398574.382364646
26891882.10800221
21163444.40113354
18769035.47051807
16152592.92692012
6832330.589582693
6832330.589582693
6832330.589582693
1924668.4566616265
1924668.4566616265
1625850.1385119406
1472013.984619726
1472013.984619726
1050052.3850839012
1050052.3850839012
729450.9193565972
665629.5293599546
338804.331322949
271529.5526196202
187831.65496146824
170655.2813932077
168824.86927168598
149003.4357609098
141833.49168897158
110752.21610359593
51947.99717317088
51947.99717317088
49668.663017288156
40564.4725959447
20108.63949447801
20108.63949447801
20108.63949447801
20108.63949447801
20108.63949447801
18038.80190513021
18038.80190513021
18038.80190513021
18038.80190513021
18038.80190513021
17905.879976430206
13207.890309466828
13207.890309466828
13207.890309466828
13207.890309466828
13207.890309466828
13207.890309466828
13207.890309466828
13207.890309466828
13207.890309466828
10934901932.501102
5600585730.22237
2713374968.11477
802335086.8673178
247820640.70850384
205834620.9682623
193955429.07802078
113495987.75914569
109973862.42088324
63942808.81205506
51263301.72874492
31527702.396462515
18080630.62590985
9249664.75670547
6006284.191062209
3921212.171816236
3487827.3697021655
3487827.3697021655
1766740.4426863603
1766740.4426863603
1676579.5651015176
1548607.7835836357
1548607.7835836357
1548607.7835836357
870148.6756167465
870148.6756167465
870148.6756167465
640702.84553944
640702.84553944
535190.5513390854
427221.58374970465
328970.1847504774
328970.1847504774
276705.9721277842
256252.19850168488
165813.55894253848
86820.46965214456
85310.36258180471
85310.36258180471
85310.36258180471
74512.09267307985
74512.09267307985
71712.71834267175
32995.91814569109
32995.91814569109
22920.402030839392
22920.402030839392
22920.402030839392
22920.402030839392
22920.402030839392
19711.172383204044
19711.172383204044
19711.172383204044
9325.764974856906
9325.764974856906
9325.764974856906
9325.764974856906
9325.764974856906
9325.764974856906
9325.764974856906
9325.764974856906
9325.764974856906
10934901932.501102
5230676051.472182
2949096492.904764
2072618623.1365557
1314258457.1446447
417686336.75103164
307915823.1037268
151648356.5001068
146372983.22433922
127601486.66130984
61709438.7467801
50512624.834247865
37220916.79481212
37220916.79481212
28122302.847083624
15297731.608200006
13350161.967068063
13350161.967068063
10032118.176727867
7904081.551644971
7904081.551644971
5270931.678099021
4610810.440349309
1449607.8761331216
1449607.8761331216
947483.6224967358
584087.1828858252
305491.683777124
305491.683777124
282287.9633157118
282287.9633157118
187360.8298422115
79564.81833782242
79564.81833782242
79564.81833782242
79564.81833782242
24063.258901157747
24063.258901157747
24063.258901157747
24063.258901157747
24063.258901157747
24063.258901157747
24063.258901157747
24063.258901157747
24063.258901157747
10934901932.501102
6132225458.897315
3139981425.203174
1352233419.689019
370037671.4425792
179309721.8377236
175803230.5878687
175803230.5878687
55623814.68272054
55623814.68272054
31400339.062153503
31400339.062153503
27964253.954603232
20042783.48061846
14151631.063448625
14151631.063448625
8495089.106153922
3024553.621683596
2170918.4429036384
2170918.4429036384
1366347.0832058904
606100.3234938968
606100.3234938968
439312.4565843358
439312.4565843358
439312.4565843358
432600.2652999359
221406.77422698017
107362.22031510877
71375.38781766701
71375.38781766701
71375.38781766701
71375.38781766701
43906.66170961136
43906.66170961136
25197.2497482806
25197.2497482806
20853.838267313306
20853.838267313306
20853.838267313306
20853.838267313306
20853.838267313306
20853.838267313306
20853.838267313306
20853.838267313306
20853.838267313306
10934901932.501102
6047077591.416801
4058331330.6850243
2284563065.791279
1319058527.4604518
639163255.0349089
338731277.9804316
156166608.13781357
78848177.45567438
50268015.54889851
35189666.47549418
35189666.47549418
21084179.75127613
10817044.523834126
3844394.738461843
2518973.3681664523
2518973.3681664523
2518973.3681664523
2518973.3681664523
2402534.019117978
1110306.6609028855
1110306.6609028855
688434.31620232
490674.5178370049
490674.5178370049
444018.82319749094
353738.65567102603
353738.65567102603
325814.9015318551
133335.31033005248
133335.31033005248
133335.31033005248
100964.18993721867
100964.18993721867
100964.18993721867
73429.623521948
62221.46653402011
62221.46653402011
62221.46653402011
62221.46653402011
54151.563844270204
54151.563844270204
54151.563844270204
54151.563844270204
35052.58373215228
35052.58373215228
32472.399988993962
32472.399988993962
32472.399988993962
32472.399988993962
32472.399988993962
32472.399988993962
19458.616577903667
19458.616577903667
19458.616577903667
19458.616577903667
17527.697531124577
17527.697531124577
17527.697531124577
17527.697531124577
17525.33783910882
17525.33783910882
14881.942071500613
14881.942071500613
14881.942071500613
14881.942071500613
14881.942071500613
14881.942071500613
14881.942071500613
14881.942071500613
14881.942071500613
10934901932.501102
6305240333.120083
3400983970.056355
2064857040.2795231
1427778781.6275992
887219734.5322982
523194507.45675975
370336512.4612172
102796799.9268981
102796799.9268981
98379756.90996842
51514266.51554817
29159561.025851365
29159561.025851365
20434357.020719044
16582492.046619298
6414174.14921266
6414174.14921266
6414174.14921266
3023184.7245561765
3023184.7245561765
1698272.382632034
487552.94838195015
487552.94838195015
487552.94838195015
478137.25553270965
385371.1944553711
204061.71412368963
193469.28048069446
181542.54191490353
128569.02341381997
128569.02341381997
110930.73298823183
82103.56512396967
70464.83942517641
70464.83942517641
44286.28595110161
44286.28595110161
40617.50859309943
40617.50859309943
40617.50859309943
40617.50859309943
40617.50859309943
29139.15476090069
29139.15476090069
29139.15476090069
29139.15476090069
28823.806398578992
22995.023542202172
22995.023542202172
13713.856560699318
13713.856560699318
13713.856560699318
13713.856560699318
13713.856560699318
13321.85230502205
13321.85230502205
13321.85230502205
13321.85230502205
13321.85230502205
13321.85230502205
13321.85230502205
13321.85230502205
13321.85230502205
10934901932.501102
4760478911.389924
2806239654.7499537
814813716.7957762
683680834.0139331
165700840.94061175
54272557.379013
41175175.50111361
41175175.50111361
41175175.50111361
26682920.231127657
26682920.231127657
11277971.800645452
8190508.707296719
3197970.1583021646
3197970.1583021646
3197970.1583021646
3197970.1583021646
2238159.4206192857
1389846.836817946
963659.9243156331
963659.9243156331
963659.9243156331
753100.1957004662
432560.67949654715
432560.67949654715
324751.81523685926
234803.66367485875
234803.66367485875
153438.62332680222
153438.62332680222
131345.47849205037
67481.34645123317
60577.693937819626
60577.693937819626
30939.79639962722
30939.79639962722
30939.79639962722
30939.79639962722
30939.79639962722
29835.6472075736
29835.6472075736
29835.6472075736
29835.6472075736
26635.36506509364
26635.36506509364
14439.750722046201
14439.750722046201
14439.750722046201
14439.750722046201
14439.750722046201
14439.750722046201
14439.750722046201
14439.750722046201
14439.750722046201
10934901932.501102
4122671290.741147
3005221811.4079576
870811427.1351177
325681118.21045107
325681118.21045107
276632838.3847738
229984424.54638717
168236533.38188824
138680878.54266024
68252437.86121798
26435394.871374402
18382474.687064245
14567737.100530911
6204168.041100412
6204168.041100412
5161567.26155245
5161567.26155245
1428542.0480098883
1428542.0480098883
1428542.0480098883
901199.097654808
901199.097654808
564330.7481705201
290918.1292283657
290918.1292283657
279473.19920050993
80211.94181020674
70244.38203248971
70244.38203248971
58436.823229039765
46980.88457264318
44958.947205009914
44958.947205009914
44958.947205009914
28752.14243234635
28752.14243234635
28752.14243234635
28752.14243234635
28752.14243234635
20914.614262350136
20914.614262350136
20905.845981044025
20905.845981044025
17015.663769285668
17015.663769285668
17015.663769285668
17015.663769285668
17015.663769285668
17015.663769285668
17015.663769285668
17015.663769285668
14322.54106962352
14322.54106962352
14322.54106962352
14322.54106962352
14322.54106962352
14322.54106962352
14322.54106962352
14322.54106962352
13694.468209671444
13694.468209671444
13694.468209671444
13694.468209671444
13694.468209671444
13694.468209671444
13694.468209671444
13694.468209671444
13694.468209671444
10934901932.501102
5025193204.802469
2967178671.7428865
1346555086.3823292
572882363.2576625
249083998.87652007
139608277.52118042
98241059.05602515
75789711.37030928
49544371.264770195
15266841.920961373
15266841.920961373
15266841.920961373
15266841.920961373
7097090.258631199
6335030.549858098
4900841.871961905
4010778.502226795
4010778.502226795
3220627.8492431156
1289977.2016028604
1289977.2016028604
442976.378451747
358732.7570026142
309065.9327968035
309065.9327968035
309065.9327968035
266489.8070123841
104866.56059822922
104866.56059822922
96297.27700923581
96297.27700923581
58518.90197023476
58181.16152846089
58181.16152846089
46720.876888248844
31388.934595373372
31388.934595373372
31388.934595373372
31388.934595373372
15364.50997592983
15364.50997592983
15364.50997592983
15364.50997592983
15364.50997592983
15364.50997592983
15364.50997592983
15364.50997592983
14418.25083561396
14418.25083561396
14418.25083561396
14216.934712300765
14216.934712300765
14216.934712300765
14216.934712300765
14216.934712300765
14216.934712300765
13781.278356927967
13781.278356927967
13781.278356927967
13781.278356927967
13781.278356927967
13781.278356927967
8452.423649406937
8452.423649406937
8452.423649406937
8452.423649406937
8452.423649406937
8452.423649406937
8452.423649406937
8452.423649406937
8452.423649406937
10934901932.501102
5730269629.316965
3065032761.8540244
1023273719.9204181
411303962.63264185
126206729.73500599
118668261.04477915
111679651.82552479
38775250.21596468
21427267.934984814
21427267.934984814
15044853.725445876
12185818.507538853
10299636.47135526
8861152.877252677
6558855.822991676
6101428.030987769
2157492.125653464
2157492.125653464
681410.3429486296
681410.3429486296
681410.3429486296
681410.3429486296
438031.7414247099
266480.2094832337
266480.2094832337
151829.20337909638
151829.20337909638
100769.17667591917
55194.24007747103
55194.24007747103
35718.996261650216
35718.996261650216
30613.659673923434
24505.10050991285
24505.10050991285
15271.15216825753
15271.15216825753
15271.15216825753
15271.15216825753
15271.15216825753
15271.15216825753
15271.15216825753
14865.313133898453
14865.313133898453
13202.794444937612
13202.794444937612
13202.794444937612
13202.794444937612
13202.794444937612
13202.794444937612
13202.794444937612
13202.794444937612
13202.794444937612
10934901932.501102
4233582015.631363
2772450690.1799455
1897240417.2804935
1186659882.9266078
401780470.3641553
122403170.08346361
84616735.8417274
84616735.8417274
51964489.70500236
51964489.70500236
25118331.268165737
10904000.065624539
2952568.0681086252
2952568.0681086252
2952568.0681086252
1695790.728381652
1577769.8792912075
1577769.8792912075
1550372.4911064822
1550372.4911064822
739347.802007319
272108.25149335415
271401.74521236937
258384.01162912828
258384.01162912828
165455.06354939024
110238.48340940135
94345.89989151615
54876.67667363976
44245.44715946035
33247.57328030774
33247.57328030774
33247.57328030774
31118.095245768753
24523.57415031728
24523.57415031728
24523.57415031728
24523.57415031728
24523.57415031728
24523.57415031728
24523.57415031728
24523.57415031728
18815.762786643052
18815.762786643052
18815.762786643052
18815.762786643052
18815.762786643052
18815.762786643052
18815.762786643052
18815.762786643052
18815.762786643052
10934901932.501102
4177331405.731606
2144024274.5629485
1000799091.6779526
903563304.5864131
294517205.6996956
140635384.15560862
122271377.44217356
84407380.53948733
39045054.622906156
39045054.622906156
20996130.61839381
20996130.61839381
14808364.575260239
11831370.640642706
8624829.552934729
7832436.036106411
5693588.285510881
2222974.90508371
1662564.1948941238
1297817.8860996757
1120674.8108538934
1120674.8108538934
1120674.8108538934
831970.0796009734
648186.5024900025
505670.2724524333
505670.2724524333
505670.2724524333
445942.30856631295
329163.0507248895
329163.0507248895
150118.65383373227
150118.65383373227
81489.8219598072
81489.8219598072
65823.21577585927
54368.28506737763
45874.80099206209
42574.63711315121
42574.63711315121
42574.63711315121
42574.63711315121
42574.63711315121
42574.63711315121
41807.721444531475
41807.721444531475
32992.84601522754
25383.581013492356
25383.581013492356
25383.581013492356
25383.581013492356
25383.581013492356
25383.581013492356
25383.581013492356
25383.581013492356
25383.581013492356
10934901932.501102
4813716777.998622
1963095555.2866447
1222467778.5097325
1080236243.5327325
448679083.6435401
186452071.4384398
97303646.8819888
97303646.8819888
57879132.26224649
33129933.185029346
4558447.717086496
4558447.717086496
4558447.717086496
4558447.717086496
4225020.165692898
3869650.6953923367
3869650.6953923367
1340905.8449927953
1340905.8449927953
1340905.8449927953
1340905.8449927953
716256.0981605123
282285.1189729078
282285.1189729078
275467.24766642
173583.96916958675
173583.96916958675
129239.27771896528
97548.91619816324
97548.91619816324
74877.32979370732
45513.91239949469
37558.252333639764
37558.252333639764
31573.378212666677
31573.378212666677
26495.98499108961
23171.042724614308
23171.042724614308
23171.042724614308
23171.042724614308
23171.042724614308
23171.042724614308
23171.042724614308
23171.042724614308
23171.042724614308
10934901932.501102
4270180872.6109667
1583130129.278735
468907825.53465456
367957230.3741151
367957230.3741151
129148842.14982836
74075325.93872906
57175413.10386305
32338693.83366598
27785710.28583087
24526948.425171334
24526948.425171334
23666717.708180137
10704403.269058924
8868050.609209096
2478163.908918752
2478163.908918752
2263602.4354874496
2263602.4354874496
585186.9838578306
585186.9838578306
585186.9838578306
561648.5261507756
324797.2543035116
324797.2543035116
277218.69395120593
277218.69395120593
182644.74911988172
127193.98822844896
94397.00898188657
94397.00898188657
93835.38788834198
56727.80436314457
56727.80436314457
56727.80436314457
56727.80436314457
15236.462402374806
15236.462402374806
15236.462402374806
15236.462402374806
15236.462402374806
15236.462402374806
15236.462402374806
15236.462402374806
15236.462402374806
10934901932.501102
4515417120.179454
2697849554.206849
696498394.9884031
247888187.77214545
247888187.77214545
232642977.19455117
161631581.141584
127628051.76743597
69872210.03353938
40614332.701939054
25443421.615144003
25443421.615144003
25443421.615144003
24306895.18885284
11222939.3150597
10378491.966617934
3458633.8234706577
3458633.8234706577
1970653.259917378
1970653.259917378
1403166.4931300269
1144339.0721244242
1144339.0721244242
838119.3439004703
838119.3439004703
621170.4044295298
461533.39637397474
272078.7746159366
272078.7746159366
267988.0834787654
262956.5071683153
193255.1739439369
178313.81854607817
78504.02510644289
63589.57937511242
63589.57937511242
46245.26891832232
46245.26891832232
46245.26891832232
46245.26891832232
16050.07972332384
16050.07972332384
16050.07972332384
16050.07972332384
16050.07972332384
16050.07972332384
16050.07972332384
16050.07972332384
16050.07972332384
10934901932.501102
4213953576.49968
2850858987.5848866
2202230338.596975
983825880.9067856
773600084.6540678
239767412.4346359
87818841.47824663
87818841.47824663
43715852.843157895
37932434.69421604
22346105.388285916
16117465.84523608
16117465.84523608
5537470.120150899
3722668.9327204134
1652595.1731413305
1652595.1731413305
1652595.1731413305
1652595.1731413305
1652595.1731413305
1107372.339724684
866629.6957271287
418892.953162694
237684.92179982158
237684.92179982158
96795.18762003316
64207.5936032002
64207.5936032002
17327.709695566227
17327.709695566227
17327.709695566227
17327.709695566227
17327.709695566227
17327.709695566227
17327.709695566227
17327.709695566227
17327.709695566227
10934901932.501102
5633876931.867013
2851156170.48107
1106217358.351066
567230760.048496
