5836294434.411734
3262374044.615669
1015595975.4121642
358212507.69989777
220748355.8006453
101318921.97813688
75916271.60247082
50974200.34586781
19900317.909822058
19900317.909822058
10267187.723535128
7836452.653800712
5295311.695808925
5295311.695808925
3155638.9231012957
2802341.539687732
2798730.550507233
2798730.550507233
2143570.2406058237
1275049.5329755512
889368.0562054692
889368.0562054692
889368.0562054692
563006.6621023339
392872.649482896
287408.3591608593
175944.38783932626
175944.38783932626
144718.11712074303
144718.11712074303
143184.71673465174
143184.71673465174
116438.31001664532
60420.92039253061
46972.11701655782
36358.401812425735
35767.42500133515
35767.42500133515
35767.42500133515
33056.45012899779
33056.45012899779
28285.06286989128
28285.06286989128
28285.06286989128
28285.06286989128
28285.06286989128
28285.06286989128
28285.06286989128
28285.06286989128
23356.210568997478
23356.210568997478
13081.375730220932
13081.375730220932
13081.375730220932
13081.375730220932
13081.375730220932
13081.375730220932
13081.375730220932
13081.375730220932
13081.375730220932
8708885318.779688
4279540668.738466
3244924391.8107224
1380779970.2930713
672126212.9619224
408924808.22521377
226739666.98312858
152256233.77785456
26793199.20525409
26793199.20525409
21626484.398082998
17180144.810566787
13257082.565366087
5568829.1874171635
1634917.405328936
1634917.405328936
1634917.405328936
1112322.4992310116
1025817.2024774929
477830.61919247976
435912.808001372
435912.808001372
246761.225458379
246761.225458379
246761.225458379
229858.3215670576
41795.22602988558
41795.22602988558
41795.22602988558
41795.22602988558
41795.22602988558
25574.299057755616
23816.797691291722
23816.797691291722
19680.098606544496
19680.098606544496
19680.098606544496
19680.098606544496
19680.098606544496
19680.098606544496
15049.54251114314
15049.54251114314
15049.54251114314
15049.54251114314
15049.54251114314
15049.54251114314
15049.54251114314
10544.392697271016
10544.392697271016
10544.392697271016
10544.392697271016
10544.392697271016
10544.392697271016
10544.392697271016
10544.392697271016
10544.392697271016
8708885318.779688
5111794892.889458
2685445390.7225633
1312057450.0998175
279641051.56983066
216903190.13403615
192227167.7369898
104908029.49898548
104908029.49898548
46375330.008910075
40059044.5338997
29631718.342116807
29631718.342116807
19206357.035187557
19206357.035187557
16927615.98023658
16250566.999381423
15410231.606784804
9806687.283700248
9806687.283700248
6323477.323215451
3253005.386913878
3253005.386913878
2812989.3369206144
2812989.3369206144
2117278.484396309
934843.5731637224
934843.5731637224
934843.5731637224
705104.3564513663
705104.3564513663
477046.8193754301
229582.6264660801
229582.6264660801
117859.64829977197
102233.7354253693
102233.7354253693
70998.65098313232
44935.14084342667
44935.14084342667
16482.288224693773
16482.288224693773
16482.288224693773
16482.288224693773
16482.288224693773
16482.288224693773
16482.288224693773
16482.288224693773
16482.288224693773
8708885318.779688
5047829324.128454
3415031817.4387245
583270192.0236559
127271730.05927113
127271730.05927113
127271730.05927113
45197448.55391061
39123042.53270409
34639306.74125591
23223811.354133148
21782182.065297853
13746189.005984364
13746189.005984364
7920395.440123562
7920395.440123562
5004806.397543704
2493672.586853002
2493672.586853002
2000896.9354361051
680107.9408976556
680107.9408976556
680107.9408976556
460282.9566020069
460282.9566020069
385524.647650548
194596.90340581848
98376.43040802101
98376.43040802101
98376.43040802101
98376.43040802101
98376.43040802101
56893.11264956646
56893.11264956646
56893.11264956646
56893.11264956646
34036.830772542235
34036.830772542235
34036.830772542235
34036.830772542235
34036.830772542235
28637.619553477758
28637.619553477758
28586.415776014423
7910.76500916709
7910.76500916709
7910.76500916709
7910.76500916709
7910.76500916709
7910.76500916709
7910.76500916709
7910.76500916709
7910.76500916709
8708885318.779688
5177501011.525373
3257795279.93714
952440330.4158192
451310021.0404488
269239817.6079734
200997753.72956407
138804312.63077444
85357224.45787619
83729997.77084003
56799679.68503016
27108518.458682533
24685590.98065612
20911538.07184879
15255234.127060222
15255234.127060222
13979769.416366542
10029616.221719814
10029616.221719814
5148991.205324774
2619610.790990343
1962879.5910527336
1962879.5910527336
1962879.5910527336
1326863.186470215
394249.6368992785
394249.6368992785
361791.10078160424
361791.10078160424
231999.3696288577
231999.3696288577
157680.96393388932
157680.96393388932
134472.05694424885
33501.05857117
33501.05857117
14821.593477531085
14821.593477531085
14821.593477531085
14821.593477531085
14821.593477531085
14821.593477531085
14821.593477531085
14821.593477531085
12954.247974660877
12954.247974660877
12954.247974660877
12954.247974660877
12954.247974660877
12954.247974660877
12954.247974660877
12954.247974660877
12954.247974660877
8708885318.779688
4790947166.746739
2164497017.2947583
1085816795.8738976
429013469.16699153
320312591.7391878
144703246.7513534
110444373.61450525
76117316.75844418
29840764.757803228
29840764.757803228
29840764.757803228
22101161.76759212
20088031.390857328
19403943.165860437
18021466.58362212
18021466.58362212
12561119.789304134
4558022.92550349
4558022.92550349
2693346.253415485
2306740.796126708
1036156.2592138096
1036156.2592138096
1036156.2592138096
836653.4202830463
718151.7905786659
432774.99107256415
432774.99107256415
417651.42874984146
311752.8676459677
241595.97194770427
174395.91130612275
174395.91130612275
115557.17465537818
115557.17465537818
115557.17465537818
37588.21000002674
31370.89937508676
31370.89937508676
31370.89937508676
14314.734346707808
14314.734346707808
14314.734346707808
14314.734346707808
14314.734346707808
14314.734346707808
5643.708506229674
5643.708506229674
5643.708506229674
5643.708506229674
5643.708506229674
5643.708506229674
5643.708506229674
5643.708506229674
5643.708506229674
8708885318.779688
3907582914.243496
1656048810.9523141
848596094.7502409
445689447.7338878
275380237.15888524
87350414.8683892
54843597.09844364
54843597.09844364
35772218.23895955
22211827.974744957
22211827.974744957
22211827.974744957
8691757.496389754
8691757.496389754
6850877.186868321
6257051.751275017
3047774.012648883
2617975.6585203107
1768939.3646508274
757413.407106406
757413.407106406
528632.476367381
528632.476367381
184700.90607786566
151858.14321142118
151858.14321142118
81501.27195379096
81501.27195379096
73180.70489197022
53880.02776039458
39165.28985213265
38700.99119061916
30956.72026831153
30956.72026831153
27398.693936932657
27398.693936932657
21991.107621603536
17431.273345675683
17431.273345675683
17431.273345675683
17431.273345675683
17431.273345675683
17431.273345675683
17431.273345675683
17431.273345675683
17431.273345675683
8708885318.779688
3847846633.531704
2658635287.4854164
1368084049.412733
120118615.8686592
38962683.01012142
38962683.01012142
30601292.38745928
30601292.38745928
12048964.166480722
10656851.366079291
10656851.366079291
6511329.340516875
4141502.5388594656
3826148.8904106733
1865758.346699999
1441345.2051189186
635400.9270248241
635400.9270248241
491974.6413959719
432107.4955450654
432107.4955450654
376348.2042531605
226609.07045080807
156416.7990242043
155602.53130068703
155602.53130068703
114594.44629018767
107825.17953126153
72013.79536298904
72013.79536298904
72013.79536298904
38169.04652101392
38169.04652101392
32080.354144486453
32080.354144486453
29495.27640718042
29495.27640718042
21931.908934152623
21931.908934152623
21931.908934152623
21931.908934152623
21931.908934152623
21931.908934152623
21931.908934152623
21931.908934152623
21931.908934152623
8708885318.779688
4790899360.826008
2806245728.243325
969953829.1102772
610097371.3978122
168354850.56788406
168354850.56788406
161628978.428691
150924986.18561035
61030750.42817128
29049191.00099217
21999906.633900408
17234280.469635833
5471088.800696536
5471088.800696536
5471088.800696536
4072314.1175885955
4020069.4117788733
4020069.4117788733
2444181.9850842766
2444181.9850842766
1399928.50186223
782255.3017839425
765006.5694779226
385559.81896054675
263512.24383762595
263512.24383762595
136980.8841490216
136980.8841490216
89043.74796688919
89043.74796688919
79424.24149860306
78737.85657570449
51416.5516955013
26051.162331168158
26051.162331168158
26051.162331168158
26051.162331168158
26051.162331168158
26051.162331168158
26051.162331168158
26051.162331168158
21896.25063587048
21896.25063587048
21896.25063587048
21896.25063587048
12814.017605526185
8831.242219556745
8831.242219556745
8831.242219556745
8831.242219556745
8831.242219556745
8831.242219556745
8831.242219556745
8831.242219556745
8831.242219556745
8708885318.779688
4753277586.813268
3304113556.816951
1328833640.818363
667540325.6508604
309390781.74289167
84959267.9460399
84959267.9460399
72052237.01382743
34416622.64568007
18672617.33126543
18672617.33126543
16305665.179032039
3889266.1617618366
3723603.0155893704
3723603.0155893704
3163365.887617699
3163365.887617699
1296819.5842062149
1296819.5842062149
639025.6223545831
299380.6182963868
299380.6182963868
279866.0233658335
279866.0233658335
234482.09886702502
234482.09886702502
132233.38140209232
132233.38140209232
116554.60474131546
106516.78339054686
74609.89418705893
74609.89418705893
74609.89418705893
55995.12120109503
31924.1990031605
30775.393680800564
29236.602959299806
29236.602959299806
29236.602959299806
29236.602959299806
29236.602959299806
27689.720671029456
27689.720671029456
20933.107722742578
20933.107722742578
17349.5707082954
17349.5707082954
16350.649634551435
16350.649634551435
16350.649634551435
16350.649634551435
16350.649634551435
16350.649634551435
13882.291655471721
13882.291655471721
13882.291655471721
13882.291655471721
13882.291655471721
13882.291655471721
9705.4446056044
9705.4446056044
9705.4446056044
9443.471254410479
9443.471254410479
9443.471254410479
9443.471254410479
9443.471254410479
9443.471254410479
9443.471254410479
9443.471254410479
9443.471254410479
8708885318.779688
4417430153.511287
1033982648.4189432
569143969.2395229
160652167.28359085
135854965.00273818
135854965.00273818
99522503.59269577
80641746.666837
66608069.7982749
35967647.946659505
20887924.83452091
20887924.83452091
8460884.994032566
8460884.994032566
8460884.994032566
5404609.607422899
3431684.5658125877
3431684.5658125877
2763869.6801433377
2180827.8337203073
2019655.9948506763
1989367.1308513384
800674.8331969483
493480.53581175115
327065.6845078367
245232.92973791543
186913.04813326552
130882.00171134647
130786.93546027638
130786.93546027638
130786.93546027638
130786.93546027638
124734.11143111344
29030.82689738211
29030.82689738211
29030.82689738211
29030.82689738211
29030.82689738211
29030.82689738211
29030.82689738211
29030.82689738211
29030.82689738211
8708885318.779688
2784698303.221866
2402456044.227186
1190438588.897377
382424165.3376514
375342744.2220996
234962220.66200444
155047360.7482549
101552118.15520544
20401588.500769217
20401588.500769217
20401588.500769217
14782368.025386997
10270258.192975888
4560744.253483434
4560744.253483434
4560744.253483434
4155575.4427975616
4069925.4792831107
1230946.4916598953
1230946.4916598953
1098721.8129718797
799274.7039653109
799274.7039653109
640911.1248478768
640911.1248478768
491968.0911172095
390940.38399784133
190013.32239564336
190013.32239564336
190013.32239564336
190013.32239564336
190013.32239564336
186265.85845531285
186265.85845531285
184677.45189865702
47401.09255893184
47401.09255893184
47401.09255893184
47401.09255893184
47280.42681706384
47280.42681706384
43380.25069193252
43380.25069193252
36166.10653890422
29983.136394810896
28949.771017856987
28949.771017856987
28949.771017856987
28949.771017856987
23050.675510964353
23050.675510964353
23050.675510964353
23050.675510964353
23050.675510964353
23050.675510964353
23050.675510964353
23050.675510964353
23050.675510964353
8708885318.779688
1996377110.2806785
1996377110.2806785
775264973.1390315
456191575.72295755
132803560.92172234
132803560.92172234
103958626.16658159
79021098.04514848
44506216.50240699
42398169.12891982
26816233.991099387
26816233.991099387
15367784.224393427
13559497.59825719
13216337.525098648
13216337.525098648
6019471.757269643
3821696.552256963
2748352.505368217
1081591.6748774133
627546.7693540024
341290.3918285744
341290.3918285744
341290.3918285744
327868.4405975909
181241.5351772111
181241.5351772111
118216.01217292323
91313.42977667743
82779.04526124331
82779.04526124331
43059.16708129672
40605.14440664019
40605.14440664019
40605.14440664019
40605.14440664019
22746.760222398552
17484.87248980996
17484.87248980996
17484.87248980996
15587.263088480022
15587.263088480022
15587.263088480022
15554.638981217666
15554.638981217666
8967.94526721031
8967.94526721031
8967.94526721031
8967.94526721031
8967.94526721031
8967.94526721031
8967.94526721031
8967.94526721031
8967.94526721031
8708885318.779688
1644924011.457874
1533115861.3483245
998671054.8984804
332731651.1145385
193042866.17046073
193042866.17046073
116175132.59558354
43188833.57190458
26139459.00741044
26139459.00741044
26139459.00741044
20828579.567453388
4433429.256655818
4433429.256655818
4433429.256655818
2714643.416843565
2096052.9239299437
2022430.9254487439
1131474.3555408805
1131474.3555408805
1131474.3555408805
630878.0909131584
630878.0909131584
595922.566692056
311603.8048852403
190172.11900610465
190172.11900610465
79561.51549077881
79561.51549077881
79561.51549077881
56689.93482940335
56689.93482940335
14907.738582907634
14907.738582907634
14907.738582907634
14907.738582907634
14907.738582907634
14907.738582907634
14907.738582907634
14907.738582907634
14907.738582907634
8708885318.779688
1530195882.013645
1530195882.013645
771115289.6105182
239747186.16218004
176583190.19913045
117019313.94982697
104708901.82262336
64472138.62278173
63439328.04789261
63439328.04789261
56036984.35483191
37908080.991237745
28232422.539842356
26973791.22662897
26973791.22662897
10428928.24752631
10428928.24752631
10428928.24752631
5675306.584135751
5675306.584135751
3745117.0261884676
3745117.0261884676
2922468.897315173
2730742.401880215
2473341.705311535
2473341.705311535
667582.0556342631
667582.0556342631
619787.5823332107
324687.3920561612
324687.3920561612
202498.2369631071
142379.0598987127
142379.0598987127
142379.0598987127
97295.04775345023
97295.04775345023
78392.52857623617
64623.378265994885
64623.378265994885
64623.378265994885
56860.82942217627
47104.671934050966
30049.727350336394
17266.89758855925
17266.89758855925
17266.89758855925
17266.89758855925
17266.89758855925
17266.89758855925
13738.388058311042
13738.388058311042
12230.555954257092
12230.555954257092
7933.742170156877
7933.742170156877
7933.742170156877
7933.742170156877
7933.742170156877
7933.742170156877
7933.742170156877
7933.742170156877
7933.742170156877
8708885318.779688
1534340881.8881578
1106474120.6590033
631356644.0758635
389255131.4358834
266249968.36514655
150797637.659304
111293500.50293675
45902755.33241766
27717466.129283544
27717466.129283544
27717466.129283544
8496190.876345834
8496190.876345834
8496190.876345834
5579143.083959966
3827333.48114328
3400982.920624059
3119277.3893531426
1769818.434172449
1300926.6776383726
938040.6683790954
556340.891733207
304082.4485951661
198870.95779838326
165501.3056424798
165501.3056424798
86976.56043870612
68433.22685081411
68433.22685081411
57686.64247955553
57686.64247955553
56944.81366078965
56944.81366078965
21335.759576952045
21335.759576952045
21335.759576952045
21335.759576952045
21335.759576952045
20137.585557262806
20137.585557262806
20137.585557262806
20137.585557262806
20137.585557262806
20137.585557262806
20137.585557262806
20137.585557262806
20137.585557262806
8708885318.779688
1414879650.0171165
1414879650.0171165
980728072.1215833
515286541.6948697
225340778.8188772
115595112.87542742
71008410.29096551
44747185.639136136
44747185.639136136
6437085.284311094
6437085.284311094
6437085.284311094
6437085.284311094
3155884.1302704485
2729518.6440806645
1076515.8438418193
1076515.8438418193
829533.9919581132
688075.3081628081
338628.0032401175
329233.3609108185
284075.416685473
284075.416685473
146581.77521161688
146581.77521161688
110028.92241410553
78190.63950641346
50060.662144336464
50060.662144336464
50060.662144336464
43774.913319267005
43774.913319267005
33441.71992260332
33441.71992260332
33441.71992260332
33441.71992260332
21465.181496003283
21465.181496003283
21465.181496003283
18519.24859765707
18519.24859765707
18519.24859765707
18519.24859765707
18519.24859765707
13513.592420739187
13513.592420739187
13513.592420739187
13513.592420739187
13513.592420739187
13513.592420739187
11002.875458776542
11002.875458776542
11002.875458776542
11002.875458776542
11002.875458776542
11002.875458776542
11002.875458776542
11002.875458776542
11002.875458776542
8708885318.779688
2839842965.133371
2839842965.133371
1235173846.973416
867121677.0288504
249923147.42915782
171089834.62382346
152709549.61559528
131844287.95565535
126983857.02971525
92629792.3826263
89119537.62453154
82914138.07776263
20767311.93462189
20767311.93462189
15702110.348783001
12013736.880469456
8740463.056901287
8740463.056901287
2932795.3144025872
2726923.217932011
2726923.217932011
2726923.217932011
1913694.0367944583
1913694.0367944583
1310821.972718427
1051335.6215725627
754679.4811828744
317140.46715841093
301694.0490029198
301694.0490029198
249737.60720465652
161677.111448667
161677.111448667
144478.23430733068
79141.74735094621
28439.786120713652
28439.786120713652
28439.786120713652
28439.786120713652
28439.786120713652
28439.786120713652
28439.786120713652
20902.017031313004
20902.017031313004
20902.017031313004
20902.017031313004
20902.017031313004
20902.017031313004
11065.968053207784
11065.968053207784
11065.968053207784
11065.968053207784
11065.968053207784
11065.968053207784
11065.968053207784
8802.283385809635
8802.283385809635
8802.283385809635
8802.283385809635
8802.283385809635
8802.283385809635
8802.283385809635
8802.283385809635
8802.283385809635
8708885318.779688
1606689540.1870377
1550518195.41249
891615163.3771613
599581973.5699813
246593833.6583565
164091947.68741852
147807896.43758827
61190860.18447647
54893169.91347398
51753126.95047597
29501330.86369873
29501330.86369873
19618234.21671379
9002168.493600408
9002168.493600408
