5852062692.1246195
1926599353.6821175
1446119698.4427388
883181440.6287603
530593388.06693
297628006.63371795
168474044.44996515
168474044.44996515
87099694.85601647
80300579.81424226
43609743.81770526
43609743.81770526
36541661.11766769
12845574.148001382
12845574.148001382
10159636.336303508
7500533.659339295
7500533.659339295
6177514.881873065
3210579.214816523
3210579.214816523
2200638.7287305775
2200638.7287305775
2194488.0952218506
511688.2503436093
475248.61178177054
475248.61178177054
347210.3139804168
347210.3139804168
312437.4394238924
312437.4394238924
252387.000083882
235436.3460563319
235436.3460563319
230271.7597378107
182885.64944556807
123925.8812696992
87860.00711838013
39304.24939356823
39304.24939356823
39304.24939356823
39304.24939356823
39304.24939356823
39304.24939356823
26199.591372108243
26199.591372108243
26199.591372108243
26199.591372108243
24258.912490470215
19660.06861722673
19660.06861722673
19660.06861722673
19660.06861722673
19660.06861722673
19660.06861722673
19660.06861722673
19660.06861722673
19660.06861722673
15501.967527018833
15501.967527018833
15501.967527018833
15501.967527018833
15501.967527018833
15501.967527018833
15501.967527018833
15501.967527018833
15501.967527018833
10733743004.142471
5434832727.121383
1385463058.5782855
867120526.8666396
480704346.2333983
248670265.47140732
114148521.79861869
55051346.55591625
55051346.55591625
25312533.368478443
13601654.430536998
8018705.699825238
7109478.589280475
4784655.865333304
2298998.3590185917
2298998.3590185917
2137116.861334506
1860917.2283505898
1860917.2283505898
1155362.8419433718
1130311.394559842
635868.3714700083
635868.3714700083
516366.81427978264
516366.81427978264
448918.27506396134
291160.78722772276
140112.5977067136
140112.5977067136
140112.5977067136
134784.57092145178
46809.96345155568
46809.96345155568
46809.96345155568
46809.96345155568
46809.96345155568
27703.841387128068
27703.841387128068
22788.51256891694
22788.51256891694
18079.758851536888
15097.537238693572
15097.537238693572
15097.537238693572
11681.011401542228
11681.011401542228
11681.011401542228
7836.5568994657
7836.5568994657
7836.5568994657
7836.5568994657
7836.5568994657
7836.5568994657
7836.5568994657
7836.5568994657
7836.5568994657
10943557153.215088
6841979588.344273
3209752157.613653
1712989630.770293
441106672.7627611
273420778.3660101
108573882.38565493
108573882.38565493
108573882.38565493
36690520.38879829
36690520.38879829
36690520.38879829
21197348.746597752
18604581.79198007
12712559.786603685
11268299.46546838
6345896.7616345
5730526.399868409
5294850.165096623
5294850.165096623
3382354.34032882
1625973.2805457483
1625973.2805457483
1625973.2805457483
1625973.2805457483
606460.1791717743
164637.7566078902
163030.51731256614
163030.51731256614
163030.51731256614
163030.51731256614
80698.6044118482
64073.317109180374
6394.0320063490335
6394.0320063490335
6394.0320063490335
6394.0320063490335
6394.0320063490335
6394.0320063490335
6394.0320063490335
6394.0320063490335
6394.0320063490335
10943557153.215088
7155888331.406179
3420923400.006433
774713377.1389848
439143484.2909357
181729578.12732205
127232836.55782446
108817425.32330607
108817425.32330607
86763906.9275285
32945839.949407123
32945839.949407123
15843997.929167496
15421576.392587285
9887243.22661154
9887243.22661154
5220954.074705582
5220954.074705582
5220954.074705582
3756679.766609737
2150917.0621319367
2150917.0621319367
1179167.4978822174
193792.9867077994
193792.9867077994
193792.9867077994
66811.73525305846
66811.73525305846
66811.73525305846
53261.19874125045
53261.19874125045
8873.90038038317
8873.90038038317
8873.90038038317
8873.90038038317
8873.90038038317
8873.90038038317
8873.90038038317
8873.90038038317
8873.90038038317
10943557153.215088
7343165259.26261
3741260136.373949
1205734422.6695893
558308776.1703544
260093138.2280564
260093138.2280564
104902890.66493098
64195712.59841264
59278889.34394684
41942892.139500774
22024762.05491406
17862464.840595458
17862464.840595458
14833576.342543552
11751894.580068609
8444375.33105231
4018242.929909626
2322448.2204403924
1137579.5544482293
1137579.5544482293
1137579.5544482293
426539.7216488955
426539.7216488955
314376.178495965
157661.080351863
157661.080351863
157661.080351863
100930.96042546499
79950.46639812869
63407.50397820758
59360.832576385124
40807.91685480883
40807.91685480883
37168.9579058414
33675.410575969996
33675.410575969996
27713.82316630411
18890.86618104677
18890.86618104677
18890.86618104677
18890.86618104677
18890.86618104677
18890.86618104677
17212.71476509243
17212.71476509243
17212.71476509243
17212.71476509243
17212.71476509243
17212.71476509243
17212.71476509243
17212.71476509243
17212.71476509243
10943557153.215088
6805725165.018098
3950059352.1607423
2132116788.4221807
1136552774.556415
585040936.9494946
255491738.9724624
189923030.26632363
55149141.78369511
32899906.57548867
32899906.57548867
31789828.685343616
20684963.293811824
20684963.293811824
17230926.302236583
14721901.793352447
10785931.632026972
6083697.914818655
3767063.475601192
3590435.377185101
1793210.8184761745
1144961.412561024
692296.7477254895
692296.7477254895
692296.7477254895
692296.7477254895
692296.7477254895
411505.8515362439
120732.57607906139
120732.57607906139
120732.57607906139
117327.9638968132
81166.24388554758
81166.24388554758
81166.24388554758
81166.24388554758
62336.819953322025
62336.819953322025
62336.819953322025
23256.033770917387
23256.033770917387
23256.033770917387
17000.80562101981
17000.80562101981
17000.80562101981
12176.300039251133
12176.300039251133
12176.300039251133
12176.300039251133
12176.300039251133
12176.300039251133
12176.300039251133
12176.300039251133
12176.300039251133
10943557153.215088
4786924768.1633215
4075027775.8910174
1718408285.572467
985741712.0541763
495418775.7370503
229105797.58242822
43962652.48919983
43962652.48919983
38492666.57459056
21548856.20322081
21548856.20322081
14137066.926420862
10470003.515634084
9754838.313877843
3916778.6881367797
3507744.1955747698
3507744.1955747698
2596578.044743195
2064523.4215891098
996283.9818165273
996283.9818165273
797212.9894471922
628602.7749886401
505324.73962308205
264906.7933758093
264906.7933758093
167893.71435614908
167893.71435614908
46519.12422920754
46519.12422920754
46519.12422920754
20343.398895567258
20343.398895567258
16674.512541956912
16674.512541956912
16674.512541956912
16674.512541956912
16674.512541956912
16674.512541956912
16674.512541956912
16674.512541956912
16674.512541956912
10943557153.215088
4185414950.026897
3196351070.199744
1289969768.1277213
903541993.2969863
386535768.96383417
240766595.35746536
115494597.51538919
115494597.51538919
115494597.51538919
47756837.032616094
25668080.61769876
10404128.221538153
8571613.28603706
8571613.28603706
2822633.1701679546
1126766.575030706
1126766.575030706
1126766.575030706
1126766.575030706
657386.901062098
325340.35364367993
325340.35364367993
132702.94845091662
132702.94845091662
119222.58645779666
119222.58645779666
77287.75701395854
77287.75701395854
77287.75701395854
56906.81604720421
56906.81604720421
33100.941398581315
33100.941398581315
33100.941398581315
31421.562963649914
31421.562963649914
31421.562963649914
31421.562963649914
31421.562963649914
31421.562963649914
28639.485507463673
28639.485507463673
28639.485507463673
28639.485507463673
26601.061031640198
26601.061031640198
21385.77722041833
21385.77722041833
21385.77722041833
21385.77722041833
21385.77722041833
21385.77722041833
21385.77722041833
21385.77722041833
21385.77722041833
10943557153.215088
4288342209.876367
4288342209.876367
2006601730.832159
1128433392.9969864
728738372.4687487
253253666.51284832
91858896.68751556
69676663.15016334
31641661.21162649
31641661.21162649
28558990.36659047
14863031.56611568
9528876.363483112
9528876.363483112
4031644.0049647857
4031644.0049647857
3496411.9140009293
1925773.7421455088
1008567.0370778755
1008567.0370778755
1008567.0370778755
404822.0477209028
404822.0477209028
404822.0477209028
256422.3212700838
256422.3212700838
166780.032438715
166780.032438715
166780.032438715
140758.8364793296
86800.80250201677
86800.80250201677
86800.80250201677
44812.704457301814
36122.09438071516
36122.09438071516
36122.09438071516
26905.797792935726
26905.797792935726
26905.797792935726
26905.797792935726
15928.882505925574
15928.882505925574
15928.882505925574
15928.882505925574
15928.882505925574
15928.882505925574
15928.882505925574
12643.201443095133
12643.201443095133
12643.201443095133
12643.201443095133
12643.201443095133
12643.201443095133
12643.201443095133
12643.201443095133
12643.201443095133
10943557153.215088
5510669895.4994955
3357933701.959098
1873729939.7890954
817069294.0050417
410878173.4056532
73472974.51425384
73472974.51425384
68823548.4260172
22510826.264373794
22510826.264373794
21814630.34839995
12230239.263033088
9117621.41932577
6175065.15848207
3306270.484539275
3306270.484539275
1546782.8738180294
598651.8424420899
598651.8424420899
496887.8055039128
496887.8055039128
393212.00198324013
393212.00198324013
304166.79191179905
189068.29064201642
107495.2085166807
74296.69850002452
74296.69850002452
74296.69850002452
51734.43734538946
37793.95238630691
37793.95238630691
37793.95238630691
37793.95238630691
36764.539959885835
36764.539959885835
36764.539959885835
36764.539959885835
36764.539959885835
36764.539959885835
30972.76039959255
30972.76039959255
30445.560767086066
18158.017445105215
18158.017445105215
18158.017445105215
18158.017445105215
18158.017445105215
18158.017445105215
18158.017445105215
18158.017445105215
18158.017445105215
10943557153.215088
4598700556.56697
3867757041.298503
1497139637.469391
755151690.465477
311919175.3294951
88340777.75500342
66630849.398698635
53709486.2027002
53709486.2027002
24087047.31861499
24087047.31861499
12610027.393500872
10349372.748270966
6105546.261204013
6105546.261204013
3983468.6649808954
1810046.0469041474
1810046.0469041474
1810046.0469041474
630427.4276107469
565961.9660855564
397333.18040356255
397333.18040356255
352492.3632028994
352492.3632028994
352492.3632028994
308153.3170436279
173228.66161877406
119269.48804817359
119269.48804817359
103137.65320320481
81283.006038058
67377.17331944549
67377.17331944549
46893.934057594495
25816.878535392654
24441.275478733874
24441.275478733874
24441.275478733874
19532.759193567803
19532.759193567803
19532.759193567803
19532.759193567803
19532.759193567803
19532.759193567803
19532.759193567803
19532.759193567803
19532.759193567803
10943557153.215088
3792706104.9997067
3792706104.9997067
1302230202.8431993
825916178.6651212
306823826.61517
252787274.60554963
202938615.94839326
116205274.3205985
60136956.08571567
39180706.75245384
26533539.592172913
24867133.684254102
15179228.43653681
10556345.76301547
7720800.793874805
7138734.569899595
4739778.161346386
4339980.358334802
3300800.169238879
2821667.813368087
2821667.813368087
870839.880444103
516916.19709425187
516916.19709425187
516916.19709425187
516916.19709425187
343805.66087589576
338270.7089916464
338270.7089916464
338270.7089916464
297420.1096638745
206121.84404495577
141863.98332101497
141863.98332101497
87088.82219856814
71385.24571895691
69919.65733583293
63299.63108196357
42573.16144419474
42573.16144419474
39324.225136705485
39324.225136705485
39324.225136705485
38931.7904537509
38931.7904537509
33162.248357799836
33162.248357799836
33162.248357799836
27671.872521712015
27671.872521712015
27671.872521712015
21268.0813809222
21268.0813809222
17546.06924148565
17546.06924148565
17546.06924148565
12256.02532538545
12256.02532538545
12256.02532538545
7945.865262023566
7945.865262023566
7945.865262023566
7945.865262023566
7945.865262023566
7945.865262023566
7945.865262023566
7945.865262023566
7945.865262023566
10943557153.215088
5485818995.979536
3573580992.313995
2637462934.0279756
868814537.6799406
508586275.2878623
111035879.66491818
98965291.67020088
98965291.67020088
33484498.951250162
17067436.48197147
17067436.48197147
7768630.1701983465
2412954.2908968437
2412954.2908968437
2412954.2908968437
1936314.6078312548
1936314.6078312548
1936314.6078312548
1442673.4810939627
1243834.188642035
1243834.188642035
932789.5979593825
696732.1070193115
544953.9473255771
245001.29393890628
111669.17414304314
111669.17414304314
33688.36784020505
33688.36784020505
33688.36784020505
33688.36784020505
33688.36784020505
33688.36784020505
33688.36784020505
33688.36784020505
33688.36784020505
10943557153.215088
5273617155.178078
3503615963.2246075
1660878073.663598
754824229.3965497
259169476.77310112
217077059.81746116
49421090.15626538
49421090.15626538
33285610.02819793
33285610.02819793
33285610.02819793
11169485.158391114
5074272.718539639
5074272.718539639
5074272.718539639
3397172.1835466684
1453131.4319910004
1453131.4319910004
1183856.1487326627
1036038.1875124251
1036038.1875124251
998744.3492344222
734326.7647371746
517379.6846059563
450617.87455703324
205586.78083060705
205586.78083060705
202701.78347053658
201506.50173002953
201506.50173002953
151878.16331928523
117717.83103749032
113447.08064113803
57225.725663601326
57225.725663601326
57225.725663601326
57225.725663601326
38784.973066937026
28067.972748811735
28067.972748811735
28067.972748811735
28067.972748811735
28067.972748811735
25167.28058122032
25167.28058122032
25167.28058122032
25167.28058122032
25167.28058122032
23313.997845202386
23313.997845202386
23313.997845202386
23313.997845202386
23313.997845202386
20644.48485576676
20644.48485576676
20644.48485576676
12061.559017927186
12061.559017927186
12061.559017927186
12061.559017927186
12061.559017927186
12061.559017927186
12061.559017927186
12061.559017927186
12061.559017927186
10943557153.215088
4776702650.749304
3454796096.662705
1565156525.538386
914233304.0755765
123531333.16857864
69982109.3887386
50692610.099367976
50692610.099367976
50692610.099367976
22437865.86055858
15158299.668254193
5037546.007913292
5037546.007913292
5037546.007913292
3006095.215263946
3006095.215263946
2317152.997639268
1294663.9175677218
1294663.9175677218
1294663.9175677218
545422.8846259465
545422.8846259465
527696.9682173147
527696.9682173147
335591.60535824235
190564.16544103945
117093.8998256232
74236.38887912607
58091.265267107425
58091.265267107425
31747.059189510295
31747.059189510295
31747.059189510295
31747.059189510295
31747.059189510295
31747.059189510295
31747.059189510295
31747.059189510295
31747.059189510295
24045.98938281072
24045.98938281072
24045.98938281072
17586.468900212418
17586.468900212418
17586.468900212418
17159.8631426966
17159.8631426966
15030.900641441278
15030.900641441278
15030.900641441278
15030.900641441278
15030.900641441278
13088.637594542699
13088.637594542699
12241.316510921502
12241.316510921502
12241.316510921502
12241.316510921502
12241.316510921502
12241.316510921502
12241.316510921502
12241.316510921502
12241.316510921502
10943557153.215088
4671555476.529418
1847022853.295661
946185316.0429428
606980950.6306627
181123682.48573032
113892628.51297933
110764185.09118898
35351476.76093083
30931248.138098337
28556791.535294667
22142662.654492844
22142662.654492844
9944836.953770453
9944836.953770453
7865295.475851106
4988734.250336528
4988734.250336528
3493407.9715192425
1742240.5431945971
1711305.5498567638
1077842.5574520812
432262.9347789572
432262.9347789572
432262.9347789572
432262.9347789572
133136.44593204733
129658.28391272166
129658.28391272166
64151.54338818901
64151.54338818901
64151.54338818901
36425.65722466357
30770.29352762533
30770.29352762533
28344.01305390153
28344.01305390153
24166.177099800938
24166.177099800938
24166.177099800938
24166.177099800938
24166.177099800938
24166.177099800938
24166.177099800938
24166.177099800938
24166.177099800938
10943557153.215088
5265238520.282487
3069591355.960161
1496367407.138179
668439120.9781744
155332798.43009138
155332798.43009138
154043448.2230548
81981243.19627206
30224931.428430807
30224931.428430807
15676317.881780481
10282519.406714292
10282519.406714292
5052329.38241895
3911544.7646631785
2812312.201534788
2812312.201534788
1595924.4270616828
1443704.2088686987
1072313.6249733681
781821.2282642904
697633.2491088839
697633.2491088839
697633.2491088839
197256.27636281878
197256.27636281878
197256.27636281878
125301.63166658598
67100.53361827854
67100.53361827854
50398.23979685412
50398.23979685412
50398.23979685412
50398.23979685412
48592.6540911004
48592.6540911004
48592.6540911004
48592.6540911004
48592.6540911004
48592.6540911004
40186.83302943602
40186.83302943602
32275.84270498989
32275.84270498989
12615.878847337139
12615.878847337139
12615.878847337139
12615.878847337139
12615.878847337139
12615.878847337139
12615.878847337139
12615.878847337139
12615.878847337139
10943557153.215088
4778591851.312588
4074748066.763713
1369345022.6779997
683193081.4439126
264639896.3741837
161458607.5464758
99014319.43052852
61155859.03795806
41955451.14227844
25287034.83107103
18230831.2862744
13010082.63437293
12586411.812068371
12586411.812068371
8267677.310296713
7500101.61328757
6969017.913962391
6245414.27936095
3244939.459496668
1458365.4990675177
784274.4965471542
784274.4965471542
784274.4965471542
683900.4780190467
495894.78098379646
117598.79815386512
44786.803512750055
44786.803512750055
44786.803512750055
44786.803512750055
44786.803512750055
44786.803512750055
44786.803512750055
44786.803512750055
36747.127829361685
36747.127829361685
36747.127829361685
36747.127829361685
25629.73990375475
20191.13409242724
20191.13409242724
20191.13409242724
20191.13409242724
20191.13409242724
20191.13409242724
20191.13409242724
20191.13409242724
14311.547203650709
14311.547203650709
14311.547203650709
14311.547203650709
12718.018726827273
11593.558097825407
11593.558097825407
11593.558097825407
11593.558097825407
11593.558097825407
11593.558097825407
11593.558097825407
11593.558097825407
11593.558097825407
10943557153.215088
4457174193.721544
1315302534.8864388
984042018.8078247
788684907.8513974
327846733.1692618
179147623.2772315
94503714.45517345
94503714.45517345
74332982.37357223
42279720.19695915
32924059.126671847
28862451.624756414
19574044.02030065
13561724.194228524
12679301.155177688
11446645.526559552
11446645.526559552
5577966.542025179
5577966.542025179
3699882.3022102606
2703244.314230291
2283350.537565293
2154171.6089773118
1612957.7706908947
1199321.746635752
600547.7210859391
600547.7210859391
357139.21041198313
263340.6579011667
142183.35151631312
142183.35151631312
