5925090538.700006
2821893829.5730405
1066660589.7251792
418668253.04740673
137096924.1726484
49296520.05146154
49296520.05146154
39519251.99271462
39519251.99271462
38477089.10666943
15809157.854432534
15809157.854432534
10985531.620743653
8589256.151092619
8589256.151092619
7064722.492377363
4698161.742996021
2445919.5687507414
2445919.5687507414
1757066.7850978682
462805.80417210114
462805.80417210114
462805.80417210114
462805.80417210114
462805.80417210114
312104.9964803421
312104.9964803421
260104.29462087355
221990.86913698525
173692.31526266673
128277.21514873595
123311.20881017557
123311.20881017557
123311.20881017557
99435.3909344548
71868.81370120558
32533.155264873163
32533.155264873163
32533.155264873163
32533.155264873163
32533.155264873163
10829.176796280522
10829.176796280522
10829.176796280522
10829.176796280522
10829.176796280522
10829.176796280522
10784.164698405435
10784.164698405435
10784.164698405435
10784.164698405435
10784.164698405435
10784.164698405435
8719.518023075627
8719.518023075627
8719.518023075627
8719.518023075627
8719.518023075627
8719.518023075627
8719.518023075627
8719.518023075627
8719.518023075627
6080985687.862189
4075641762.9432225
1659392301.591439
573684966.0969462
167828148.9096933
117860809.20589264
84536279.70542882
39503895.33307455
24325077.135255765
24325077.135255765
24119122.81792404
5797366.396610512
5797366.396610512
5255471.897529915
5255471.897529915
5255471.897529915
3554199.491685277
1931422.8314543697
1931422.8314543697
1911240.1689046626
1694030.3777409543
1238216.3663633477
736703.231368871
590900.859850043
204285.64929182976
204285.64929182976
204285.64929182976
179326.95913734465
63524.312751726524
63524.312751726524
63524.312751726524
63524.312751726524
53306.12179903881
45172.572586964154
45172.572586964154
37820.94940296233
37820.94940296233
26611.162872496912
26611.162872496912
26611.162872496912
26611.162872496912
23502.50495798674
23502.50495798674
23502.50495798674
23502.50495798674
23502.50495798674
22180.922951373814
22180.922951373814
16557.586510729994
16557.586510729994
16557.586510729994
16557.586510729994
16557.586510729994
10433.612411222555
10433.612411222555
10433.612411222555
10433.612411222555
10433.612411222555
10433.612411222555
10433.612411222555
10378.472732042872
10378.472732042872
10378.472732042872
10378.472732042872
10378.472732042872
10378.472732042872
10378.472732042872
10378.472732042872
10378.472732042872
6080985687.862189
3422844960.571507
2960088061.7043715
1700998582.462471
756526038.5703124
383660365.60758513
221300592.25717622
158218942.24616164
124176652.7435309
97124056.67567696
42819917.105336994
42819917.105336994
19117268.45679231
19117268.45679231
19117268.45679231
18246585.82905942
6810678.7265872
6810678.7265872
4123156.12401379
3324045.7507544425
1613393.766192537
1086317.369395695
405295.8932035793
405295.8932035793
405295.8932035793
370385.6548912589
370385.6548912589
246835.83414658255
103657.14255703751
103657.14255703751
103657.14255703751
38304.692158491845
38304.692158491845
38304.692158491845
31344.54528901708
31344.54528901708
30314.597159963923
14735.188768467082
14735.188768467082
14735.188768467082
14735.188768467082
14735.188768467082
14735.188768467082
14735.188768467082
14735.188768467082
14735.188768467082
6080985687.862189
5363495364.998149
1778756568.5635068
731853171.3021042
235868261.69904548
83279623.39972505
83279623.39972505
83279623.39972505
52508771.59286749
44389676.81877446
20538674.83555087
15061276.905334746
14557026.369666934
14557026.369666934
12164495.206433002
6977470.237764224
3865855.068246513
1820586.5410809042
1820586.5410809042
1331932.0788332012
750282.176180686
429728.2737520646
370633.798176438
370633.798176438
370633.798176438
243798.6986675582
142724.33518094188
142724.33518094188
58397.59572886494
58397.59572886494
52659.414947980076
52659.414947980076
52659.414947980076
52659.414947980076
32155.485349341256
32155.485349341256
29804.201375620254
29804.201375620254
28815.476581789128
19002.85795524612
16883.563127388865
16883.563127388865
16883.563127388865
16883.563127388865
16883.563127388865
16883.563127388865
16883.563127388865
16883.563127388865
13952.006652388895
13952.006652388895
13952.006652388895
13952.006652388895
13952.006652388895
13952.006652388895
13952.006652388895
13952.006652388895
13952.006652388895
13302.459661822762
13302.459661822762
10694.33384058691
10694.33384058691
10694.33384058691
10694.33384058691
10694.33384058691
10694.33384058691
10694.33384058691
10694.33384058691
10694.33384058691
6080985687.862189
5163241548.05571
2422980987.0708747
1019532935.0674115
218126508.29266092
218126508.29266092
174906593.23737347
120912724.90136893
95629165.52070928
72940309.21874404
46120931.15128462
16730967.333129456
10035277.596593816
7285034.108664707
3655528.688175863
3655528.688175863
2377942.031071804
2377942.031071804
2377942.031071804
2360047.761246612
2148032.923580034
903684.7510541377
751620.0732523293
751620.0732523293
486559.6259560647
379177.9543339521
379177.9543339521
290361.4022351211
290361.4022351211
181440.13189883664
181440.13189883664
94419.05302313568
94419.05302313568
90074.38674751563
90074.38674751563
50571.20518114229
41494.159114086004
41494.159114086004
26648.794920316952
26648.794920316952
26648.794920316952
26648.794920316952
26648.794920316952
26648.794920316952
26648.794920316952
25998.961375544743
25998.961375544743
25998.961375544743
25998.961375544743
25998.961375544743
20710.684742432048
20710.684742432048
17619.914968369652
17619.914968369652
17619.914968369652
17619.914968369652
13482.455810170344
13482.455810170344
9372.7894815881
9372.7894815881
9372.7894815881
9372.7894815881
9372.7894815881
9372.7894815881
5421.912021523281
5421.912021523281
5421.912021523281
5421.912021523281
5421.912021523281
5421.912021523281
5421.912021523281
5421.912021523281
5421.912021523281
6080985687.862189
3806040561.8826747
1210554871.2994103
585183759.4597307
390289655.986296
156590210.9060746
86840391.52535178
68744941.58147122
29735296.740059722
29735296.740059722
29735296.740059722
8008732.557793465
6445988.177088809
3261772.172956627
3261772.172956627
2895805.059947969
2895805.059947969
2895805.059947969
2872932.898582941
2542645.907030922
2542645.907030922
2542645.907030922
1481359.814836864
1078536.3203195888
1078536.3203195888
415185.81770740135
415185.81770740135
298141.4932316815
298141.4932316815
195650.54554334714
195650.54554334714
163696.75713527345
163696.75713527345
104901.29899819185
80449.24648044417
77098.09600657457
77098.09600657457
77098.09600657457
40377.645242828374
40377.645242828374
27049.96895091823
27049.96895091823
27049.96895091823
27049.96895091823
27049.96895091823
27049.96895091823
26254.152940440126
26254.152940440126
26254.152940440126
26254.152940440126
26254.152940440126
26254.152940440126
19008.82221356287
19008.82221356287
19008.82221356287
19008.82221356287
19008.82221356287
18005.614143031486
18005.614143031486
18005.614143031486
18005.614143031486
13991.517017328903
13431.508844271704
13431.508844271704
13431.508844271704
12552.372769133663
12552.372769133663
12552.372769133663
12552.372769133663
12552.372769133663
12552.372769133663
12552.372769133663
12552.372769133663
12552.372769133663
6080985687.862189
5945273892.734573
2539905805.2192664
990395328.1194081
404993460.97261655
188499489.89262334
111142803.4801145
111142803.4801145
83106802.71655893
64538436.029916294
45473913.80647327
26324323.771813374
14050956.266403588
14050956.266403588
12603320.060960714
10774438.656391172
10382137.12746663
4643005.164218239
4643005.164218239
4643005.164218239
3282715.5692489706
660061.159732821
660061.159732821
644434.3077376996
644434.3077376996
644434.3077376996
637624.0913563386
364379.5748589231
364379.5748589231
364379.5748589231
123620.14743985755
123620.14743985755
70051.92176190816
70051.92176190816
70051.92176190816
50837.27841771182
49584.27690224254
49584.27690224254
37334.06908663452
37334.06908663452
37334.06908663452
37334.06908663452
26199.13917394794
26199.13917394794
11766.274144981995
11766.274144981995
7480.140688804323
7480.140688804323
7480.140688804323
7480.140688804323
7480.140688804323
7480.140688804323
7480.140688804323
7480.140688804323
7480.140688804323
6080985687.862189
4668242212.596896
1953039091.8176572
223586035.4911908
221557064.07867405
86182853.84894761
86182853.84894761
51523861.313673966
51523861.313673966
51523861.313673966
24287238.192202505
20965945.141667522
15282784.88928442
13781346.10840322
13781346.10840322
7032357.27231974
6259143.103249728
6259143.103249728
3301981.3175101904
2366350.7052396745
2097452.077268309
1917725.2429844823
1720528.692805414
1601378.9243640092
1601378.9243640092
1320693.950336676
1100085.0284949422
447623.9884450845
389872.90076037426
262263.559027633
169028.79898125754
156013.62058027033
100726.97528447563
100726.97528447563
100726.97528447563
59685.64204359449
59685.64204359449
31525.538907131733
19231.357075542965
19231.357075542965
19231.357075542965
19231.357075542965
19231.357075542965
19231.357075542965
19231.357075542965
19231.357075542965
19231.357075542965
6080985687.862189
4830980813.169668
1632940822.1065595
322932797.501584
143737981.76935783
41959300.423317276
41959300.423317276
41959300.423317276
19200090.386468522
19200090.386468522
10549083.425524231
10549083.425524231
10549083.425524231
5835152.164820522
5835152.164820522
2461962.619072061
2461962.619072061
1740646.5350687818
1740646.5350687818
1304392.3158240833
636324.9070250482
484364.04061886057
285532.6414267693
191109.29073127068
191109.29073127068
191109.29073127068
88715.23428074952
88715.23428074952
44001.1601020253
44001.1601020253
44001.1601020253
41859.11619791716
34838.524953283064
34838.524953283064
34838.524953283064
26046.33202456997
26046.33202456997
26046.33202456997
8431.778049858392
8431.778049858392
8431.778049858392
8431.778049858392
8431.778049858392
8431.778049858392
8431.778049858392
8431.778049858392
8431.778049858392
6080985687.862189
3874018247.9467745
1496254483.8466115
410645324.6440104
191961431.10676864
191961431.10676864
167583110.3278551
100784370.7224049
100784370.7224049
47296506.0859774
30449531.937279902
28318855.208738048
23023417.827642314
8528604.472539676
7424268.883703874
6060908.862442572
6060908.862442572
6060908.862442572
2095240.2078743668
1789048.5559967342
1789048.5559967342
867375.7687637305
613445.4447248799
613445.4447248799
613445.4447248799
582426.2754083358
95992.24590448392
95992.24590448392
94436.35833792272
79580.5040919105
75150.18373123727
52947.4724800025
52947.4724800025
37824.46936109452
37824.46936109452
37824.46936109452
37824.46936109452
37824.46936109452
27320.666882688733
27320.666882688733
27320.666882688733
27320.666882688733
25574.257668620823
25574.257668620823
17422.68251018688
17422.68251018688
17422.68251018688
17422.68251018688
17422.68251018688
17422.68251018688
17422.68251018688
17422.68251018688
14570.778470595682
14570.778470595682
14570.778470595682
14570.778470595682
14570.778470595682
14570.778470595682
14570.778470595682
14570.778470595682
14570.778470595682
13145.949735002692
12159.62520373626
12159.62520373626
12159.62520373626
12159.62520373626
12159.62520373626
12159.62520373626
12159.62520373626
12159.62520373626
12159.62520373626
6080985687.862189
4596329317.113318
2513938599.027651
852803091.4448352
512897164.89910775
206499693.5017187
180908891.08592927
117639886.42670077
61667797.73552564
50787516.523578905
23360279.93950124
22980061.39459225
22980061.39459225
22980061.39459225
14128171.631099148
8377392.307537305
7795700.27676529
4118108.5142558976
4118108.5142558976
3815283.081946218
2127264.097913128
2082404.9296729506
926457.7109128492
926457.7109128492
643238.5581357399
384393.13166621624
319541.9718538871
319541.9718538871
199914.88623640267
165782.7695247026
100409.79476834419
49756.526787287534
49756.526787287534
49756.526787287534
40687.35987834875
40687.35987834875
40687.35987834875
34145.9035039507
34145.9035039507
28168.06270641955
28168.06270641955
24088.83552838379
24088.83552838379
24088.83552838379
24088.83552838379
15575.098023529428
15575.098023529428
15575.098023529428
15575.098023529428
15575.098023529428
15575.098023529428
15575.098023529428
15575.098023529428
15575.098023529428
6080985687.862189
3715944536.2549286
2782062123.033424
656491416.3245819
228326586.56658256
116139906.46959126
94898246.8919643
53170084.151890285
53170084.151890285
28582270.767194167
28582270.767194167
15691327.627268115
14293469.563055374
13991083.612312142
9079422.470978087
7812012.03813115
3135457.0235874616
3135457.0235874616
1342164.3214535655
1342164.3214535655
1128307.9592861638
581112.1876135296
581112.1876135296
563457.7616917333
406235.2087026337
406235.2087026337
145270.93644030037
145270.93644030037
30852.685077188256
30852.685077188256
30852.685077188256
30852.685077188256
30852.685077188256
30852.685077188256
30852.685077188256
30852.685077188256
30852.685077188256
25197.725881971593
22975.06001489154
21062.034423046774
21062.034423046774
18583.493257854814
18583.493257854814
18583.493257854814
18583.493257854814
18583.493257854814
18308.95915488902
18308.95915488902
18308.95915488902
18308.95915488902
18308.95915488902
18308.95915488902
18308.95915488902
18308.95915488902
18308.95915488902
15633.837895689265
15633.837895689265
15633.837895689265
15633.837895689265
15633.837895689265
15633.837895689265
15633.837895689265
15633.837895689265
15633.837895689265
6518750006.681978
2971680195.203075
1606958881.479654
328031869.45117384
166529830.89015785
166529830.89015785
105268137.2612315
82692812.36187305
26692267.021281034
26692267.021281034
26692267.021281034
12637327.01519271
10719201.260813182
10719201.260813182
3252426.328635497
3252426.328635497
3252426.328635497
1415954.6850478048
1263028.6125518696
1195374.503505504
1195374.503505504
1150714.5936985589
454347.0128955551
454347.0128955551
454347.0128955551
278541.7227470209
189402.71531504547
189402.71531504547
53302.39084453139
41463.85022988945
41463.85022988945
41463.85022988945
32728.668643740686
32728.668643740686
29787.606780502407
29787.606780502407
29661.618448946745
24945.89201592767
24945.89201592767
24945.89201592767
20946.77077962035
20946.77077962035
20946.77077962035
20946.77077962035
20946.77077962035
20946.77077962035
20946.77077962035
16735.32627296062
16735.32627296062
16735.32627296062
16735.32627296062
16735.32627296062
16735.32627296062
16735.32627296062
16735.32627296062
16735.32627296062
6518750006.681978
3406926154.577596
1937094845.2185733
1141155160.718927
576502110.0237117
265260931.8135029
158178696.3174065
45345767.88818976
45345767.88818976
41723485.224897444
17381128.04748564
13644691.739477398
13455619.85370281
13455619.85370281
10010548.048426168
10010548.048426168
3074734.2470831657
3074734.2470831657
2334408.0555813313
2083039.7655944235
2083039.7655944235
598231.8913714252
598231.8913714252
598231.8913714252
566068.2205831547
266771.7550416162
266771.7550416162
174207.89142190697
113283.98875394862
63741.44552219881
61946.702517397156
47671.19108943118
47671.19108943118
47671.19108943118
23951.12960917885
23951.12960917885
23951.12960917885
23951.12960917885
23951.12960917885
23951.12960917885
23951.12960917885
21088.751205128912
8760.605687924395
8760.605687924395
8760.605687924395
8760.605687924395
8760.605687924395
8760.605687924395
8760.605687924395
8760.605687924395
8760.605687924395
6518750006.681978
3774396614.180241
977568541.2504169
512703120.4532483
180343252.6827135
117695945.79447913
117695945.79447913
57785984.840262756
41005230.0141318
41005230.0141318
31950602.37078985
11376717.229538685
10435972.388851127
10435972.388851127
7102430.636400426
6588662.514557737
5677841.3677232815
5677841.3677232815
2979675.8855445106
2173657.2565231905
1876465.7960495828
1876465.7960495828
1160706.6686154844
670683.6489736942
670683.6489736942
483409.67932097823
483409.67932097823
422760.845299629
422760.845299629
314227.8454967893
280332.21679895057
273893.0173863087
273893.0173863087
189773.14180663557
162644.62523743787
162644.62523743787
74769.1317586601
74769.1317586601
74769.1317586601
74769.1317586601
61401.4537516907
61401.4537516907
61401.4537516907
61401.4537516907
49565.86333273746
49565.86333273746
39796.172615329495
39796.172615329495
39796.172615329495
38988.39271642551
31892.16381341956
31892.16381341956
31892.16381341956
26288.046425855337
26288.046425855337
26288.046425855337
20878.241485754857
20878.241485754857
20878.241485754857
20878.241485754857
20878.241485754857
20878.241485754857
20878.241485754857
20878.241485754857
20878.241485754857
6518750006.681978
4483061988.763989
2315033191.950038
517617367.97204214
228025892.3743064
186729787.46557596
137154670.00417587
41217569.84017783
38099349.41702376
32533097.562990163
21016765.573644232
17454773.714505874
17454773.714505874
17110190.934296273
8295892.986905993
8295892.986905993
8148844.095741358
3485790.80510393
2912227.2381623797
2507171.0745699303
1383411.3274400462
1227737.5149503818
1227737.5149503818
1001979.0268772033
854202.7965471745
457773.27579493035
293118.9151812441
293118.9151812441
221682.8487293917
66692.81981775447
66692.81981775447
19020.784999092433
19020.784999092433
19020.784999092433
19020.784999092433
19020.784999092433
19020.784999092433
19020.784999092433
19020.784999092433
11455.151375107853
11455.151375107853
11455.151375107853
11455.151375107853
11455.151375107853
11455.151375107853
11455.151375107853
11455.151375107853
11455.151375107853
6518750006.681978
3148824590.9018083
1748599689.4242117
532625852.1556493
223295578.09027797
124748501.51577732
47199081.07547695
34239620.050475344
26248456.89671686
26248456.89671686
25834775.531453475
25834775.531453475
22174354.76086505
9121285.587414142
7399662.723205835
7321084.559806181
7321084.559806181
4223936.51945101
4035156.7535480205
3251244.531594052
3156920.7656066488
2946031.6601078054
1456661.7742196857
1249993.5384957124
1148201.1917301028
713823.9780095805
713823.9780095805
713823.9780095805
549378.0909000854
528768.1489324418
288508.7480934036
288508.7480934036
140333.44629063344
140333.44629063344
103214.06992085304
103214.06992085304
103214.06992085304
60024.28058271118
60024.28058271118
28706.80100306184
28706.80100306184
28706.80100306184
25958.068179534952
25958.068179534952
24987.170223965088
10188.992336569063
10188.992336569063
10188.992336569063
10188.992336569063
10188.992336569063
10188.992336569063
