5770896498.870188
2371605018.536855
1663117536.4297118
1089347562.8622482
374097100.9386467
227457002.43196994
193839435.64991748
59401747.260096446
32076250.70914244
32076250.70914244
26264717.515511245
17463894.58626012
7455594.614871193
5427976.216176281
4260009.663407378
2962985.650434317
2962985.650434317
1502878.289765931
1502878.289765931
1335658.769854853
908316.8980317493
908316.8980317493
625750.1801370749
612808.2090667032
389713.79630403826
389713.79630403826
321079.8765995155
160020.2365690111
100071.36193190957
100071.36193190957
100071.36193190957
90203.68695263923
64132.010953988756
64132.010953988756
29165.21517885754
29165.21517885754
29165.21517885754
29165.21517885754
27986.217071007217
12203.979314288696
12203.979314288696
12203.979314288696
12203.979314288696
12203.979314288696
12203.979314288696
12203.979314288696
12203.979314288696
12203.979314288696
12259342424.106785
4990000912.203159
3093861321.64478
818154457.3914387
605797777.633807
219684146.534943
127840339.25749363
59914731.789343834
49027942.96717453
29155488.842857495
21813321.352807567
21813321.352807567
21813321.352807567
11518790.042423693
10509386.953856472
1463481.7347299773
1463481.7347299773
1463481.7347299773
1334404.8400487853
1334404.8400487853
964907.6772056444
964907.6772056444
725851.9143674672
323316.7599664155
323316.7599664155
323316.7599664155
185076.84454389985
119478.62678277821
119478.62678277821
81303.69763501658
59150.93483499818
59150.93483499818
26964.26614251733
18093.872663122238
17496.802052427527
17496.802052427527
17496.802052427527
17496.802052427527
17496.802052427527
17496.802052427527
17496.802052427527
17496.802052427527
17496.802052427527
12259342424.106785
6896876989.904188
2994380322.090526
2706623841.515181
979317116.6508381
611380872.515498
275277525.88691145
153554559.94338173
115014936.35026097
102869018.28486235
102869018.28486235
71276685.95224024
65482990.328451075
47103138.46440999
31979406.430656873
15345425.8704069
15345425.8704069
10220604.203143323
10220604.203143323
10220604.203143323
5561691.8422174575
5345691.160783713
5345691.160783713
2974613.6793609834
2345009.472779808
1962622.4078914917
1426814.9505564477
865328.529704114
865328.529704114
782173.6888685179
429546.82662254054
186911.16060391057
186911.16060391057
186911.16060391057
90576.38587082193
69249.07948532906
69249.07948532906
29354.740416803415
19973.320724183806
19973.320724183806
19973.320724183806
19973.320724183806
19973.320724183806
19973.320724183806
18644.39311986782
13496.901396900346
13496.901396900346
13496.901396900346
13496.901396900346
13496.901396900346
13496.901396900346
13496.901396900346
13496.901396900346
13496.901396900346
12259342424.106785
4548044042.788049
3052412561.7087235
1334378290.8387144
286093863.16250896
202922917.99135026
112140925.84619845
112140925.84619845
81061266.68700054
63121732.45523825
25871140.77385512
11820897.895302102
6502156.061700886
6502156.061700886
6478984.520032767
1731278.045107637
1731278.045107637
1318075.0335131583
1318075.0335131583
924490.3873869628
924490.3873869628
924490.3873869628
515919.81266908214
515919.81266908214
515919.81266908214
257276.43057004226
201149.94674691663
163264.88227726746
125063.90069744161
78810.57292369637
78810.57292369637
44126.152853340034
44126.152853340034
30769.514977571514
30769.514977571514
30769.514977571514
20540.766855300844
20540.766855300844
17325.28162880079
17325.28162880079
17325.28162880079
17325.28162880079
17325.28162880079
17325.28162880079
17325.28162880079
17325.28162880079
17325.28162880079
12259342424.106785
5574965590.73815
2968869000.2047524
738171073.1951909
632439984.4289124
347319729.46116453
291020205.43427444
140077396.20560032
102793301.66453293
78018926.40026233
78018926.40026233
42076214.99411147
29104335.637287118
22708210.614976924
8704222.568752589
5795030.762362138
5795030.762362138
5795030.762362138
3586554.078083632
3076615.865259176
2337203.573235323
1556837.156150058
1420246.042473757
1331952.6108507356
1331952.6108507356
635215.3647052522
394143.7352935597
232031.97061473574
89480.35485773292
89480.35485773292
89480.35485773292
89480.35485773292
89480.35485773292
63496.107722362285
34030.54122573611
32536.654032185346
32536.654032185346
21056.987716571228
21056.987716571228
21056.987716571228
21056.987716571228
21056.987716571228
21056.987716571228
9495.778254329396
9495.778254329396
9495.778254329396
9495.778254329396
9495.778254329396
9495.778254329396
9495.778254329396
9495.778254329396
9495.778254329396
12259342424.106785
5736470397.432388
3774399337.5383215
1374580877.9172053
715690596.33752
84526733.55068825
65801842.430441834
65801842.430441834
53962007.56091745
51704478.57489897
23599812.565038722
23414390.886284538
19953242.44093132
19953242.44093132
16382762.469724491
5999557.249622635
3782447.8248680444
3782447.8248680444
3782447.8248680444
2127188.701120117
1906092.352356306
1906092.352356306
1027397.0808063477
542057.6355011811
542057.6355011811
342798.57795004855
134955.61562730558
134955.61562730558
134420.2172701851
88076.9068088862
88076.9068088862
79753.48221305633
79753.48221305633
79753.48221305633
43224.471510779425
43224.471510779425
43224.471510779425
38892.601028620345
16966.12144992592
16966.12144992592
16966.12144992592
14581.874670600591
14581.874670600591
14581.874670600591
14581.874670600591
14581.874670600591
14581.874670600591
14581.874670600591
14581.874670600591
14581.874670600591
12259342424.106785
6886386323.094726
4541645617.3135
2014870550.4451315
1007826228.6869475
456670768.41102844
270713946.41350794
85213875.69136211
81977121.64391594
81977121.64391594
44191655.15725174
13448395.941654934
13448395.941654934
9405554.085544279
9405554.085544279
8416159.540881557
4846263.418359589
4846263.418359589
3182011.0014516274
1577392.6645521517
1577392.6645521517
1347837.7069473432
1110986.8970413501
875969.2580587708
602497.681148563
602497.681148563
602497.681148563
371049.1492490732
331997.7331635775
243598.10428310992
206485.27095096017
206485.27095096017
160123.65288053188
141763.95072667173
141763.95072667173
100074.70075185773
90481.10799631411
58480.20840540082
58480.20840540082
58480.20840540082
51032.61806215286
37646.07485694024
37646.07485694024
37646.07485694024
17323.608927145917
17323.608927145917
17323.608927145917
17323.608927145917
17323.608927145917
17323.608927145917
17323.608927145917
17323.608927145917
17323.608927145917
12259342424.106785
5663599125.587119
3274060666.493874
1504452038.3320346
745296951.5473565
344012333.79667026
200575766.4163147
72414366.80268767
72414366.80268767
72414366.80268767
30755673.924474284
30755673.924474284
29223617.089881007
14844972.9038308
8644791.004840825
4276970.310826971
3902614.052604079
3902614.052604079
3368640.52605123
2724068.76141433
1303562.0392110483
1067741.2015412115
619849.8759994676
468804.62097981817
244814.85146935104
221772.26753300667
221772.26753300667
97486.24745846719
97486.24745846719
95121.03370580624
61595.947761040195
61595.947761040195
46609.96630203467
43042.894314863515
43042.894314863515
43042.894314863515
43042.894314863515
31446.8673088522
31446.8673088522
21957.107209441907
21957.107209441907
21957.107209441907
21957.107209441907
21957.107209441907
21957.107209441907
21957.107209441907
21957.107209441907
21957.107209441907
12259342424.106785
6092536579.68742
2764913566.6357627
1040064057.265354
436856447.3346776
52200106.49496659
52200106.49496659
52200106.49496659
26440226.775797017
7213462.733206277
7213462.733206277
7213462.733206277
7213462.733206277
3997307.1331426436
3224293.8290648316
2810877.3184039895
1950161.7611851245
1950161.7611851245
1079241.6019280558
527077.3974915394
413525.1010839105
413525.1010839105
249136.1769840276
177465.50306223732
102297.33268469984
102297.33268469984
102297.33268469984
16125.975549456816
16125.975549456816
16125.975549456816
16125.975549456816
16125.975549456816
16125.975549456816
16125.975549456816
16125.975549456816
16125.975549456816
12249.450701722131
12249.450701722131
12249.450701722131
12249.450701722131
12249.450701722131
12249.450701722131
12249.450701722131
12249.450701722131
12249.450701722131
12259342424.106785
6157434530.307219
3610646188.997956
1519603828.4279542
629943559.2612944
287313166.597981
287313166.597981
230925556.88989177
89908364.79908146
45542660.091774195
25316937.36863956
23846323.685650524
21410776.745513003
15098666.875501111
13493862.678520834
6845732.896247422
6845732.896247422
4719997.100253076
2517163.084048546
1513485.3541054835
996262.990093814
996262.990093814
996262.990093814
745915.1860573714
745915.1860573714
653035.3007278737
315267.6019884441
233099.41839739907
233099.41839739907
81509.49898135955
50904.82189191516
50904.82189191516
50904.82189191516
50904.82189191516
42120.74482750329
42120.74482750329
17872.179390321005
17872.179390321005
17872.179390321005
17872.179390321005
9984.697103332563
9984.697103332563
9984.697103332563
9984.697103332563
9984.697103332563
9984.697103332563
9984.697103332563
9984.697103332563
9984.697103332563
12259342424.106785
5347094965.326491
3435895022.100998
888023065.533707
457690992.66604006
142548536.05628955
142548536.05628955
54285099.76583401
21596519.636752635
21596519.636752635
15728950.515847206
15728950.515847206
7289456.080081736
3906063.881712721
3906063.881712721
3906063.881712721
3906063.881712721
1997944.9798043824
1151394.8413192932
806634.8125206837
806634.8125206837
679122.1202128107
272639.1921616817
232380.90148394273
130149.11033509792
128463.10625910758
101715.87340157833
81785.17707206974
61527.68609566123
39025.53638315996
39025.53638315996
39025.53638315996
33852.81625177708
33852.81625177708
16480.349828609214
16480.349828609214
10445.331229612952
10445.331229612952
10445.331229612952
10445.331229612952
10445.331229612952
10445.331229612952
10445.331229612952
10445.331229612952
10445.331229612952
12259342424.106785
6648514583.872911
2090256305.1213162
1439000496.339306
759081130.9763052
319393156.2086663
227084302.2507097
181044749.71611607
77330298.94531094
77330298.94531094
62324762.206281416
45132086.19414693
40857593.45441853
40857593.45441853
23274867.09507927
19837545.175017733
11173031.600417897
8379842.989204543
4578310.434359517
3736786.401661672
3736786.401661672
2354439.5851515904
2294210.104906361
1654858.4552168665
1151758.8706945304
1144510.700127446
622324.095070482
622324.095070482
579561.9338439783
579561.9338439783
579561.9338439783
576073.4169125232
576073.4169125232
411432.9169282006
357317.64472898684
172249.23648235563
146024.15662936604
140384.73515778183
90529.83204184505
49913.19417757133
49913.19417757133
49913.19417757133
45209.44185466357
31679.309286227508
31679.309286227508
19781.65841350773
19781.65841350773
19781.65841350773
19781.65841350773
19781.65841350773
18102.955720774797
18102.955720774797
18102.955720774797
18102.955720774797
18102.955720774797
18102.955720774797
18102.955720774797
18102.955720774797
18102.955720774797
12259342424.106785
5237919305.770045
3604685100.976764
1369907749.4497876
1167260806.573011
568424249.1612419
404138936.2764531
121430943.36130999
91916091.72450447
52697565.82316094
45891635.59496295
45891635.59496295
45891635.59496295
29264794.07208156
29264794.07208156
21829763.14429177
15226912.241093118
15226912.241093118
10636097.504123745
4276671.686938568
4276671.686938568
3227276.1306421817
2117460.992675378
1603317.629300209
1603317.629300209
702158.768955716
702158.768955716
265428.97304144996
265428.97304144996
86810.48053583849
86810.48053583849
80826.1402230725
80826.1402230725
58319.78460639187
58319.78460639187
51063.74108342263
51063.74108342263
17437.67374257229
17437.67374257229
17437.67374257229
17437.67374257229
17437.67374257229
17437.67374257229
12723.9983517743
12723.9983517743
12723.9983517743
12723.9983517743
12723.9983517743
12723.9983517743
12723.9983517743
12723.9983517743
12723.9983517743
12259342424.106785
5715968793.195463
2933399417.7231455
1186909784.3178504
121859908.4352057
121859908.4352057
107460891.57162242
66654273.7632178
66654273.7632178
47132274.06554954
36974756.942483656
32937823.15294101
25267450.122865334
13592062.011714468
9334855.569554912
8156889.507674918
7863711.647352371
7691757.216870225
7308152.865321127
4120980.526729296
1879050.5945203218
981874.1985015004
706109.7728361953
373762.2397190605
308092.5562378327
308092.5562378327
159482.00184838186
159482.00184838186
133200.11010904965
70200.15035592328
70200.15035592328
43760.1362466492
43760.1362466492
43760.1362466492
26835.789664765325
26835.789664765325
26835.789664765325
26835.789664765325
26835.789664765325
14723.807497585023
14723.807497585023
11032.764842270135
11032.764842270135
11032.764842270135
11032.764842270135
11032.764842270135
11032.764842270135
11032.764842270135
11032.764842270135
11032.764842270135
12259342424.106785
5990477579.646114
3229613038.676731
1645744597.4929237
304455698.18145335
113121128.56887522
112486610.45194936
93415557.8326844
89130025.00859185
80182119.27349097
66037670.716361575
43545927.52107349
27054789.84911411
14179359.603609212
12510269.947360562
12510269.947360562
10061748.17331114
5148597.321603858
4190407.640037062
4190407.640037062
3615236.461317672
1588781.0413339562
1588781.0413339562
1588781.0413339562
930762.6424659741
930762.6424659741
550683.9281287717
310535.4708541733
310535.4708541733
279329.9478610845
208750.74560334178
148830.8581551897
148830.8581551897
101655.45851977081
101655.45851977081
79903.01524559797
35555.37071203092
30394.780243412966
30394.780243412966
28120.919529559083
28120.919529559083
28120.919529559083
28120.919529559083
23299.065948317253
23299.065948317253
17815.116204397294
17815.116204397294
17815.116204397294
17815.116204397294
17815.116204397294
16661.93298286588
16661.93298286588
8662.237762630772
8662.237762630772
8662.237762630772
8662.237762630772
8662.237762630772
8662.237762630772
8662.237762630772
8662.237762630772
8662.237762630772
12259342424.106785
5758373300.473559
3547291679.8128395
2428593372.8893948
1449561740.555336
876202543.1448541
460082715.9893696
164511454.16699854
88256673.42260367
66962350.9162772
65799494.86465166
25286347.066423543
25286347.066423543
8545669.080943294
5895425.608622136
5895425.608622136
5895425.608622136
4943935.504229351
4943935.504229351
2293663.6778534995
2293663.6778534995
1014632.4957993346
1014632.4957993346
106261.46380209069
106261.46380209069
106261.46380209069
106261.46380209069
106261.46380209069
61004.68714855501
41448.30438489866
34001.13724735439
34001.13724735439
17713.890045537737
17713.890045537737
17713.890045537737
17713.890045537737
17713.890045537737
17713.890045537737
17713.890045537737
17713.890045537737
10914.066307445302
10914.066307445302
10914.066307445302
10914.066307445302
10914.066307445302
10914.066307445302
10914.066307445302
10914.066307445302
10914.066307445302
12259342424.106785
5421574269.2364855
2484596106.4014306
1475612899.4940546
376506738.1033958
237307121.30575868
133191431.01488963
71530475.82684469
47486856.08004951
41829411.9988922
13476346.47288184
10976710.297042936
1487976.5544788563
1487976.5544788563
1487976.5544788563
1487976.5544788563
1487976.5544788563
1083360.511161821
655478.2656331316
343169.41487887496
283887.25539953756
114892.46232837782
114892.46232837782
92869.04814629925
78275.82673841085
71755.09600815759
71755.09600815759
50502.982136482526
50502.982136482526
50502.982136482526
36708.18775092622
23751.361450950855
17589.629265601805
17589.629265601805
17589.629265601805
17589.629265601805
16250.854828139787
16250.854828139787
16250.854828139787
16250.854828139787
16250.854828139787
16250.854828139787
16250.854828139787
16250.854828139787
16250.854828139787
12259342424.106785
5880906139.239409
2678402248.934374
1919733655.9886384
505022279.3865385
358720418.97294825
196002370.49554908
138124633.79138842
55505913.69956819
55505913.69956819
27180587.09843711
21011756.105767153
17609625.68342924
15107322.94276143
13563329.735415045
10082820.051181486
10082820.051181486
5314426.867620881
5314426.867620881
4069678.410675164
3783878.794038332
3053955.9774044417
2393081.3063648893
1656305.025196391
1395523.0131028427
1395523.0131028427
1395523.0131028427
1272214.7979555754
952478.6558612883
952478.6558612883
952478.6558612883
661985.3661130676
661985.3661130676
373545.05145073123
373545.05145073123
373545.05145073123
373545.05145073123
256728.37130151765
256728.37130151765
256728.37130151765
256728.37130151765
227799.1980712956
201143.1681636327
201143.1681636327
123856.65064229815
93297.72866435426
93297.72866435426
93297.72866435426
93297.72866435426
76756.89659925403
76756.89659925403
76756.89659925403
57826.05936311782
51271.20011516017
51271.20011516017
21516.081124718166
21516.081124718166
21516.081124718166
21516.081124718166
21516.081124718166
21516.081124718166
21516.081124718166
19788.667052382832
19788.667052382832
13527.172140498578
13527.172140498578
13527.172140498578
9890.271286416873
9890.271286416873
9890.271286416873
9890.271286416873
9890.271286416873
9890.271286416873
9890.271286416873
9890.271286416873
9890.271286416873
12259342424.106785
6714993945.830976
2932748383.449596
1446153563.4179242
789950359.9600652
459977384.8138835
262971054.28832096
253266978.86882594
95851244.2326762
45451309.75694217
35400796.09262905
27508519.77646089
10397820.796661599
8351785.573125272
8351785.573125272
8351785.573125272
2928701.4419598146
2928701.4419598146
2928701.4419598146
1686253.7731790098
1686253.7731790098
1559486.9947147996
1252598.544947898
990690.9987547394
990690.9987547394
603453.3433213964
540442.7009880567
540442.7009880567
398954.2066489846
264188.52877811884
264188.52877811884
69699.89396389732
69699.89396389732
69699.89396389732
59790.73509606875
59790.73509606875
52935.12972596414
52935.12972596414
52935.12972596414
40536.40449987087
33768.87145213016
33768.87145213016
33768.87145213016
33768.87145213016
33768.87145213016
31723.220128072502
31723.220128072502
31723.220128072502
10579.401610468365
10579.401610468365
10579.401610468365
10579.401610468365
10579.401610468365
10579.401610468365
10579.401610468365
10579.401610468365
10579.401610468365
12259342424.106785
6167934258.517382
2971194572.478515
1320697288.3092349
593985170.1557153
277442092.02252245
128242252.89033905
119891459.45936069
71960145.77622725
71960145.77622725
54232806.6229376
29814970.628237344
29814970.628237344
29814970.628237344
17847508.302335408
16987972.28575121
13105817.677446876
9059763.240411945
