6271537637.5160885
1799299090.9282753
1157734758.2765877
338385241.0031243
255934567.58136737
205835166.1242766
113616643.28213488
113616643.28213488
74549022.42751306
64700123.98671949
64700123.98671949
52646468.158700876
21199470.67493454
21199470.67493454
11992475.81134499
11992475.81134499
7334885.452147945
5158068.356314691
3131860.3148664543
1999623.4679393326
1337249.256754344
963223.8990299619
532692.9291038979
292078.7783094113
292078.7783094113
292078.7783094113
153277.90354663218
153277.90354663218
144606.38489458882
131557.7296430572
131557.7296430572
43297.28193016741
43297.28193016741
41596.87906459753
41596.87906459753
34274.42547416784
34274.42547416784
21395.495241110886
21395.495241110886
21395.495241110886
21395.495241110886
15056.723032891821
15056.723032891821
15056.723032891821
15056.723032891821
15056.723032891821
15056.723032891821
15056.723032891821
15056.723032891821
15056.723032891821
9340727992.653992
5612686107.977264
1402684246.5564985
280689703.56912357
280689703.56912357
177340293.87823328
84115158.31305945
44299533.14541449
44299533.14541449
34524699.825990364
13672748.022660147
13672748.022660147
7322327.40357736
7322327.40357736
7322327.40357736
4783450.25192095
4409403.344677313
3996618.229194543
2542444.89763929
2542444.89763929
2476041.4506004504
2332541.1298955455
1406337.3293978458
1144007.0195293454
573385.8670945698
503767.57462482026
501663.26440039347
346108.93394222617
346108.93394222617
88912.704370228
88912.704370228
61873.283323733245
61873.283323733245
61571.04654967924
61571.04654967924
61571.04654967924
61571.04654967924
52865.761630660534
52865.761630660534
32194.509372919834
32194.509372919834
32194.509372919834
32194.509372919834
32194.509372919834
32194.509372919834
28581.283244918537
28581.283244918537
28581.283244918537
28581.283244918537
23608.04929028078
23608.04929028078
20792.204877070788
20792.204877070788
20792.204877070788
20792.204877070788
20792.204877070788
20792.204877070788
20792.204877070788
20792.204877070788
20792.204877070788
9340727992.653992
6334721121.501606
2419186981.631105
1785372182.603756
656363310.549688
263945500.19538262
129926796.18255334
62966047.805622295
62966047.805622295
62966047.805622295
25926359.242940478
25890629.471006192
8269766.51868285
8269766.51868285
5848585.498233154
5091768.271344908
1531880.7535094158
1005601.3487519978
1005601.3487519978
1005601.3487519978
1005601.3487519978
1005601.3487519978
559634.1250008108
300555.77929621434
107098.85930269967
107098.85930269967
107098.85930269967
107098.85930269967
107098.85930269967
107098.85930269967
51016.18249237043
38003.775712157694
38003.775712157694
32332.23892108431
23368.520416974727
23368.520416974727
23368.520416974727
23368.520416974727
23368.520416974727
23368.520416974727
18616.54060921147
18616.54060921147
18616.54060921147
18616.54060921147
18616.54060921147
18616.54060921147
18616.54060921147
18616.54060921147
18616.54060921147
9340727992.653992
7517391271.950161
3183421103.1684256
1712347603.2654297
539520223.2998354
370309148.5866705
166292722.2339611
105572689.22734548
38051817.19925442
38051817.19925442
25944236.02050999
18855296.03699842
18855296.03699842
13796915.809456786
5286943.246513016
5286943.246513016
5286943.246513016
3824495.494432776
3824495.494432776
3617046.3806991465
2989802.305074582
2615560.7142838747
1099887.8896830399
455129.41942258814
455129.41942258814
455086.2601259726
455086.2601259726
253854.46730374024
253854.46730374024
253854.46730374024
253854.46730374024
207417.78285518748
207417.78285518748
149684.03189733071
116356.50731033705
116356.50731033705
54906.53316411629
40540.72678975793
40540.72678975793
38103.6282219563
38103.6282219563
38103.6282219563
26284.80572914605
26284.80572914605
26284.80572914605
26284.80572914605
26284.80572914605
26284.80572914605
23848.249352979237
23848.249352979237
23848.249352979237
23848.249352979237
23848.249352979237
23848.249352979237
23848.249352979237
23848.249352979237
23848.249352979237
9340727992.653992
8129034664.41079
1889473792.695937
792457932.580854
188303644.48735067
101640622.76700658
101640622.76700658
101640622.76700658
27349278.195166916
27349278.195166916
27349278.195166916
16026753.563059853
16026753.563059853
3706779.1323669306
3706779.1323669306
3706779.1323669306
2701142.634030167
2136624.617298731
1622741.6334904898
980418.146214828
980418.146214828
980418.146214828
797151.8814587661
589808.0153634906
589808.0153634906
376075.64909709484
191703.1449045869
171962.23385050587
154796.5726334063
145707.14070093064
122326.17561372423
122326.17561372423
122326.17561372423
82025.49835410295
59650.94255639729
59650.94255639729
45854.32898363208
45854.32898363208
44387.627013644145
44387.627013644145
44387.627013644145
44387.627013644145
44387.627013644145
35183.59593265035
35183.59593265035
33178.06335262059
33178.06335262059
33178.06335262059
33178.06335262059
26512.64128752523
26512.64128752523
26512.64128752523
26512.64128752523
26512.64128752523
26512.64128752523
26512.64128752523
25322.833189916473
25322.833189916473
25322.833189916473
25322.833189916473
25322.833189916473
24752.753661808616
24752.753661808616
24752.753661808616
24752.753661808616
24752.753661808616
24752.753661808616
24752.753661808616
24752.753661808616
24752.753661808616
9340727992.653992
7967658434.002325
3184253354.0842786
1157793059.5276806
683927350.1230341
223433420.08839384
123329516.78576882
123329516.78576882
104714581.29903574
50814815.93066655
19575912.470404565
17364896.320726026
13565048.833663447
12394388.244308555
12394388.244308555
6183899.52314429
3942282.3462271155
2318862.739202071
2318862.739202071
1585410.031946958
1585410.031946958
1585410.031946958
1224042.160887028
1035483.4142705674
960251.2099129026
912988.8035161301
461477.8121508324
175051.97336846052
175051.97336846052
175051.97336846052
97834.72245689011
97834.72245689011
97834.72245689011
83386.77305431233
83386.77305431233
57284.803494073436
57284.803494073436
56579.6678199492
51771.14024386834
41067.2837292273
31658.359279083095
31658.359279083095
31658.359279083095
31658.359279083095
30526.496178229332
30526.496178229332
30526.496178229332
26465.786814109095
26465.786814109095
26465.786814109095
26465.786814109095
24977.70386744172
24977.70386744172
24977.70386744172
24977.70386744172
24977.70386744172
18968.261314911488
18968.261314911488
18968.261314911488
18968.261314911488
18968.261314911488
18968.261314911488
18968.261314911488
18968.261314911488
18968.261314911488
9340727992.653992
7883549572.828767
3438062756.218629
1741689266.0024562
643729510.8773036
381825703.53257847
193478944.67815298
79932923.40468723
79932923.40468723
79932923.40468723
61609963.332479194
28261941.43686165
24725207.89074558
20592341.084809434
11345318.810358599
9432577.243024118
9432577.243024118
9432577.243024118
7207712.514377997
6131699.2498304
6131699.2498304
2904286.094885812
1347085.7320107555
1347085.7320107555
866124.2165065971
672930.3566410017
552986.4786611974
552986.4786611974
398149.8460911115
398149.8460911115
263144.5008076328
263144.5008076328
203455.95692606148
203455.95692606148
203455.95692606148
203455.95692606148
172902.78590057616
126612.7892403533
126612.7892403533
60271.6269781514
31700.448666652275
31700.448666652275
31700.448666652275
11820.132972487252
11820.132972487252
11820.132972487252
11820.132972487252
11820.132972487252
11820.132972487252
11820.132972487252
11820.132972487252
11820.132972487252
13088896427.135992
8041938095.496142
3576013867.5636597
1305019633.5934556
536832887.4434393
260928281.17351684
187751102.57862514
176154846.07001922
91966325.50034495
57682487.052519865
57682487.052519865
55025769.04519222
55025769.04519222
54033675.51420932
48404605.688955575
25276187.43260686
15729838.260955231
15729838.260955231
7139268.547409407
7139268.547409407
1658643.977752372
1658643.977752372
1271687.0099163943
1271687.0099163943
780301.3531474251
780301.3531474251
346363.4130323038
224000.22665359193
224000.22665359193
224000.22665359193
223436.36714815456
223436.36714815456
216737.83119079756
210228.26541938193
149659.73329969138
147327.47705801085
132317.674010664
132317.674010664
58301.28779653011
58301.28779653011
58301.28779653011
22105.75040486795
16037.456872022602
16037.456872022602
16037.456872022602
16037.456872022602
16037.456872022602
15710.06278295824
15710.06278295824
15710.06278295824
15710.06278295824
15710.06278295824
15710.06278295824
15710.06278295824
15710.06278295824
12748.413604563893
12748.413604563893
12748.413604563893
12748.413604563893
12748.413604563893
12748.413604563893
12748.413604563893
12748.413604563893
12748.413604563893
13088896427.135992
8918471140.891771
4118833148.9102383
1910335655.308088
517585272.39711565
215678077.39009976
138785082.0963297
73692144.19727242
44340097.93411095
39286689.14034393
23827802.024564758
23827802.024564758
23827802.024564758
15688909.24234759
9325169.818446543
6688506.2385168355
5908231.354009134
4287153.998701332
3311797.8963091355
2908373.0214248914
2908373.0214248914
2472386.6601098557
2338885.087036406
2338885.087036406
1757467.56155526
981505.7943170472
660084.3038256493
554270.8491004349
331100.41266254184
331100.41266254184
297359.92950020987
297359.92950020987
85154.70007958174
47570.04801927328
47570.04801927328
46600.307453613685
41492.92835499898
41492.92835499898
41470.09946187825
41470.09946187825
41470.09946187825
36097.943526715564
36097.943526715564
35928.286780584385
29748.503262725168
22470.243330113066
22470.243330113066
20768.041644900273
20768.041644900273
20768.041644900273
20768.041644900273
20768.041644900273
20768.041644900273
20768.041644900273
20768.041644900273
18268.59336668828
18268.59336668828
18268.59336668828
18268.59336668828
18268.59336668828
18268.59336668828
18268.59336668828
18268.59336668828
18268.59336668828
11910.196480851744
11910.196480851744
11910.196480851744
11910.196480851744
11910.196480851744
11910.196480851744
11910.196480851744
11910.196480851744
11910.196480851744
13088896427.135992
8290727301.073214
3034140691.6734977
989373070.6430645
541797706.1673433
343586803.33378553
177610862.75186524
118673745.26868592
118673745.26868592
80629757.49089819
33393726.63267034
33393726.63267034
25908034.31391089
25908034.31391089
6621878.424422801
6621878.424422801
6621878.424422801
4384551.021183913
1423511.0484276924
1423511.0484276924
1181238.0841574967
703803.1503542534
483087.1919662078
423956.89294592215
423956.89294592215
339498.97262222116
309919.36943146744
250274.51055938014
237808.11616769186
146001.97218989977
108487.18582021912
56810.2071551384
56810.2071551384
56810.2071551384
54330.01220826829
54330.01220826829
28553.107760771425
28553.107760771425
14393.713731928636
14393.713731928636
14393.713731928636
14393.713731928636
14393.713731928636
14393.713731928636
14393.713731928636
14393.713731928636
14393.713731928636
13088896427.135992
7331348566.4608135
3281699893.3234644
1340009404.946289
777406944.5542306
437206877.36625874
226318427.45361337
130182818.57899624
84137593.80563338
23410562.88567601
20461378.200242236
20461378.200242236
19654242.78736565
8532010.958371542
7657129.386720917
5170930.178999228
5170930.178999228
5021086.6003344655
4292122.960546113
4292122.960546113
4292122.960546113
2106105.5392658035
2106105.5392658035
1819951.9733623
1499638.8509389942
1499638.8509389942
1076946.5827356526
1076946.5827356526
467513.78144513164
467513.78144513164
467513.78144513164
443814.30823686847
443814.30823686847
267305.2171523542
136393.27649656357
136393.27649656357
91796.60796804338
89983.1206594081
89983.1206594081
89983.1206594081
62819.70733529304
62819.70733529304
62819.70733529304
14116.38980629844
14116.38980629844
12277.639291681198
12277.639291681198
12277.639291681198
12277.639291681198
12277.639291681198
12277.639291681198
12277.639291681198
12277.639291681198
12277.639291681198
13088896427.135992
9378386052.105263
3448575767.5971117
2224005480.108606
1351074862.537163
631377766.2248206
269285149.28353506
80963573.90421224
13430475.848850917
13430475.848850917
13345775.019622615
13345775.019622615
11362435.471466733
8563016.868875334
4808325.143398373
4739618.33670259
3249111.443009249
1757154.514244505
1047534.6850274965
1047534.6850274965
840022.2254592989
609156.3777553262
164440.59637759862
164440.59637759862
164440.59637759862
140887.06867253335
140887.06867253335
140887.06867253335
37298.09726565898
37298.09726565898
37298.09726565898
37298.09726565898
25884.20567060618
25884.20567060618
25884.20567060618
25884.20567060618
20901.800638956734
20901.800638956734
20901.800638956734
20901.800638956734
20901.800638956734
17760.75771976582
17760.75771976582
17760.75771976582
17760.75771976582
17760.75771976582
17760.75771976582
17760.75771976582
17760.75771976582
17760.75771976582
13088896427.135992
6958202252.290206
3446273169.3347497
1142189192.0492222
545696991.4497631
266463537.12879136
181628266.75083
117900762.85059208
52766148.25495208
43500458.71633
43500458.71633
31715682.864826594
25148032.525469925
17812992.85284073
9673307.63662627
9673307.63662627
6214043.05677274
3646634.3987551834
3417396.3557424215
2322747.193352962
2083783.2953282676
1866225.8970030262
990072.0902096307
990072.0902096307
902983.5119619796
614058.1680891552
614058.1680891552
478238.77515748265
306240.3281825419
121340.03862252654
84558.33934772904
65237.45957448324
65237.45957448324
31558.054704197893
31558.054704197893
31558.054704197893
31558.054704197893
31558.054704197893
13325.909756428287
13325.909756428287
13325.909756428287
13325.909756428287
9177.395324944762
9177.395324944762
9177.395324944762
9177.395324944762
9177.395324944762
9177.395324944762
9177.395324944762
9177.395324944762
9177.395324944762
13088896427.135992
8622206532.737337
2208421232.3430843
909407771.4021422
422384151.7025528
175581565.78054848
92338171.0361334
42889658.870461926
42889658.870461926
42889658.870461926
8808270.46724833
4403530.716748038
4403530.716748038
4403530.716748038
2599618.6315506757
1644964.9510750864
1644964.9510750864
1234870.1572724471
587144.5015167019
587144.5015167019
383220.71178288176
300043.597111681
300043.597111681
195331.97032250406
163572.63567041114
106077.86624872805
106077.86624872805
106077.86624872805
106077.86624872805
71887.40455271487
71887.40455271487
23755.545112123214
23755.545112123214
23755.545112123214
23755.545112123214
20027.196506986915
20027.196506986915
20027.196506986915
20027.196506986915
20027.196506986915
20027.196506986915
15924.661534949279
15924.661534949279
15924.661534949279
15924.661534949279
15924.661534949279
15924.661534949279
15924.661534949279
15924.661534949279
9575.638736577192
9575.638736577192
9575.638736577192
9575.638736577192
9575.638736577192
9575.638736577192
9575.638736577192
9575.638736577192
9575.638736577192
13088896427.135992
8263191375.617584
3479467899.0037084
1873715472.0554154
850857433.8695849
354124494.14317346
145632218.10399407
109844013.4269027
52172001.12712977
16447692.175385775
16447692.175385775
16447692.175385775
16447692.175385775
5854085.439204145
5854085.439204145
5854085.439204145
3507096.868371549
2992184.756891826
2123176.236464024
936696.4440669625
936696.4440669625
574870.7756853439
479941.3662039086
479941.3662039086
429291.4397990739
429291.4397990739
257460.5455377872
257460.5455377872
198700.3192693425
198700.3192693425
121252.03334511853
92638.04650246017
92638.04650246017
50968.59936475247
50968.59936475247
50968.59936475247
27985.09401434693
27985.09401434693
23074.297592266066
23074.297592266066
23074.297592266066
19403.02632137583
19403.02632137583
17247.707657795712
17247.707657795712
17247.707657795712
17247.707657795712
17247.707657795712
17247.707657795712
17247.707657795712
17247.707657795712
17247.707657795712
13088896427.135992
7327191203.909536
3518962817.462053
1297761547.4882016
638684751.122449
178668768.1524481
68608825.61419538
52459089.55940623
32594897.64743565
30691948.084336884
13059045.330696287
13059045.330696287
11876283.828111574
11876283.828111574
11876283.828111574
10425052.3423541
7787923.387522119
5361349.4421400465
1510437.593340235
1510437.593340235
1510437.593340235
1510437.593340235
1184661.1266854375
916920.5502754536
659036.5156815936
659036.5156815936
467892.08325694484
300374.517446723
300374.517446723
300374.517446723
197492.89490527665
149886.01296478757
144603.66310040973
115401.2994984567
89796.68497630914
89796.68497630914
43764.73062479503
43764.73062479503
43764.73062479503
43764.73062479503
27915.83220207183
26786.610578966698
26786.610578966698
26786.610578966698
26786.610578966698
26786.610578966698
26786.610578966698
26786.610578966698
26786.610578966698
20596.212472319054
20596.212472319054
20596.212472319054
18067.730751224153
18067.730751224153
17203.470894588965
17203.470894588965
17203.470894588965
17203.470894588965
17203.470894588965
17203.470894588965
17203.470894588965
17203.470894588965
17203.470894588965
13088896427.135992
7523033471.752339
3708377038.2330604
1196342327.2715402
871224724.3266468
308118558.7981272
160969478.3480753
40968438.9652906
40968438.9652906
40968438.9652906
23075255.08874559
4734192.209001755
4734192.209001755
3941769.255167942
3941769.255167942
3249652.7938143676
1850301.81174663
1429888.204257362
1429888.204257362
1187140.2128060444
1083993.6067740857
1083993.6067740857
528095.1996305959
528095.1996305959
374487.43545127375
374487.43545127375
374487.43545127375
312984.1968009732
170098.19311957696
170098.19311957696
148730.89702282558
148730.89702282558
148730.89702282558
142820.2121136983
136731.9631518464
110061.33396615046
110061.33396615046
110061.33396615046
97563.64455483413
97563.64455483413
68562.95193178329
54162.71289510462
54162.71289510462
54162.71289510462
39231.91482335014
39231.91482335014
12872.316672675259
12872.316672675259
12872.316672675259
12872.316672675259
12872.316672675259
12872.316672675259
12872.316672675259
12872.316672675259
12872.316672675259
13088896427.135992
7018896304.198613
3515221571.3164096
1734466312.5861604
252086890.71143058
252086890.71143058
93548564.76792908
93548564.76792908
70913861.07564223
12994557.828421272
12994557.828421272
12994557.828421272
5905178.088902005
5905178.088902005
5875695.732677783
5670091.446786328
2810543.8876898806
2554377.733362719
1526332.1317486747
1230535.4166123895
1230535.4166123895
1083220.314828946
861001.6047429891
448871.05764179036
448871.05764179036
179107.70697818298
154807.29254729167
154807.29254729167
104659.78051750307
104659.78051750307
65417.41161416765
