3280160290.484768
1973017332.2700286
813712664.7053648
312318454.299448
232316190.11142138
232316190.11142138
94261726.62101285
41059159.87925534
34435198.44558908
30327635.53556706
20691660.552395225
8692415.440985175
8692415.440985175
5188162.925618683
5188162.925618683
4120786.660840073
2274641.181720697
2274641.181720697
2274641.181720697
2024039.7323069992
2024039.7323069992
1247385.4313268063
403444.5225212346
403444.5225212346
325065.3161518362
204165.121770813
86276.99721376157
86276.99721376157
83371.60153473895
83371.60153473895
83371.60153473895
83371.60153473895
79380.47895004957
79380.47895004957
70652.343522209
59542.146559887384
43568.15106528033
30190.685223057153
30190.685223057153
30190.685223057153
30190.685223057153
16424.7358043036
16424.7358043036
16424.7358043036
16424.7358043036
16424.7358043036
16424.7358043036
16424.7358043036
12356.709122349692
12356.709122349692
12356.709122349692
12356.709122349692
12356.709122349692
12356.709122349692
12356.709122349692
12356.709122349692
12356.709122349692
7693101128.058495
2638730198.80279
353556221.76999474
353556221.76999474
353556221.76999474
273758286.73082256
159029942.76429114
15865907.936840622
15865907.936840622
15865907.936840622
9825141.172317725
6148693.11569148
6148693.11569148
6148693.11569148
1478092.498035483
1478092.498035483
1438988.1100696395
1438988.1100696395
1114084.1670184592
885642.7644903535
622500.1977694681
332886.595400692
332886.595400692
331779.5546502625
317190.8536724567
62806.76256879623
62806.76256879623
62806.76256879623
21241.638370584966
21241.638370584966
21241.638370584966
21241.638370584966
21241.638370584966
20050.125883183027
18828.67942898184
18828.67942898184
18828.67942898184
18828.67942898184
18828.67942898184
18828.67942898184
18828.67942898184
18828.67942898184
18828.67942898184
7693101128.058495
4063330822.7525387
349333567.01153976
291517265.7213082
242127706.97657943
122848618.59993282
73677430.0507084
73677430.0507084
44428623.98398369
28738611.696256127
25540619.890303876
12414231.284419287
8082647.367154808
6807187.465352363
6807187.465352363
4622047.890865161
4622047.890865161
4622047.890865161
2232161.080288254
2156567.0890556434
2156567.0890556434
650075.2044941577
532730.5496723669
532730.5496723669
303953.60275849374
303953.60275849374
303953.60275849374
300326.2402488687
183675.23171905198
149890.7706689321
101144.34844090436
46218.19901683892
46218.19901683892
46218.19901683892
39998.847507401726
39998.847507401726
39998.847507401726
35475.39244033064
35475.39244033064
35475.39244033064
35475.39244033064
35475.39244033064
28739.684821803527
21920.693605345725
21920.693605345725
21920.693605345725
21920.693605345725
21920.693605345725
21524.282569890423
21524.282569890423
21524.282569890423
21524.282569890423
10521.599209189559
10521.599209189559
10521.599209189559
10521.599209189559
10521.599209189559
10521.599209189559
10521.599209189559
10521.599209189559
10521.599209189559
7693101128.058495
3465889552.720233
2137589985.8800468
1135418477.3367915
391916661.93067575
333219141.5649663
203154222.271481
112002051.36383891
112002051.36383891
54128065.3677751
54128065.3677751
52056276.81560312
29681385.103654023
9854672.852499947
8092637.771966104
8092637.771966104
6149127.820361651
1314424.6244869751
1123479.4475535005
1123479.4475535005
1123479.4475535005
690481.5682063875
413335.6540269965
413335.6540269965
275015.9385657912
195082.97697431242
195082.97697431242
95154.30738412573
95154.30738412573
95154.30738412573
95154.30738412573
61501.58079530332
61501.58079530332
61501.58079530332
57076.04076194552
31075.75234735837
23509.563664714526
23509.563664714526
23509.563664714526
23509.563664714526
13161.899473209942
13161.899473209942
8299.680177564354
8299.680177564354
8299.680177564354
8299.680177564354
8299.680177564354
8299.680177564354
8299.680177564354
8299.680177564354
8299.680177564354
7693101128.058495
4577787757.16121
2078871650.3097956
910480925.686536
241546919.45644906
211040711.94900692
103819772.75463995
52144193.209524415
52144193.209524415
27873009.194790494
27873009.194790494
27873009.194790494
19476742.058069963
14183900.986995533
8333610.467020719
5754421.369943256
5754421.369943256
5754421.369943256
1938234.700615138
1938234.700615138
1767141.514102982
1767141.514102982
1253499.729665538
1223477.691803488
427637.5305120155
358622.7032582487
334195.92390281224
308749.08231953805
233934.22218400147
169288.47080005336
169288.47080005336
169288.47080005336
132147.91092554404
74495.38691292157
51154.933958266
51154.933958266
39358.883952866345
12627.518208009165
12627.518208009165
12627.518208009165
12627.518208009165
12627.518208009165
12627.518208009165
12627.518208009165
12627.518208009165
12627.518208009165
7693101128.058495
4954470658.92362
1048390152.3511549
787158074.6774986
404694969.4538003
201271682.1748743
190941063.48216468
44708177.630769
44708177.630769
44179975.86934615
23995920.483159482
20668930.091083318
20668930.091083318
20668930.091083318
12605584.681945922
4429864.734416209
3159718.071513128
3159718.071513128
2247728.9624068514
2054803.6484090507
2054803.6484090507
843481.8022817388
843481.8022817388
481734.4249342574
399646.6555112026
232642.75178205015
232642.75178205015
206031.73718606317
206031.73718606317
132205.83440476796
125609.85903881479
121859.18254194276
94620.56134974476
94620.56134974476
38007.9580552492
38007.9580552492
38007.9580552492
38007.9580552492
38007.9580552492
38007.9580552492
38007.9580552492
38007.9580552492
38007.9580552492
28893.19521780415
20326.522927224996
20326.522927224996
20326.522927224996
19970.459311210674
12517.799952220223
12517.799952220223
12517.799952220223
12517.799952220223
12517.799952220223
12517.799952220223
12517.799952220223
12517.799952220223
12517.799952220223
10998.961139995905
10998.961139995905
10998.961139995905
10998.961139995905
10998.961139995905
10575.710380782693
10575.710380782693
10575.710380782693
10575.710380782693
10575.710380782693
10575.710380782693
10575.710380782693
10575.710380782693
10575.710380782693
7693101128.058495
4399903210.00011
1976844777.401914
908017190.8099166
244180534.8915719
154601560.12215397
122897573.56183717
70075627.5687638
38479991.25216178
28354471.82043885
8745360.743600037
8745360.743600037
6097628.590173327
5875018.656963378
5050695.546956781
5050695.546956781
2651623.5860499013
2651623.5860499013
2457575.1727099842
2260508.240627749
1181096.9202768018
1181096.9202768018
834504.9254963507
424261.42288632283
424261.42288632283
424261.42288632283
264738.1036205091
118945.19703342085
118945.19703342085
74436.55766740398
74436.55766740398
74436.55766740398
57363.04145692843
46237.98414530833
40275.82930461476
40275.82930461476
29203.687815792113
29203.687815792113
27116.78077043872
27116.78077043872
27116.78077043872
27116.78077043872
27116.78077043872
27116.78077043872
27116.78077043872
26058.834036998902
26058.834036998902
26058.834036998902
24193.967028570485
24193.967028570485
24193.967028570485
20666.165189578198
20666.165189578198
20666.165189578198
20666.165189578198
20666.165189578198
20666.165189578198
20666.165189578198
20666.165189578198
20666.165189578198
13823.030187283823
13823.030187283823
13823.030187283823
13823.030187283823
13823.030187283823
13823.030187283823
13823.030187283823
13823.030187283823
13823.030187283823
7693101128.058495
3986729071.768929
881490939.1648208
580053778.9037472
287723697.7107586
137048047.5800208
94143397.54990728
34110104.44760421
26737224.892955005
23874930.84238204
23874930.84238204
10863033.386527099
7317663.761559618
4434237.024926869
4434237.024926869
2841346.4688165747
2841346.4688165747
1929566.8567443122
1929566.8567443122
1240214.6420722988
1240214.6420722988
540431.4659737092
540431.4659737092
540431.4659737092
404414.64644309867
200545.0008762033
150744.6490523169
65592.83019862369
44423.32170984386
44423.32170984386
44423.32170984386
44423.32170984386
38476.71259217714
38476.71259217714
38476.71259217714
38476.71259217714
38476.71259217714
36290.77043311792
36290.77043311792
36290.77043311792
29010.26546872229
29010.26546872229
26756.13712521105
26756.13712521105
25925.94970920591
18991.92584789265
18991.92584789265
18991.92584789265
18991.92584789265
16971.36155003123
15268.817453895312
15268.817453895312
15268.817453895312
15268.817453895312
15268.817453895312
15268.817453895312
15268.817453895312
15268.817453895312
15268.817453895312
7693101128.058495
4535074507.605656
1697567587.9333177
371751687.09712297
209602656.14480057
128327566.50361907
105181859.13322568
87781523.07822919
51629727.73733071
23498933.543500073
18960406.375692144
18960406.375692144
18960406.375692144
12244535.087616544
5383370.643377041
5383370.643377041
4511684.168849659
3794941.8443325623
3115399.5010156967
2561378.0937575237
1134362.6718127453
1134362.6718127453
685183.4089638327
685183.4089638327
685183.4089638327
571777.2474839644
308516.2798850739
308516.2798850739
287364.9723955362
255385.5411248697
208489.12247638326
139312.5213546307
72371.2758047184
72371.2758047184
72371.2758047184
6878.370911323035
6878.370911323035
6878.370911323035
6878.370911323035
6878.370911323035
6878.370911323035
6878.370911323035
6878.370911323035
6878.370911323035
7693101128.058495
4363049035.035884
709314925.3229023
532987589.5595475
287173149.9004727
60727961.92144697
60727961.92144697
51031460.96218825
45328132.630665846
45328132.630665846
34466731.00786121
13603623.593340077
13603623.593340077
10978965.405597141
4396287.31553581
4396287.31553581
2306306.575631754
2306306.575631754
2306306.575631754
1021347.8715988917
1021347.8715988917
1021347.8715988917
314458.1881745868
314458.1881745868
314458.1881745868
314458.1881745868
314458.1881745868
242915.18687950243
214952.36327443234
149045.59652252568
116660.848418291
100936.97962707536
62773.42554783146
54873.416210811505
38331.54414118642
38331.54414118642
38331.54414118642
17863.63296390474
17863.63296390474
17863.63296390474
17863.63296390474
17863.63296390474
17863.63296390474
17863.63296390474
11402.038093493977
11402.038093493977
11402.038093493977
11402.038093493977
11402.038093493977
11402.038093493977
11402.038093493977
11402.038093493977
11402.038093493977
7693101128.058495
4678236525.616397
1603092762.2368262
966935860.9530509
496954627.50480944
434613142.9896819
131522078.07656941
62843519.50876059
62843519.50876059
62843519.50876059
27718279.904933777
27718279.904933777
26694476.572802354
15156136.10910513
11722310.668485576
11722310.668485576
9979591.625544973
8197330.367781953
8197330.367781953
6652974.499182238
4590414.298219404
3643393.632385585
1429504.186063826
1429504.186063826
1188184.4934846244
1083617.7084505889
938807.4244374856
938807.4244374856
588861.1990805808
515168.78294555924
182495.93199428712
83896.18742344364
83896.18742344364
83896.18742344364
83896.18742344364
38734.99955187274
26049.638681069962
26049.638681069962
26049.638681069962
24408.484519169335
24408.484519169335
18227.265636807493
18227.265636807493
18227.265636807493
18227.265636807493
18227.265636807493
18227.265636807493
16207.742867679084
16207.742867679084
16207.742867679084
16207.742867679084
16207.742867679084
13541.033899097372
13541.033899097372
13541.033899097372
12178.457451545013
12178.457451545013
12178.457451545013
12178.457451545013
12178.457451545013
12178.457451545013
12178.457451545013
12178.457451545013
12178.457451545013
7693101128.058495
4102837567.1112046
977862780.8087146
598372065.7705337
212815358.03372052
205023296.88921914
96911970.7331509
66973266.38025976
66973266.38025976
35153489.90420846
22145293.28592061
22145293.28592061
14651228.372380124
12147263.21469891
12147263.21469891
7883944.500425202
4149475.2470667185
4149475.2470667185
2077690.2211033984
2077690.2211033984
2077690.2211033984
1714243.8467964693
1632377.5411997929
1632377.5411997929
697307.4654863591
625149.6311505764
546868.194284722
546868.194284722
363005.1207806958
350018.7356728335
194276.2163437518
194276.2163437518
114494.62470961109
98451.97623656424
98451.97623656424
62894.78856028894
62894.78856028894
38181.448910815765
38181.448910815765
38181.448910815765
38181.448910815765
38181.448910815765
27625.38684870498
27625.38684870498
27625.38684870498
27625.38684870498
22532.517432535424
22532.517432535424
18721.907096501913
18721.907096501913
18721.907096501913
15990.025467746704
15990.025467746704
15990.025467746704
15990.025467746704
15990.025467746704
15990.025467746704
12983.474977195885
12983.474977195885
12983.474977195885
12983.474977195885
12983.474977195885
12983.474977195885
12983.474977195885
12983.474977195885
12983.474977195885
7693101128.058495
3155998709.856043
1118575671.4731593
335564024.24338263
300761967.3850963
225216710.94184533
225216710.94184533
58680281.29290817
25886844.868913617
25886844.868913617
21053008.599484388
21053008.599484388
5032849.628426163
4288610.316264999
4106038.128200472
4106038.128200472
2987073.4329423606
2921758.038260651
2921758.038260651
2921758.038260651
2201507.223843687
1857013.7984961306
1340776.3260269281
976117.4699681709
768887.7864551262
575199.9815753974
544832.6527963651
526361.1222517556
501916.12193975155
184745.84239013479
184745.84239013479
184745.84239013479
116205.69347632893
116205.69347632893
116205.69347632893
31083.7048819623
16073.861134463385
16073.861134463385
16073.861134463385
16073.861134463385
16073.861134463385
16073.861134463385
11253.41529213442
11253.41529213442
11253.41529213442
11253.41529213442
11253.41529213442
11253.41529213442
11253.41529213442
11190.956303747997
11190.956303747997
8099.800343126369
8099.800343126369
8099.800343126369
8099.800343126369
8099.800343126369
8099.800343126369
8099.800343126369
8099.800343126369
8099.800343126369
7693101128.058495
5426808847.717985
979400473.4152426
519564560.0549438
351681617.4415689
147037302.62127498
58871459.78087377
58871459.78087377
58871459.78087377
25177780.095381513
25177780.095381513
16012673.158493383
13100434.976874301
11310979.889366234
7248729.879467496
7248729.879467496
3204499.1073006433
2291436.370535176
1520827.7846612935
1520827.7846612935
585386.0464696442
466480.4370153514
239643.88832467265
239643.88832467265
239643.88832467265
84978.96827233567
84024.06399920306
84024.06399920306
84024.06399920306
84024.06399920306
84024.06399920306
70629.44670794398
70629.44670794398
33518.64644839348
33518.64644839348
5968.72760185323
5968.72760185323
5968.72760185323
5968.72760185323
5968.72760185323
5968.72760185323
5968.72760185323
5968.72760185323
5968.72760185323
7693101128.058495
2455296571.8391476
2122012773.5865622
654369628.5755414
264086674.87213168
233694115.73450485
219660062.0161324
101276756.88170096
55143615.99741904
55143615.99741904
40051465.92429361
9299216.57574994
9299216.57574994
9299216.57574994
9299216.57574994
4073567.4631678397
4073567.4631678397
3008399.3960141228
2976846.0366106858
2622728.9086934603
2569643.032252637
1655271.0188678422
1339967.7647560448
775571.1641674543
775571.1641674543
775571.1641674543
681610.5354044077
362019.8950840102
362019.8950840102
159703.21921204551
115616.5391540841
115616.5391540841
115616.5391540841
57561.99413070615
39069.54728109651
39069.54728109651
29491.62852855549
29491.62852855549
21055.85964882147
21055.85964882147
5757.183156228475
5757.183156228475
5757.183156228475
5757.183156228475
5757.183156228475
5757.183156228475
5757.183156228475
5757.183156228475
5757.183156228475
7693101128.058495
3240194966.4126086
1863474425.1509502
877488946.2172402
322036697.7583508
169812000.53634667
169812000.53634667
51533787.08153678
51533787.08153678
31806927.359432433
10053296.959953133
7617907.72784388
7328463.7163311085
7328463.7163311085
3752223.9082070612
3309002.8603958185
1594002.7598468717
1594002.7598468717
1594002.7598468717
761606.3098828282
761606.3098828282
601648.8155066005
587779.262678302
389253.05534301687
243131.4977986602
128740.9174876594
66482.21625650117
66482.21625650117
54765.5785285887
48090.06982080321
48090.06982080321
31687.505695565982
31687.505695565982
31687.505695565982
15521.485192472637
15521.485192472637
15521.485192472637
15521.485192472637
15521.485192472637
15521.485192472637
15521.485192472637
15521.485192472637
15521.485192472637
7693101128.058495
3307104886.4825597
1522677096.918483
587819066.7996917
580173376.5118501
439372408.9204237
251001913.08346602
157164905.62343428
94988716.27774574
66000252.689448684
33269386.07434602
33269386.07434602
28376407.479023606
17474942.530414328
10172698.906451363
8297946.015255016
7244493.476245489
5125901.903698565
2059672.4056839081
2059672.4056839081
1393236.4759807314
1349868.6997397635
954381.7782723255
717279.1733971221
717279.1733971221
395711.54103142273
348937.2037485804
323632.20159756613
323632.20159756613
176411.69845711958
176411.69845711958
176411.69845711958
124489.55639758271
57768.65825555074
57768.65825555074
57768.65825555074
57768.65825555074
21798.41231534625
21798.41231534625
21408.946134067668
21408.946134067668
21408.946134067668
21408.946134067668
17159.865015521056
17159.865015521056
3821.7951620348545
3821.7951620348545
3821.7951620348545
3821.7951620348545
3821.7951620348545
3821.7951620348545
3821.7951620348545
3821.7951620348545
3821.7951620348545
7693101128.058495
2482881155.51169
1616928189.543336
172669464.6227425
172669464.6227425
143348715.3916739
67957082.58173457
67957082.58173457
30100715.79140599
24831102.957287718
24831102.957287718
16719041.404306356
14257957.55199259
14257957.55199259
12070905.104185674
3786859.6607378875
3786859.6607378875
3631880.4023889625
3631880.4023889625
3392093.159796495
1939875.0008014848
1074856.1349057031
1074856.1349057031
1074856.1349057031
730304.7534059449
323738.64076017943
200005.31153873607
197558.07581045525
118914.12347377522
101409.08299945176
90975.9288194302
83075.3956237915
65660.17752071132
65660.17752071132
65660.17752071132
65660.17752071132
64573.02176362803
53050.781692591954
53050.781692591954
53050.781692591954
37577.6777251142
30893.994037942273
30893.994037942273
30893.994037942273
30893.994037942273
30893.994037942273
30893.994037942273
30893.994037942273
28298.02233645138
28298.02233645138
21116.161102329894
21116.161102329894
20949.414564209303
20949.414564209303
20949.414564209303
20949.414564209303
20949.414564209303
20949.414564209303
20949.414564209303
20949.414564209303
20949.414564209303
7693101128.058495
2135019340.74678
1836799043.8900487
371490247.7755708
371490247.7755708
272161196.5677832
