8210398185.157995
3374865402.977481
1045412818.4093845
502618433.3177143
306815774.72177714
120642906.04177739
58870305.71176372
29783723.36586832
29783723.36586832
29783723.36586832
18753193.707716014
3740953.4581880015
3740953.4581880015
3740953.4581880015
2290895.7319603935
1498779.3443006445
412071.02016610635
412071.02016610635
412071.02016610635
396169.64020920417
312794.97504286433
139416.97953733808
139416.97953733808
139416.97953733808
127767.5943085224
85646.3269700506
85646.3269700506
41996.42941864135
41996.42941864135
41996.42941864135
41996.42941864135
41996.42941864135
34038.54053945099
34038.54053945099
34038.54053945099
23746.044090156553
23746.044090156553
23746.044090156553
23746.044090156553
22200.143238863002
22200.143238863002
18381.202316808336
18381.202316808336
17011.643728079427
17011.643728079427
17011.643728079427
16368.60068692609
16368.60068692609
16368.60068692609
16368.60068692609
16368.60068692609
16368.60068692609
16368.60068692609
16368.60068692609
16368.60068692609
15697.158014015602
15697.158014015602
15697.158014015602
9777.120740622024
9777.120740622024
9777.120740622024
9777.120740622024
9777.120740622024
9777.120740622024
9777.120740622024
9777.120740622024
9777.120740622024
13666439373.215464
8553213662.248382
2401982007.2605996
793462985.4530758
521943319.04914314
189133359.09852812
163129983.2388802
57787504.7801246
41662895.525171645
41662895.525171645
26574849.62139899
17446986.954419747
12892085.185056508
8375137.58413567
4169063.5668408996
4169063.5668408996
3726943.8619338945
3726943.8619338945
1837179.1373653125
1837179.1373653125
1014070.5242844463
720468.659677148
654120.9364900949
643492.6863437464
643492.6863437464
389761.70128687785
359155.53701942804
275149.2711016209
275149.2711016209
168929.68088290884
168929.68088290884
160106.0402211056
97198.4502427291
76701.00763226647
76701.00763226647
76701.00763226647
42444.220283527415
39715.340930061335
39715.340930061335
32313.28566328419
32313.28566328419
32313.28566328419
32313.28566328419
22265.242371111675
22265.242371111675
17217.8727957832
17217.8727957832
14518.388579315286
14518.388579315286
14518.388579315286
14518.388579315286
14518.388579315286
14518.388579315286
14518.388579315286
14518.388579315286
14518.388579315286
13666439373.215464
7096460497.958786
4060012515.1267223
1961285532.507878
1099639948.911201
746737366.6168536
397831746.9951261
238031810.28771856
80162617.47676647
44647983.93421419
29794603.799276233
14330443.362306956
14330443.362306956
14330443.362306956
5478838.316182487
5410682.513134143
4413985.560591737
3264503.7079805126
3264503.7079805126
1432282.0315850675
1432282.0315850675
1325716.6545373765
1044247.2583138698
1044247.2583138698
653399.778190081
343171.5561239624
343171.5561239624
343171.5561239624
267783.43952885875
267783.43952885875
241753.89121045204
183032.33928789987
183032.33928789987
92989.55379495288
92495.7530847983
76517.90060538851
76517.90060538851
40035.04983478476
40035.04983478476
40035.04983478476
40035.04983478476
40035.04983478476
40035.04983478476
20893.795059743123
20893.795059743123
20893.795059743123
20893.795059743123
20893.795059743123
20893.795059743123
20893.795059743123
20893.795059743123
20893.795059743123
13666439373.215464
7086481756.316789
3459414284.4632964
900163864.9356352
741182621.3488075
559343973.7269423
335886562.77875316
137676707.6156112
107808036.49305165
107808036.49305165
62771943.46916427
17311859.184873067
8284497.084400618
8284497.084400618
8284497.084400618
8284497.084400618
6735584.651419842
5204905.647211684
4865059.705211496
3624436.074513242
2652501.6931784824
2652501.6931784824
1941469.2459771428
1941469.2459771428
1479385.2573667532
799827.6490618904
495248.4195641136
495248.4195641136
440402.98336421646
324174.3559348003
324174.3559348003
324174.3559348003
134840.76936311208
134840.76936311208
134840.76936311208
81937.41451576582
81937.41451576582
45694.95868384002
43242.93907934946
43242.93907934946
43242.93907934946
43242.93907934946
43242.93907934946
32627.82434990041
32627.82434990041
32627.82434990041
20339.955013784544
20339.955013784544
12791.996199412073
12791.996199412073
12791.996199412073
12791.996199412073
12791.996199412073
12791.996199412073
12791.996199412073
12791.996199412073
12791.996199412073
13666439373.215464
7351144372.497225
3145750184.883964
1615269339.4734893
723179176.1654731
493995539.0541427
220230700.09699705
66426810.46862264
54578259.70419801
54578259.70419801
28556779.224980947
28556779.224980947
13775284.510728758
13775284.510728758
13775284.510728758
6771273.8315113755
6771273.8315113755
5783504.083094774
2174119.9675666
2174119.9675666
2003862.1582363104
1224875.1026203102
633200.9622105587
456959.71270240017
269617.2144081742
162273.1822924752
162273.1822924752
134464.46724850405
129004.37164307284
114092.46474770951
114092.46474770951
114092.46474770951
90068.03695335481
90068.03695335481
25414.30947433341
25414.30947433341
25414.30947433341
25414.30947433341
22384.601844756533
22384.601844756533
22384.601844756533
22384.601844756533
11204.90535025724
11204.90535025724
11204.90535025724
11204.90535025724
11204.90535025724
11204.90535025724
11204.90535025724
11204.90535025724
11204.90535025724
13666439373.215464
6248444375.82621
3686483336.3294644
3304524336.085281
1327325448.850774
730817684.0671471
387758488.2020494
85463423.4607677
53618428.94492771
27267381.004955813
23352105.7450769
18878786.25720631
10427453.718416046
7317461.066067726
6837404.181633404
6837404.181633404
3548711.373651764
3548711.373651764
3548711.373651764
3322553.0119673735
2681398.4849196933
1362585.6932608027
1362585.6932608027
1362585.6932608027
948210.1782007888
937982.2763744538
360593.7527277328
360593.7527277328
215534.17651839618
186962.2705757082
186962.2705757082
130616.04317035763
100084.98725629946
40849.14562978876
40849.14562978876
40849.14562978876
16527.58178283415
16527.58178283415
16527.58178283415
16527.58178283415
16527.58178283415
16527.58178283415
16527.58178283415
16527.58178283415
16527.58178283415
13666439373.215464
6799247037.113619
2796237811.7392597
1929896272.4594917
938905200.6630808
909388533.8480659
883235597.7492348
487160953.5154779
254797949.51278272
98925581.07083485
78185784.06267887
33688411.44511385
33688411.44511385
23724840.78074493
12044810.812707327
2819670.1717551597
2819670.1717551597
2819670.1717551597
2819670.1717551597
2167303.8987792293
1501547.6244232776
1501547.6244232776
513078.3957726531
513078.3957726531
387200.178499537
387200.178499537
279714.79875947145
279714.79875947145
204025.88428753658
63082.2070406565
63082.2070406565
63082.2070406565
26491.305277028085
26491.305277028085
26491.305277028085
26491.305277028085
26491.305277028085
26491.305277028085
26491.305277028085
26491.305277028085
26491.305277028085
13666439373.215464
5248574383.312797
3071115454.5894256
2089140304.6130517
1086931948.0904481
560757920.792004
141073578.02455017
30957279.70030322
30957279.70030322
30957279.70030322
14053162.27421749
14053162.27421749
11159339.874898754
10989381.2620795
9312974.994275775
2885726.0843151906
2885726.0843151906
2549071.045740189
1331757.7525765449
783873.4807126367
783873.4807126367
617920.1350824117
550657.9549434633
312928.6358509706
203052.57846506833
203052.57846506833
203052.57846506833
145721.30280663414
135890.9698659526
104202.34798255868
89758.94639150651
81765.61804934053
74975.1689453877
74975.1689453877
29068.9560915006
29068.9560915006
29068.9560915006
29068.9560915006
28616.94795393431
28616.94795393431
25432.76127468618
25310.494360318753
25310.494360318753
25310.494360318753
23206.60256028955
23206.60256028955
23206.60256028955
23206.60256028955
23206.60256028955
23206.60256028955
12134.10897759315
12134.10897759315
12134.10897759315
12134.10897759315
12134.10897759315
12134.10897759315
12134.10897759315
12134.10897759315
12134.10897759315
13666439373.215464
4257152406.222181
2507063796.8473387
1353637802.619478
245230428.09230408
245230428.09230408
151679627.18140882
90159605.89761382
68976844.54030363
68976844.54030363
38986823.756200954
31441409.10013723
20529980.28125173
19990334.52714136
19990334.52714136
19990334.52714136
7751289.470800749
7544979.434312654
7544979.434312654
6040339.882576015
3245532.2134348587
2256533.5890301717
2256533.5890301717
2256533.5890301717
1557253.8479397227
1557253.8479397227
892872.6611985562
458410.43571069837
458410.43571069837
384716.3220233986
249976.8645231347
249976.8645231347
229443.09917559032
126868.56840695695
126868.56840695695
76433.39742310412
64822.320189042395
62323.6765500167
28382.59178132669
28382.59178132669
28382.59178132669
27907.553510404196
27907.553510404196
6239.109765252048
6239.109765252048
6239.109765252048
6239.109765252048
6239.109765252048
6239.109765252048
6239.109765252048
6239.109765252048
6239.109765252048
13666439373.215464
5461069847.280184
2418010680.9827833
1156805339.039764
661794007.8648286
181946277.59371933
132444346.76373519
116996080.62422878
101312793.81642538
101312793.81642538
66233991.832509525
39717369.859153464
39717369.859153464
15790529.198864704
3445462.5458218707
3445462.5458218707
3420690.368344684
2051981.001306674
1713042.5670725175
1282386.1941069318
1282386.1941069318
906188.5841298435
560630.1255746892
261000.41360404194
261000.41360404194
260780.86021462886
206969.09195283806
206969.09195283806
196570.11512305134
93816.74085097633
93816.74085097633
48944.962854689285
48944.962854689285
48944.962854689285
48944.962854689285
36423.21129359999
36423.21129359999
33014.32719074749
33014.32719074749
33014.32719074749
33014.32719074749
28512.8828808097
28512.8828808097
15715.386581135663
15715.386581135663
15715.386581135663
15715.386581135663
15715.386581135663
15715.386581135663
15715.386581135663
9887.537623181446
9887.537623181446
9887.537623181446
9887.537623181446
9887.537623181446
9887.537623181446
9887.537623181446
9887.537623181446
9887.537623181446
13666439373.215464
5423813566.932043
3076876942.8682075
2115431682.8053687
659609478.9320428
125560462.28797896
86181500.84030329
47024874.984412506
47024874.984412506
25177021.999053083
15581602.138981463
14874580.182522587
8628079.607370516
7512788.867147637
7291094.764171306
4946966.689041621
2469795.5298452214
2469795.5298452214
1728004.0783295145
1728004.0783295145
1630348.74870862
683494.5887399487
683494.5887399487
683494.5887399487
459132.1935569587
459132.1935569587
398864.9051257341
398864.9051257341
253526.25904783513
253526.25904783513
253526.25904783513
133205.19984069344
83712.90708665739
83712.90708665739
75998.22351167227
75998.22351167227
75998.22351167227
37506.38260280343
37506.38260280343
37506.38260280343
37506.38260280343
37506.38260280343
33724.427580231415
33724.427580231415
33724.427580231415
28354.250318575952
28354.250318575952
17142.13743106048
17142.13743106048
17142.13743106048
17142.13743106048
14705.81454371972
14705.81454371972
14705.81454371972
14705.81454371972
14705.81454371972
14705.81454371972
12964.837028419162
12906.697927510713
12906.697927510713
12906.697927510713
12906.697927510713
12906.697927510713
12906.697927510713
12906.697927510713
12906.697927510713
12906.697927510713
13666439373.215464
4022647464.7741923
3370490056.537036
1572912944.6063242
862444401.1263355
378532305.91978675
260391488.6690831
101792718.83465746
73739977.45691891
73739977.45691891
73739977.45691891
58094421.27139989
36031926.929281235
14961600.161742123
14961600.161742123
9691259.73345543
9691259.73345543
5261418.420631904
2541351.232957257
2541351.232957257
1203966.9437522374
1200963.581968566
986696.2876956275
369770.4265183687
369770.4265183687
369770.4265183687
369770.4265183687
313095.70948286535
205697.28774903886
205697.28774903886
153672.8233568425
106818.75663453339
106818.75663453339
58649.984830353365
58649.984830353365
58649.984830353365
34759.70483871021
34759.70483871021
34759.70483871021
13839.714856919743
13839.714856919743
13839.714856919743
13839.714856919743
13839.714856919743
13839.714856919743
13839.714856919743
13839.714856919743
13839.714856919743
13666439373.215464
4780972280.835144
3037628658.998256
1331534052.9244163
641480980.6728419
641480980.6728419
310450883.5040756
166519282.01502022
59842725.81774433
35793210.24787352
35793210.24787352
24685055.31611693
7219690.609504701
7219690.609504701
3932740.4907072405
3932740.4907072405
3932740.4907072405
3909877.096862975
3133034.266747829
3017472.554208974
1980605.1779862107
1980605.1779862107
1980605.1779862107
1509507.9231871385
932636.9116100899
830303.7854338916
367224.6561066771
367224.6561066771
367224.6561066771
176611.50922743895
166357.68100952692
140663.26893621797
129856.10286020635
116520.70009711992
60071.431846041916
60071.431846041916
52678.192457181
52678.192457181
52245.0314807529
52245.0314807529
52245.0314807529
42381.449320259686
29809.668867694047
29809.668867694047
29809.668867694047
16570.114931589083
16570.114931589083
16570.114931589083
16570.114931589083
16570.114931589083
16570.114931589083
16570.114931589083
16570.114931589083
16570.114931589083
13682533653.118196
1439029199.4345038
730904597.2210815
469699671.9465054
134003692.59270036
134003692.59270036
17135089.64703502
17135089.64703502
17135089.64703502
17135089.64703502
14401812.558742838
7272775.9106400665
5325192.447150708
5325192.447150708
1484727.2865942027
1484727.2865942027
1484727.2865942027
1484727.2865942027
1484727.2865942027
1202007.9763722357
743156.1147113261
387802.80776734906
387802.80776734906
387802.80776734906
185991.2659829945
133292.00777390806
95481.05984657351
61185.656940238136
61185.656940238136
61185.656940238136
32812.760087699295
32812.760087699295
32812.760087699295
19668.71372633068
19668.71372633068
19668.71372633068
19176.40152483368
19176.40152483368
15474.922625319412
15474.922625319412
15474.922625319412
15474.922625319412
15474.922625319412
15474.922625319412
15474.922625319412
15474.922625319412
15474.922625319412
13682533653.118196
2574982140.9375963
1878947724.2986526
345177899.8570601
345177899.8570601
276053921.705564
205735244.3313245
129533674.99013725
80598144.22409362
48812491.378717296
30832918.706757393
5932261.589972574
5932261.589972574
5377287.482256054
5377287.482256054
5377287.482256054
3675413.574748412
2659277.619269838
808037.9415066891
808037.9415066891
605067.2913637549
605067.2913637549
428070.7070720383
428070.7070720383
428070.7070720383
299547.40864416125
299547.40864416125
183976.19896215867
38162.680448118015
38162.680448118015
38162.680448118015
28979.53418551824
28979.53418551824
28979.53418551824
28979.53418551824
28979.53418551824
28979.53418551824
26164.62830722929
26164.62830722929
26164.62830722929
22902.367871250124
22902.367871250124
22902.367871250124
22902.367871250124
21943.927364767504
21943.927364767504
21943.927364767504
21943.927364767504
20395.605318488313
20395.605318488313
20395.605318488313
20395.605318488313
20395.605318488313
20395.605318488313
20395.605318488313
18990.8662142577
18990.8662142577
18990.8662142577
18990.8662142577
18990.8662142577
18990.8662142577
18990.8662142577
17438.04278605577
17438.04278605577
17438.04278605577
17438.04278605577
17438.04278605577
17438.04278605577
17438.04278605577
17438.04278605577
17438.04278605577
13682533653.118196
1955775824.6502094
1172036201.931922
396103895.9301439
396103895.9301439
321947758.5406533
134884908.4299099
97162019.6809997
41635310.12217908
23205280.099704705
23205280.099704705
12793369.731101897
9914796.55552164
9914796.55552164
8220298.289748529
3832232.0504497923
1961407.260941439
1961407.260941439
1417090.564804024
1417090.564804024
1417090.564804024
936645.4624518997
776940.825378848
506599.0604241676
193612.93003563178
181099.92434631652
181099.92434631652
181099.92434631652
157783.4934728892
157783.4934728892
63978.641627503406
63978.641627503406
26105.955517195387
26105.955517195387
26105.955517195387
25061.4365982169
25061.4365982169
25061.4365982169
14848.990126844257
14848.990126844257
14848.990126844257
14848.990126844257
14848.990126844257
14848.990126844257
14848.990126844257
14848.990126844257
14848.990126844257
13682533653.118196
829834646.218091
629625846.9934123
318810715.9730851
318810715.9730851
167986159.2734229
128568977.29752299
63871669.56414637
41289817.7329941
22230965.317878194
22230965.317878194
22230965.317878194
15542181.988873104
10653345.543888457
10036196.449079705
10036196.449079705
2157410.4087350396
2157410.4087350396
2157410.4087350396
999428.6073320194
999428.6073320194
469194.6567368232
335373.9869187288
335271.9593782245
223383.88673544922
223383.88673544922
223383.88673544922
142295.32097141715
142295.32097141715
142295.32097141715
142295.32097141715
111635.78585639766
111635.78585639766
19344.295341058336
19344.295341058336
19344.295341058336
19344.295341058336
19344.295341058336
19344.295341058336
19344.295341058336
18568.026335275357
18568.026335275357
18568.026335275357
18568.026335275357
18568.026335275357
18568.026335275357
18568.026335275357
18568.026335275357
18568.026335275357
13682533653.118196
2053134553.4703963
515330850.0545936
515330850.0545936
280608894.3162767
134295484.3488177
128753685.68525551
75066706.95401919
32115380.250777796
20165875.694047764
14946228.73702023
14946228.73702023
11261109.896399282
5005774.409665221
5005774.409665221
4857210.359303468
2463758.8511956804
1390434.5343030188
1030467.0824177539
1030467.0824177539
993056.9297561599
993056.9297561599
330396.91027024563
330396.91027024563
330396.91027024563
221428.01482190806
91076.28754710552
91076.28754710552
91076.28754710552
91076.28754710552
37572.13360617695
37572.13360617695
27969.36299891566
22682.69388212793
22682.69388212793
14103.89581398043
14103.89581398043
14103.89581398043
14103.89581398043
14103.89581398043
14103.89581398043
14103.89581398043
14103.89581398043
14103.89581398043
13682533653.118196
2216730038.856651
1281060861.7851698
309377495.46631914
266116329.70400456
138799435.0707206
138799435.0707206
138799435.0707206
97618852.37912998
40538834.468873
22988320.81167223
22988320.81167223
20051427.715349983
11560505.504342232
8085543.721899404
6862741.71265949
6381806.113980953
6381806.113980953
2962433.5041856784
2962433.5041856784
1604431.9550129334
1604431.9550129334
1604431.9550129334
988642.7938938037
988642.7938938037
988642.7938938037
567055.2558728171
532020.1054537835
395208.24583408807
395208.24583408807
154051.41729027042
154051.41729027042
98099.78198779513
45491.63503078947
45491.63503078947
