4613497452.791031
2489575896.699888
961619346.4214785
195244283.43695876
145342815.30304638
63440238.017230205
63440238.017230205
63440238.017230205
30384424.707713727
17347245.891443837
17347245.891443837
6156125.3053378435
6156125.3053378435
4540748.657640328
2718327.9106381275
2679434.4902159707
2679434.4902159707
2523786.654648576
1121543.1935672876
1121543.1935672876
659716.517920648
659716.517920648
355376.39918528596
313997.8532962382
233099.9377112263
233099.9377112263
128864.53360606029
76732.84637536289
76732.84637536289
74788.18548494909
38594.01968971551
38594.01968971551
38594.01968971551
38594.01968971551
38594.01968971551
28676.064408917813
28676.064408917813
28676.064408917813
11369.038120684827
11369.038120684827
11369.038120684827
11369.038120684827
11369.038120684827
11369.038120684827
11369.038120684827
11369.038120684827
11369.038120684827
7749867212.133209
5059250660.677691
3076426224.1656127
2165933714.86031
1310840602.5591428
643136119.173815
226320979.61081207
138444432.586769
94709375.13430005
64006996.493460864
64006996.493460864
50892250.07450092
27510646.35765777
26996784.505945306
6959149.99805725
6959149.99805725
6959149.99805725
6959149.99805725
6145268.149171379
3778546.2099743765
3778546.2099743765
2319043.2339967396
2319043.2339967396
2315060.447305978
1181979.114326774
577730.0659102531
577730.0659102531
577730.0659102531
309347.4126150876
194108.07195583952
131927.64967715892
131927.64967715892
80544.75188079762
38757.369683033794
25409.618915446445
25409.618915446445
25409.618915446445
25409.618915446445
25409.618915446445
25409.618915446445
25409.618915446445
11787.460981747
11787.460981747
10191.049662850639
10191.049662850639
10191.049662850639
10191.049662850639
10191.049662850639
10191.049662850639
10191.049662850639
10191.049662850639
10191.049662850639
7749867212.133209
5495787547.320126
1504980312.2317877
791594961.7781588
144591465.3794921
127146916.46201226
62942377.07609259
62942377.07609259
52562990.1745993
52562990.1745993
23053833.5079446
23053833.5079446
23053833.5079446
17013514.37694458
6953626.380231372
6953626.380231372
5059879.477919711
3366546.9989683763
2603009.8949107644
914066.0375055139
914066.0375055139
679445.2479310544
580750.5977983536
580750.5977983536
580750.5977983536
450636.81599643105
309952.60835084005
145674.2766500229
145674.2766500229
145674.2766500229
145674.2766500229
120950.88304783648
101987.37171077581
85974.44825506263
85974.44825506263
63468.82549488696
41845.23542031843
41845.23542031843
36341.30011730208
36341.30011730208
36341.30011730208
36341.30011730208
30446.04980436614
30446.04980436614
20769.79816853307
20752.73307017711
20752.73307017711
20752.73307017711
20752.73307017711
20752.73307017711
20752.73307017711
20752.73307017711
20752.73307017711
20752.73307017711
7749867212.133209
4137384168.1063867
1964311258.7481718
1213635951.5645978
372540770.2787109
256263318.0073611
162775714.14426467
121887075.30917087
79899653.28535289
59100885.02877961
45406245.09956807
19284315.843003023
9055845.760886567
9055845.760886567
2345002.0008697663
1450323.893340074
1450323.893340074
1450323.893340074
922541.9198420915
453638.3551358651
197372.9206676845
197372.9206676845
197372.9206676845
157754.91867273112
103553.53462954344
103553.53462954344
81485.69685768778
42298.72491488767
42298.72491488767
42298.72491488767
39089.50839631713
39089.50839631713
34495.05992935828
34495.05992935828
34495.05992935828
32184.079270025028
32184.079270025028
32184.079270025028
24227.609108175748
24227.609108175748
24227.609108175748
22914.305775658588
22914.305775658588
22914.305775658588
22914.305775658588
22914.305775658588
22914.305775658588
22914.305775658588
22914.305775658588
22914.305775658588
7749867212.133209
4054489114.814798
1866283397.1325538
1552626638.1368961
880345375.1199741
647516162.3653442
346362273.9054352
171712317.41063306
151327120.4207124
107968895.40009774
107968895.40009774
51999286.64847652
31453423.700279847
31453423.700279847
22189471.922808472
9430095.363804923
8166483.016029834
6922942.341996402
6922942.341996402
6458102.830823293
5830816.19361282
5830816.19361282
5830816.19361282
4211821.673054561
3996601.793353406
3209103.183237829
1737097.8104164228
1737097.8104164228
1196168.9265420388
1196168.9265420388
1007355.3897162565
1007355.3897162565
424350.75432014244
424350.75432014244
371364.6620960674
371364.6620960674
369274.5687680603
238412.63433993887
109848.43023034415
78058.29006968078
78058.29006968078
40036.09177045023
40036.09177045023
24744.316588580263
24744.316588580263
24744.316588580263
24744.316588580263
24744.316588580263
24744.316588580263
24744.316588580263
24744.316588580263
24744.316588580263
7749867212.133209
3918956123.2164526
1817476172.2929792
1128831473.2700748
301030730.32345045
217825276.58898953
115198024.8847431
113296110.60431264
77606980.58429305
24950680.725029483
24950680.725029483
23584782.648671772
18703777.19524568
8356686.392209474
5137336.732690915
2908453.205785891
2023922.4533461095
1525566.2782047149
1525566.2782047149
792536.231940694
792536.231940694
665854.9724000236
651712.5849194062
361275.58649020037
361275.58649020037
314548.00912570755
314548.00912570755
157685.4493307008
157685.4493307008
116989.58141276872
67846.4082389952
67846.4082389952
67846.4082389952
64049.82942812161
64049.82942812161
64049.82942812161
48173.38884893853
43417.2480677129
27124.919035575193
23678.340902258322
23678.340902258322
23678.340902258322
23678.340902258322
20993.819413525376
20993.819413525376
20993.819413525376
19120.28032425896
16350.893394606259
16350.893394606259
16350.893394606259
16350.893394606259
16350.893394606259
16350.893394606259
16350.893394606259
16350.893394606259
16350.893394606259
7749867212.133209
5066090689.370231
1268800138.4883087
881489462.5607411
625107783.1445878
200385598.8380081
125790008.79904644
83045633.38960059
55004586.000757575
28752861.207946323
12027549.312655147
12027549.312655147
7264550.16139056
6329707.139663359
6329707.139663359
6329707.139663359
3341983.5668371283
3341983.5668371283
1876042.825515987
1876042.825515987
1285874.005910977
796220.589746517
626076.4171995119
308273.15372188226
308273.15372188226
254342.58076322998
254342.58076322998
159264.60389781924
159264.60389781924
106989.86678154928
40929.53511511584
40929.53511511584
40929.53511511584
40929.53511511584
40929.53511511584
40929.53511511584
29070.572478470272
29070.572478470272
29070.572478470272
29070.572478470272
29070.572478470272
29070.572478470272
29070.572478470272
27806.97142456704
27806.97142456704
27806.97142456704
27806.97142456704
27806.97142456704
27806.97142456704
26788.20609128784
26788.20609128784
22790.419086301525
22790.419086301525
22790.419086301525
22790.419086301525
22790.419086301525
22790.419086301525
22790.419086301525
22790.419086301525
22790.419086301525
7749867212.133209
4351878593.496803
1221160587.7236667
923405880.7810991
342780845.3147741
244495669.92407775
12342326.571978176
12342326.571978176
12342326.571978176
12342326.571978176
6617683.711800984
3775899.533508864
3775899.533508864
3409228.000163692
3409228.000163692
1673698.1042487773
709109.4387009477
709109.4387009477
709109.4387009477
709109.4387009477
532431.9881036549
270900.41279934533
260130.4467319969
260130.4467319969
260130.4467319969
136335.7536446252
136335.7536446252
69551.147230335
41808.41125691286
41808.41125691286
41808.41125691286
37246.09956662412
37246.09956662412
33964.70839574636
33964.70839574636
33964.70839574636
33316.67104295721
33316.67104295721
16540.401796297643
16540.401796297643
16540.401796297643
16540.401796297643
16540.401796297643
16540.401796297643
16540.401796297643
16540.401796297643
13329.248039281887
13329.248039281887
13329.248039281887
13329.248039281887
13329.248039281887
13329.248039281887
13329.248039281887
13329.248039281887
13329.248039281887
7749867212.133209
5573668811.7366495
2526083422.8919063
1716216309.7197871
1177418027.84112
855236520.663161
330150587.9702088
147693128.61736512
77540096.71761519
77540096.71761519
46555990.83304213
26533840.465925213
16207919.546642667
16207919.546642667
10048973.978608623
10048973.978608623
8995536.676455481
8709699.032816103
4864768.1620339
4864768.1620339
3986940.6801698245
3218149.476275775
1994145.900764156
651590.7314771607
651590.7314771607
300061.53701058566
300061.53701058566
211395.88887617533
209932.79590586395
209932.79590586395
175274.30462953926
86641.6982871093
86641.6982871093
78171.44865399522
74984.83523772347
74984.83523772347
64519.04168640483
30066.12792071722
30066.12792071722
30066.12792071722
30066.12792071722
30066.12792071722
27256.59978924743
13794.149531494204
13794.149531494204
13794.149531494204
13794.149531494204
13794.149531494204
13794.149531494204
13794.149531494204
13794.149531494204
13794.149531494204
7749867212.133209
3897448369.5372243
1966898931.557737
1339077296.6020534
621625653.2298121
299153822.84888583
217869999.71673313
167817513.733777
61590378.073478565
47507627.859386615
34272592.38429249
8499536.827536665
8499536.827536665
8499536.827536665
8499536.827536665
5746601.86522108
3991236.6684124316
2219840.901246628
2219840.901246628
2219840.901246628
1116884.1265589525
1116884.1265589525
995244.1403368978
479855.83164774824
275604.9003032601
275604.9003032601
275604.9003032601
170340.86172999875
123268.8046501299
119001.00979199953
119001.00979199953
78173.73857754255
69842.41071403661
50288.06454980318
50288.06454980318
50288.06454980318
50288.06454980318
50288.06454980318
50288.06454980318
48875.181976886626
15802.422345989218
15802.422345989218
15802.422345989218
15802.422345989218
15802.422345989218
15802.422345989218
15802.422345989218
15802.422345989218
15802.422345989218
7749867212.133209
5482062522.025784
2649513173.6785626
1565463358.40429
760114627.0997827
416294581.7278703
286238010.3183354
203681115.87294403
76716492.15996331
76716492.15996331
64160756.55099417
32087911.476046354
32087911.476046354
31362400.45179964
27137065.786109705
24877667.704698373
21647523.007718496
15035991.626747107
7285023.427218231
6052128.794230994
3030822.7114681834
1578831.8224700526
1578831.8224700526
1247227.795019031
1045638.6691616803
781832.8171825502
781832.8171825502
463734.7791535053
463734.7791535053
390905.99593091884
242778.68613011163
214699.42320115725
214699.42320115725
112850.68939778685
48889.26928930462
48889.26928930462
48057.943315008204
48057.943315008204
41958.26987775133
41958.26987775133
24276.31455705236
24276.31455705236
24276.31455705236
24276.31455705236
24276.31455705236
24276.31455705236
24276.31455705236
16813.29299585905
16813.29299585905
16813.29299585905
16813.29299585905
16813.29299585905
16813.29299585905
16813.29299585905
16813.29299585905
16813.29299585905
7749867212.133209
7315095479.050422
2666438834.6046424
938919319.3023155
380947236.6845123
64878493.13393931
61862451.47035484
61862451.47035484
61530021.78017167
37221051.279894434
24684992.60509854
16949203.191224795
5713919.373438505
1703824.6202974666
1703824.6202974666
1641107.7940272011
1641107.7940272011
1526780.4142566628
1213066.479856112
1036440.2472506241
1036440.2472506241
742477.8831824295
742477.8831824295
619889.66123529
425656.8744851708
200090.32960380963
67425.01134696299
67425.01134696299
43668.35694087063
43668.35694087063
35590.66097396037
33754.74518817794
33754.74518817794
33754.74518817794
24733.67901363373
24733.67901363373
24733.67901363373
24651.69632528757
24651.69632528757
24651.69632528757
24651.69632528757
24651.69632528757
24651.69632528757
24651.69632528757
24651.69632528757
24651.69632528757
7749867212.133209
5082369993.905938
3280787656.4949937
891804329.5744166
258790829.48519436
138810882.76929152
86938079.1586257
60840705.27592046
60840705.27592046
28693155.550178636
28693155.550178636
16811793.854816027
9679749.159899786
9679749.159899786
4396949.716597079
4396949.716597079
4030893.439194032
3287214.3396937693
2083965.0481112301
1423046.7058948218
1423046.7058948218
1067669.8317154835
653332.3008753408
653332.3008753408
510056.3112182199
462172.9518393648
229018.8208742084
130557.24489510905
74384.89047036813
74384.89047036813
74384.89047036813
34020.859874963106
34020.859874963106
34020.859874963106
34020.859874963106
34020.859874963106
34020.859874963106
34020.859874963106
28185.005575214996
24718.287978614237
24718.287978614237
20182.37339278893
20182.37339278893
20182.37339278893
20182.37339278893
20182.37339278893
20182.37339278893
20182.37339278893
17519.277111163054
17519.277111163054
17519.277111163054
17519.277111163054
17519.277111163054
17519.277111163054
17519.277111163054
17519.277111163054
17519.277111163054
7749867212.133209
5213163753.871353
2869229548.786332
743193831.4622211
532901241.2745723
264009699.10069034
108155600.77470858
108155600.77470858
30699768.060998496
13185849.32854394
13185849.32854394
9729531.238432644
9729531.238432644
7508797.020353905
7508797.020353905
7508797.020353905
6772648.192393995
2536758.871486153
1582200.0041221995
1288203.8212151774
759371.1535573648
691577.0385337714
385650.28716307535
384632.5733146432
353890.8707551753
138679.97382881428
93559.83913486953
44456.68378926776
44456.68378926776
44456.68378926776
44456.68378926776
44456.68378926776
40787.35640584951
40787.35640584951
34634.14614310958
34208.06395947533
34208.06395947533
33625.36177086101
29325.01898421029
29325.01898421029
29325.01898421029
29325.01898421029
29325.01898421029
29325.01898421029
23628.15500950338
23628.15500950338
21344.75054893537
21344.75054893537
21344.75054893537
21344.75054893537
21344.75054893537
21344.75054893537
21344.75054893537
21344.75054893537
21344.75054893537
7749867212.133209
6902580308.571408
3399892744.90034
815483711.4308223
396968311.6509801
184519499.01439527
184519499.01439527
104934204.27011019
30731735.447809592
27583758.71082672
27583758.71082672
27583758.71082672
26867190.46072324
15646077.76983433
15646077.76983433
6725478.271204206
3367658.237035316
3367658.237035316
2962209.9006656026
2962209.9006656026
2268810.1721138167
2230880.647563825
1490478.7162605156
953148.5083796318
424665.52901230473
367066.11441795755
108932.82927191694
108932.82927191694
108932.82927191694
108932.82927191694
68519.03494281606
68519.03494281606
66779.4033533527
29818.34133712879
19000.15265340101
19000.15265340101
19000.15265340101
19000.15265340101
19000.15265340101
19000.15265340101
19000.15265340101
19000.15265340101
19000.15265340101
13035.442252430377
13035.442252430377
13035.442252430377
13035.442252430377
13035.442252430377
13035.442252430377
13035.442252430377
13035.442252430377
13035.442252430377
7749867212.133209
5269195760.003482
3550368391.142521
670810711.0942895
535022538.5125558
249582865.07424265
188556319.7957976
74156068.32191488
74156068.32191488
59759252.12521348
59759252.12521348
40194375.05823278
21105464.403318383
5823487.440348246
5823487.440348246
5823487.440348246
5823487.440348246
3634182.255874184
3634182.255874184
3434435.2253080076
1919121.630165479
1667440.369053575
1151970.8052421492
523047.56980455545
523047.56980455545
523047.56980455545
314543.44536151754
182698.10642010934
114916.32656689582
114916.32656689582
114916.32656689582
98022.55804735041
98022.55804735041
74155.17810773788
71463.57091461172
63648.03259385927
37639.01116612832
25306.896591663124
25306.896591663124
25306.896591663124
25306.896591663124
25306.896591663124
23959.29981269866
23959.29981269866
23959.29981269866
23959.29981269866
23959.29981269866
23398.80181225764
23398.80181225764
23398.80181225764
23398.80181225764
23398.80181225764
23398.80181225764
23398.80181225764
23398.80181225764
23398.80181225764
7749867212.133209
6020491807.877453
2775856967.029999
1365235703.216261
569862348.0998535
348762644.22929937
162100298.0358036
60632624.61898272
60632624.61898272
44812945.56056352
39227415.75696225
27195260.923803072
23436085.548810914
7169350.368800075
4395288.436458969
4395288.436458969
4395288.436458969
2697873.283024583
2697873.283024583
1924175.169374183
1924175.169374183
1876658.1386993001
1325935.1844595943
654394.6929179649
164197.9804963332
164197.9804963332
164197.9804963332
90707.09938046076
90707.09938046076
76580.84053134803
76580.84053134803
76580.84053134803
76580.84053134803
61125.63787430293
61125.63787430293
61125.63787430293
49384.663848066506
44531.88298588098
44531.88298588098
20486.83287088887
20486.83287088887
20486.83287088887
20486.83287088887
20486.83287088887
20486.83287088887
20486.83287088887
20486.83287088887
20486.83287088887
7749867212.133209
5442570263.280352
3228562903.1715527
1288185274.1031885
566858874.4207475
312956545.88705283
104660942.04936147
99303172.30974719
64934565.52751796
45547151.23044602
31286856.07687804
20484195.32273066
20484195.32273066
18250826.330368582
18250826.330368582
13145195.713587962
11709301.407482885
8201567.998592582
5378555.424263019
3756931.866565849
3756931.866565849
3756931.866565849
2208296.3499787003
1995038.9393200886
1671403.549996515
1645702.7545680674
1645702.7545680674
788842.1110547581
781437.2612593905
775258.3706064478
775258.3706064478
442433.9031780571
440704.44065366284
440704.44065366284
440704.44065366284
254881.9260379462
88611.11774508329
88611.11774508329
81374.37655823519
53162.53964690591
39516.454567653775
39516.454567653775
39516.454567653775
39516.454567653775
23235.841147559826
23235.841147559826
23235.841147559826
20792.74117902566
20792.74117902566
20792.74117902566
20792.74117902566
20792.74117902566
20792.74117902566
20792.74117902566
20792.74117902566
20792.74117902566
17993.71574190257
17993.71574190257
17993.71574190257
17993.71574190257
17993.71574190257
17993.71574190257
17993.71574190257
17993.71574190257
17993.71574190257
7749867212.133209
5261027317.421447
2419621267.841241
1329330818.048987
374318501.6270223
273926114.2224547
153398932.95078045
153398932.95078045
51167511.72997106
32050056.913364913
22021648.615534436
19949193.73728553
17386084.720935896
7619745.887950925
4948747.021493883
4948747.021493883
4235779.872649719
1335250.8655141066
1335250.8655141066
1335250.8655141066
918574.7522549375
583934.1130194748
257170.13860600567
257170.13860600567
181044.94015306424
181044.94015306424
149206.6777889725
149206.6777889725
45856.06421542086
45856.06421542086
39213.349395290345
39213.349395290345
38297.51799425707
27490.325358758182
27490.325358758182
27490.325358758182
27490.325358758182
27490.325358758182
27490.325358758182
