4856108382.628181
2094373239.5839918
1228808384.505831
570977896.6124012
349763275.5970437
196973475.283909
131818256.67767617
45274897.70627769
45274897.70627769
31593885.562027976
31593885.562027976
28578125.31767136
18814995.53579964
14356665.778729375
6981308.005938839
6981308.005938839
6981308.005938839
4627773.063752042
4353841.533977107
4353841.533977107
4191766.2400404094
2613880.4025377613
2361788.5253564063
2258092.873781336
1517088.4136177977
1517088.4136177977
1055259.0287703716
817244.8251237578
443186.2967163814
264315.22149626596
264315.22149626596
264315.22149626596
264315.22149626596
205780.56302382014
205780.56302382014
93966.04891696289
93966.04891696289
93966.04891696289
93966.04891696289
93966.04891696289
64385.42023473585
64385.42023473585
58581.524700982285
58581.524700982285
58581.524700982285
58581.524700982285
29190.238684043547
29190.238684043547
24179.21878233563
24179.21878233563
24179.21878233563
24179.21878233563
15313.236415163825
15313.236415163825
15313.236415163825
15313.236415163825
15313.236415163825
15313.236415163825
15313.236415163825
15313.236415163825
15313.236415163825
9818572879.597351
4708308181.956688
2420708186.277892
1249757759.3561683
767121355.9613575
553238273.3351834
371452035.9107182
191947380.60318545
134683326.00698784
71648879.08480634
63367821.80211649
18596290.277088176
18596290.277088176
13209505.460376212
13209505.460376212
11324822.558816332
8930303.0656577
5291252.0836146725
1360328.4464618822
1206938.8953751612
728148.6527719576
702842.9978283155
702842.9978283155
458301.85412849067
442641.61018057686
442641.61018057686
268926.43496996624
268926.43496996624
233448.5573366348
217838.23740422435
97164.45800148715
97164.45800148715
97164.45800148715
62925.51815954861
62925.51815954861
44297.636793687336
44297.636793687336
31140.782913301024
31140.782913301024
31140.782913301024
31140.782913301024
31140.782913301024
31140.782913301024
31140.782913301024
31140.782913301024
27953.683941353935
27953.683941353935
27953.683941353935
27953.683941353935
27953.683941353935
27953.683941353935
26396.61811489444
18258.436572144474
18258.436572144474
18258.436572144474
18258.436572144474
18258.436572144474
18258.436572144474
18258.436572144474
18258.436572144474
16197.579110784318
16197.579110784318
16197.579110784318
16197.579110784318
16197.579110784318
16197.579110784318
16197.579110784318
16197.579110784318
16197.579110784318
9818572879.597351
5846893023.721361
1508653111.9451015
721156795.7305659
268509342.42280394
183198987.81085417
103604263.34778437
93665281.11622672
63665668.99305981
55590448.72592399
48638909.872545496
29280796.999315485
29280796.999315485
17018392.736195825
15286502.903317036
11536732.30569028
9435777.60615938
8118250.221277768
8118250.221277768
6489814.367462075
6489814.367462075
1468145.6594324585
1468145.6594324585
1468145.6594324585
1206431.966675363
1206431.966675363
1029515.3684212584
684802.8650892307
684802.8650892307
468989.8404443095
283438.259559169
168398.92034295088
99664.26256799458
99664.26256799458
99664.26256799458
61297.36268344904
61297.36268344904
61297.36268344904
39254.485710915964
39254.485710915964
39254.485710915964
32149.057307019597
32149.057307019597
28243.06854799678
28243.06854799678
28243.06854799678
26465.8255769777
26465.8255769777
22084.176108680633
22084.176108680633
22084.176108680633
22084.176108680633
22084.176108680633
22084.176108680633
22084.176108680633
22084.176108680633
15211.483894626881
15211.483894626881
15211.483894626881
15211.483894626881
15211.483894626881
15211.483894626881
9058.540076001016
9058.540076001016
9058.540076001016
9058.540076001016
9058.540076001016
9058.540076001016
9058.540076001016
9058.540076001016
9058.540076001016
9818572879.597351
4664481256.324398
3235468419.160954
2274966948.2074184
1071508197.2843137
615541475.3399282
241637449.19469827
146498556.3955363
146498556.3955363
118876298.52812271
62672282.20480731
45443524.13144958
45443524.13144958
20710360.261387218
13402360.771830702
6405597.597980274
6405597.597980274
5509651.411777427
3558544.069021801
2457568.0122088664
1177003.5047851617
1177003.5047851617
1177003.5047851617
1177003.5047851617
311868.60204388923
134555.44377247422
134555.44377247422
69598.40247810236
69598.40247810236
9705.370490763442
9705.370490763442
9705.370490763442
9705.370490763442
9705.370490763442
9705.370490763442
9705.370490763442
9705.370490763442
9705.370490763442
9818572879.597351
4802467340.073324
2199313457.971657
1059875353.36486
153382204.6626236
153382204.6626236
153382204.6626236
85741851.0785461
27099062.376548022
26913314.76503752
26913314.76503752
19624981.520750206
14885653.207536109
14885653.207536109
7915741.103872373
7315086.701849079
7315086.701849079
1388952.0999728385
1388952.0999728385
1388952.0999728385
504967.74662893364
447987.6036364118
447987.6036364118
447987.6036364118
318805.60531944147
114678.16783170686
114678.16783170686
70050.38740485244
70050.38740485244
70050.38740485244
63146.71393502705
63146.71393502705
35153.19626819209
35153.19626819209
31038.999873852266
31038.999873852266
31038.999873852266
22182.93673497712
22182.93673497712
22182.93673497712
8242.440055275678
8242.440055275678
8242.440055275678
8242.440055275678
8242.440055275678
8242.440055275678
8242.440055275678
8242.440055275678
8242.440055275678
9818572879.597351
5792189023.219914
2544537284.3189363
1207453059.806942
495584450.45583713
238838139.47282934
75584282.30852073
62593840.14013394
62593840.14013394
51341638.923774205
30677344.220279444
15497651.797413547
4681434.487743709
4681434.487743709
4412709.751199343
1726689.6648950775
1726689.6648950775
1528190.2084786205
996765.6891175872
536369.832533422
499309.3898945479
306355.3257738162
285414.48461593484
285414.48461593484
285414.48461593484
190246.0335292258
190246.0335292258
138813.41698707102
136581.24236532906
118652.0686382078
53300.95550603031
53300.95550603031
33344.365814264085
33344.365814264085
33344.365814264085
33344.365814264085
33344.365814264085
33344.365814264085
26807.14984715582
26807.14984715582
26807.14984715582
22348.370803025424
22348.370803025424
22348.370803025424
22348.370803025424
13587.591360537315
13587.591360537315
13145.299531765817
13145.299531765817
13145.299531765817
13145.299531765817
12278.34107461161
12278.34107461161
12278.34107461161
12278.34107461161
12278.34107461161
12278.34107461161
12278.34107461161
12278.34107461161
12278.34107461161
9818572879.597351
5687409038.766708
2962911054.9416347
1501492996.8275387
514259710.24284285
401891592.79054075
247346554.07001275
234235129.78178975
128895926.68099213
92911875.47433591
51054576.56911423
38885410.46242933
22837300.26968913
22837300.26968913
21864145.580151804
15445767.250087999
7286909.039406873
6191958.962787167
3627110.0420246287
3627110.0420246287
2551994.652589402
2551994.652589402
1164136.1610035482
1164136.1610035482
1164136.1610035482
308422.8446607344
308422.8446607344
247906.82696224152
247906.82696224152
129209.83731010465
129209.83731010465
79098.53490218261
73982.80962381673
73982.80962381673
45781.80852206823
45781.80852206823
29413.443668754335
10649.883388732835
10649.883388732835
10649.883388732835
10649.883388732835
10649.883388732835
10649.883388732835
10649.883388732835
10649.883388732835
10649.883388732835
9818572879.597351
6519404542.640771
1583056739.8796527
1268750948.070978
507073194.9088772
393646524.73662215
296876809.46226096
197431540.7816682
130324362.96140423
130324362.96140423
67283478.25172947
55575565.19127085
23935508.82987114
10654884.9162171
10654884.9162171
10654884.9162171
10654884.9162171
8223204.304333409
4275151.059268592
1941582.466032498
1941582.466032498
1941582.466032498
1898321.6840928863
1375719.6055330946
786637.903285499
786637.903285499
530944.6738984407
504193.23803561216
242225.8546139133
103345.9794034726
103345.9794034726
103345.9794034726
103345.9794034726
102564.44352404901
102564.44352404901
58734.46251764502
58734.46251764502
33472.86249468111
33472.86249468111
33472.86249468111
24365.89551962755
23777.64445429029
23777.64445429029
19676.24870152968
19676.24870152968
19676.24870152968
19676.24870152968
12777.40769134124
12777.40769134124
12777.40769134124
12777.40769134124
12777.40769134124
12777.40769134124
12777.40769134124
12777.40769134124
12777.40769134124
9818572879.597351
5280380338.767728
2132239789.0570173
514714248.6284437
304670298.73353034
130869261.60524309
130869261.60524309
130869261.60524309
95260269.3960321
45728812.736305
45728812.736305
34147327.47512827
19215599.971394982
7528723.07185726
4839976.053695961
2890286.562470232
2890286.562470232
2890286.562470232
1449129.1186284283
1119249.4073458302
819194.6965083627
819194.6965083627
462494.8316103166
335133.6246946676
175950.99117999533
175950.99117999533
175950.99117999533
171111.6619914782
171111.6619914782
170507.73072301046
170507.73072301046
170507.73072301046
122587.81791369205
122587.81791369205
122587.81791369205
49529.05676035474
44973.72220916679
44973.72220916679
39583.55578739154
39583.55578739154
39583.55578739154
39583.55578739154
39583.55578739154
39583.55578739154
39583.55578739154
39583.55578739154
39583.55578739154
9818572879.597351
6873890506.402679
3887789478.395734
1297619469.2223582
883034370.8375793
338078524.62878096
202692985.2446948
144630441.18359786
92236046.49312039
52350922.48716045
48516124.147755526
48516124.147755526
24603047.29079633
24603047.29079633
22238516.14617981
4787889.450349637
4787889.450349637
4787889.450349637
2632990.2028434463
2632990.2028434463
2283662.3028016044
1620699.1508760648
1620699.1508760648
1555301.6149759148
651738.185526011
281069.4481930294
281069.4481930294
253937.8291452942
253937.8291452942
126157.97024832587
88685.51736927965
88685.51736927965
87475.59467008935
52619.36348101978
46487.06216538637
46487.06216538637
46487.06216538637
46487.06216538637
40201.46039506429
40201.46039506429
19199.693051006976
19199.693051006976
19199.693051006976
19199.693051006976
19199.693051006976
11650.774769401687
11650.774769401687
11650.774769401687
11650.774769401687
11650.774769401687
11650.774769401687
11650.774769401687
11650.774769401687
11650.774769401687
9818572879.597351
6243610001.800304
2255577465.5446677
1051541399.7639543
522952964.94595546
179567729.94254974
139076762.32657784
102919469.42950578
50735691.682989
50735691.682989
35957109.18254714
24338487.900214914
12665920.954865253
12665920.954865253
6276518.342283515
6276518.342283515
4414997.380193286
4196269.579816599
3606614.1293379515
2930667.7352078874
2825657.7478587506
2825657.7478587506
1695347.2337816502
1695347.2337816502
909959.9961925993
909959.9961925993
644922.4253941159
231382.75029083827
231382.75029083827
231382.75029083827
182512.3980823295
182512.3980823295
117811.22957416477
79975.03509066493
79975.03509066493
79975.03509066493
58804.335958939606
58804.335958939606
31608.623930478327
30793.203129715577
30793.203129715577
25261.93482525509
23399.972730202455
23399.972730202455
23399.972730202455
23399.972730202455
23399.972730202455
23399.972730202455
23227.406270355812
23227.406270355812
13309.834873797443
8953.514325769454
8953.514325769454
8953.514325769454
8953.514325769454
8953.514325769454
8953.514325769454
8953.514325769454
8953.514325769454
8953.514325769454
8365.091080986134
8365.091080986134
8365.091080986134
8365.091080986134
8365.091080986134
8365.091080986134
8365.091080986134
8365.091080986134
8365.091080986134
9818572879.597351
6280217547.733052
2369368753.266416
1010278230.632959
414884933.2584828
256433318.8190797
166815756.4372813
131598834.90015657
84304956.63714184
40035423.011285506
35727037.76379214
18645659.23623956
12782333.849479174
6661162.36473023
6661162.36473023
3165645.660041583
2973018.7075440343
1929535.3987479485
1810665.693056733
1492930.7018232362
1492930.7018232362
1033874.1586856192
867711.4475240948
588511.4436435698
242584.64801413982
202962.9980747987
202962.9980747987
179439.41128782448
179439.41128782448
99014.34132332665
99014.34132332665
43458.83324451388
35524.52812411923
35524.52812411923
35524.52812411923
35524.52812411923
35524.52812411923
19791.102407164988
19791.102407164988
19791.102407164988
19791.102407164988
19791.102407164988
19791.102407164988
19791.102407164988
19785.240787594033
19785.240787594033
17433.06220132296
17433.06220132296
17433.06220132296
13874.456101382
13874.456101382
11265.576617695273
11265.576617695273
11265.576617695273
11265.576617695273
11265.576617695273
11265.576617695273
11265.576617695273
11265.576617695273
11265.576617695273
9818572879.597351
6410182663.890445
2130039308.717153
678916041.7140665
349656717.35480815
134611580.34403226
134611580.34403226
134611580.34403226
14100540.54921786
14100540.54921786
10215270.4656797
9500537.442780463
9500537.442780463
6999428.269374652
6662446.137167144
5861851.207725246
3782411.221751496
3715387.273212608
2398408.4179026927
2398408.4179026927
1856057.6828895267
1143393.7671211837
1143393.7671211837
464582.91461958375
464582.91461958375
391406.13050275116
218224.07114509234
218224.07114509234
218224.07114509234
150545.28679902176
54324.31645847165
54324.31645847165
54324.31645847165
54324.31645847165
54324.31645847165
22048.895641945503
22048.895641945503
19835.06184236098
19835.06184236098
19835.06184236098
19835.06184236098
14629.914641882635
14629.914641882635
9495.225819393712
9495.225819393712
9495.225819393712
9495.225819393712
9495.225819393712
9495.225819393712
9495.225819393712
9495.225819393712
9495.225819393712
9818572879.597351
7169592724.874452
2987476506.3353868
1660592849.5275688
674104715.6117074
270018412.5415481
156202103.60024598
156202103.60024598
122329735.93864839
70349138.0751164
70349138.0751164
27334176.35041898
23027553.64027477
23027553.64027477
13115712.649919419
10324411.209435487
9557608.799663404
8811214.558959952
6815486.3809645185
6815486.3809645185
1541565.9558073704
1541565.9558073704
1541383.0550590742
1541383.0550590742
1321887.1066097193
449736.21197547606
449736.21197547606
384913.89206679637
384913.89206679637
384913.89206679637
217633.68373517675
162382.9935631997
110517.18378722046
110517.18378722046
110517.18378722046
64315.17749450696
64315.17749450696
29322.04118193772
29322.04118193772
29322.04118193772
28004.134171118556
28004.134171118556
28004.134171118556
28004.134171118556
26094.006895272632
26094.006895272632
23038.448784953078
23038.448784953078
23038.448784953078
21252.323722206525
14792.127244558109
14792.127244558109
14792.127244558109
14792.127244558109
14792.127244558109
14792.127244558109
14792.127244558109
14792.127244558109
14792.127244558109
9818572879.597351
5910920294.911498
1562828480.3882291
871427363.1023983
485809768.6761687
194815600.27980483
152809572.63767773
144828419.2986179
75498487.78277273
75498487.78277273
49273513.9982105
49273513.9982105
49273513.9982105
34090950.88531069
22113343.085269842
22113343.085269842
15057411.354861442
5563060.673942815
5563060.673942815
3044170.7094740313
2354100.8733169
2354100.8733169
2010877.8743792977
630587.9242970439
630587.9242970439
630587.9242970439
628980.5914086394
605520.5894853133
605520.5894853133
544778.5719595569
143014.84830783558
143014.84830783558
141799.02695731158
108597.24094568472
95318.43784428264
95318.43784428264
93275.24072307008
93275.24072307008
44318.4052850553
44318.4052850553
28679.949660283397
28679.949660283397
28679.949660283397
28679.949660283397
28679.949660283397
28679.949660283397
28679.949660283397
28679.949660283397
28679.949660283397
28587.83124676821
28587.83124676821
28587.83124676821
25498.229457323352
25498.229457323352
25270.446807803946
25270.446807803946
19526.17811888652
19526.17811888652
19526.17811888652
15975.06465853769
15975.06465853769
15975.06465853769
15975.06465853769
15975.06465853769
15975.06465853769
15975.06465853769
15975.06465853769
15975.06465853769
9818572879.597351
6271954609.946222
3002868105.228549
694536822.4875233
236689902.6832176
114513713.73496808
83540384.65933165
63565011.16785334
34762922.23739124
23012088.05928304
22666087.35775864
22666087.35775864
10333358.083395164
10333358.083395164
5206922.283188297
1336321.8957891215
1336321.8957891215
1336321.8957891215
757840.1435774848
757840.1435774848
757840.1435774848
552524.7597591288
290991.11441755906
290991.11441755906
177136.32278254398
177136.32278254398
177136.32278254398
177136.32278254398
177136.32278254398
162273.7596681368
75602.25900157932
75314.44585534927
75314.44585534927
29762.705804778587
29762.705804778587
29762.705804778587
29762.705804778587
29762.705804778587
29762.705804778587
29762.705804778587
23590.577516370107
23590.577516370107
20367.51301407036
20367.51301407036
20367.51301407036
20367.51301407036
20367.51301407036
20367.51301407036
20367.51301407036
20367.51301407036
20367.51301407036
9818572879.597351
6373330564.946778
2958839318.7276015
1451270541.3341987
788734075.4261851
382100975.9765186
205581031.4721167
143440455.1232493
88359893.77493683
32441180.50818857
32441180.50818857
8175983.888169513
8175983.888169513
4252519.254396945
3569011.765041624
2014625.6517744206
1057417.9799101625
1057417.9799101625
1057417.9799101625
993111.1753704791
680022.303067541
640536.5999812386
546097.6241622048
447060.0942658033
227935.4775622211
227935.4775622211
98453.10526824766
98453.10526824766
98453.10526824766
44410.014816572366
40827.90240354788
36817.71214544797
36817.71214544797
36817.71214544797
36817.71214544797
36817.71214544797
36817.71214544797
12195.978476600616
12156.966212794438
12156.966212794438
12156.966212794438
12156.966212794438
12156.966212794438
12156.966212794438
11158.449953970126
11158.449953970126
11158.449953970126
11158.449953970126
11158.449953970126
11158.449953970126
11158.449953970126
11158.449953970126
11158.449953970126
9818572879.597351
6113677043.521421
2118527940.883162
725459256.4832158
602973290.7631123
135999006.1968819
135999006.1968819
135999006.1968819
111180188.42757806
65488067.722449385
16993836.802184846
16993836.802184846
5189067.256668808
5189067.256668808
5189067.256668808
3071948.491631096
1859043.643832167
1583017.1916836505
1583017.1916836505
1040263.3606604385
1040263.3606604385
436313.4740167194
436313.4740167194
262888.9775641385
107108.83089343997
107108.83089343997
107108.83089343997
107108.83089343997
67178.68974716548
67178.68974716548
60738.78304773105
60738.78304773105
46819.45260338313
46819.45260338313
29540.126243399678
29540.126243399678
29358.12975631997
29358.12975631997
