4603132893.320616
1662566302.6551533
1177387208.6753798
138297081.44125584
138297081.44125584
77167347.5196927
77167347.5196927
67706719.57709077
43986958.46858837
36077451.33427256
35135933.42947737
35135933.42947737
27998201.128698803
21494140.28285842
10038516.614201302
5568335.4211849235
5568335.4211849235
5568335.4211849235
4946684.776527742
4946684.776527742
4946684.776527742
4220707.850909167
4220707.850909167
3927279.12796911
3927279.12796911
3213379.075197365
2679653.8397553647
829617.4939677559
829617.4939677559
754296.2989870663
754296.2989870663
641601.2861527926
482886.39687910705
345799.61592769437
249977.67582346694
249977.67582346694
222143.2427096219
222143.2427096219
58023.94543687099
58023.94543687099
58023.94543687099
42419.308209229355
42419.308209229355
42419.308209229355
42419.308209229355
39359.83412665889
14123.153745829113
14123.153745829113
14123.153745829113
14123.153745829113
14123.153745829113
13589.462583391827
13589.462583391827
13589.462583391827
13589.462583391827
13589.462583391827
13589.462583391827
13589.462583391827
13589.462583391827
12413.89915932777
12413.89915932777
12413.89915932777
12413.89915932777
12413.89915932777
12413.89915932777
12413.89915932777
12413.89915932777
12413.89915932777
4675480351.473176
3871401559.1683826
2038983733.4297686
750077141.3059326
427809294.5321865
145307265.5534059
46282826.261672266
46282826.261672266
46282826.261672266
9904292.253482152
6909482.441218978
6909482.441218978
6909482.441218978
6909482.441218978
6909482.441218978
6441331.1987949945
2602377.9126705783
1332240.6759039124
1332240.6759039124
909521.5593809364
909521.5593809364
200563.84903433218
200563.84903433218
200563.84903433218
200563.84903433218
200563.84903433218
200563.84903433218
80006.17722825245
80006.17722825245
44546.53211892485
42773.87814727214
11019.372349830388
11019.372349830388
11019.372349830388
11019.372349830388
11019.372349830388
11019.372349830388
11019.372349830388
11019.372349830388
11019.372349830388
4675480351.473176
4653479818.415977
1647565763.9786782
783665859.6845168
463620345.770908
348213331.6219932
114983923.91678718
114983923.91678718
52342432.17430785
46887561.50146623
25635094.807779565
20188779.85551894
4347788.821608767
4347788.821608767
4347788.821608767
4073927.964439983
3313014.2036021273
2141108.0649200054
1732649.5303971171
1732649.5303971171
1732649.5303971171
554269.9759655987
554269.9759655987
535044.8513115167
328140.39607543236
328140.39607543236
256634.33065754245
67329.51411092987
67071.46251266685
67071.46251266685
58925.0840377255
58925.0840377255
55605.58695460215
33997.63758340921
33997.63758340921
33997.63758340921
31924.420505929265
31924.420505929265
27201.29539349861
27201.29539349861
27201.29539349861
27201.29539349861
12394.764045847147
12394.764045847147
12394.764045847147
12394.764045847147
12394.764045847147
12394.764045847147
11636.619006940222
11636.619006940222
11636.619006940222
11636.619006940222
11231.987216280235
11231.987216280235
11231.987216280235
7893.567668385811
7893.567668385811
7893.567668385811
7893.567668385811
7689.841480356192
7689.841480356192
7689.841480356192
7689.841480356192
7689.841480356192
7689.841480356192
7689.841480356192
7689.841480356192
7689.841480356192
4675480351.473176
3804546527.2338653
1287924106.5375674
247412740.63725147
247412740.63725147
213260154.69082662
204842039.2642046
86232668.54951142
79594249.18960805
26007842.8710126
21789609.345368642
19583056.45507867
19583056.45507867
8557699.454975914
8557699.454975914
8557699.454975914
4434828.344660103
4434828.344660103
3408922.814870252
3408922.814870252
1933879.0047251368
1933879.0047251368
1802439.304390921
1802439.304390921
798538.1758251231
781081.4055309321
529139.1473389617
333887.6579159263
287510.72593270347
202165.37030016413
202165.37030016413
68947.78650504319
61328.40181325112
61328.40181325112
45355.0441706985
30769.54461691451
30769.54461691451
30769.54461691451
25920.126138338313
25920.126138338313
25920.126138338313
24317.56293711067
24317.56293711067
24317.56293711067
11235.294195582943
11235.294195582943
11235.294195582943
11235.294195582943
11235.294195582943
11235.294195582943
11235.294195582943
8894.951041331771
8894.951041331771
8894.951041331771
8894.951041331771
8894.951041331771
8894.951041331771
8894.951041331771
8894.951041331771
8894.951041331771
4675480351.473176
4653479818.415977
1111379004.9177682
1015306935.0463353
943352432.0941436
346570432.506089
202898197.35258964
109282054.54710434
109282054.54710434
75050437.91440697
55939683.247155435
32696122.023738552
6981530.950405243
6981530.950405243
6981530.950405243
6922568.655138923
5419903.273986762
5419903.273986762
5419903.273986762
3712899.5421596267
827956.3664214808
730423.0736821035
730423.0736821035
730423.0736821035
414050.46046894474
414050.46046894474
181637.47089458798
109336.18577799916
76297.34081986487
41858.91155406219
41858.91155406219
41858.91155406219
35526.41526513006
35526.41526513006
35526.41526513006
35526.41526513006
35526.41526513006
31205.063936616167
31205.063936616167
17080.99751661809
17080.99751661809
17080.99751661809
17080.99751661809
12435.320423828274
12435.320423828274
12435.320423828274
12435.320423828274
12435.320423828274
12435.320423828274
11285.78020865203
11285.78020865203
11285.78020865203
11285.78020865203
11285.78020865203
11285.78020865203
11285.78020865203
11285.78020865203
11285.78020865203
4675480351.473176
3545888237.7601757
1297028455.9077408
704891682.15243
292857914.85300136
201655891.12748703
91116504.18011929
35711570.256109156
35711570.256109156
35711570.256109156
24091082.034285817
24091082.034285817
15845753.981277594
12636705.434633823
12636705.434633823
8071942.259457456
8071942.259457456
5732876.919024684
1277725.1132701472
1277725.1132701472
1277725.1132701472
600423.6114670873
341367.69944268593
341367.69944268593
341367.69944268593
341367.69944268593
176182.48431247252
123642.2735441977
123642.2735441977
109255.14764139292
109255.14764139292
76319.49303312553
65026.62548961002
65026.62548961002
58912.066439405855
54846.85080738852
31118.286535669016
31118.286535669016
31118.286535669016
22102.603153020813
22102.603153020813
22102.603153020813
22102.603153020813
22102.603153020813
22102.603153020813
22102.603153020813
22102.603153020813
17864.126464497276
17864.126464497276
17864.126464497276
17864.126464497276
17864.126464497276
17149.631931909214
17149.631931909214
17149.631931909214
17149.631931909214
16446.92899632885
16446.92899632885
16446.92899632885
16446.92899632885
16446.92899632885
16446.92899632885
16446.92899632885
16446.92899632885
16446.92899632885
11310873989.21236
5756091789.108987
2427749075.124934
1072473528.4721812
316392690.1083971
170133111.8377681
170133111.8377681
125033116.11123426
125033116.11123426
64158884.59230034
32877004.872856736
31950272.417875633
19005018.381403286
12872689.45024143
12872689.45024143
12872689.45024143
9243490.251661042
4973924.884962478
4973924.884962478
4242101.577170749
2558041.0413529715
2558041.0413529715
2533424.7312737247
1397418.6939067284
1397418.6939067284
734421.0979867965
734421.0979867965
734421.0979867965
427898.68084876443
427898.68084876443
427898.68084876443
140045.6257633561
140045.6257633561
107492.07794005908
47756.66634223879
47756.66634223879
47756.66634223879
47756.66634223879
47756.66634223879
30845.754766012215
30845.754766012215
30845.754766012215
30845.754766012215
30845.754766012215
24414.23374375805
14932.911558904949
14932.911558904949
14932.911558904949
14932.911558904949
14932.911558904949
14932.911558904949
14932.911558904949
14932.911558904949
8972.57079241358
8972.57079241358
8972.57079241358
8972.57079241358
8972.57079241358
8972.57079241358
8972.57079241358
8972.57079241358
8972.57079241358
11310873989.21236
6806267231.250047
2435902616.384982
786095203.0599111
250776850.14295125
164990542.23044708
118720957.14034474
94821886.77620876
80338024.42547289
34258387.19498262
34258387.19498262
34258387.19498262
22049705.420244027
15817740.957422946
8275488.903137006
6603322.5500517115
6603322.5500517115
4510269.220407101
2574138.6660527685
1986831.741667123
1657064.486656797
1657064.486656797
932847.3045924846
727783.6221800188
509674.26445389166
315671.8934836013
315671.8934836013
260876.14650509678
260876.14650509678
260876.14650509678
190202.66011583293
116667.76525185122
116667.76525185122
110756.28901767843
75563.01975808975
75563.01975808975
75563.01975808975
63046.38418964923
44218.38819949339
44218.38819949339
35398.68001074555
35398.68001074555
35398.68001074555
35197.1629233027
35197.1629233027
35197.1629233027
35197.1629233027
35197.1629233027
35197.1629233027
29685.709660741726
29685.709660741726
29685.709660741726
29685.709660741726
29685.709660741726
29685.709660741726
29685.709660741726
29685.709660741726
29685.709660741726
11310873989.21236
6454832667.041949
2733212157.146858
1136768563.8893776
655022398.5928437
241706249.4269385
69652749.36914241
69652749.36914241
69652749.36914241
28884841.521785546
25585009.09409794
17032718.60796448
16878076.801862318
13502674.637486516
10725277.233153632
10177799.276258562
10177799.276258562
6665611.490307064
4730219.81648838
2584152.9852846256
2584152.9852846256
1371333.6672366632
1013987.5603233981
1013987.5603233981
1013987.5603233981
476396.17727350676
476396.17727350676
314552.66236848204
314552.66236848204
62551.327799875595
62551.327799875595
62551.327799875595
62551.327799875595
27239.096258664373
26831.256589445773
21054.237128979796
21054.237128979796
12550.686922484756
12550.686922484756
12550.686922484756
12550.686922484756
12550.686922484756
12550.686922484756
12550.686922484756
12550.686922484756
12550.686922484756
11310873989.21236
7336960570.612712
1057504622.7611157
680317261.6186471
430562361.5394379
169968524.09088176
161648959.4919638
68075042.33473949
48825604.65957683
34986081.019208714
11968682.16039001
11968682.16039001
11968682.16039001
11263123.76124231
5776855.031017685
5435783.391487758
5435783.391487758
4533730.925846495
3481121.122554207
2017678.3113581247
2017678.3113581247
1848558.7147175246
1613828.4486428318
1269117.0198988172
761709.3810713381
516670.5414909657
264892.23830989556
263517.3786022112
228108.0798433909
45165.027548693986
45165.027548693986
45165.027548693986
45165.027548693986
44798.99756198528
44798.99756198528
11056.907363973794
11056.907363973794
11056.907363973794
11056.907363973794
11056.907363973794
9269.430820802972
9269.430820802972
9269.430820802972
9269.430820802972
9269.430820802972
9269.430820802972
9269.430820802972
9269.430820802972
9269.430820802972
11310873989.21236
5948430810.398642
1215965370.173561
1113840667.5509715
869754575.6413628
376024465.48439026
210603568.84473318
210603568.84473318
50347294.95317584
50347294.95317584
50347294.95317584
18253375.680348687
11784892.731885452
11581324.373910343
5519382.00398934
4674033.921610913
1647377.1897927457
894889.1104563001
894889.1104563001
894889.1104563001
616478.297427153
616478.297427153
616478.297427153
495249.23011583515
482375.93736713397
376790.5514298189
139804.3550290058
127784.09847004108
127784.09847004108
127784.09847004108
127784.09847004108
124525.92858156475
124525.92858156475
116515.39020943387
83940.32393377445
42427.583882576895
42427.583882576895
42427.583882576895
42427.583882576895
42427.583882576895
42427.583882576895
30043.43927574684
30043.43927574684
30043.43927574684
30043.43927574684
30043.43927574684
18719.303876201117
18719.303876201117
18719.303876201117
18719.303876201117
18719.303876201117
18719.303876201117
18719.303876201117
18719.303876201117
18719.303876201117
11310873989.21236
6227575155.521777
782206180.5743316
348371137.669408
229955726.14434367
184621052.85862774
27891150.7719099
27891150.7719099
27891150.7719099
25433852.35876545
20338220.648003273
14453456.839060325
14453456.839060325
14012588.585006688
10844345.051985748
9697011.18457332
7477035.9730691
5717432.5182674425
3544026.0712030735
1531661.3305230683
1531661.3305230683
1447406.975148816
1447406.975148816
950788.2771829239
207205.93877404236
207205.93877404236
207205.93877404236
207205.93877404236
207205.93877404236
110520.61889605132
110520.61889605132
106799.74765066199
106799.74765066199
74964.61010303667
72440.21805144718
72440.21805144718
72440.21805144718
36108.08696360125
36108.08696360125
36108.08696360125
31262.17618492053
31262.17618492053
31262.17618492053
31262.17618492053
31262.17618492053
26539.973710559614
26539.973710559614
26539.973710559614
26539.973710559614
26539.973710559614
26539.973710559614
26539.973710559614
26539.973710559614
26488.950398281493
26488.950398281493
26488.950398281493
23301.996348609802
23301.996348609802
23301.996348609802
23301.996348609802
23301.996348609802
23301.996348609802
23301.996348609802
23301.996348609802
23301.996348609802
11310873989.21236
5882874031.609021
2341560488.5303273
1807369413.0109143
669568897.5355132
205704079.58802506
181506796.92407754
115236487.04358429
23135764.443070024
23135764.443070024
23135764.443070024
9802649.611831035
9802649.611831035
9802649.611831035
8646342.049875017
5504046.840188176
3967039.882003606
958719.832339386
958719.832339386
958719.832339386
796876.9740756521
779825.5341449864
551090.9728298081
414449.8386746867
317053.3658885538
316316.37878278724
316316.37878278724
270856.7801543516
170289.30113286083
170289.30113286083
158887.68893337328
84089.2123078575
55954.94944145865
55954.94944145865
55954.94944145865
55954.94944145865
34449.069945480325
34449.069945480325
34449.069945480325
34449.069945480325
27510.62093175672
27510.62093175672
27510.62093175672
27510.62093175672
27510.62093175672
17732.83962258845
17732.83962258845
17732.83962258845
17732.83962258845
17732.83962258845
17732.83962258845
17732.83962258845
17732.83962258845
17732.83962258845
11310873989.21236
7080649350.905811
3159933764.5734577
1058169937.9342194
472034234.7910507
146958580.90638173
81065018.33642633
81065018.33642633
45578495.55921609
29816590.843930863
29816590.843930863
29816590.843930863
20866501.856055222
11861874.381105686
1588823.5314398238
1588823.5314398238
1588823.5314398238
989741.2707449521
989741.2707449521
418906.4376523252
418906.4376523252
418906.4376523252
405198.2251451156
405198.2251451156
185217.6532386604
39496.400656709906
39496.400656709906
39496.400656709906
39496.400656709906
39496.400656709906
39496.400656709906
34301.59062032812
18602.669025271898
18602.669025271898
18602.669025271898
18602.669025271898
18602.669025271898
18602.669025271898
18602.669025271898
18602.669025271898
18602.669025271898
11310873989.21236
6026298252.692348
2226179966.5864673
1426962922.0152183
387609109.5459514
355854115.08211863
128209289.12245692
68073054.7645469
68073054.7645469
15594773.112916132
15594773.112916132
14339824.627740577
4325320.966341837
4325320.966341837
4325320.966341837
2129688.7347413655
2129688.7347413655
1350449.9358876846
1008841.0053821572
558372.0225335071
558372.0225335071
313209.32116484846
281803.0099619667
281803.0099619667
262906.15677953965
95824.75793114268
95824.75793114268
64303.51162737032
64303.51162737032
64303.51162737032
28520.66241796055
28520.66241796055
24734.85479013394
24734.85479013394
19455.464585925176
19455.464585925176
19455.464585925176
19455.464585925176
19455.464585925176
19455.464585925176
15876.620177730834
15876.620177730834
15876.620177730834
15876.620177730834
15876.620177730834
15876.620177730834
15876.620177730834
15876.620177730834
15876.620177730834
11310873989.21236
7708736993.203727
3110286025.8986692
1643597895.4159932
354841025.74979323
209048690.9220905
35445496.42958165
35445496.42958165
17627632.683187813
17627632.683187813
17548091.471886013
13057504.705796799
6335742.737683656
2697611.002760621
2697611.002760621
2697611.002760621
1800877.5443523477
1222185.690958423
675317.3775191426
675317.3775191426
488260.730480396
328445.1460564394
191952.56989414035
191952.56989414035
175504.01091132956
167770.56478127599
121274.51048197006
121274.51048197006
76523.48632513237
46045.320515720356
40542.671679892264
39155.07142773693
25932.128033679623
25932.128033679623
25932.128033679623
23827.4379263385
23827.4379263385
23827.4379263385
21390.323675560594
21390.323675560594
19279.29208662778
16913.798520536246
16913.798520536246
16913.798520536246
16913.798520536246
14861.700643355309
14861.700643355309
14861.700643355309
14861.700643355309
14861.700643355309
14861.700643355309
14861.700643355309
14861.700643355309
14861.700643355309
11310873989.21236
5727171543.251986
2684944336.569379
977856230.5672804
666821853.9362733
289865853.9177743
169560230.22907764
164488360.3199566
88148927.38964489
59654537.93587446
33066837.49570595
25707754.93472451
25448322.311808154
17632855.90381798
8812131.499649223
8812131.499649223
7136804.171868728
5097994.015798471
3669096.715550904
3071682.8481411836
3071682.8481411836
2539529.4565571505
2539529.4565571505
2539529.4565571505
1887454.2933885173
1319547.90189757
1181189.663684166
809482.182932441
809482.182932441
441225.0131452804
441225.0131452804
441225.0131452804
418968.42857229203
418968.42857229203
277871.3228129824
149977.3711183545
137192.7720241082
98812.28119796385
98812.28119796385
98812.28119796385
85870.95723802575
63697.15088074675
52655.17036839137
50713.64533951303
50713.64533951303
36520.56304072019
36520.56304072019
36520.56304072019
32523.320037808655
32523.320037808655
32523.320037808655
32523.320037808655
32523.320037808655
30960.83448621867
27626.08445517678
27626.08445517678
27626.08445517678
27626.08445517678
27626.08445517678
27626.08445517678
27626.08445517678
20973.476871914732
20973.476871914732
16105.201905411113
16105.201905411113
16105.201905411113
16105.201905411113
16105.201905411113
16105.201905411113
16105.201905411113
16105.201905411113
16105.201905411113
11310873989.21236
4949562086.792028
3856088318.1962633
1924026322.1396186
1083732279.7794697
628715218.5561817
543499569.2160605
87311493.82779737
35712623.75609448
35712623.75609448
35712623.75609448
15908028.54048984
15908028.54048984
7776064.380594708
4338501.660500666
4017822.1583992215
4017822.1583992215
4017822.1583992215
4017822.1583992215
1926336.5661686845
1643686.436970106
455807.73957351357
455807.73957351357
455807.73957351357
455807.73957351357
455807.73957351357
455807.73957351357
354553.6579747053
317676.783962605
317676.783962605
79090.97620573973
79090.97620573973
69878.4268765819
69878.4268765819
69878.4268765819
53015.493363123525
34383.927111505305
