5593201758.68354
3452983957.075744
1556655534.6536157
738241467.6146119
116804660.29371065
66036134.86792632
59705730.45928821
47419730.76278069
44368977.60764796
13487038.385147061
13487038.385147061
11617676.882088736
6667633.519197242
6667633.519197242
4157059.7924387814
4041605.774182509
2354140.8168809265
1276713.7545837003
1180443.6461687796
620525.1206074732
126825.55956963183
126825.55956963183
126825.55956963183
126825.55956963183
126825.55956963183
126825.55956963183
103259.45992595932
103259.45992595932
60871.16557582431
60871.16557582431
60871.16557582431
30634.915136427142
30634.915136427142
30634.915136427142
27913.98875155401
27913.98875155401
27913.98875155401
16284.499912487485
16284.499912487485
16284.499912487485
16284.499912487485
16284.499912487485
12444.724311384767
12444.724311384767
12444.724311384767
12444.724311384767
12444.724311384767
12444.724311384767
12444.724311384767
12444.724311384767
12444.724311384767
5593201758.68354
5593201758.68354
2980862860.7325125
1835115173.7702243
660727536.508774
481340511.0973546
257280943.0734627
179397631.42977363
124386947.43142979
86126311.32252026
23622877.694740236
23622877.694740236
11767194.315702006
9685497.567640278
8701851.609293059
4002378.297254718
2795066.672653636
2795066.672653636
1118346.731278069
1118346.731278069
1118346.731278069
1001173.0250093727
739784.8447009345
620383.4377860329
620383.4377860329
128857.49808101314
128857.49808101314
128857.49808101314
128857.49808101314
128478.42447334212
39337.40746840101
39337.40746840101
39337.40746840101
39337.40746840101
31634.788723923008
24563.523725651063
24563.523725651063
24563.523725651063
24563.523725651063
24563.523725651063
23860.70241097679
23860.70241097679
23860.70241097679
20523.353722975677
20523.353722975677
20523.353722975677
18824.596890271543
18824.596890271543
18824.596890271543
18824.596890271543
18824.596890271543
18824.596890271543
18824.596890271543
18824.596890271543
18824.596890271543
17735.89515964591
17735.89515964591
17735.89515964591
17735.89515964591
17735.89515964591
17735.89515964591
17735.89515964591
17735.89515964591
17735.89515964591
5593201758.68354
5593201758.68354
3450031039.8162813
2060135695.052958
1230876267.4347403
698056520.5201883
475959872.5302164
225717656.27519968
145468482.35909566
125669907.24614663
84398724.17938176
64799864.96352283
41771010.472702615
41771010.472702615
29979711.08594619
18118532.781442966
16993248.616664212
3348864.675065213
3348864.675065213
3348864.675065213
3095226.206527251
1876934.342464956
1802996.6556239284
855487.4726067017
855487.4726067017
855487.4726067017
671195.6667073426
538776.7003840371
221633.91867482316
221633.91867482316
221633.91867482316
187640.79711282018
104889.57886269031
104889.57886269031
75644.75772868643
75644.75772868643
75644.75772868643
46290.28540599645
46290.28540599645
40119.51411827513
40119.51411827513
38097.532944854895
38097.532944854895
38097.532944854895
32022.4130895718
32022.4130895718
32022.4130895718
32022.4130895718
32022.4130895718
31982.115857172827
31982.115857172827
31982.115857172827
31982.115857172827
31982.115857172827
31982.115857172827
31982.115857172827
31982.115857172827
31982.115857172827
5593201758.68354
5593201758.68354
2858389515.8126287
1944175752.7815163
957927790.4279829
254301280.88596815
172859866.58190432
122976169.00323604
26065138.13975753
26065138.13975753
14982895.437667223
12697113.8979768
9113835.681261117
9113835.681261117
4773690.024398105
2293527.4465311286
1151830.3222876065
1151830.3222876065
1101034.8473976164
1101034.8473976164
941636.6932335749
520064.17362306814
172069.05310241814
99413.03465720071
99413.03465720071
99413.03465720071
80757.51282651245
47963.04180521581
47963.04180521581
47963.04180521581
47963.04180521581
40273.2946472327
31617.23524309958
31617.23524309958
21691.10468774952
21691.10468774952
21691.10468774952
19464.45940723038
19464.45940723038
19464.45940723038
19464.45940723038
19464.45940723038
16361.699775494108
16361.699775494108
16361.699775494108
16361.699775494108
16361.699775494108
14427.543855128793
14427.543855128793
14427.543855128793
14427.543855128793
14427.543855128793
14427.543855128793
14427.543855128793
14427.543855128793
14427.543855128793
5593201758.68354
5593201758.68354
3224665898.9686537
1327751087.0617814
652302396.2203704
404466390.1534287
238648667.25956675
211060313.512984
138462955.25972176
65034295.93772456
65034295.93772456
54532079.52591145
29096766.72978663
29096766.72978663
23329866.98003317
16836072.195514083
5359809.854493761
3696990.731773133
3696990.731773133
3696990.731773133
3102382.0283847647
2796302.578677678
1910316.1098223529
1570007.660089832
1286684.9879502424
840208.1905552526
705340.5769395393
705340.5769395393
178094.97144418486
178094.97144418486
150919.38626796458
111323.81589374032
111323.81589374032
111218.62654893023
76061.16298038306
74001.49770723163
74001.49770723163
74001.49770723163
19382.038834282317
19382.038834282317
19382.038834282317
19382.038834282317
19382.038834282317
19382.038834282317
19382.038834282317
19382.038834282317
19382.038834282317
5593201758.68354
5593201758.68354
3070171520.1733675
1391047087.1481318
693998601.0001034
237655748.7079981
144252334.76297292
70655378.97271432
62677018.18470809
38597645.21735432
28636087.06564104
28605815.97217256
27465926.393605217
27465926.393605217
20147509.88231988
10121804.79451329
6136967.752652658
6136967.752652658
3480059.1192178526
3108671.5870156004
2073314.9464827965
2011180.3260535283
1122822.34957409
1122822.34957409
814992.9693451021
631927.1812490289
617180.9152531167
523538.2785190511
500293.62934098614
500293.62934098614
500293.62934098614
500293.62934098614
271946.7928111604
154918.44757615676
76325.72660823079
76325.72660823079
76325.72660823079
76325.72660823079
48488.63480710471
32744.45139396661
32744.45139396661
23644.633499440075
23644.633499440075
23644.633499440075
23644.633499440075
23644.633499440075
23644.633499440075
14983.718741356945
14983.718741356945
14983.718741356945
14983.718741356945
14983.718741356945
14983.718741356945
14983.718741356945
14983.718741356945
13873.912966079668
13873.912966079668
13873.912966079668
13873.912966079668
13873.912966079668
13873.912966079668
13873.912966079668
13873.912966079668
12272.77904382863
12272.77904382863
12272.77904382863
12272.77904382863
12272.77904382863
12272.77904382863
12272.77904382863
12272.77904382863
12272.77904382863
5593201758.68354
5521146171.517198
2311132928.419071
1461140224.325236
405499216.1883051
145784760.48054513
145784760.48054513
127550267.73843604
80315266.43967761
44218276.29757986
34479169.048440136
34479169.048440136
9854630.714763993
6145737.080066585
6145737.080066585
5123657.939184639
5123657.939184639
5123657.939184639
3054403.441210174
1276460.7857598756
460546.24889964506
371240.6831722637
371240.6831722637
366222.5301002407
366222.5301002407
257202.1081050816
257202.1081050816
188509.33104430698
163633.57583896327
82500.61631969408
82500.61631969408
79755.974613921
59743.177725610134
51172.27064649258
42598.228079300374
42598.228079300374
36044.81857986433
35591.030694029134
35591.030694029134
35591.030694029134
24357.87987079424
24357.87987079424
24357.87987079424
11079.942431575528
11079.942431575528
11079.942431575528
11079.942431575528
11079.942431575528
11079.942431575528
11079.942431575528
11079.942431575528
11079.942431575528
5593201758.68354
5593201758.68354
3347920875.723041
1844091750.253284
939187067.3621327
709841176.9164476
237306027.2607817
161952664.36546314
143601064.23185685
41837510.059757136
41837510.059757136
38470575.667260975
18114150.668568093
18114150.668568093
14913726.321115762
8151170.241914361
8151170.241914361
4996482.475910744
2514610.531301811
2075718.6131902267
2075718.6131902267
2075718.6131902267
1257651.001046258
1257651.001046258
1194987.7767417277
787983.642245195
787983.642245195
787983.642245195
672731.4209810008
176684.96859144952
134925.39829589688
134925.39829589688
134925.39829589688
126898.493326469
126898.493326469
82627.07161361518
82627.07161361518
72297.27749750193
43697.23812209924
42361.48497688072
42361.48497688072
24303.72259952898
24303.72259952898
24303.72259952898
24303.72259952898
24303.72259952898
24303.72259952898
22523.49485079189
22523.49485079189
22523.49485079189
22523.49485079189
22523.49485079189
22523.49485079189
19934.626069118553
19934.626069118553
19934.626069118553
19934.626069118553
19934.626069118553
19934.626069118553
19934.626069118553
19934.626069118553
19934.626069118553
13134.656802207397
13134.656802207397
13134.656802207397
13134.656802207397
13134.656802207397
13134.656802207397
13134.656802207397
13134.656802207397
13134.656802207397
5593201758.68354
5593201758.68354
2000457550.3001292
1059311352.7191925
310597715.5275585
214024685.4050214
123954406.97725089
99182525.14266214
87330245.70959306
61465206.17288946
51931913.58299176
33217101.934930824
27256585.46513042
25573505.542725094
14129143.274081888
8617578.860035328
8617578.860035328
7621929.3469159575
2889953.0221830825
2889953.0221830825
2889953.0221830825
2588019.090531789
2588019.090531789
2588019.090531789
1323273.6336364443
842186.6128501811
332456.9795794992
288293.6647016866
288293.6647016866
238587.5858088922
238587.5858088922
120783.0235057525
51983.17627240699
51983.17627240699
51983.17627240699
44942.48047205798
44942.48047205798
44942.48047205798
44942.48047205798
44942.48047205798
27442.856971590627
27442.856971590627
27442.856971590627
23159.87813105939
19615.89074799112
19615.89074799112
19615.89074799112
19615.89074799112
19615.89074799112
19615.89074799112
19615.89074799112
19615.89074799112
13867.92546191292
13867.92546191292
13867.92546191292
13867.92546191292
11747.66664104139
11747.66664104139
11747.66664104139
11747.66664104139
11747.66664104139
11747.66664104139
11747.66664104139
11747.66664104139
11747.66664104139
5593201758.68354
5593201758.68354
2426082401.1601367
800318662.286245
220669774.39439484
115454439.76710086
115454439.76710086
51125016.165796235
51125016.165796235
22655589.743820332
15917398.66843226
15917398.66843226
6979275.179995721
5273706.817452783
5273706.817452783
3051199.2165732873
3051199.2165732873
3051199.2165732873
1895105.306100308
728565.7868524693
728565.7868524693
728565.7868524693
467945.2175038031
355694.89907489315
350239.6683706328
350239.6683706328
253748.81176853823
173645.89854966794
173645.89854966794
173645.89854966794
74424.55384721064
74424.55384721064
70774.09215694472
70774.09215694472
61517.77724866168
49404.48998604306
49404.48998604306
49404.48998604306
44546.02257200091
44546.02257200091
44546.02257200091
34872.22503130455
34872.22503130455
34872.22503130455
34872.22503130455
34872.22503130455
34872.22503130455
34872.22503130455
34872.22503130455
31821.07195216593
31821.07195216593
31821.07195216593
21576.524665954712
21576.524665954712
21576.524665954712
21576.524665954712
21576.524665954712
21576.524665954712
21576.524665954712
21576.524665954712
21576.524665954712
5593201758.68354
5123313065.1230545
2738240819.5970345
1424067749.840367
659714070.4027208
526116706.8000583
389121768.4678824
270551814.94663525
81334269.1567541
33342910.420797266
33342910.420797266
33342910.420797266
15626319.475135652
14218934.157359267
9414938.364322389
5276682.671727028
5276682.671727028
2526736.256660862
2341473.119458861
1836263.2415381293
1836263.2415381293
854731.4977206974
854731.4977206974
854731.4977206974
735885.5281332234
449020.2838337694
342135.1163981379
171188.49271437406
79936.86274385439
79936.86274385439
44670.31520071331
44670.31520071331
44670.31520071331
44670.31520071331
22252.453841622537
22252.453841622537
22252.453841622537
18904.60082451564
18904.60082451564
18904.60082451564
18904.60082451564
18904.60082451564
18904.60082451564
18904.60082451564
18904.60082451564
18904.60082451564
15873.329487111667
15873.329487111667
15873.329487111667
15327.769038685472
15327.769038685472
15327.769038685472
15327.769038685472
15327.769038685472
15327.769038685472
15327.769038685472
15327.769038685472
15327.769038685472
5593201758.68354
5129722571.349044
2953732260.605985
1296758122.9237988
317094785.1620432
296701725.7909555
208126077.65791184
141248895.24996242
73112575.4869571
50413774.69000705
29744877.687377125
13323513.514908953
11187625.728015272
11187625.728015272
9982075.268195644
6780398.346869271
6780398.346869271
4040896.935627044
3198034.275232278
2251615.4340814496
1158792.005023277
1158792.005023277
1125036.2428991662
374713.3052885887
353032.5837697657
353032.5837697657
353032.5837697657
353032.5837697657
329455.680265039
169388.5412351941
39015.10263790459
39015.10263790459
32358.819838997573
32358.819838997573
32358.819838997573
32358.819838997573
32358.819838997573
32358.819838997573
32358.819838997573
32358.819838997573
32358.819838997573
31378.802525116454
31378.802525116454
31378.802525116454
31378.802525116454
31378.802525116454
31378.802525116454
25402.007223936085
25402.007223936085
24955.71181753094
24955.71181753094
24955.71181753094
24955.71181753094
23896.54816389136
23896.54816389136
23896.54816389136
23896.54816389136
23896.54816389136
23896.54816389136
23432.231082235136
23432.231082235136
23432.231082235136
23432.231082235136
23432.231082235136
23432.231082235136
23432.231082235136
23432.231082235136
23432.231082235136
5593201758.68354
3949573382.3188267
2162020096.0505047
1275760252.5922318
339967766.9482808
230858859.14203084
59685942.759148814
59685942.759148814
59685942.759148814
35161958.38404394
35161958.38404394
25101110.94211633
20995374.36288502
20995374.36288502
20995374.36288502
9974780.392119138
8517529.507060457
3220236.7918478684
3220236.7918478684
3172715.943358603
2121209.025087822
2121209.025087822
612999.6716682215
612999.6716682215
585289.4857366092
585289.4857366092
375169.7769307979
178344.6493888865
178344.6493888865
155382.17306590028
47530.50761693662
47530.50761693662
42108.376028027364
27538.71300987196
27538.71300987196
27538.71300987196
22169.972357273255
22169.972357273255
15762.294703592508
15762.294703592508
12237.907601323172
12237.907601323172
12237.907601323172
12237.907601323172
12237.907601323172
12237.907601323172
12237.907601323172
12237.907601323172
12237.907601323172
5593201758.68354
5593201758.68354
3578864298.2828093
1451645497.4471028
359364621.130549
216750368.7452726
174998068.1766157
98771249.72664884
80948500.79944079
71344143.55330543
33081269.15550338
29172244.254650492
29172244.254650492
8248190.993254962
8248190.993254962
5653838.0712194815
2832738.784080137
2832738.784080137
2202789.8814300806
928302.2878625988
928302.2878625988
607349.3883030281
607349.3883030281
512834.90428900433
512834.90428900433
390193.48819031613
311795.78912837565
310224.7605745179
100556.26812097366
100556.26812097366
97940.84293818426
96582.3232393561
96582.3232393561
59291.137845304176
59291.137845304176
59291.137845304176
41954.17131650064
29529.650635764323
29529.650635764323
29529.650635764323
22699.376846421164
22699.376846421164
22699.376846421164
22699.376846421164
22699.376846421164
22699.376846421164
22699.376846421164
22699.376846421164
22699.376846421164
5593201758.68354
5577216044.299508
2933275580.504059
1437334144.0649498
656473198.9901131
310051984.2383488
244687265.96861294
79113168.81156257
51395142.96292221
51395142.96292221
36838212.70678346
29800902.728175875
13720396.854878264
13543389.312880518
8005442.460501146
4434605.980588716
3591387.6541705322
3591387.6541705322
3591387.6541705322
1603727.4019964717
742045.5253791081
481828.74362227874
481828.74362227874
246059.8050113964
246059.8050113964
246059.8050113964
223515.5309169139
169217.20237392592
169217.20237392592
40603.06176419685
40603.06176419685
40603.06176419685
38501.39071109879
38501.39071109879
32161.559129416877
32161.559129416877
29787.68102894025
29787.68102894025
29787.68102894025
24691.01813518577
24691.01813518577
24691.01813518577
22497.521307736653
22497.521307736653
22497.521307736653
22497.521307736653
22497.521307736653
22497.521307736653
22497.521307736653
22497.521307736653
22497.521307736653
5593201758.68354
5593201758.68354
2326428684.5665693
1005661751.5082924
337760265.4661927
337760265.4661927
124513265.71980874
83274845.40982439
83274845.40982439
77089321.86879581
56049492.70409573
39845200.95214443
39845200.95214443
35946787.35938157
23839781.45063257
23839781.45063257
6569646.241604886
6544877.835388153
6544877.835388153
6123878.588507989
4338462.643116274
2520293.3448709412
2520293.3448709412
2366099.7159457067
1967051.1049679248
1028266.6292036099
1028266.6292036099
1028266.6292036099
1028266.6292036099
848780.8432448601
630339.791629473
498685.2251458442
498685.2251458442
292596.16420469683
173615.4612263263
137741.2444244013
137741.2444244013
93222.85740859543
91436.0330180257
91436.0330180257
91436.0330180257
82992.53982971006
82992.53982971006
53732.453564526666
53732.453564526666
53732.453564526666
38131.356205262775
38131.356205262775
38131.356205262775
38131.356205262775
38131.356205262775
38131.356205262775
37124.69868405247
31368.585285805697
31368.585285805697
31368.585285805697
31368.585285805697
31368.585285805697
31368.585285805697
30463.794426480246
30463.794426480246
30463.794426480246
30463.794426480246
30463.794426480246
30463.794426480246
29166.029426246903
29166.029426246903
29166.029426246903
29166.029426246903
27338.782279691077
27338.782279691077
21396.175768249654
21396.175768249654
21396.175768249654
21396.175768249654
21396.175768249654
21396.175768249654
21396.175768249654
21396.175768249654
21396.175768249654
5593201758.68354
5593201758.68354
2633532240.7427897
1260549577.5572205
1009310066.068039
215101305.53394502
111459295.73654969
111459295.73654969
59960956.87946683
45316431.37789295
45316431.37789295
42346355.225724265
38149435.32858806
12511964.285814347
9578439.46888838
9578439.46888838
9535946.523718316
7037257.511687965
6105283.230007291
6105283.230007291
5704353.186948408
3743546.8730301643
2800387.9762498266
2800387.9762498266
2459375.039677021
2459375.039677021
1822351.6825831926
854256.0468618374
642518.9368487354
627909.2292863228
519307.80186831346
487401.57564504165
457095.3361933179
241764.78057085077
241764.78057085077
241764.78057085077
83923.3250536177
83923.3250536177
67796.4500907337
67796.4500907337
36409.842758285115
36409.842758285115
36409.842758285115
36409.842758285115
36409.842758285115
32502.797666339047
32502.797666339047
29404.495620143723
29404.495620143723
