4657239158.587765
1942072937.8510177
1178053925.6345065
535231027.4892651
231963045.09969845
131614872.83964486
84137253.57848178
64102692.26026605
64102692.26026605
38680102.85855883
24281942.341729574
23748395.845797498
23748395.845797498
21482431.31015231
13784229.412874648
11283545.366399527
8171411.140470629
8171411.140470629
3752315.3907109364
3752315.3907109364
1922471.4113083123
1922471.4113083123
1922471.4113083123
593320.2514703568
269991.6936045375
269991.6936045375
269991.6936045375
179504.0488420954
114107.9207545073
55768.47010661096
55768.47010661096
34110.10055952647
34110.10055952647
34110.10055952647
34110.10055952647
34110.10055952647
34110.10055952647
21954.864589943005
21954.864589943005
21954.864589943005
21954.864589943005
12928.787474393377
12928.787474393377
12928.787474393377
12928.787474393377
12928.787474393377
9517.938292290513
9517.938292290513
9517.938292290513
9517.938292290513
9517.938292290513
9517.938292290513
9517.938292290513
9517.938292290513
9517.938292290513
7522027973.094891
5674657702.9432955
1966187358.5406108
1639810519.982716
745650619.6989202
371819035.93876266
155722706.96154994
79622461.32799457
58156958.57553092
33720802.08274942
33720802.08274942
27418651.445860706
13686953.076441567
7829105.791646924
7829105.791646924
4576211.195375499
2454936.185544897
2454936.185544897
1930538.5652650893
915416.3258968621
915416.3258968621
375385.1902042962
228058.25485006356
228058.25485006356
228058.25485006356
228058.25485006356
164734.5431399804
164734.5431399804
90078.30714431171
90078.30714431171
90078.30714431171
78033.40094690396
55241.19219456853
49209.43783654297
44505.67162592976
27669.389289768373
27669.389289768373
27669.389289768373
27669.389289768373
27669.389289768373
27669.389289768373
27669.389289768373
23250.486227057037
23250.486227057037
23250.486227057037
23250.486227057037
23250.486227057037
23250.486227057037
23250.486227057037
23250.486227057037
23250.486227057037
7522027973.094891
4672458147.673504
1845094908.483775
710802418.2625978
380773187.83573824
240726409.69830132
104269058.21613899
55483727.77156922
43334027.13216146
33254120.364314176
33254120.364314176
29153221.78232776
21623214.117570255
16180106.098907346
4348424.066080739
4348424.066080739
3911163.8393759113
2016927.7162900716
2016927.7162900716
1250800.0899765908
1250800.0899765908
597492.0061903187
597492.0061903187
512129.82482026675
338783.11647699215
338783.11647699215
338783.11647699215
320916.5648654767
320916.5648654767
320916.5648654767
119766.79588882852
86697.28445822983
86697.28445822983
86697.28445822983
50479.083386050785
50479.083386050785
44801.84320090852
44801.84320090852
25991.945053505686
25991.945053505686
11652.932994057302
11652.932994057302
11652.932994057302
11652.932994057302
11652.932994057302
11652.932994057302
11652.932994057302
11652.932994057302
11652.932994057302
7522027973.094891
4290974549.326903
2628151080.8902383
687588984.8788258
440807203.95383483
212728435.9300413
202689544.80948764
202689544.80948764
80480091.87696128
40150707.6863794
40150707.6863794
28256462.65196336
20678353.857433956
15888960.652278384
15888960.652278384
14710733.07872424
11262670.591540325
8121923.471020585
5692116.842118946
5153575.576174996
5153575.576174996
2828301.855051527
2758393.95145201
1772820.2526417596
1501780.7319643367
1501780.7319643367
903495.0619863169
903495.0619863169
552636.1021276581
381953.66065953806
295936.3383301469
195047.2261505419
195047.2261505419
176067.20788881218
62975.67145482083
31832.247706954142
31832.247706954142
31832.247706954142
30992.49272534533
30992.49272534533
30992.49272534533
30992.49272534533
30992.49272534533
30992.49272534533
15373.902432266374
15373.902432266374
15373.902432266374
15373.902432266374
15373.902432266374
15373.902432266374
15373.902432266374
15373.902432266374
15373.902432266374
7522027973.094891
4814992709.208888
2927508249.9421325
1415273502.5983012
814646135.9508171
149363894.2721735
149363894.2721735
149363894.2721735
91200134.56127734
51453707.42334065
14321271.572582744
14321271.572582744
14321271.572582744
10298189.380299449
8206327.13634525
8206327.13634525
2369035.3066163766
2369035.3066163766
1962944.008068389
1962944.008068389
1401741.661343198
995566.0216452947
694326.744729721
523360.2379556976
447542.51503231906
307295.64199996775
307295.64199996775
295407.35078072577
152049.32849897447
152049.32849897447
104904.06918595184
89922.58164128337
89922.58164128337
87675.65425635998
63292.149466162155
63292.149466162155
42936.546563885095
42936.546563885095
42936.546563885095
42936.546563885095
42936.546563885095
36824.88016229248
36824.88016229248
36824.88016229248
36824.88016229248
36255.338080641006
26093.316127601767
26093.316127601767
26093.316127601767
21352.431588050167
19965.63940680708
18071.72758193446
18071.72758193446
18071.72758193446
18071.72758193446
18071.72758193446
18071.72758193446
17625.663739064825
17625.663739064825
17625.663739064825
17625.663739064825
17625.663739064825
17625.663739064825
17625.663739064825
17625.663739064825
17625.663739064825
12810.054478978358
12810.054478978358
12810.054478978358
12810.054478978358
12810.054478978358
12810.054478978358
12810.054478978358
12810.054478978358
12810.054478978358
12299.307294506945
12299.307294506945
12299.307294506945
12299.307294506945
12299.307294506945
12299.307294506945
12299.307294506945
12299.307294506945
12299.307294506945
7522027973.094891
5623263421.612752
2515486284.8364844
1363052186.7872412
813316146.8444456
658745817.5598382
293156381.08459824
256069527.80630302
185824274.1741317
168002601.22770715
125458136.96768363
78736783.20672628
67641173.55753802
18636881.756760493
14623679.759842275
14623679.759842275
5973614.008694491
4422906.588536339
4422906.588536339
2290788.20054302
2290788.20054302
1694047.88471651
1694047.88471651
1047830.964371018
1047830.964371018
932966.318126324
841424.2448668224
667608.6243304221
645098.199847776
548272.7645660084
232575.78229260363
232575.78229260363
214788.31028999767
135359.2101234113
135359.2101234113
135359.2101234113
58694.72060007625
58694.72060007625
58694.72060007625
58694.72060007625
47860.88410723015
29678.225951601988
29678.225951601988
27452.899725556745
27452.899725556745
17540.80114820972
17540.80114820972
17540.80114820972
17540.80114820972
17540.80114820972
17540.80114820972
17540.80114820972
17540.80114820972
17540.80114820972
7522027973.094891
5834678353.465795
1808799101.7747693
717282889.7975177
333860418.4363089
315119900.495926
120138796.19104245
120138796.19104245
86482823.07993281
86482823.07993281
86482823.07993281
59392613.30750684
40136531.24841974
20884590.170765325
20884590.170765325
10659953.937753342
10659953.937753342
6284212.062234052
5373045.746292825
3565449.2504803017
3565449.2504803017
3494961.6448513735
2946728.920722391
1268367.789993883
1268367.789993883
1268367.789993883
1268367.789993883
1268367.789993883
921225.1428795154
921225.1428795154
842604.3535531424
842604.3535531424
760743.5375763528
448208.0468330973
396013.86152806506
193123.18795100204
132342.4910242538
132342.4910242538
71096.99925363559
67869.41117394183
67869.41117394183
64395.0128381624
64395.0128381624
46991.983953128125
46991.983953128125
46991.983953128125
40562.17462042503
40562.17462042503
37272.5905047021
37272.5905047021
19921.791377249203
19921.791377249203
19921.791377249203
19921.791377249203
12497.048734721495
12497.048734721495
12497.048734721495
12497.048734721495
12497.048734721495
12497.048734721495
12497.048734721495
12497.048734721495
12497.048734721495
7522027973.094891
5865496833.883633
1917812043.5583525
564514557.2292554
259887504.05679205
96194761.73592511
96194761.73592511
96194761.73592511
19565379.498649232
18435800.091024265
17393460.591117464
10541526.752056561
8769079.681251012
4953068.253046916
4953068.253046916
4661326.318279916
4661326.318279916
1232813.669523385
1232813.669523385
1232813.669523385
1232813.669523385
797795.0192066903
716868.8844310542
354677.99810224154
354677.99810224154
232411.0330015502
179400.93867972563
179400.93867972563
132229.46633379394
132229.46633379394
132229.46633379394
132229.46633379394
102826.5266393082
92950.43273902834
92950.43273902834
86106.29518414383
70066.8665163501
70066.8665163501
70066.8665163501
49415.41063523939
49415.41063523939
49415.41063523939
49415.41063523939
32364.99923398554
32364.99923398554
32364.99923398554
32364.99923398554
32364.99923398554
20040.68812185828
20040.68812185828
20040.68812185828
20040.68812185828
20040.68812185828
20040.68812185828
20040.68812185828
20040.68812185828
20040.68812185828
10910313909.480995
8389882345.423228
4719227128.141737
2325690524.025722
1808936282.252372
672618312.8348713
287076502.76581407
74529454.40101498
74529454.40101498
35859773.759259365
35859773.759259365
21777638.8825301
21777638.8825301
5860965.640875476
5860965.640875476
5860965.640875476
3464687.012322356
1727995.573545047
1368222.0748544056
1150488.503637251
1150488.503637251
1057886.2335935414
490813.1024340436
490813.1024340436
232884.40484685134
212869.86104143388
211833.72634869296
157968.88877567826
117138.27157563328
96177.84954069843
81508.55325643296
81508.55325643296
69770.71576391824
69770.71576391824
66324.98478508506
16284.450537996569
16284.450537996569
16284.450537996569
16284.450537996569
16284.450537996569
16284.450537996569
16284.450537996569
16284.450537996569
16284.450537996569
10910313909.480995
6888778217.546938
3117394365.769322
1208027422.2221143
435837199.8646825
327148594.36745894
158859813.11284363
58818939.15689316
32344666.80084421
32344666.80084421
30782352.77493938
20099302.173780754
16359833.841938764
5339434.075411879
5339434.075411879
4643356.17674648
4643356.17674648
4461185.8486266965
4461185.8486266965
2747093.3593629585
2419479.2386317095
1780373.8372620412
736110.8753797093
736110.8753797093
736110.8753797093
498084.309835921
297312.0435873604
193104.320598147
108652.36529679739
108652.36529679739
108652.36529679739
50462.50879278629
50462.50879278629
32325.060407939258
32325.060407939258
32325.060407939258
30450.43669329282
30450.43669329282
30450.43669329282
16183.343804747521
16183.343804747521
16183.343804747521
16183.343804747521
16183.343804747521
16183.343804747521
16183.343804747521
16183.343804747521
16183.343804747521
10910313909.480995
8005731795.038353
5125758765.0426655
2685933835.4902034
1628055279.4535036
406922674.90704846
257601625.6463537
127258958.00814427
90218957.42982882
76434216.22480655
75190089.29053973
64545294.59666149
26515445.648349028
23835838.264356002
23835838.264356002
23835838.264356002
15275364.766457936
9314779.72788678
9314779.72788678
7648346.748847377
7648346.748847377
5219044.137760134
3631848.529301065
2250142.6564196274
1567281.86588856
1567281.86588856
1567281.86588856
820741.6617478064
820741.6617478064
802242.6827084537
688720.1516341255
432044.7014692003
432044.7014692003
235931.4976964851
235931.4976964851
235931.4976964851
178198.52432092317
178198.52432092317
126250.9107062058
75338.29474393741
75338.29474393741
29657.887566828726
29657.887566828726
29657.887566828726
29657.887566828726
29657.887566828726
23497.252925661338
23497.252925661338
17699.10410713947
17699.10410713947
17699.10410713947
17699.10410713947
12668.603051609402
12668.603051609402
12668.603051609402
12668.603051609402
12668.603051609402
12668.603051609402
12668.603051609402
12668.603051609402
12668.603051609402
10910313909.480995
7511646767.301094
4456370671.003914
2575965489.807964
1698092397.1213193
1070103184.8122805
393552072.3123014
339560798.0592546
151519525.60277334
110766003.54190135
110766003.54190135
80028861.26319647
45424574.814221114
24511936.69659652
16442282.88236048
7132468.76790617
6157200.7457816955
6157200.7457816955
3326207.7698920444
3326207.7698920444
2434351.057902806
1217570.209587002
1110028.04934977
802582.7005959261
802582.7005959261
468949.0314393036
398913.74024693255
350544.4119567367
343425.1892310812
307267.051335996
307267.051335996
224217.3561060292
209628.3741893895
207744.77670312126
207744.77670312126
192444.86554785908
116582.91588629661
99237.54554803512
99237.54554803512
98752.58562426835
71079.18700588714
71079.18700588714
41382.92549319009
41382.92549319009
41382.92549319009
41382.92549319009
22128.08999373449
22128.08999373449
20946.197870370583
20946.197870370583
20501.23790375807
20501.23790375807
20501.23790375807
20501.23790375807
20501.23790375807
20501.23790375807
20501.23790375807
20501.23790375807
20501.23790375807
10910313909.480995
8272991865.675316
5735710451.118325
3451613837.690068
2183560321.512262
1406917068.1276047
806870417.8688298
247111138.6553644
97479704.29215601
65390492.38613218
50475307.18280844
29889251.485379953
21091704.567992397
18746753.985996414
15913267.220565781
14769118.072011141
14769118.072011141
11106198.36527364
3953071.515049676
3953071.515049676
2515327.6124365637
2515327.6124365637
2178969.5861821095
766419.3247314891
766419.3247314891
766419.3247314891
621818.6030520144
621818.6030520144
621818.6030520144
313415.8953703571
158092.50031933875
158092.50031933875
158092.50031933875
135823.97456923226
135823.97456923226
135823.97456923226
72816.27789018868
55400.50336287995
55400.50336287995
54253.7808480948
52358.80884626907
41575.13155376621
41575.13155376621
30068.250777509864
30068.250777509864
23889.334504695948
23889.334504695948
23328.749449267936
23328.749449267936
16350.440922401891
16350.440922401891
16350.440922401891
16350.440922401891
16350.440922401891
16350.440922401891
13967.994894182353
13967.994894182353
13967.994894182353
13967.994894182353
12372.0369062575
12372.0369062575
12372.0369062575
12372.0369062575
12372.0369062575
12372.0369062575
12372.0369062575
12372.0369062575
12372.0369062575
10910313909.480995
8532979603.305045
3903814584.0628343
3168040726.6775084
2161254895.9052286
1353075410.8195162
724653922.291574
223058398.66550174
96359538.90650445
24679714.891248047
24679714.891248047
24679714.891248047
24679714.891248047
17588245.330258477
14619641.903063253
1776790.9460747829
1776790.9460747829
1776790.9460747829
1776790.9460747829
1776790.9460747829
960367.9970088699
784880.3671483959
710694.1474116287
441939.0838543986
441939.0838543986
441939.0838543986
325645.45805898553
325645.45805898553
281720.3702181436
118706.9122980186
50679.13593054536
50679.13593054536
50679.13593054536
50679.13593054536
50679.13593054536
34030.39053363046
34030.39053363046
34030.39053363046
28642.77761947405
28642.77761947405
28642.77761947405
25104.822103628776
25104.822103628776
24327.712711878412
24327.712711878412
23051.03293031449
23051.03293031449
23051.03293031449
23051.03293031449
13615.962406048311
13615.962406048311
13615.962406048311
13615.962406048311
10324.859656580413
10324.859656580413
10324.859656580413
10324.859656580413
10324.859656580413
10324.859656580413
10324.859656580413
10324.859656580413
10324.859656580413
10910313909.480995
7643459762.686272
4284746170.8378773
1166820583.4715595
429689925.50363356
316102331.58374035
144789708.44849128
38799193.283032
38799193.283032
38799193.283032
18910475.492151864
9438312.032596484
9438312.032596484
6685651.289004819
6685651.289004819
4736988.112018165
3817627.4228916573
3817627.4228916573
3817627.4228916573
2839859.4777516895
339567.8965810132
339567.8965810132
339567.8965810132
339567.8965810132
339567.8965810132
279680.7168632335
112086.7837623068
112086.7837623068
112086.7837623068
86395.4091664054
86395.4091664054
38294.58939835268
38294.58939835268
38294.58939835268
38294.58939835268
38294.58939835268
38294.58939835268
38294.58939835268
38294.58939835268
38294.58939835268
10910313909.480995
7832918620.592728
5261573716.704727
2827218225.2774286
1420425240.6322157
828525019.8581283
712906395.0140147
255289947.29903427
129455760.69995347
63664954.255528346
45676367.95699562
43561215.782416314
17872647.17070764
17872647.17070764
12462714.411806695
5445811.903883436
5445811.903883436
5445811.903883436
3763802.463647043
3136053.7175953123
2594156.670382938
1964940.6688565486
1750926.8428577655
1338745.4433546897
1338745.4433546897
1004247.7517794516
830306.3968749923
830306.3968749923
486097.4499548292
486097.4499548292
477475.267696903
349076.0498114272
96135.13264764704
94570.4383508086
88452.87427749296
88452.87427749296
88452.87427749296
44674.9362497482
44674.9362497482
44674.9362497482
44674.9362497482
44674.9362497482
31754.417485205744
31754.417485205744
24322.99037753805
24322.99037753805
24322.99037753805
20229.589463754153
20229.589463754153
20229.589463754153
20229.589463754153
20229.589463754153
20229.589463754153
20229.589463754153
18729.939195702693
18729.939195702693
18729.939195702693
18729.939195702693
18729.939195702693
18729.939195702693
18729.939195702693
18729.939195702693
18729.939195702693
12578.529748111081
12578.529748111081
12578.529748111081
12578.529748111081
12578.529748111081
12578.529748111081
12578.529748111081
12578.529748111081
12578.529748111081
10910313909.480995
9470845183.450718
5211696889.717362
3446037359.89412
1929523843.1370208
480920533.2632793
171214826.91519544
50856239.69744509
50856239.69744509
46035219.22322329
46035219.22322329
25702749.56365936
13069812.245573469
13069812.245573469
11493772.024152327
10729904.751606854
6373833.222653407
6373833.222653407
6373833.222653407
4488230.105067148
1129515.3435620863
667653.3170170445
667653.3170170445
455772.687947125
455772.687947125
455772.687947125
344417.06107932527
229165.02742342008
84395.78591388387
79106.39962673155
79106.39962673155
79106.39962673155
52913.38940714448
52913.38940714448
52913.38940714448
52913.38940714448
35379.426625309
30514.532406672133
30514.532406672133
30514.532406672133
30514.532406672133
30514.532406672133
18233.245992667253
18233.245992667253
18233.245992667253
18233.245992667253
18233.245992667253
18233.245992667253
18233.245992667253
18233.245992667253
9845.688021927974
9845.688021927974
9845.688021927974
9845.688021927974
9845.688021927974
9845.688021927974
9845.688021927974
9845.688021927974
9845.688021927974
10910313909.480995
8543647698.983557
5175314892.194708
2626103243.065244
1824010258.659181
561969832.8495941
198502537.3021988
57608027.6886891
57373950.031604335
57373950.031604335
27702058.08119456
10520044.682571372
10520044.682571372
8743131.623165103
8743131.623165103
8300948.701059893
5575579.424683574
5575579.424683574
4060177.061844148
2218643.5986727667
2218643.5986727667
779008.5774529639
