4139343765.4751067
2231944437.0369606
1063639647.0742753
742040948.9851282
392778926.4044343
139868425.2579235
112339023.14214884
94665698.28562704
54878359.295816444
36884558.93765843
17305144.020554174
17305144.020554174
13437965.1671399
5554208.260494853
4211660.10508782
4211660.10508782
3296115.4696814716
2675025.994549571
2441307.4857392446
2441307.4857392446
1671366.749590495
1380410.1570625138
891399.4561778051
704188.1203713919
652848.2869453008
485849.55622987566
176399.1791182934
169135.5010591758
80309.86924147926
80309.86924147926
60785.57944230166
47645.51251033334
47645.51251033334
18571.46852223003
18571.46852223003
18571.46852223003
18571.46852223003
18571.46852223003
18571.46852223003
18571.46852223003
16668.092689125493
16668.092689125493
7405.458349025283
7405.458349025283
7405.458349025283
7405.458349025283
7405.458349025283
7405.458349025283
7405.458349025283
7405.458349025283
7405.458349025283
7603461382.051525
2974911840.2701535
1277860830.1188114
580461338.7681586
364512439.8991613
296871420.65240747
161666116.40097457
59872713.02796893
58470388.890218824
27924892.977997184
18746280.19565814
18746280.19565814
12541503.553969039
8225651.510068649
7638332.379182582
3798945.7150929244
2545721.4206235097
2545721.4206235097
1813570.5863901468
1813570.5863901468
1622578.3130155276
1386364.0231834673
1166235.318703541
968980.1936211026
341386.54723069305
341386.54723069305
264379.07671485195
246351.24448242184
246351.24448242184
246351.24448242184
187878.72220954072
187878.72220954072
174847.32390907526
124040.70154689843
103426.85188522688
103426.85188522688
93415.7235458193
93415.7235458193
77111.61721241238
77111.61721241238
77111.61721241238
37317.53935750499
34362.589560213935
34362.589560213935
34362.589560213935
34362.589560213935
34362.589560213935
34362.589560213935
34362.589560213935
32968.7362732864
22390.849157555367
22390.849157555367
22390.849157555367
22390.849157555367
19853.37478421904
19853.37478421904
19853.37478421904
19853.37478421904
19853.37478421904
19641.002865603983
19641.002865603983
19641.002865603983
19641.002865603983
17991.31540699741
17991.31540699741
17991.31540699741
17991.31540699741
16004.766048885056
16004.766048885056
16004.766048885056
16004.766048885056
16004.766048885056
16004.766048885056
16004.766048885056
16004.766048885056
16004.766048885056
7603461382.051525
3213942540.035191
1037269195.4742532
667889729.6789103
239691667.06813517
142417728.62909824
44630371.98253239
17670295.912868995
17670295.912868995
7333183.705143476
7333183.705143476
7333183.705143476
5098364.745203018
5098364.745203018
5098364.745203018
2594873.275139879
1930192.7306572548
1217899.5665846118
948503.7835890936
769853.5743559063
203218.72031843805
203218.72031843805
203218.72031843805
203218.72031843805
89028.67414254733
45024.90273577663
45024.90273577663
43844.33125894368
43844.33125894368
43844.33125894368
28999.862372463755
28999.862372463755
28999.862372463755
17731.13098909431
17731.13098909431
17731.13098909431
17731.13098909431
17731.13098909431
17731.13098909431
15181.896529332287
15181.896529332287
15181.896529332287
15181.896529332287
15181.896529332287
15181.896529332287
15181.896529332287
15181.896529332287
15181.896529332287
7603461382.051525
2579653250.301417
1350121749.485061
774831588.0469437
469293368.444665
182219031.6911689
75946709.10496536
75946709.10496536
63614127.510414444
56897666.79905116
49239745.24554264
29583969.89284109
17201824.75946009
2566806.7410127143
2566806.7410127143
2566806.7410127143
2239869.9982525697
2239869.9982525697
2107419.337194893
1060281.7924370654
1060281.7924370654
793974.8684192753
719657.7436640509
411471.9314346814
305086.59156288847
162186.84697099935
162186.84697099935
162186.84697099935
162186.84697099935
137315.6746749335
46677.60850978709
46677.60850978709
44829.16008405944
44829.16008405944
44829.16008405944
44829.16008405944
44829.16008405944
43228.35741363016
43228.35741363016
43228.35741363016
40184.063451231545
40184.063451231545
40184.063451231545
38305.59606350794
38305.59606350794
24719.12355592205
24719.12355592205
24719.12355592205
24719.12355592205
24719.12355592205
24719.12355592205
24719.12355592205
24719.12355592205
24719.12355592205
23481.444212135742
23481.444212135742
21991.604032922438
18334.93549328759
18334.93549328759
18334.93549328759
18334.93549328759
18334.93549328759
18334.93549328759
15995.096731910375
15995.096731910375
15995.096731910375
8232.437467851974
8232.437467851974
8232.437467851974
8232.437467851974
8232.437467851974
8232.437467851974
8232.437467851974
8232.437467851974
8232.437467851974
7603461382.051525
3958794202.8896832
1336324848.859019
854660888.4524789
356920300.990069
105188925.25239563
59973104.83497193
57958305.981424965
34317731.83207474
34317731.83207474
17282035.884932052
17282035.884932052
12900246.674325496
6893110.0547663495
6893110.0547663495
4449744.639330827
1623215.7849037074
1623215.7849037074
1623215.7849037074
1458879.824469405
891656.38089828
766626.1478013333
698836.8998082525
698836.8998082525
203543.47400849374
203543.47400849374
203543.47400849374
203543.47400849374
177454.6273946829
119088.51094952093
67985.61942825028
67985.61942825028
67985.61942825028
67985.61942825028
67985.61942825028
56692.79817900446
24632.94550832573
24632.94550832573
23453.21723692292
23453.21723692292
22495.08020921023
22495.08020921023
22495.08020921023
22495.08020921023
22495.08020921023
22495.08020921023
12740.528757604034
12740.528757604034
12740.528757604034
12740.528757604034
12740.528757604034
12740.528757604034
12740.528757604034
12740.528757604034
12740.528757604034
10246.931435713603
10246.931435713603
8605.930709081194
8605.930709081194
8605.930709081194
8605.930709081194
8366.15584660908
8366.15584660908
8366.15584660908
8366.15584660908
8366.15584660908
8366.15584660908
8366.15584660908
8366.15584660908
8366.15584660908
7603461382.051525
3491129849.3819704
1264615807.113366
865476060.8737797
198078122.7231938
198078122.7231938
146409536.06460118
116237665.82847698
59674452.06722966
59674452.06722966
51063027.27635672
42265747.277328186
23984899.728909392
14261251.999172525
7697760.421272008
6596431.836957297
6596431.836957297
4588995.827105697
4588995.827105697
2509744.6326580564
2121495.4358120356
955782.6472222467
955782.6472222467
859451.733038485
859451.733038485
544305.5514476704
544305.5514476704
135190.4624939894
135190.4624939894
101724.02585769842
101724.02585769842
101724.02585769842
101724.02585769842
78521.83133982983
39061.16817368255
39061.16817368255
39061.16817368255
39061.16817368255
39061.16817368255
39061.16817368255
39061.16817368255
39061.16817368255
39061.16817368255
34099.21163241305
24779.086504390154
24779.086504390154
19770.76679780369
19770.76679780369
19770.76679780369
19770.76679780369
19770.76679780369
19770.76679780369
19770.76679780369
19770.76679780369
19770.76679780369
7603461382.051525
2988145030.2422943
721804043.0067707
377375426.32881117
237064852.58310735
139735913.88515025
131381425.54107521
66987535.64305592
64008763.71217148
64008763.71217148
47609037.66865481
30682394.907156274
23573163.36833504
23573163.36833504
10548548.867288306
6817340.603224266
4542053.685300332
4154591.893081174
4154591.893081174
3094468.208741753
2216764.3589907233
612722.388499674
612722.388499674
612722.388499674
612722.388499674
519663.0371278828
484805.1018077803
232392.90833451462
230066.28882214203
119922.73990155049
119922.73990155049
83156.4340466501
83156.4340466501
83156.4340466501
22025.26125378463
22025.26125378463
22025.26125378463
22025.26125378463
22025.26125378463
22025.26125378463
22025.26125378463
18750.608476775982
18750.608476775982
18750.608476775982
18750.608476775982
12057.213266908444
12057.213266908444
12057.213266908444
10150.470491354345
10150.470491354345
10150.470491354345
10150.470491354345
10150.470491354345
10150.470491354345
9425.062372336804
9425.062372336804
9425.062372336804
9425.062372336804
9425.062372336804
9425.062372336804
9425.062372336804
9425.062372336804
9425.062372336804
7603461382.051525
3275163990.5160484
1180083360.5468197
308136824.6353504
115755961.02629879
105077107.1044274
73452191.9536266
51681446.92857408
38476747.667573854
29867305.347815603
29867305.347815603
24074005.057299268
18042694.315910567
18042694.315910567
14645020.241875866
5783592.812730052
4783811.281614251
3638309.619015197
2887827.4342064788
1486884.1724876838
1486884.1724876838
934891.0901712056
934891.0901712056
934891.0901712056
680870.6901189334
537401.1384226732
537401.1384226732
339986.6914419271
232389.06761829066
232389.06761829066
232389.06761829066
202338.6023156248
192940.5180165219
192940.5180165219
145591.72216521614
145591.72216521614
105423.44341298343
69365.94066895073
69365.94066895073
69199.9113228399
69199.9113228399
69199.9113228399
26619.470759915464
26619.470759915464
26619.470759915464
26619.470759915464
26619.470759915464
26619.470759915464
17647.98731037301
17647.98731037301
17647.98731037301
17647.98731037301
17647.98731037301
17647.98731037301
17647.98731037301
17647.98731037301
17647.98731037301
7603461382.051525
2689630653.10136
686715805.8919083
547981473.9490052
380974429.5427002
226998180.41182175
104768811.82412045
101953995.2332411
101953995.2332411
81193331.26422128
13130302.429467881
13130302.429467881
13130302.429467881
13130302.429467881
13130302.429467881
10967569.432151332
4535963.548876275
3779046.600953236
2507735.4776044646
1424290.1238454906
1105623.811008776
817562.8496790116
817562.8496790116
507761.0339128132
243676.03704338055
243676.03704338055
243676.03704338055
227569.27723543346
227569.27723543346
227569.27723543346
227569.27723543346
215692.7462808512
215692.7462808512
215692.7462808512
206389.32009519663
206389.32009519663
124137.83962531223
110597.87760138883
99487.88285671474
99487.88285671474
99487.88285671474
75180.1608642861
75180.1608642861
54769.24195508001
54769.24195508001
54769.24195508001
54769.24195508001
54769.24195508001
54769.24195508001
54769.24195508001
28940.887418122013
28940.887418122013
28940.887418122013
28940.887418122013
28940.887418122013
20537.83167425163
20537.83167425163
16157.22978727991
16157.22978727991
16157.22978727991
16157.22978727991
16149.519388769577
16149.519388769577
13844.280036282344
12574.277252455848
12574.277252455848
12574.277252455848
12574.277252455848
12574.277252455848
12574.277252455848
12574.277252455848
12574.277252455848
12574.277252455848
7603461382.051525
3577635688.350857
1881177709.558778
726629344.0565184
629626528.598303
234389921.96350822
97410000.73590761
77646488.9265256
69972223.96052508
39378201.12288477
39378201.12288477
25389818.8403906
25389818.8403906
12763943.952934133
11339782.811706537
2136312.7365779486
1801613.6425049405
1801613.6425049405
1801613.6425049405
1705916.3817351337
1632495.5686594618
1632495.5686594618
1566274.2704073081
1117272.1569574242
1117272.1569574242
1117272.1569574242
702978.2202177056
447973.9420042777
447973.9420042777
212809.2156397485
212809.2156397485
193024.0722387875
193024.0722387875
150130.44693666688
150130.44693666688
122543.95089363065
83616.25421009611
83616.25421009611
83616.25421009611
48457.642115477975
48457.642115477975
48457.642115477975
48457.642115477975
40849.21423510918
40849.21423510918
40849.21423510918
38090.00753149053
38090.00753149053
26079.56741467088
26079.56741467088
26079.56741467088
26079.56741467088
26079.56741467088
26079.56741467088
26079.56741467088
26079.56741467088
26079.56741467088
7603461382.051525
4095075281.7531395
2058064475.0638716
1250362560.2689476
814004053.286325
552990634.1264725
237052635.19339284
209918365.60100877
121169768.92531681
62238050.54029633
62238050.54029633
54918832.10379069
28590201.42775292
28590201.42775292
17903381.027878787
15920211.914354755
12010076.997063477
12010076.997063477
10226292.390970366
6259170.0627508955
6259170.0627508955
3752084.1158955605
3752084.1158955605
2817592.1043494726
2543497.3171606106
2543497.3171606106
1521434.9091287795
1490536.769226819
763322.7779254513
574618.7656496756
246079.24727335325
246079.24727335325
246079.24727335325
246079.24727335325
246079.24727335325
67187.30156798984
67187.30156798984
67187.30156798984
53739.298876344656
41168.46439410511
41168.46439410511
18914.499367261233
18914.499367261233
18914.499367261233
18914.499367261233
18914.499367261233
18914.499367261233
13057.355240986408
13057.355240986408
13057.355240986408
13057.355240986408
13057.355240986408
13057.355240986408
13057.355240986408
13057.355240986408
13057.355240986408
7603461382.051525
3604716402.664863
1913238882.853711
985018758.2888899
383019132.8821799
137385876.20976415
57450841.20507198
57450841.20507198
55296806.8593489
42442739.54133933
17764826.139542487
17764826.139542487
14385334.169968827
4888808.6810924085
4259907.6475103395
3017086.3037020387
3017086.3037020387
1993940.503904001
1993940.503904001
1465433.7452446525
1465433.7452446525
833837.2263323423
833837.2263323423
833837.2263323423
649455.1692332822
472474.838790518
183016.75857623538
183016.75857623538
183016.75857623538
165425.39253763188
165425.39253763188
98062.47472432318
53601.64673340217
53601.64673340217
45993.68444333091
39429.81486457766
39429.81486457766
39429.81486457766
39429.81486457766
39429.81486457766
39429.81486457766
39429.81486457766
39429.81486457766
39429.81486457766
7603461382.051525
3921981756.3950534
2796187635.7429237
1462134018.2528148
444320249.1127787
151043479.1504707
69973133.65114154
69973133.65114154
69973133.65114154
40185753.032001145
17792683.1031168
17792683.1031168
17792683.1031168
16908040.422845468
15218448.127546798
11881094.717136273
10353687.756964171
5342562.113921021
4599126.204794254
3971223.482994192
2143483.26538837
2079751.6571574141
1490439.5237261793
1323996.6983594617
1093850.6975287367
486834.5130381154
486834.5130381154
486834.5130381154
445605.674372407
264012.613955287
133050.02023609818
133050.02023609818
100393.75239163177
73274.64703296682
62840.2342124656
62840.2342124656
62840.2342124656
36427.51777586522
36427.51777586522
36427.51777586522
29779.566130945797
29779.566130945797
19642.90775776675
19642.90775776675
19642.90775776675
19642.90775776675
19642.90775776675
19642.90775776675
19642.90775776675
19642.90775776675
19642.90775776675
7603461382.051525
3672789011.132203
1603206597.1845932
865804011.8265699
378237472.82498795
170927990.90228823
39318669.30983471
39318669.30983471
39318669.30983471
12919961.755634893
12919961.755634893
12919961.755634893
4848553.917272487
3822836.6216926333
3822836.6216926333
3822836.6216926333
2626308.427466057
1474472.8766723427
1474472.8766723427
965154.6902141786
965154.6902141786
727202.0412767852
727202.0412767852
727202.0412767852
500072.2272330858
227793.46956969603
227793.46956969603
96950.64656900965
96950.64656900965
96950.64656900965
96950.64656900965
59489.06549980076
59489.06549980076
44665.85468690335
44665.85468690335
15696.604152830616
15696.604152830616
15696.604152830616
15696.604152830616
15696.604152830616
15696.604152830616
15696.604152830616
15696.604152830616
15696.604152830616
7603461382.051525
3381271826.0425053
2215951630.2811823
1084445805.0134585
365990362.65805346
172134754.3000351
145450081.48999426
123192648.37524039
76935414.06940037
53499834.808481626
51522612.94381186
22353690.194707036
22353690.194707036
18903616.93227921
11804948.693423958
11804948.693423958
6966203.470145862
6966203.470145862
6966203.470145862
3351682.7617006334
2618151.024428864
1878434.924924037
998951.0075456254
998951.0075456254
631026.8074368685
455578.7716751143
400471.90857448726
340046.6117908876
298368.4063036359
288525.1417242747
288525.1417242747
172074.8266625072
145446.47844606626
124793.55849814418
124793.55849814418
90462.28053143145
73094.32334165814
73094.32334165814
54032.30839105549
42796.168097827336
29356.636397851704
29356.636397851704
29356.636397851704
27715.596574357984
27715.596574357984
12875.889624265086
12875.889624265086
12875.889624265086
12875.889624265086
12875.889624265086
12875.889624265086
12875.889624265086
12875.889624265086
12875.889624265086
7603461382.051525
2547320773.3796105
1116309337.767302
1098766558.5717545
530028508.91027224
348042841.5734538
86787390.33715072
86787390.33715072
61658749.695796825
61064054.5870827
50853351.9773761
19710030.38514815
16521704.95487566
10029520.365596589
10029520.365596589
10029520.365596589
4918808.216195867
4238984.830084674
4015102.543925564
2429462.366752993
2429462.366752993
1958512.4273364504
1958512.4273364504
1386309.993656284
1386309.993656284
1302473.782652506
1153222.7544860598
928146.0011519097
882213.228676837
675820.3761632948
596742.666302479
462483.0375661283
425320.14148555824
425320.14148555824
261830.44408148425
232723.15276328102
232723.15276328102
64133.021428488
64133.021428488
64133.021428488
64057.49323400191
7416.656729378952
7416.656729378952
7416.656729378952
7416.656729378952
7416.656729378952
7416.656729378952
7416.656729378952
7416.656729378952
7416.656729378952
7603461382.051525
2699320458.0813055
1871494553.2834625
898697772.1391125
527158022.01990205
280029739.1520915
131125038.69318736
95299569.28891893
62289010.1660784
48920188.04233301
38583116.188309684
22971063.63595129
22971063.63595129
12187602.252360482
12187602.252360482
8650966.431088604
8024576.656847145
4603053.45294454
3698730.342573481
1981983.0648839823
1981983.0648839823
1682728.9953749136
517740.1184093505
517740.1184093505
357609.34707568685
357609.34707568685
357609.34707568685
218223.3563886106
203858.4710087477
65447.524815543315
65447.524815543315
65447.524815543315
58373.56404182166
36995.403514454076
36995.403514454076
36995.403514454076
36995.403514454076
36995.403514454076
34017.37533256912
34017.37533256912
34017.37533256912
34017.37533256912
34017.37533256912
29705.537106485484
29705.537106485484
20424.999422086003
20424.999422086003
20424.999422086003
20424.999422086003
20424.999422086003
20424.999422086003
20424.999422086003
20424.999422086003
20424.999422086003
7603461382.051525
2921498139.667446
2070594676.84163
561676790.5694519
246045467.76002413
156507381.72799194
144259430.1974339
39368545.349940896
39368545.349940896
39368545.349940896
24581620.28621131
13385409.9183259
7064586.5521386545
7064586.5521386545
7064586.5521386545
4578329.753276396
3402258.626452542
2440204.8618411957
2440204.8618411957
2353090.608213873
1160264.4133582562
1160264.4133582562
1160264.4133582562
