5081371132.009501
2769880209.0245557
539489967.975324
539489967.975324
226564619.6912693
84434274.55972089
43498991.83863319
34063432.436583005
34063432.436583005
22875203.71999173
12690001.353981566
10187076.286247928
5098427.655343025
5098427.655343025
5098427.655343025
3741198.3782672617
1877627.0644470798
946763.1211180246
622409.7847538771
360452.139649323
272196.79252572067
227263.7889084183
117542.6469408759
117542.6469408759
117542.6469408759
117542.6469408759
85682.99497461776
66980.55005341684
66980.55005341684
66980.55005341684
37085.012925200535
33357.46557411451
33357.46557411451
33357.46557411451
33357.46557411451
33357.46557411451
6929.041375404787
6929.041375404787
6929.041375404787
6929.041375404787
6929.041375404787
6929.041375404787
6929.041375404787
6929.041375404787
6929.041375404787
9931870432.356628
5394674137.296076
2844713811.886122
317670339.60872245
311885250.0168503
189876316.84082824
78063383.22710663
78063383.22710663
78063383.22710663
62081114.95942281
46275649.67455578
22327407.606675785
22327407.606675785
22327407.606675785
6287378.500963076
4058705.3633800927
4058705.3633800927
4058705.3633800927
2573276.3425809774
2573276.3425809774
2083864.4881693267
2083864.4881693267
1403610.6989319487
1403610.6989319487
1403610.6989319487
1403610.6989319487
892820.9140880834
424973.98003131046
338484.53874538676
272371.8035787768
209390.32995617823
81348.99207863561
81348.99207863561
81348.99207863561
81348.99207863561
58873.80007023553
53944.189340736884
53944.189340736884
53944.189340736884
40264.22309742308
34164.855447131726
34164.855447131726
34164.855447131726
34164.855447131726
30621.219850202942
30621.219850202942
29812.79938297621
29812.79938297621
29812.79938297621
29812.79938297621
29812.79938297621
29812.79938297621
14664.562942576222
14664.562942576222
14664.562942576222
14664.562942576222
14664.562942576222
14664.562942576222
14664.562942576222
14664.562942576222
14664.562942576222
9931870432.356628
6578334754.866823
3166498379.1857467
1470202921.8655393
724643966.348044
275712991.7074459
169912029.95704746
143261898.0071114
143261898.0071114
75471221.856058
47304286.77975977
36905238.877253145
14700470.278226582
14700470.278226582
14700470.278226582
13919404.344887346
708841.8652851564
708841.8652851564
708841.8652851564
708841.8652851564
708841.8652851564
708841.8652851564
708841.8652851564
583136.5835570142
423070.7742298745
423070.7742298745
423070.7742298745
355343.63022979134
197718.97605441185
160889.7711480925
132665.27516743768
100635.36522876748
71120.83142485972
71120.83142485972
41749.397711189435
41749.397711189435
41749.397711189435
25068.44839726292
25068.44839726292
19549.503906096284
19549.503906096284
19549.503906096284
19549.503906096284
19549.503906096284
19549.503906096284
19549.503906096284
19549.503906096284
19549.503906096284
9931870432.356628
3671908400.687856
1492341062.807784
738682218.6540759
245372988.89766732
74780145.60898632
74780145.60898632
36861158.99648759
33428241.550308064
33428241.550308064
12900597.96560269
12900597.96560269
12900597.96560269
5742796.543105477
4787370.913275152
4787370.913275152
3367001.4161397493
3367001.4161397493
3217725.5412266743
1712918.7913704556
371528.0041018524
371528.0041018524
371528.0041018524
360750.12222886004
208107.26649691226
208107.26649691226
208107.26649691226
144983.23664554433
144983.23664554433
120650.96992355837
91520.01548033422
61255.87838446876
58376.04264101982
52432.82766400751
52432.82766400751
12744.686708308369
12744.686708308369
12744.686708308369
12744.686708308369
12744.686708308369
12744.686708308369
12744.686708308369
12744.686708308369
12744.686708308369
9931870432.356628
3466823166.27602
2028965977.591192
536409709.6420061
497716891.2229082
174526811.60089678
169076080.92572507
72479027.97702482
30642453.8478332
13335694.614240473
13335694.614240473
13335694.614240473
6853479.199513627
6853479.199513627
6853479.199513627
4588787.352811485
3231147.2755301604
2886755.432604334
2814271.771976423
2802548.998875467
1732967.2951097155
735048.0650326028
494124.59697599045
494124.59697599045
343468.84449734876
343468.84449734876
276582.9679477035
276582.9679477035
174728.24203757453
174728.24203757453
174728.24203757453
174728.24203757453
121069.90308220337
121069.90308220337
90932.93933038312
90932.93933038312
90932.93933038312
90932.93933038312
74704.00902189108
67562.85666841462
67562.85666841462
67562.85666841462
45488.96850024943
45488.96850024943
32449.048665310394
32449.048665310394
24950.20459106246
24950.20459106246
24950.20459106246
24950.20459106246
24950.20459106246
24950.20459106246
23246.156302874024
23246.156302874024
23246.156302874024
23246.156302874024
17767.85334795049
17767.85334795049
17767.85334795049
17767.85334795049
17335.981625917462
17335.981625917462
10392.402945873424
10392.402945873424
10392.402945873424
10392.402945873424
10392.402945873424
10392.402945873424
10392.402945873424
10392.402945873424
10392.402945873424
9931870432.356628
4541051403.533533
3284564655.964153
1320862725.1059809
849981607.3956989
324085337.2750479
273930854.59019357
93632114.78768672
65228228.70074334
65228228.70074334
37307061.14923411
18689457.98621771
7540157.118613726
7540157.118613726
3227950.1467968477
1256513.6674278725
1256513.6674278725
1256513.6674278725
1140938.245687255
607120.4659481836
487247.13498342555
487247.13498342555
266552.01432317146
266552.01432317146
215211.52003883067
215211.52003883067
215211.52003883067
183701.91378524038
83288.92820589336
21369.422137480855
21369.422137480855
21369.422137480855
21369.422137480855
21369.422137480855
21369.422137480855
21369.422137480855
21369.422137480855
21369.422137480855
15063.518648090898
15063.518648090898
15063.518648090898
15063.518648090898
15063.518648090898
15063.518648090898
15063.518648090898
15063.518648090898
15063.518648090898
10271.111386114264
10271.111386114264
10271.111386114264
10271.111386114264
10271.111386114264
10271.111386114264
10271.111386114264
10271.111386114264
10271.111386114264
9931870432.356628
6913154131.19807
3721498227.3983493
1607260213.479548
1242630908.5747018
510600678.95763415
306198777.95823133
154922076.63338774
154922076.63338774
96166985.24945526
19936431.231382545
19936431.231382545
16584003.638260268
15941777.810243731
10216450.056195987
10216450.056195987
4985879.186778703
4985879.186778703
4985879.186778703
3764330.7644233475
2141483.7926480104
897323.7692139308
897323.7692139308
768478.7830974612
732068.1172016436
732068.1172016436
611265.7410027988
321316.31593822874
321316.31593822874
295458.7696002095
295458.7696002095
252216.61653973773
252216.61653973773
183209.70773031903
148623.89015971433
148623.89015971433
128098.42082888793
99323.68152590112
99323.68152590112
85911.3350533272
85911.3350533272
85911.3350533272
48305.09827803277
48305.09827803277
48305.09827803277
46323.539730199875
46323.539730199875
38947.607547625346
38947.607547625346
36896.456623097074
36896.456623097074
32613.465135759052
32613.465135759052
27496.95216228541
27496.95216228541
27496.95216228541
22467.0327694393
22467.0327694393
8320.2205797645
8320.2205797645
8320.2205797645
8320.2205797645
8320.2205797645
8320.2205797645
8320.2205797645
8320.2205797645
8320.2205797645
9931870432.356628
4253315541.797417
2756989821.0075283
815314137.7140636
317715187.8401818
221460029.07326424
121599440.35444425
79954278.40017655
71475764.12386636
25003046.55512831
25003046.55512831
25003046.55512831
25003046.55512831
18022603.109466743
10827759.451506363
7816737.803497826
4602058.614656248
2868959.454233144
2215843.336683184
1511097.2289636557
1511097.2289636557
932234.8562868502
865752.4276218422
312033.6702334229
312033.6702334229
312033.6702334229
218135.31786809454
151528.10034180814
151528.10034180814
132430.13323461724
112416.11631573638
112416.11631573638
112416.11631573638
76787.65351963132
76787.65351963132
73769.84373512959
33243.378800765764
33243.378800765764
33243.378800765764
33243.378800765764
33243.378800765764
29717.468375057862
29717.468375057862
29717.468375057862
22444.525619279517
22444.525619279517
22444.525619279517
22444.525619279517
22444.525619279517
22444.525619279517
16220.352114155925
16220.352114155925
16220.352114155925
16220.352114155925
16220.352114155925
16220.352114155925
16220.352114155925
16220.352114155925
16220.352114155925
12293.038024525327
12293.038024525327
12293.038024525327
12293.038024525327
12293.038024525327
12293.038024525327
12293.038024525327
12293.038024525327
12293.038024525327
9931870432.356628
5074826225.736664
2546611606.832115
1506164221.4565809
591827284.7932857
316784558.9555332
60906853.024242006
60906853.024242006
60906853.024242006
12748650.804225774
5193412.838175846
5193412.838175846
5193412.838175846
4379119.4116498865
2520601.4997062706
2520601.4997062706
2520601.4997062706
2520601.4997062706
1536198.3019627887
687723.37466665
558866.8933669867
512088.32427468826
278769.57656665833
218974.5639692286
218974.5639692286
218974.5639692286
100630.39585178497
100630.39585178497
99861.01710195525
79761.0400476506
79761.0400476506
40917.66105998075
40917.66105998075
40917.66105998075
40917.66105998075
39898.94302006403
39898.94302006403
31914.64657074201
31914.64657074201
31914.64657074201
15682.835561303347
15682.835561303347
15682.835561303347
15682.835561303347
15682.835561303347
12655.882618199945
12655.882618199945
12655.882618199945
12655.882618199945
12655.882618199945
12655.882618199945
12655.882618199945
8083.501762648969
8083.501762648969
8083.501762648969
8083.501762648969
8083.501762648969
8083.501762648969
8083.501762648969
8083.501762648969
8083.501762648969
9931870432.356628
4992663390.792057
2816194088.75254
656738651.7292538
326978424.91854817
137501838.4425757
126794062.01035997
69146032.94675511
69146032.94675511
35050126.44240721
20899915.028376438
20899915.028376438
20899915.028376438
7301124.978796401
2907972.157089803
2907972.157089803
2333748.5611636112
2333748.5611636112
2119325.6735232105
1878916.1541844357
977659.7413254912
977659.7413254912
922510.4103620943
765024.107115222
676773.1655503386
450809.9875910529
450809.9875910529
203275.420307912
203275.420307912
25246.674517159136
25246.674517159136
25246.674517159136
25246.674517159136
25246.674517159136
25246.674517159136
25246.674517159136
25246.674517159136
18535.185664193068
18535.185664193068
18535.185664193068
18535.185664193068
18535.185664193068
18535.185664193068
18535.185664193068
18535.185664193068
18535.185664193068
9931870432.356628
3875999908.034239
2742701673.973653
945469194.7220293
301634349.0551648
249266563.45764577
174970152.17919213
81663003.73939204
73254191.25284831
63943249.850797445
63943249.850797445
24288593.93667156
24288593.93667156
15633467.11925555
15633467.11925555
10094357.0818932
6332796.341163048
4007963.999174339
2013101.63213849
2013101.63213849
1346342.674032724
1346342.674032724
1346342.674032724
866097.2743826639
782254.4651561019
769389.0859445736
603703.0836222413
273116.89316489553
124931.96813518257
73627.38428985827
73627.38428985827
73627.38428985827
47932.26807947186
47932.26807947186
37949.93737171166
37949.93737171166
37949.93737171166
37949.93737171166
14570.81435507106
14570.81435507106
14570.81435507106
14570.81435507106
14570.81435507106
14570.81435507106
14570.81435507106
14570.81435507106
14570.81435507106
9931870432.356628
5593037646.19465
2241668006.1869216
356138323.3413627
255652174.3688533
94259775.24979101
72504033.28537616
47594487.19559509
47594487.19559509
32727457.167549014
31869919.80585438
31869919.80585438
22594052.526424583
18724835.99283881
5336856.495876151
5336856.495876151
5336856.495876151
5158980.170423591
3681791.8452736004
3681791.8452736004
3681791.8452736004
2216451.8470263993
2216451.8470263993
1519200.5090616606
1362721.2297894678
1129461.6905561085
1066174.820946764
468059.9352597821
448563.56251574773
378730.1182295368
165859.1009399037
165859.1009399037
70658.63702878897
70658.63702878897
70658.63702878897
56569.64686734826
36563.86068550175
36563.86068550175
36563.86068550175
36563.86068550175
32926.78171057899
28458.43602024827
27128.734904059675
27128.734904059675
27128.734904059675
27128.734904059675
27128.734904059675
27128.734904059675
27128.734904059675
18334.671672201457
18334.671672201457
18334.671672201457
18334.671672201457
18334.671672201457
18334.671672201457
18334.671672201457
18334.671672201457
18334.671672201457
9931870432.356628
3913960485.7113113
2946713558.411265
852521962.6064973
312123001.9561101
176502520.58067313
156367325.62446746
72249375.03182523
62090373.23815294
48663284.73236474
48108418.08300506
48108418.08300506
22603633.58401296
20530425.853036214
20031660.669273987
15587042.385893157
9878308.58690628
9878308.58690628
8350060.841409622
6874755.4591098605
763634.2715523799
763634.2715523799
763634.2715523799
763634.2715523799
584182.8283209716
584182.8283209716
468494.5289142258
327452.7862144762
146922.7975374888
146922.7975374888
113515.35188333094
81306.40987303713
81306.40987303713
23790.488042481502
23790.488042481502
23790.488042481502
23790.488042481502
19565.78422837469
19565.78422837469
18668.591060295188
18668.591060295188
18668.591060295188
12847.876833742197
12847.876833742197
12847.876833742197
12847.876833742197
12847.876833742197
12847.876833742197
12847.876833742197
12847.876833742197
12847.876833742197
9931870432.356628
4827862340.182766
3647246523.5389605
1039589380.7702066
850264565.1858238
322940926.00386703
96974681.48633654
51773152.54421509
29575683.83903987
25692444.98959782
25692444.98959782
24958215.846033383
17465124.60181858
14952676.145346634
6320760.296505368
5775529.678857681
5775529.678857681
4382253.093210879
2600531.5301996097
1952810.7859031789
1952810.7859031789
1356119.259558292
1174639.518675925
1174639.518675925
1174639.518675925
401123.37925687997
281812.8755332669
281812.8755332669
281812.8755332669
281812.8755332669
247161.71223180843
247161.71223180843
171196.7041157944
157805.6609891916
157805.6609891916
157805.6609891916
139093.4253362215
139093.4253362215
57567.72247871921
57567.72247871921
57567.72247871921
53229.897507695336
53229.897507695336
53229.897507695336
32627.281648709028
32627.281648709028
32255.28329303752
22536.751052441647
22536.751052441647
21277.841592813846
21277.841592813846
21277.841592813846
21277.841592813846
21277.841592813846
21277.841592813846
21277.841592813846
21277.841592813846
21277.841592813846
9931870432.356628
3468505574.695793
2032390537.0543394
838175721.8458022
364492343.85384834
165078682.00114006
165078682.00114006
111030162.83808897
71506448.26292482
71506448.26292482
35679758.44005169
17941356.465632208
12936483.931208083
12936483.931208083
6161423.456986216
5998374.47333992
4892608.474908256
2612560.061924006
2357158.031683768
2357158.031683768
1811744.705652762
1811744.705652762
1110358.388356235
1072770.1156328009
875710.2893872816
355475.45573410054
295406.47372597636
295406.47372597636
295406.47372597636
280487.7308880907
91809.55707053411
90973.40246289184
90973.40246289184
61101.62142468564
61101.62142468564
45910.08375818662
45910.08375818662
45910.08375818662
39958.41558614345
32220.554204192093
32220.554204192093
16095.764635469273
16095.764635469273
16095.764635469273
10995.45619316476
10995.45619316476
10995.45619316476
10995.45619316476
10995.45619316476
10995.45619316476
10995.45619316476
10995.45619316476
10995.45619316476
9931870432.356628
3765620862.961603
1757448202.2907119
616435462.610268
143248689.98104715
74550508.16172764
74550508.16172764
30831350.474160787
20759213.629644074
20759213.629644074
20332486.512430754
20332486.512430754
8493143.042964997
8493143.042964997
6938407.849317635
6938407.849317635
6938407.849317635
3364557.6427093865
3364557.6427093865
1884139.732081938
1835327.2848156702
1835327.2848156702
1807063.8931660608
1377260.0494707718
858268.7197112446
858268.7197112446
731664.7026460613
354621.30763770005
141044.12230004114
141044.12230004114
141044.12230004114
127852.85802869059
127852.85802869059
77852.0301448422
77852.0301448422
77852.0301448422
77852.0301448422
77852.0301448422
68187.30187482462
54380.230359295085
32915.2842009626
23796.17211106669
23796.17211106669
23796.17211106669
23796.17211106669
23796.17211106669
23796.17211106669
19669.366368232997
19669.366368232997
19669.366368232997
19669.366368232997
19669.366368232997
19669.366368232997
19669.366368232997
14747.831096368618
14747.831096368618
14747.831096368618
14747.831096368618
14747.831096368618
14747.831096368618
14747.831096368618
13418.126580784072
13418.126580784072
13418.126580784072
11447.564373394407
11447.564373394407
11447.564373394407
11447.564373394407
11447.564373394407
11447.564373394407
11447.564373394407
11447.564373394407
11447.564373394407
9931870432.356628
3862080534.544555
2554778032.379992
571055523.6848191
286693889.8907462
129804597.13113615
129804597.13113615
66449126.32924729
27897872.52910701
27897872.52910701
27897872.52910701
27433165.794164322
20715229.938711137
16368114.637393693
9435121.500782574
7037988.500888392
6288513.527941981
4173320.889135671
2346502.9249708145
2346502.9249708145
1776108.7605435348
1776108.7605435348
1776108.7605435348
1111557.4937064953
982584.3168106801
773536.957156372
440530.70933737
352953.4767251585
352953.4767251585
194171.34688462334
194171.34688462334
194171.34688462334
118729.22449752032
111427.96691642639
88686.64360174704
79891.93088534259
51411.87276029566
41452.43435036291
41452.43435036291
19846.056019416363
19846.056019416363
19846.056019416363
19846.056019416363
19846.056019416363
19846.056019416363
19379.00251990632
19379.00251990632
17508.65404006037
17508.65404006037
11535.137701053276
11535.137701053276
11535.137701053276
11535.137701053276
11535.137701053276
11535.137701053276
11535.137701053276
11535.137701053276
11535.137701053276
9931870432.356628
5693681396.845099
2512538698.392677
1259622662.5379531
476315783.3793797
334655354.91609657
160690515.0362738
75479502.28311673
75479502.28311673
50586382.65909429
44653715.53351701
21944676.031984936
21944676.031984936
19579053.84004071
19579053.84004071
11812539.98836025
4028079.8800164424
2821012.8811508254
2821012.8811508254
2412552.399507569
1474669.5926637584
1474669.5926637584
1232912.8784872792
934831.2891214627
587101.4721963081
587101.4721963081
359323.9771617566
359323.9771617566
317789.86868886795
317789.86868886795
201363.08823655915
201363.08823655915
201363.08823655915
92164.7208270089
92164.7208270089
75359.64291989034
