5684358987.395094
2327472250.9842653
530494564.771179
232414930.101579
114625458.94929671
65807173.8217736
40135472.274513625
40135472.274513625
33345584.124621335
18182076.194277212
15962256.384351587
15962256.384351587
13383526.75021785
4085969.002963488
4085969.002963488
2522586.507230342
1942594.7317845707
982907.1741971436
861611.5208440289
711005.8838970414
147316.92440127707
147316.92440127707
147316.92440127707
136860.02996646278
136860.02996646278
107961.19571476681
86992.69934115224
86992.69934115224
71737.82569262356
66938.24668838026
20953.11894931291
20953.11894931291
20953.11894931291
20953.11894931291
20953.11894931291
20953.11894931291
20953.11894931291
20953.11894931291
20953.11894931291
5684358987.395094
5364379140.784029
2847031716.360159
1173160998.5714805
527307479.9017336
314264929.9528088
44483055.69642504
25874489.490089662
25874489.490089662
23150936.027424186
20164278.288359
20164278.288359
9219080.98885537
5549875.79916075
5549875.79916075
2905560.145643429
2905560.145643429
2371618.4051118367
2199949.2222279203
1794297.113940722
1711140.9104967485
1181334.4872695024
936611.3706889685
936611.3706889685
757727.9976234479
457987.3751916196
325714.8165431558
325714.8165431558
302894.58495375025
249482.37387096343
185522.3794074323
48705.55087804628
48705.55087804628
48705.55087804628
47171.53842828928
47171.53842828928
16710.46228541109
15273.2069286436
15273.2069286436
15273.2069286436
15273.2069286436
15273.2069286436
15273.2069286436
15273.2069286436
15273.2069286436
15273.2069286436
5684358987.395094
5684358987.395094
2959708125.9223695
1493512410.2768
847815476.9588355
763874909.0230782
503108747.4199526
185356269.60295674
64062666.43287307
53718999.33435232
45163559.85848527
45163559.85848527
36960859.7726484
36960859.7726484
17872088.051173784
17872088.051173784
7404238.180276824
7382149.707016876
3879446.437008475
2815900.0245673307
2600061.1098643285
2600061.1098643285
2600061.1098643285
1562036.5374364175
1303631.0130303379
1045249.0342718469
1045249.0342718469
600428.5343275954
523650.1847178743
523650.1847178743
255580.63083084038
255580.63083084038
164374.79065738243
37223.31740014488
37223.31740014488
37223.31740014488
37223.31740014488
37223.31740014488
37223.31740014488
37223.31740014488
37223.31740014488
25449.572512254068
25449.572512254068
25449.572512254068
25449.572512254068
25449.572512254068
25449.572512254068
25449.572512254068
25449.572512254068
25449.572512254068
5684358987.395094
4657687870.441916
2628667928.0345554
1014187430.8755199
535750135.70400345
278522803.1024323
220938538.27654424
186819329.25419065
35283235.482501216
35283235.482501216
35283235.482501216
12507218.66063519
8687180.208396062
6074090.404259673
6074090.404259673
2636216.368187098
2636216.368187098
2636216.368187098
2636216.368187098
2636216.368187098
809738.9155897385
809738.9155897385
809738.9155897385
543167.5201268038
283565.2018000506
261909.20369899052
189729.74392576623
111675.27489294259
111675.27489294259
111675.27489294259
83840.58132134621
70194.72381248581
70194.72381248581
64622.040641491316
64622.040641491316
53976.7804204588
53976.7804204588
48223.22832134223
36371.05020501723
36371.05020501723
36371.05020501723
36371.05020501723
32943.73051795949
32943.73051795949
32943.73051795949
32943.73051795949
28861.71432728021
26114.35630349934
16696.511892094317
15545.215768019196
15545.215768019196
15545.215768019196
15545.215768019196
15545.215768019196
15545.215768019196
15545.215768019196
15545.215768019196
15545.215768019196
5684358987.395094
5500370061.077261
3496965119.05004
2192648499.9999657
1408058947.1999998
939708450.7218585
452620209.40335214
180847350.05690145
178470802.80598107
113738436.01917821
37282336.32014871
37282336.32014871
23653244.135865737
16430805.846556626
8642663.431518495
8330768.239943319
7111960.477611328
5037980.155311299
5037980.155311299
4157339.1613125745
4157339.1613125745
1719054.9228028741
1719054.9228028741
816717.7431899969
480380.98230996076
480380.98230996076
400931.1696518168
194036.58163964792
155062.3333013496
132183.2261004012
98442.47166610608
75656.52313507034
75656.52313507034
48542.36370204991
24474.387050192967
24474.387050192967
24474.387050192967
24474.387050192967
24474.387050192967
22157.943765837692
22157.943765837692
20813.6086479617
20813.6086479617
20813.6086479617
20813.6086479617
20813.6086479617
20813.6086479617
20813.6086479617
20813.6086479617
20813.6086479617
9100.319606513753
9100.319606513753
9100.319606513753
9100.319606513753
9100.319606513753
9100.319606513753
9100.319606513753
9100.319606513753
9100.319606513753
5684358987.395094
5684358987.395094
1580148300.3862977
590607658.8028243
352578730.86064196
324469319.45370126
180784376.99847737
140643877.09158504
115021028.6994035
102781621.13651636
94368132.65480879
64183537.20872234
53146669.96437563
47493628.72177608
12309534.767344022
8191075.057872502
4902517.537862954
4902517.537862954
4611903.045711177
4611903.045711177
3301675.9693617146
2025261.7335525341
1949249.2468467636
1085598.8932223192
790167.3093556302
589786.5118339242
589786.5118339242
211805.8058678292
191703.49123683386
191703.49123683386
175872.31813194128
175872.31813194128
175872.31813194128
175872.31813194128
96483.31778867668
79797.83146899068
60687.14748933156
60687.14748933156
60687.14748933156
60687.14748933156
60687.14748933156
60318.348206289505
49262.623591498144
49262.623591498144
30392.56663851375
30392.56663851375
30392.56663851375
30392.56663851375
30392.56663851375
17476.1479424613
17476.1479424613
17476.1479424613
17476.1479424613
17476.1479424613
17476.1479424613
17476.1479424613
17476.1479424613
17476.1479424613
5684358987.395094
5103199789.8794155
2920493411.821337
750525262.3754888
231510537.0508217
231510537.0508217
169569692.83121094
134424458.1560273
55846929.18844021
40930117.29798544
22360545.972147536
15253731.22146482
9861595.050574185
8797047.267797355
8797047.267797355
3481337.333435018
3481337.333435018
3481337.333435018
1464796.504293744
1423245.709141632
659843.6104008668
509077.9960842129
161654.71587007263
161654.71587007263
121489.35076033122
82163.5030869891
82163.5030869891
82163.5030869891
19458.357059319373
19458.357059319373
19458.357059319373
19458.357059319373
19458.357059319373
19458.357059319373
19458.357059319373
19458.357059319373
19458.357059319373
5684358987.395094
5684358987.395094
3530803879.8890595
1346670495.9531138
1125128021.002348
581862463.9430543
375705952.6135725
302371115.2780983
220334868.21716863
182935819.24006185
112201896.69076335
31785075.632653587
31785075.632653587
29821226.6722647
29821226.6722647
14415030.067752896
9024204.849879332
9024204.849879332
6470247.03866934
6470247.03866934
4721727.1973645305
3110179.4664167874
2334275.8318320713
1873359.0688317711
870278.5775671237
483162.0180077587
483162.0180077587
483162.0180077587
468233.20220921043
193349.99742136453
193349.99742136453
163850.45510871854
146719.4348494426
136287.9957485593
136287.9957485593
136287.9957485593
69711.42774661588
69711.42774661588
33468.717090082835
33468.717090082835
31834.96134576545
31834.96134576545
31834.96134576545
31834.96134576545
31834.96134576545
23036.463747799884
23036.463747799884
23036.463747799884
23036.463747799884
23036.463747799884
20190.100666911676
20190.100666911676
19198.343880044333
19198.343880044333
19198.343880044333
19198.343880044333
19198.343880044333
19198.343880044333
19198.343880044333
19198.343880044333
19198.343880044333
5684358987.395094
5684358987.395094
1737281233.1931067
354565719.1368685
346223389.7352661
203409000.23921093
203409000.23921093
77511668.67462474
24506757.34311854
21296158.10130464
21296158.10130464
21296158.10130464
4889923.956544222
4889923.956544222
4889923.956544222
3305058.70264317
3305058.70264317
2276943.1896315566
1085721.55910181
1085721.55910181
1070558.1314939403
816195.6346288294
707416.7619092348
707416.7619092348
200941.35607019847
194690.05555758518
174417.00519812686
174417.00519812686
151771.51313409317
92530.1676239412
92530.1676239412
92530.1676239412
92530.1676239412
72302.3629112514
65323.4023494493
55192.24677734835
37585.33708648479
19263.560050042328
19263.560050042328
19263.560050042328
19263.560050042328
19263.560050042328
19263.560050042328
19263.560050042328
19263.560050042328
19263.560050042328
5684358987.395094
5684358987.395094
2635537289.4003177
1373070077.5174394
634322998.8534402
516320137.48141044
233539022.39074656
157941646.24723408
32325835.601940118
32325835.601940118
32325835.601940118
11924925.790777817
10719604.055161294
10688467.805284481
10688467.805284481
3965102.853970843
3965102.853970843
3425350.149397037
3425350.149397037
1675710.5379195958
949100.3397187806
708075.1859151952
388631.0627201631
331522.9996192779
331522.9996192779
188982.07387555356
137120.7620147539
137120.7620147539
92329.9143907229
73227.90084235166
42029.272226373716
42029.272226373716
35644.20978218112
32743.847984367007
32743.847984367007
21703.006129891208
21703.006129891208
21703.006129891208
21703.006129891208
21703.006129891208
21703.006129891208
21703.006129891208
21703.006129891208
21703.006129891208
5684358987.395094
5446750937.651364
3175897336.9742947
2280625459.8511686
1169524766.1746309
549292581.2498804
84647896.02014528
84647896.02014528
47812672.326062076
47812672.326062076
12717627.509606717
12416937.618581695
7361501.451720884
7361501.451720884
5601946.201126679
2884983.1996054035
2884983.1996054035
2884983.1996054035
2041846.8935019157
1323098.3579383611
585452.8626501047
434400.22421226447
65223.093255479216
65223.093255479216
32595.316913872724
32595.316913872724
32595.316913872724
30145.38211264001
30145.38211264001
30145.38211264001
22048.79868530749
13412.195411329938
13412.195411329938
13412.195411329938
13412.195411329938
13412.195411329938
13412.195411329938
13412.195411329938
13412.195411329938
13412.195411329938
5684358987.395094
4449328234.662109
2704816695.5483756
1219874430.8672814
693419605.1900752
311338676.685377
162063060.4030843
31870680.139536757
17711906.721626114
17711906.721626114
17711906.721626114
11606034.479348367
9090834.886084046
8756069.654122725
8756069.654122725
7606575.224961079
7606575.224961079
7606575.224961079
7291644.895683829
3667176.964952476
3667176.964952476
3064780.7993417988
2473476.4321916956
807929.0958812241
807929.0958812241
774782.3642205846
584013.7177099457
501561.9644865161
335918.3160115185
213606.6859214374
194299.91893736017
194299.91893736017
163645.01157267994
163645.01157267994
106737.61684128271
79210.3232931096
79210.3232931096
62420.97107829741
62420.97107829741
44683.85276822456
44683.85276822456
44683.85276822456
38193.44684128187
38193.44684128187
38193.44684128187
38193.44684128187
28949.77228140238
25362.43738381164
25362.43738381164
20502.626937523943
20502.626937523943
20502.626937523943
20502.626937523943
15864.049565225292
15864.049565225292
15864.049565225292
15864.049565225292
15864.049565225292
15864.049565225292
15864.049565225292
15864.049565225292
15864.049565225292
13928.138253121286
13928.138253121286
13928.138253121286
13928.138253121286
13928.138253121286
13928.138253121286
13928.138253121286
13928.138253121286
13928.138253121286
5684358987.395094
5684358987.395094
2645236211.6669707
1379394935.1376967
531968787.1324472
240490575.79355094
147605006.43669116
147605006.43669116
45263372.38802446
45263372.38802446
45263372.38802446
36498503.09211129
7958847.468784376
5697231.115796764
5697231.115796764
4560329.881693737
4560329.881693737
2934456.0609365446
2934456.0609365446
1925773.8088156222
1829469.9907769242
1083348.0892213113
846238.4875086285
506702.33739601506
251098.5067966732
251098.5067966732
207184.06260064183
207184.06260064183
104087.22147570613
88628.26726017945
88628.26726017945
88628.26726017945
58238.72361754585
28272.163689438254
28272.163689438254
28272.163689438254
28272.163689438254
28272.163689438254
26358.676867800314
26358.676867800314
24157.152315318664
24157.152315318664
24075.776731048612
23010.232019456398
23010.232019456398
23010.232019456398
23010.232019456398
23010.232019456398
23010.232019456398
23010.232019456398
23010.232019456398
20871.652615095045
20871.652615095045
20871.652615095045
20871.652615095045
20871.652615095045
20871.652615095045
20871.652615095045
20871.652615095045
20871.652615095045
18206.423479594443
18206.423479594443
18206.423479594443
18206.423479594443
18206.423479594443
18206.423479594443
18206.423479594443
18206.423479594443
18206.423479594443
5684358987.395094
4040508937.542823
2139394011.13084
1409333151.8566463
481449841.191235
283809995.3701144
70880008.0885383
40636871.55845148
40636871.55845148
16256618.660472104
15610243.932990644
10693515.94237708
10693515.94237708
10693515.94237708
4926524.0325168315
2194577.063235968
911466.1213619489
911466.1213619489
911466.1213619489
444556.1336284967
444556.1336284967
444556.1336284967
444556.1336284967
276938.66984716785
276938.66984716785
253635.47110587734
184085.23410442084
116343.79440659382
116343.79440659382
83429.59627852896
83429.59627852896
80383.92879011872
51153.919399817605
49045.83658233268
49045.83658233268
49045.83658233268
28791.501407685966
28791.501407685966
28791.501407685966
28791.501407685966
28791.501407685966
27645.31633709159
27645.31633709159
14464.096271257362
14464.096271257362
14464.096271257362
14464.096271257362
14464.096271257362
14464.096271257362
14464.096271257362
14464.096271257362
14464.096271257362
5684358987.395094
5684358987.395094
1946144645.623465
1124620344.2255857
434196901.699781
164581410.69882187
103570298.66178107
56902541.132869236
56902541.132869236
54282854.43833726
26733233.36288384
17095170.32425376
6144624.039916337
6144624.039916337
6144624.039916337
6144624.039916337
3369523.4984750245
2479788.6920574605
2479788.6920574605
1812737.1551920304
1466597.1527493927
1289261.267021977
874122.5429828205
874122.5429828205
516895.8051914135
516895.8051914135
448038.2807003682
448038.2807003682
393507.90444844816
136578.80347603257
136578.80347603257
96103.49077601633
56816.85763344346
52866.93721704279
41634.162151946075
41634.162151946075
31781.08935834248
31781.08935834248
31781.08935834248
31781.08935834248
31781.08935834248
31781.08935834248
31781.08935834248
26135.807685118343
26135.807685118343
26135.807685118343
26135.807685118343
26135.807685118343
26135.807685118343
26135.807685118343
26135.807685118343
26135.807685118343
5684358987.395094
5684358987.395094
2011675290.9387887
1038498939.0099206
471095486.4271546
119532466.22488129
97091496.29473968
97091496.29473968
25408870.931476872
25408870.931476872
25408870.931476872
25243762.35427558
23448671.127480604
13858513.695302103
11845992.880046442
3331355.838456996
2151991.906586785
2151991.906586785
2151991.906586785
1679512.8134801819
1175911.0111873606
534799.867266551
534799.867266551
410184.9233947886
410184.9233947886
368469.2795458372
247185.16870588614
187409.68899772572
88363.31844747119
48134.910720347965
48134.910720347965
28226.784617980764
28226.784617980764
28226.784617980764
28226.784617980764
28226.784617980764
28226.784617980764
28226.784617980764
28226.784617980764
17582.03431549688
17582.03431549688
14819.664523695017
14819.664523695017
14819.664523695017
14819.664523695017
14819.664523695017
14819.664523695017
11939.766757885021
11939.766757885021
11939.766757885021
11939.766757885021
11939.766757885021
11939.766757885021
11939.766757885021
11939.766757885021
11939.766757885021
5684358987.395094
5684358987.395094
2240653340.109732
1100976400.5036178
593347436.3928508
297478122.95009685
216267787.03687173
87489894.13045436
87489894.13045436
76017958.23775765
74735470.58288157
21197658.93192522
21197658.93192522
2907118.7953716563
2907118.7953716563
2907118.7953716563
2907118.7953716563
2907118.7953716563
2049998.055727234
1501512.6455901654
1501512.6455901654
1051468.5952234098
1051468.5952234098
888024.3416027669
793041.2838149838
448851.85459945747
299819.8667206562
299819.8667206562
206517.83719838443
136536.0419028321
136536.0419028321
136536.0419028321
87656.33287715296
87656.33287715296
80591.21792747588
17257.702462342033
17257.702462342033
17257.702462342033
17257.702462342033
17257.702462342033
17257.702462342033
17257.702462342033
17257.702462342033
17257.702462342033
5684358987.395094
5684358987.395094
2089467266.7421143
498521429.27397776
181402309.85897335
181402309.85897335
121001037.81281804
52327336.5500693
44845243.14969266
33751228.95832459
26814472.913646396
12802227.611817477
12802227.611817477
7417872.833344926
6476116.9485151945
4879707.6242521545
4861669.361916022
3271252.0310031166
2651812.0166525654
1275131.1477006918
1275131.1477006918
1275131.1477006918
1087706.2647118552
694696.1526637941
315301.8488049409
315301.8488049409
200005.156418906
92693.52517838571
87878.09403913154
87878.09403913154
38908.85886873103
38908.85886873103
32062.50631077068
32062.50631077068
32062.50631077068
30912.84852159109
30912.84852159109
28203.495526978135
28203.495526978135
28203.495526978135
21201.427581864147
21201.427581864147
21201.427581864147
21201.427581864147
21201.427581864147
13840.793020799178
13840.793020799178
13840.793020799178
13840.793020799178
13840.793020799178
13840.793020799178
13840.793020799178
13840.793020799178
13840.793020799178
5684358987.395094
5557231067.338842
1654267080.8520105
1283068647.8589935
344814304.87045944
70947876.85641284
70947876.85641284
70947876.85641284
35739336.50818668
35739336.50818668
27055115.119397797
18754367.131565902
8524239.2458369
8524239.2458369
6586903.590594742
5149792.55116828
4738355.475239595
4738355.475239595
4738355.475239595
3197347.245984088
1691507.360316436
1427894.2015974054
1327150.0615056579
1327150.0615056579
496435.8889903255
496435.8889903255
496435.8889903255
279462.55795054097
150055.07882563942
105885.4909989668
105885.4909989668
105885.4909989668
69972.4778431923
58199.006106338304
58199.006106338304
29368.17170081028
29368.17170081028
29368.17170081028
29368.17170081028
20277.886698255716
20277.886698255716
15553.81921010344
15553.81921010344
15553.81921010344
15553.81921010344
13560.140769713582
13560.140769713582
13560.140769713582
13560.140769713582
13560.140769713582
13560.140769713582
13560.140769713582
13560.140769713582
13560.140769713582
5684358987.395094
5684358987.395094
3211467421.685965
1462194368.6698878
560471343.8851868
311907442.4098415
234783102.31221867
71497491.3866273
71497491.3866273
58130301.86172675
7819075.728505662
