3026.1367693356615
2555.573486103344
2555.573486103344
2555.573486103344
2324.3141771620817
2324.3141771620817
2308.1380885632357
2308.1380885632357
2308.1380885632357
2249.265374348733
2247.6043489777967
2247.6043489777967
2247.6043489777967
2247.6043489777967
2247.6043489777967
2247.6043489777967
2247.6043489777967
2247.6043489777967
2247.6043489777967
2245.4988890659606
2241.548602327724
2241.548602327724
2241.431531680277
2240.9132038370717
2240.200790691306
2240.200790691306
2240.200790691306
2236.5344974941654
2236.5344974941654
2236.5344974941654
2234.2503199424573
2234.2503199424573
2233.641157097024
2233.641157097024
2233.641157097024
2232.766844118378
2232.766844118378
2232.766844118378
2232.4089018163418
2232.4089018163418
2231.8414723799715
2231.8414723799715
2231.8414723799715
2231.8414723799715
2231.8414723799715
2231.8414723799715
2231.63065170547
2231.611833228456
2231.611833228456
2231.4516766429347
2231.4516766429347
2231.4516766429347
2231.4516766429347
2231.4516766429347
2231.4516766429347
2231.4516766429347
2231.4516766429347
2231.4516766429347
4257.056196396083
3473.3394341520725
2855.286230736053
2721.8020074993674
2577.7600281874115
2355.054945725539
2292.6463800516576
2292.6463800516576
2292.6463800516576
2248.8177031584473
2248.8177031584473
2248.8177031584473
2248.8177031584473
2248.8177031584473
2238.5337796605368
2238.5337796605368
2238.5337796605368
2238.5337796605368
2238.5337796605368
2236.4180630485953
2236.4180630485953
2236.4180630485953
2236.0954916039386
2236.0954916039386
2236.0954916039386
2235.430436083862
2235.430436083862
2233.483421512695
2233.483421512695
2233.483421512695
2233.483421512695
2232.5754165964468
2232.5754165964468
2232.5754165964468
2231.569212186639
2231.569212186639
2231.569212186639
2231.569212186639
2231.569212186639
2231.569212186639
2231.569212186639
2231.569212186639
2230.4409205551165
2230.4409205551165
2230.4409205551165
2230.4409205551165
2230.4382162096435
2229.9249298157933
2229.9249298157933
2229.9249298157933
2229.9249298157933
2229.6177509085755
2229.6177509085755
2229.6177509085755
2229.3628663841937
2229.25811955808
2229.25811955808
2228.7427975927603
2228.7427975927603
2228.7427975927603
2228.7427975927603
2228.7427975927603
2228.4396148141336
2228.376897337739
2228.376897337739
2228.362139206149
2228.362139206149
2228.362139206149
2228.2709830216927
2228.2709830216927
2228.2709830216927
2228.2709830216927
2228.2709830216927
2228.2709830216927
2228.2709830216927
2228.2709830216927
2228.1140065534223
2227.9968029144334
2227.9968029144334
2227.9968029144334
2227.9968029144334
2227.9968029144334
2227.9968029144334
2227.9968029144334
2227.9968029144334
2227.9968029144334
4257.056196396083
3875.356328666594
2684.680972772244
2522.39891669779
2358.37225855688
2345.788380183339
2323.5546805240556
2308.7189157457547
2308.7189157457547
2308.7189157457547
2307.366761558532
2307.366761558532
2275.225218007888
2264.5388990276
2252.6894321393247
2252.6894321393247
2252.6894321393247
2252.6894321393247
2252.6894321393247
2252.6894321393247
2252.6894321393247
2246.285460513828
2246.285460513828
2245.934491120851
2245.934491120851
2243.09197563646
2243.09197563646
2243.09197563646
2243.09197563646
2243.09197563646
2243.09197563646
2243.09197563646
2243.09197563646
2243.09197563646
4257.056196396083
3236.3059442470976
2783.827103856171
2783.827103856171
2783.827103856171
2544.6360689608714
2544.6360689608714
2544.6360689608714
2522.4424636054523
2521.371784710974
2501.7154173340414
2501.459568304851
2488.8366876529494
2488.8366876529494
2488.8366876529494
2488.8366876529494
2488.8366876529494
2488.8366876529494
2477.9660728772897
2477.9660728772897
2477.9660728772897
2477.9660728772897
2476.2141411239163
2476.2141411239163
2476.2141411239163
2476.2141411239163
2476.2141411239163
2476.2141411239163
2476.199951158528
2476.199951158528
2474.50132027981
2474.50132027981
2474.50132027981
2474.50132027981
2473.0533916791064
2470.782289463403
2470.782289463403
2470.782289463403
2470.5006743886265
2470.1808079936627
2470.1808079936627
2469.651924220659
2469.651924220659
2469.651924220659
2469.651924220659
2469.651924220659
2469.651924220659
2469.651924220659
2469.651924220659
2469.5644222092146
2469.5644222092146
2468.8952512046435
2468.8952512046435
2468.659342778731
2468.659342778731
2468.4857992016164
2468.4857992016164
2468.4857992016164
2468.4857992016164
2468.063303423351
2468.063303423351
2468.063303423351
2468.063303423351
2468.063303423351
2468.063303423351
2468.063303423351
2468.063303423351
2468.063303423351
2467.838393464944
2467.838393464944
2467.5674033765104
2467.5674033765104
2466.6439484372163
2466.6439484372163
2466.6439484372163
2466.6439484372163
2466.6439484372163
2466.6439484372163
2466.6439484372163
2466.6439484372163
2466.6439484372163
4257.056196396083
3426.765327825631
2794.3552739146076
2794.3552739146076
2789.699269771859
2543.7699839820666
2518.040081798239
2518.040081798239
2518.040081798239
2498.3670270791035
2498.3670270791035
2494.258148724434
2486.3016729014325
2486.3016729014325
2485.1676626202975
2484.1708787208995
2484.1708787208995
2481.921553370371
2481.921553370371
2477.116314328574
2477.116314328574
2477.116314328574
2477.116314328574
2474.129354983925
2474.129354983925
2474.129354983925
2474.129354983925
2474.129354983925
2474.129354983925
2474.129354983925
2472.951056205651
2472.951056205651
2472.951056205651
2472.951056205651
2472.576597664596
2472.576597664596
2470.519440401579
2470.519440401579
2470.519440401579
2470.519440401579
2470.3096483905238
2470.3096483905238
2470.3096483905238
2470.3096483905238
2470.1861708438614
2470.1861708438614
2469.6750543498238
2469.6750543498238
2469.6750543498238
2469.500844026447
2469.500844026447
2468.9794743634225
2468.9794743634225
2468.9794743634225
2468.9794743634225
2468.9371873846817
2468.9371873846817
2468.8617553037056
2468.347284975967
2468.347284975967
2468.347284975967
2468.347284975967
2468.347284975967
2468.347284975967
2468.347284975967
2468.0952752424328
2468.0952752424328
2468.0952752424328
2467.8740159239874
2467.8740159239874
2467.8740159239874
2467.8740159239874
2467.8740159239874
2467.8740159239874
2467.8740159239874
2467.8740159239874
2467.8740159239874
4257.056196396083
3279.3704432187474
2724.970741010863
2586.406867632512
2540.172382649801
2540.172382649801
2540.172382649801
2505.2670240263087
2505.2670240263087
2505.2670240263087
2490.7323978073177
2490.3381540385794
2490.3381540385794
2482.530192197312
2482.530192197312
2482.530192197312
2482.530192197312
2481.9560434594714
2481.9560434594714
2481.9560434594714
2481.9560434594714
2473.560048046007
2473.560048046007
2473.560048046007
2473.560048046007
2473.560048046007
2473.560048046007
2473.560048046007
2473.560048046007
2473.560048046007
4257.056196396083
2600.703102135776
2374.967370653475
2374.967370653475
2374.967370653475
2374.967370653475
2324.268981701506
2324.268981701506
2324.268981701506
2289.0951320919826
2271.3194805644944
2262.2295290382713
2251.3929900634635
2251.3929900634635
2251.3929900634635
2250.894359353876
2249.144306110375
2249.144306110375
2249.144306110375
2246.6646592709126
2246.6646592709126
2246.6646592709126
2246.1549329634245
2242.4203066307537
2242.4203066307537
2242.4203066307537
2242.4203066307537
2240.4206450056795
2240.4206450056795
2236.747554148186
2236.747554148186
2236.747554148186
2236.747554148186
2236.5987163086143
2235.6279370708635
2235.6279370708635
2235.6279370708635
2234.7580802090188
2234.5838642819763
2234.5838642819763
2233.471739636999
2232.956771561768
2232.956771561768
2232.956771561768
2232.956771561768
2232.956771561768
2231.9331219134183
2231.9331219134183
2231.9331219134183
2231.9331219134183
2231.8554350577165
2231.8554350577165
2231.490930945736
2231.272453784602
2231.272453784602
2231.272453784602
2231.272453784602
2231.152671886259
2231.152671886259
2230.6326124962156
2230.6326124962156
2230.6326124962156
2230.6326124962156
2230.6326124962156
2230.6326124962156
2230.6326124962156
2230.6326124962156
2230.6326124962156
4257.056196396083
3638.0232041180357
2569.987543166094
2565.46991223619
2284.0772936143294
2284.0772936143294
2276.3861595108733
2268.375358295279
2261.723266113855
2261.723266113855
2256.7334871267567
2243.0801181497613
2243.0801181497613
2243.0801181497613
2241.661008398375
2241.661008398375
2239.127805348675
2239.127805348675
2239.127805348675
2239.127805348675
2239.017628673467
2239.017628673467
2238.7149839791186
2235.923159274999
2235.421733186417
2235.421733186417
2235.421733186417
2235.421733186417
2235.421733186417
2235.421733186417
2235.421733186417
2235.421733186417
2234.6628562243163
2234.6628562243163
2232.9037350681506
2232.9037350681506
2232.9037350681506
2231.6398513890335
2231.6398513890335
2231.6398513890335
2231.6398513890335
2231.6398513890335
2231.6398513890335
2231.6398513890335
2231.6398513890335
2230.660104929128
2230.660104929128
2230.468528718963
2230.4620979073943
2230.4620979073943
2230.4620979073943
2230.4620979073943
2230.1343577398616
2230.1343577398616
2230.1343577398616
2230.1343577398616
2230.1343577398616
2230.1343577398616
2230.1343577398616
2230.1343577398616
2230.1343577398616
4257.056196396083
3325.068700995799
2911.12114309978
2605.0551884252677
2593.570627794945
2366.483847013586
2273.792788368224
2273.792788368224
2273.792788368224
2273.792788368224
2268.794975605036
2268.794975605036
2255.6204921083045
2255.6204921083045
2255.6204921083045
2255.6204921083045
2255.6204921083045
2255.6204921083045
2250.5468923993867
2247.346876982975
2247.346876982975
2247.346876982975
2245.5115496887443
2245.5115496887443
2245.5115496887443
2245.1037488037446
2243.6498830257665
2243.6498830257665
2243.6498830257665
2243.6498830257665
2243.6498830257665
2243.419213279602
2243.229072704736
2243.229072704736
2242.835352378126
2239.163204720377
2239.163204720377
2239.163204720377
2239.163204720377
2239.163204720377
2239.163204720377
2239.163204720377
2239.163204720377
2239.163204720377
4257.056196396083
3801.569713133007
2576.047484426077
2576.047484426077
2576.047484426077
2531.0227704038775
2531.0227704038775
2531.0227704038775
2518.538621814814
2511.1008542716345
2511.1008542716345
2511.1008542716345
2505.6188967469634
2505.251662594394
2500.9272296267714
2500.5049064212826
2494.3993767811207
2480.7455561302127
2480.7455561302127
2480.7455561302127
2480.7455561302127
2480.7455561302127
2480.7455561302127
2480.7455561302127
2480.7455561302127
2480.595873040506
2480.595873040506
2480.595873040506
2480.595873040506
2480.3810463174837
2480.2223543561686
2480.2223543561686
2480.2223543561686
2479.7065549459694
2477.6922943038926
2476.557550031332
2476.557550031332
2475.896169275381
2475.896169275381
2475.896169275381
2475.896169275381
2475.896169275381
2474.845674747623
2474.7869266472717
2474.7869266472717
2474.7869266472717
2474.7869266472717
2471.7337412038355
2471.381767996677
2470.3503598639463
2470.3503598639463
2470.2377100714098
2470.2377100714098
2470.2377100714098
2469.5853600819055
2469.5853600819055
2469.5853600819055
2468.7867743996426
2468.7867743996426
2468.7867743996426
2468.7867743996426
2468.7867743996426
2468.3640928739637
2468.3640928739637
2468.3640928739637
2467.860106694755
2467.1679803671
2467.1679803671
2467.1679803671
2467.1679803671
2467.1679803671
2467.0556529719515
2467.0556529719515
2467.0556529719515
2467.0556529719515
2467.0556529719515
2467.0556529719515
2467.0213265401417
2467.0213265401417
2467.0213265401417
2467.0213265401417
2467.0213265401417
2467.0213265401417
2467.0213265401417
2466.8568534220417
2466.8568534220417
2466.8568534220417
2466.8568534220417
2466.8568534220417
2466.8568534220417
2466.8568534220417
2466.763789947719
2466.763789947719
2466.763789947719
2466.763789947719
2466.763789947719
2466.763789947719
2466.763789947719
2466.763789947719
2466.763789947719
4257.056196396083
2970.1522121852254
2684.592555479925
2487.8966245625043
2442.795247607264
2265.881326100876
2265.881326100876
2265.881326100876
2264.9866356880602
2264.9866356880602
2264.9866356880602
2253.1868056797584
2253.1868056797584
2253.1868056797584
2250.6130793386665
2250.6130793386665
2249.624586943577
2248.9485239616606
2248.9485239616606
2246.349012897606
2246.349012897606
2241.294492392571
2241.294492392571
2241.294492392571
2241.294492392571
2241.0419591086934
2238.2418750618363
2238.2418750618363
2238.2418750618363
2237.564868573439
2237.564868573439
2237.564868573439
2237.218738854982
2237.218738854982
2237.218738854982
2237.058448343776
2237.058448343776
2237.058448343776
2237.058448343776
2237.058448343776
2237.058448343776
2237.058448343776
2236.2530499505533
2236.2530499505533
2236.2530499505533
2236.2530499505533
2236.2530499505533
2236.2530499505533
2235.1058892356878
2235.1058892356878
2235.1058892356878
2235.1058892356878
2235.1058892356878
2235.1058892356878
2235.1058892356878
2235.1058892356878
2235.1058892356878
4257.056196396083
3471.8438437025025
2869.808147454803
2595.9326865832145
2557.0440080442627
2489.80410649429
2488.23106622581
2488.23106622581
2480.3736857973045
2450.6109927770285
2341.4533304438423
2341.4533304438423
2341.4533304438423
2273.3785583010076
2270.8802725991914
2270.8802725991914
2270.8802725991914
2256.9833607181918
2256.9833607181918
2250.9581685988496
2250.9581685988496
2247.49823240873
2247.49823240873
2245.3842519277255
2240.4941555883142
2240.4941555883142
2240.4941555883142
2240.4941555883142
2237.369478677843
2237.369478677843
2237.369478677843
2237.369478677843
2237.369478677843
2237.369478677843
2237.369478677843
2237.369478677843
2237.369478677843
4257.056196396083
3133.4763003799544
2545.7158588781867
2545.7158588781867
2509.5874123857297
2273.9620168467427
2261.8157554538584
2261.8157554538584
2252.0981805105957
2252.0981805105957
2252.0981805105957
2252.0981805105957
2243.9546387149167
2243.9546387149167
2243.9546387149167
2243.9546387149167
2243.9546387149167
2243.9546387149167
2243.9546387149167
2243.932441941887
2243.932441941887
2243.932441941887
2241.936271655814
2241.936271655814
2241.5774892311706
2241.5774892311706
2241.5774892311706
2239.846413459819
2239.846413459819
2239.846413459819
2239.846413459819
2239.660259923827
2239.660259923827
2239.660259923827
2239.3691894185094
2239.3691894185094
2238.7133674754255
2238.7133674754255
2238.7133674754255
2238.7133674754255
2238.7133674754255
2238.6942083345107
2238.6942083345107
2238.6942083345107
2238.1884872708993
2238.1884872708993
2238.1884872708993
2238.1884872708993
2238.1884872708993
2237.2322977320673
2237.2322977320673
2237.2322977320673
2236.806622093778
2236.806622093778
2236.0963623803746
2236.0963623803746
2236.0603120716987
2236.0603120716987
2235.9181376607553
2235.411032021985
2235.411032021985
2234.94068864608
2234.94068864608
2234.6937319694025
2234.6937319694025
2234.6937319694025
2234.6937319694025
2234.6937319694025
2234.6937319694025
2234.6937319694025
2233.8718885191975
2233.8718885191975
2233.794100959666
2233.794100959666
2233.6723514400182
2233.6723514400182
2233.4652706366815
2232.8173825918216
2232.8173825918216
2232.8051225220856
2232.7795295231044
2232.7795295231044
2232.7795295231044
2232.7795295231044
2232.7795295231044
2232.7795295231044
2232.7795295231044
2232.7795295231044
2232.7795295231044
4257.056196396083
3193.580260645444
2375.525392637675
2375.525392637675
2346.8690352245303
2248.4981932476653
2248.4981932476653
2248.4981932476653
2248.4981932476653
2248.4981932476653
2248.4981932476653
2248.4981932476653
2248.4981932476653
2248.4981932476653
2239.173444488469
2239.173444488469
2236.6011969925257
2236.6011969925257
2234.3802978173653
2234.3802978173653
2233.13644728306
2233.13644728306
2233.13644728306
2233.13644728306
2232.568966942781
2231.644332990656
2231.644332990656
2231.644332990656
2231.644332990656
2231.644332990656
2231.644332990656
2231.644332990656
2231.644332990656
2231.4662325558193
2231.4662325558193
2230.873455037456
2230.873455037456
2230.873455037456
2230.329221819117
2229.4586979498295
2229.4586979498295
2229.4586979498295
2229.435921603925
2229.435921603925
2229.435921603925
2229.2515867706534
2228.9105807894925
2228.9105807894925
2228.9105807894925
2228.765497447795
2228.765497447795
2228.571009968595
2228.571009968595
2228.034065621272
2228.034065621272
2227.4648254609183
2227.4648254609183
2227.4648254609183
2227.4648254609183
2227.4648254609183
2227.4648254609183
2227.4648254609183
2227.4648254609183
2227.4648254609183
4257.056196396083
3506.7255938526137
2938.924254355935
2467.030110529241
2467.030110529241
2301.0723697567646
2301.0723697567646
2301.0723697567646
2301.0723697567646
2301.0723697567646
2301.0723697567646
2278.6965539179773
2264.789246246775
2264.789246246775
2264.789246246775
2256.882046696948
2248.187910550526
2247.7413271357964
2245.1511995554597
2245.1511995554597
2243.968071736927
2243.968071736927
2240.044097611652
2240.044097611652
2240.044097611652
2237.3886430583316
2237.3886430583316
2237.3886430583316
2237.3886430583316
2237.3886430583316
2237.3886430583316
2235.0541082413247
2234.2762532948095
2234.2762532948095
2234.2762532948095
2234.2762532948095
2234.2762532948095
2233.1922904793423
2233.1922904793423
2233.1922904793423
2233.1922904793423
2233.1922904793423
2232.912862408016
2232.912862408016
2232.912862408016
2232.912862408016
2232.912862408016
2232.912862408016
2232.912862408016
2232.912862408016
2232.912862408016
4257.056196396083
2333.874541912095
2333.874541912095
2333.874541912095
2333.874541912095
2333.874541912095
2331.349356997446
2290.6517367423903
2256.7238985869762
2256.7238985869762
2246.4241672749004
2246.4241672749004
2245.294036349041
2245.294036349041
2245.294036349041
2245.294036349041
2245.294036349041
2242.740910856119
2242.740910856119
2242.6628027731713
2242.6628027731713
2242.6628027731713
2238.9769917625354
2238.9769917625354
2238.9769917625354
2237.9082120657204
2235.311998285865
2235.311998285865
2235.311998285865
2235.311998285865
2234.77453056296
2234.77453056296
2234.691752995976
2233.532494048291
2233.532494048291
2233.0855261450506
2232.8572528367777
2232.4504587238166
2232.4504587238166
2232.4504587238166
2232.4504587238166
2232.4504587238166
2230.594788999184
2230.594788999184
2230.4955468565586
2230.4955468565586
2230.4955468565586
2230.4955468565586
2230.4955468565586
2230.4955468565586
2230.4955468565586
2230.1324745806296
2230.1324745806296
2230.1324745806296
2229.98242502273
2229.876017710394
2229.6986311785276
2229.6986311785276
2229.4176867589504
2229.4176867589504
2229.4176867589504
2229.4176867589504
2229.2270879730477
2229.2270879730477
