2999.5982221384625
2749.4043402082093
2706.4886835521334
2659.965287636922
2532.174026144689
2532.174026144689
2516.7515065904404
2496.175979130515
2488.7373402970766
2469.3486269118525
2426.513298902428
2314.6041163337313
2314.6041163337313
2283.258364876793
2275.526795052624
2268.233528558533
2257.8434397879514
2247.166978195664
2238.712112529525
2238.712112529525
2238.712112529525
2238.712112529525
2238.712112529525
2238.632462260435
2233.883553630884
2233.883553630884
2233.883553630884
2233.883553630884
2233.883553630884
2233.883553630884
2233.883553630884
2233.883553630884
2233.883553630884
3746.048938505033
2723.070515759322
2703.0815589100002
2686.2620674150917
2556.573158975575
2556.573158975575
2556.573158975575
2556.573158975575
2556.573158975575
2556.1812071338286
2556.1812071338286
2425.598882039742
2425.598882039742
2388.3230679109483
2388.3230679109483
2369.7953156257104
2368.437816138279
2368.437816138279
2368.437816138279
2368.437816138279
2367.2448963486763
2367.2448963486763
2367.2448963486763
2367.2448963486763
2367.2448963486763
2366.646106600713
2366.646106600713
2365.0952634277874
2364.7736282220485
2363.1201572009086
2356.971518899582
2356.971518899582
2352.8007548048477
2352.8007548048477
2352.8007548048477
2352.8007548048477
2352.8007548048477
2352.7453336272933
2352.7453336272933
2352.7453336272933
2352.525365984289
2352.525365984289
2352.525365984289
2352.525365984289
2352.525365984289
2352.525365984289
2352.525365984289
2352.0893654940874
2352.0893654940874
2351.431134887283
2351.431134887283
2350.0774712502334
2350.0774712502334
2350.0774712502334
2350.0774712502334
2350.0774712502334
2350.0774712502334
2350.0774712502334
2350.0774712502334
2350.0774712502334
3746.048938505033
2764.702380951403
2591.038039490836
2478.8348961098973
2478.8348961098973
2478.8348961098973
2478.8348961098973
2472.9702006289826
2472.9702006289826
2462.317984847534
2458.309352314268
2458.309352314268
2458.309352314268
2455.3425892929886
2453.822584926822
2453.140078472752
2453.140078472752
2453.140078472752
2453.140078472752
2453.140078472752
2451.5927946758
2451.5927946758
2451.5927946758
2450.117371188093
2450.117371188093
2449.4619270242233
2449.4619270242233
2448.2166976557082
2448.2166976557082
2448.2166976557082
2448.2166976557082
2448.2166976557082
2447.6376992453406
2447.6376992453406
2447.6376992453406
2447.6376992453406
2447.6376992453406
2447.6376992453406
2447.0569767466363
2446.127380486242
2446.127380486242
2446.076139228983
2446.076139228983
2446.076139228983
2446.076139228983
2445.8886008580325
2445.8886008580325
2445.8886008580325
2445.8886008580325
2445.8886008580325
2445.618478789165
2445.618478789165
2445.618478789165
2445.618478789165
2445.618478789165
2445.618478789165
2445.618478789165
2445.494803597628
2445.494803597628
2445.494803597628
2445.2297282274294
2445.0657995461925
2445.0657995461925
2445.0657995461925
2445.0657995461925
2445.0657995461925
2445.0657995461925
2445.0657995461925
2445.0657995461925
2444.9044737822237
2444.9044737822237
2444.9044737822237
2444.8897142974524
2444.8897142974524
2444.8897142974524
2444.722703488813
2444.722703488813
2444.722703488813
2444.3800733389958
2444.3800733389958
2444.3800733389958
2444.3800733389958
2444.3800733389958
2444.3800733389958
2444.1899932750434
2444.1899932750434
2444.1899932750434
2444.1899932750434
2444.1899932750434
2444.1899932750434
2444.1899932750434
2444.1899932750434
2444.1899932750434
3746.048938505033
2882.101031547066
2660.3812157771954
2660.3812157771954
2572.8237999143826
2572.8237999143826
2251.3701697810075
2251.3701697810075
2251.3701697810075
2243.316599761709
2243.316599761709
2243.316599761709
2243.316599761709
2240.4323221368068
2240.4323221368068
2240.4323221368068
2236.5091465380974
2236.5091465380974
2236.5091465380974
2236.5091465380974
2236.5091465380974
2236.5091465380974
2236.5091465380974
2236.5091465380974
2236.5091465380974
3746.048938505033
3233.080171070903
2744.6826523482296
2668.913757052417
2540.618593575789
2540.618593575789
2540.618593575789
2529.664649455807
2423.1373594065058
2423.1373594065058
2398.9020245968786
2393.560591091708
2376.3947842851194
2376.3947842851194
2368.1237722960955
2368.1237722960955
2368.1237722960955
2363.7844613291645
2361.584241744183
2358.6336878661523
2358.6336878661523
2356.202379765866
2356.202379765866
2356.0391774651553
2356.0391774651553
2355.8999922540006
2355.8999922540006
2355.607426817022
2355.607426817022
2354.379806188881
2354.379806188881
2354.379806188881
2353.9375600666967
2353.9375600666967
2353.9375600666967
2353.9375600666967
2352.5058658277067
2351.922311271216
2351.922311271216
2351.922311271216
2351.922311271216
2351.9092000674095
2351.9092000674095
2351.9092000674095
2351.9092000674095
2351.4592476497546
2351.2490785213126
2351.2490785213126
2351.0666359753873
2351.0666359753873
2350.919594941328
2350.919594941328
2350.919594941328
2350.919594941328
2350.919594941328
2350.417424702295
2350.417424702295
2350.417424702295
2350.417424702295
2350.1582229989326
2349.6510997254572
2349.6510997254572
2349.6510997254572
2349.6510997254572
2349.6510997254572
2349.6510997254572
2349.6510997254572
2349.6510997254572
2348.8546276503166
2348.504867229259
2348.504867229259
2348.504867229259
2348.504867229259
2348.504867229259
2348.504867229259
2348.504867229259
2348.504867229259
2348.504867229259
2348.2551965961675
2348.2551965961675
2348.2551965961675
2348.2551965961675
2348.2551965961675
2348.2551965961675
2348.2551965961675
2348.2551965961675
2348.2551965961675
3746.048938505033
3105.414159043674
2748.1920009473506
2730.4358194225783
2704.2112972314694
2663.712626223968
2663.712626223968
2587.0078746465306
2581.4528676384075
2522.5721784419243
2378.9151942975527
2378.9151942975527
2377.2994800260144
2357.692181159262
2357.692181159262
2357.692181159262
2357.692181159262
2357.692181159262
2357.692181159262
2357.692181159262
2357.692181159262
2357.692181159262
2357.595822943928
2356.682418782992
2353.547437310607
2352.6976426686815
2352.294003342401
2352.294003342401
2351.4387168764383
2350.606833132574
2350.606833132574
2350.148156470917
2350.148156470917
2349.8265072021604
2349.8265072021604
2349.8265072021604
2349.8265072021604
2349.8265072021604
2349.7459565487757
2348.764336885035
2348.764336885035
2348.657191745064
2348.657191745064
2348.657191745064
2348.657191745064
2348.657191745064
2348.657191745064
2348.657191745064
2348.657191745064
2348.657191745064
3746.048938505033
3200.3049581206847
2969.790971898006
2531.286405532828
2531.286405532828
2305.7710988793033
2305.7710988793033
2295.198552981102
2295.198552981102
2283.2001663353403
2258.7926890179833
2258.7926890179833
2258.7926890179833
2258.7926890179833
2255.287642823745
2245.4195195657944
2245.4195195657944
2245.4118392370633
2245.4118392370633
2245.4118392370633
2245.4118392370633
2245.4118392370633
2245.4118392370633
2242.4241058567645
2240.2979633558457
2240.2979633558457
2240.2148047557966
2240.2148047557966
2240.2148047557966
2240.2148047557966
2240.2148047557966
2239.049883609879
2239.049883609879
2238.2338566003054
2237.44301262913
2236.2601206645622
2235.309313311117
2234.409285736846
2233.316861104113
2233.316861104113
2232.8860124148023
2232.8860124148023
2232.8616741678925
2232.8616741678925
2231.9369305585396
2231.0092751680577
2230.911653717839
2230.911653717839
2230.911653717839
2230.2285546083694
2230.2285546083694
2229.4960712861102
2229.4960712861102
2229.4960712861102
2229.4960712861102
2229.4960712861102
2229.4960712861102
2229.4960712861102
2229.4960712861102
2229.313367371828
2229.313367371828
2229.313367371828
2229.313367371828
2229.1313265657354
2229.1313265657354
2229.1313265657354
2229.1313265657354
2228.898123437235
2228.898123437235
2228.898123437235
2228.898123437235
2228.898123437235
2228.898123437235
2228.898123437235
2228.898123437235
2228.898123437235
3746.048938505033
2765.7130141631624
2553.5811921440413
2553.5811921440413
2553.5811921440413
2449.2649989173383
2386.782192165711
2374.809472031007
2374.809472031007
2361.4898537368667
2361.305419491108
2358.3770091892034
2356.787126344108
2356.787126344108
2356.787126344108
2356.787126344108
2352.270643726958
2352.270643726958
2352.270643726958
2351.9416939968805
2349.4156237198595
2349.4156237198595
2349.2332594434906
2349.2332594434906
2348.636654344525
2347.4922205702273
2347.4922205702273
2347.4922205702273
2346.487608971035
2346.487608971035
2346.487608971035
2346.487608971035
2346.487608971035
2346.487608971035
2346.441715700898
2345.9603548890127
2345.9603548890127
2345.9603548890127
2345.9603548890127
2345.9603548890127
2345.9603548890127
2345.517174006813
2345.472931360147
2345.472931360147
2345.0277899519697
2345.0277899519697
2344.892766952057
2344.892766952057
2344.892766952057
2344.892766952057
2344.892766952057
2344.892766952057
2344.892766952057
2344.892766952057
2344.892766952057
2344.092521410291
2344.092521410291
2344.092521410291
2344.092521410291
2344.092521410291
2344.092521410291
2344.092521410291
2344.092521410291
2344.092521410291
3746.048938505033
2948.4299298334895
2892.025573434791
2892.025573434791
2699.979387348001
2683.5513307251645
2647.547483948142
2521.8113204867545
2491.8832731914463
2491.5450912434558
2491.5450912434558
2491.5450912434558
2491.5450912434558
2489.8291071904205
2489.8291071904205
2479.7916606943927
2479.7916606943927
2479.7916606943927
2479.7916606943927
2479.7916606943927
2479.7916606943927
2479.7916606943927
2479.7608788166144
2476.57521059054
2476.57521059054
2476.57521059054
2476.370300937746
2476.370300937746
2474.7250924224822
2474.7250924224822
2473.8035354797094
2473.8035354797094
2473.8035354797094
2473.8035354797094
2473.8035354797094
2473.5940262331405
2469.82652373912
2469.82652373912
2469.82652373912
2469.82652373912
2469.82652373912
2469.82652373912
2469.502719699931
2469.502719699931
2469.126962097107
2469.126962097107
2469.126962097107
2468.777856344402
2468.777856344402
2468.777856344402
2468.777856344402
2468.777856344402
2467.9457688429284
2467.9457688429284
2467.8082492103713
2467.601332115097
2467.601332115097
2466.987896803894
2466.987896803894
2466.987896803894
2466.491573007185
2466.2762260159125
2466.041471881592
2466.041471881592
2465.6096467696043
2465.6096467696043
2465.6096467696043
2465.6096467696043
2465.6096467696043
2465.6096467696043
2465.6096467696043
2465.6096467696043
2465.6096467696043
3746.048938505033
3160.0437144391094
2516.048240639902
2516.048240639902
2490.759545670754
2490.759545670754
2386.7053965481086
2381.134432091477
2362.820080245104
2362.820080245104
2362.820080245104
2362.820080245104
2362.820080245104
2358.6074240368125
2358.6074240368125
2358.6074240368125
2358.6074240368125
2358.4351795493203
2358.4351795493203
2358.00664479221
2356.729998973544
2356.5934794268815
2355.157516652346
2355.157516652346
2355.157516652346
2355.0134869115104
2355.0134869115104
2355.0134869115104
2355.0134869115104
2354.3725444328657
2354.3725444328657
2353.5819964650636
2353.5819964650636
2353.5819964650636
2353.372588264905
2353.372588264905
2353.372588264905
2353.372588264905
2351.9615702044025
2351.6200398096016
2351.6200398096016
2351.320551111799
2351.320551111799
2351.320551111799
2350.2437499129505
2350.075383991179
2349.7700535621225
2349.5595056010684
2349.5595056010684
2349.5595056010684
2349.5595056010684
2348.9373953533513
2348.9373953533513
2348.9373953533513
2348.7325360177297
2348.7325360177297
2348.7325360177297
2348.712079059512
2348.712079059512
2348.545346858692
2348.545346858692
2348.4853294761683
2348.4853294761683
2347.9484998386306
2347.9484998386306
2347.9484998386306
2347.9484998386306
2347.8355888247274
2347.8355888247274
2347.8355888247274
2347.8355888247274
2347.8355888247274
2347.8355888247274
2347.8355888247274
2347.8355888247274
2347.8355888247274
2347.8142716959205
2347.8142716959205
2347.8142716959205
2347.8142716959205
2347.8142716959205
2347.8142716959205
2347.8142716959205
2347.8142716959205
2347.8142716959205
3746.048938505033
2956.317573705327
2633.2569695273137
2590.083767240043
2590.083767240043
2460.49554951788
2412.024097436691
2412.024097436691
2412.024097436691
2412.024097436691
2388.328500440439
2388.328500440439
2366.061853845848
2366.061853845848
2366.061853845848
2366.061853845848
2366.061853845848
2366.061853845848
2366.061853845848
2361.49864836316
2360.5662283991187
2359.632761222852
2357.47642809285
2357.2819792996843
2357.2819792996843
2357.2819792996843
2357.2819792996843
2356.402250878907
2356.402250878907
2356.2087977614556
2356.2087977614556
2353.393732127741
2353.393732127741
2353.393732127741
2353.393732127741
2353.0688278139273
2353.0688278139273
2353.0688278139273
2353.0688278139273
2353.0688278139273
2353.0688278139273
2353.0688278139273
2352.343589218546
2352.343589218546
2352.343589218546
2351.8448919407224
2351.8448919407224
2350.38488082103
2349.058108359434
2349.058108359434
2348.7737097361933
2348.7737097361933
2348.7737097361933
2348.7737097361933
2348.7737097361933
2348.7030823822874
2348.7030823822874
2348.7030823822874
2348.652313158964
2348.395957314792
2348.395957314792
2347.8075069549022
2347.8075069549022
2347.8075069549022
2347.8075069549022
2347.8075069549022
2347.8075069549022
2347.6389105639955
2347.6389105639955
2347.499646849055
2347.499646849055
2347.499646849055
2347.499646849055
2347.499646849055
2347.0611543120103
2346.8601178820086
2346.8601178820086
2346.8601178820086
2346.8601178820086
2346.428205098937
2346.428205098937
2346.2636432781305
2346.2636432781305
2346.2636432781305
2345.652029261259
2345.652029261259
2345.6191201476413
2345.6191201476413
2345.6191201476413
2345.6191201476413
2345.6191201476413
2345.6191201476413
2345.6191201476413
2345.6191201476413
2345.6191201476413
3746.048938505033
2949.6771552551195
2706.6153130878283
2706.6153130878283
2561.883959700569
2379.269666707996
2379.269666707996
2379.269666707996
2379.269666707996
2372.9306463527787
2372.9306463527787
2372.9306463527787
2364.6532100380155
2364.6532100380155
2361.9845662995504
2361.213975141409
2361.213975141409
2359.652899037197
2359.652899037197
2358.0103234910925
2354.5062374058057
2354.5062374058057
2354.5062374058057
2354.5062374058057
2354.5062374058057
2353.1410942467237
2353.1410942467237
2351.87294004509
2351.87294004509
2351.87294004509
2351.599464798652
2350.006675836945
2350.006675836945
2349.8540728757316
2348.7997322038004
2348.7997322038004
2348.7997322038004
2348.7997322038004
2348.7997322038004
2348.7997322038004
2348.7997322038004
2348.7997322038004
2348.7997322038004
2347.4790243040256
2347.4790243040256
2347.3719214823623
2346.9835676168664
2346.9835676168664
2346.9835676168664
2346.9835676168664
2346.9835676168664
2346.9835676168664
2346.9835676168664
2346.9835676168664
2346.671520318423
2346.5904506981697
2346.5904506981697
2346.158307502651
2346.158307502651
2346.158307502651
2346.158307502651
2346.158307502651
2346.158307502651
2345.765529593772
2345.6794238135267
2345.6794238135267
2345.617793830793
2345.617793830793
2345.520766421146
2345.520766421146
2345.520766421146
2345.520766421146
2345.520766421146
2345.520766421146
2345.520766421146
2345.356696991362
2345.356696991362
2345.356696991362
2345.229517220135
2345.229517220135
2345.229517220135
2345.229517220135
2345.229517220135
2345.200710492452
2345.200710492452
2345.200710492452
2345.200710492452
2345.200710492452
2345.200710492452
2345.04484208126
2345.04484208126
2345.04484208126
2345.04484208126
2345.04484208126
2344.9591289958553
2344.9591289958553
2344.9591289958553
2344.9591289958553
2344.9591289958553
2344.9591289958553
2344.9591289958553
2344.9591289958553
2344.9591289958553
3746.048938505033
3729.705620420609
2662.474767025648
2662.474767025648
2662.474767025648
2616.572862704056
2582.4922901054215
2525.3233872283417
2525.3233872283417
2525.3233872283417
2438.8150707779055
2388.7962004194164
2375.255190134453
2375.255190134453
2369.6768297243552
2369.6768297243552
2369.4029630234377
2369.4029630234377
2369.2640151165856
2369.2640151165856
2360.846788750458
2360.846788750458
2356.7306495616413
2354.202984989279
2354.202984989279
2354.202984989279
2354.202984989279
2354.202984989279
2354.202984989279
2351.616323950151
2351.616323950151
2351.616323950151
2351.616323950151
2351.616323950151
2351.616323950151
2351.328135929871
2351.328135929871
2351.328135929871
2351.328135929871
2351.328135929871
2351.074124471023
2351.0490699192424
2350.799647485988
2350.799647485988
2350.799647485988
2350.799647485988
2349.227202149652
2349.227202149652
2348.6267670855805
2348.6267670855805
2348.4439234853035
2348.4439234853035
2348.113217600982
2348.113217600982
2348.113217600982
2348.113217600982
2348.113217600982
2347.825132995912
2347.760338770272
2347.760338770272
2347.243899732207
2347.243899732207
2347.1248583839274
2347.1050975644603
2347.1050975644603
2346.9046253842403
2346.9046253842403
2346.9046253842403
2346.9046253842403
2346.4832961727716
2346.4832961727716
2346.4832961727716
2346.3288517239735
2346.3288517239735
2346.033152588716
2346.033152588716
2346.033152588716
2346.033152588716
2346.033152588716
2346.033152588716
2346.033152588716
2346.033152588716
2346.033152588716
2345.910203064329
2345.910203064329
2345.910203064329
2345.910203064329
2345.910203064329
2345.910203064329
2345.910203064329
2345.910203064329
2345.910203064329
3746.048938505033
3121.2676502576346
2813.1391361989995
2446.3556688765016
2446.3556688765016
2412.742371675534
2412.742371675534
2407.216974100462
2397.9104845953284
2369.066191754822
2369.066191754822
2369.066191754822
2369.066191754822
2369.066191754822
2365.9373497814286
2363.399268674931
2361.861748927604
2361.861748927604
2361.35162981198
2355.850430641748
2355.850430641748
2353.8173486912174
2350.0525037589464
2350.0525037589464
2350.0525037589464
2350.0525037589464
2350.0525037589464
2350.0525037589464
2350.0525037589464
2349.4126524486196
2349.4126524486196
2349.4126524486196
2349.4126524486196
2349.4126524486196
2349.4126524486196
2348.841185676412
2348.841185676412
2348.841185676412
2348.841185676412
2348.841185676412
2348.805904600356
2348.8002840608383
2348.323529417288
2348.323529417288
2348.062330207697
2348.062330207697
2348.062330207697
2347.2977617878014
2347.2977617878014
2347.2977617878014
2347.2977617878014
2347.2977617878014
2346.823187110632
2346.823187110632
2346.823187110632
2346.823187110632
2346.823187110632
2346.823187110632
2346.823187110632
2346.823187110632
2346.823187110632
3746.048938505033
3232.2031136833693
2712.627746002225
2708.4481243637897
