3850.0002092925242
3002.252142240855
2682.7415517844497
2682.7415517844497
2556.2202117237694
2390.7280295922233
2390.7280295922233
2390.7280295922233
2376.5210861941496
2376.5210861941496
2376.5210861941496
2367.2277562044214
2361.0447338790245
2361.0447338790245
2361.0447338790245
2361.0447338790245
2361.0447338790245
2361.0447338790245
2361.0447338790245
2361.0447338790245
2358.3782833016576
2358.3782833016576
2358.3782833016576
2356.841922062242
2356.841922062242
2356.841922062242
2355.8498183706256
2355.8498183706256
2355.8498183706256
2354.311217364061
2354.311217364061
2353.882433040402
2353.882433040402
2352.332526228751
2352.332526228751
2352.332526228751
2352.332526228751
2352.332526228751
2352.332526228751
2352.332526228751
2351.3734792888326
2351.3734792888326
2351.3734792888326
2351.3734792888326
2351.3734792888326
2351.3734792888326
2350.703284584951
2350.703284584951
2350.703284584951
2350.703284584951
2350.703284584951
2350.703284584951
2350.3949385435158
2350.3949385435158
2350.3949385435158
2350.208097621427
2350.208097621427
2350.208097621427
2350.208097621427
2350.208097621427
2350.208097621427
2350.208097621427
2350.192233157565
2350.192233157565
2349.9406900863178
2349.9406900863178
2349.7536557097305
2349.7536557097305
2349.7536557097305
2349.5949812269323
2349.5949812269323
2349.5949812269323
2349.5949812269323
2349.5949812269323
2349.4944268848167
2349.4944268848167
2349.4944268848167
2349.4944268848167
2349.4944268848167
2349.4944268848167
2349.4944268848167
2349.4944268848167
2349.4944268848167
5728.243458233463
4584.210336073462
3007.7366362235443
2612.631515201443
2429.6642514111627
2388.2689202941297
2388.2689202941297
2388.2689202941297
2388.2689202941297
2381.5343220502964
2379.4806956759094
2367.427541674457
2367.427541674457
2366.6331479640944
2361.675338426254
2361.675338426254
2361.675338426254
2357.574740456113
2357.574740456113
2357.574740456113
2355.8731794748714
2353.7835737377313
2353.7835737377313
2353.7835737377313
2351.2716104657707
2351.1722606319745
2351.1722606319745
2351.138653689603
2351.1337640097645
2347.4191344560404
2347.4191344560404
2346.7564228411434
2346.1614270608416
2346.1614270608416
2346.1614270608416
2346.1614270608416
2346.1614270608416
2345.869928557706
2345.869928557706
2345.869928557706
2345.3036263267127
2345.3036263267127
2345.149895490045
2345.149895490045
2345.149895490045
2345.0458031584917
2345.0458031584917
2345.0458031584917
2345.0458031584917
2345.0458031584917
2345.0458031584917
2345.0458031584917
2345.0458031584917
2345.0458031584917
2345.0061758391685
2344.779495045193
2344.779495045193
2344.779495045193
2344.733658638133
2344.733658638133
2344.579864298234
2344.579864298234
2344.579864298234
2344.579864298234
2344.579864298234
2344.579864298234
2344.579864298234
2344.579864298234
2344.579864298234
5728.243458233463
3854.2649248092266
2787.7298783895185
2787.7298783895185
2578.0096056568327
2578.0096056568327
2485.0764778031075
2485.0764778031075
2482.7480441529065
2482.7480441529065
2482.7480441529065
2475.998479909982
2475.998479909982
2468.735833116715
2468.735833116715
2464.562851065079
2459.116142732752
2459.116142732752
2459.116142732752
2459.067840585476
2459.067840585476
2457.736350260836
2457.736350260836
2457.736350260836
2457.736350260836
2457.736350260836
2457.736350260836
2457.736350260836
2457.736350260836
2457.736350260836
5728.243458233463
3076.774500368637
2970.1182800580905
2425.2420843760356
2300.8994227928665
2300.8994227928665
2254.350530780823
2254.350530780823
2254.350530780823
2254.350530780823
2242.130096540606
2237.665430065244
2237.665430065244
2237.665430065244
2237.665430065244
2237.665430065244
2237.665430065244
2234.1438543416275
2231.8832898698915
2231.8832898698915
2231.8832898698915
2231.8832898698915
2231.8832898698915
2231.8832898698915
2231.8832898698915
2231.8832898698915
2231.671025447895
2231.671025447895
2231.671025447895
2231.671025447895
2231.671025447895
2231.1647284582236
2231.1647284582236
2231.1647284582236
2230.426841857308
2230.1704543277333
2229.9656414291558
2229.9656414291558
2229.5782452322105
2229.5782452322105
2229.5782452322105
2229.544961948202
2229.544961948202
2229.4717299533763
2229.4717299533763
2229.3554554503758
2229.3554554503758
2229.3554554503758
2229.29024020021
2228.7583626695805
2228.7583626695805
2228.7583626695805
2228.4161554924135
2228.4161554924135
2228.4161554924135
2227.3228255924673
2227.3228255924673
2227.3228255924673
2227.3228255924673
2226.9668569571654
2226.9668569571654
2226.9668569571654
2226.9668569571654
2226.9668569571654
2226.9668569571654
2226.9668569571654
2226.9668569571654
2226.9668569571654
5728.243458233463
4924.986656593117
2953.2695945360206
2369.6369643279368
2335.696996718887
2314.9802120184318
2279.7807832350627
2279.7807832350627
2279.7807832350627
2262.4478820721365
2262.4478820721365
2250.491433776438
2250.491433776438
2250.491433776438
2250.491433776438
2241.1117533928345
2241.1117533928345
2241.1117533928345
2241.1117533928345
2241.1117533928345
2234.539126929421
2234.539126929421
2234.539126929421
2234.539126929421
2234.539126929421
2232.9127483330403
2232.9127483330403
2231.2141584238307
2231.2141584238307
2231.2141584238307
2231.2141584238307
2231.2141584238307
2231.2141584238307
2231.2141584238307
2231.2141584238307
2230.711973168807
2230.711973168807
2230.711973168807
2230.711973168807
2230.711973168807
2230.711973168807
2230.711973168807
2230.711973168807
2230.711973168807
5728.243458233463
3992.0114055710137
2869.2691512095175
2317.898443320952
2317.898443320952
2295.51453926576
2293.4535659233875
2293.4535659233875
2286.1986758801595
2280.7125958835404
2272.3165857930444
2248.680215342637
2248.680215342637
2248.680215342637
2237.126111469647
2237.126111469647
2237.126111469647
2237.126111469647
2237.126111469647
2237.126111469647
2236.215490529439
2236.215490529439
2234.038249037333
2231.0912655770617
2231.0912655770617
2231.0912655770617
2231.0912655770617
2231.0912655770617
2229.116854603854
2228.882400461761
2228.882400461761
2228.882400461761
2228.882400461761
2228.882400461761
2228.882400461761
2228.882400461761
2228.882400461761
2228.882400461761
5728.243458233463
3102.0466869615966
2891.9220973067922
2595.2453750933237
2575.760440026667
2316.839142092931
2316.839142092931
2316.839142092931
2291.039284362638
2270.7558826421596
2246.7918288900705
2246.7918288900705
2246.7918288900705
2246.7918288900705
2246.7918288900705
2246.7918288900705
2246.7918288900705
2246.7918288900705
2244.1589660151694
2244.1589660151694
2244.1589660151694
2244.1589660151694
2242.2798346364707
2236.460033746195
2235.4844090715387
2235.188060053818
2235.188060053818
2232.5672225907438
2231.077684803059
2231.077684803059
2230.1282810324606
2230.1282810324606
2230.1282810324606
2230.1282810324606
2230.1282810324606
2230.1282810324606
2230.1282810324606
2230.1282810324606
2229.1856087735714
2228.614604703942
2228.0390753300344
2227.519072767608
2226.018437836893
2226.018437836893
2226.018437836893
2226.018437836893
2226.018437836893
2226.018437836893
2225.974900418396
2225.974900418396
2225.9214962732613
2225.2014696543656
2225.2014696543656
2225.2014696543656
2225.043884579856
2225.043884579856
2225.043884579856
2225.043884579856
2225.043884579856
2225.043884579856
2225.043884579856
2225.043884579856
2225.043884579856
5728.243458233463
3201.518580933449
2580.3987127243813
2580.3987127243813
2580.3987127243813
2355.062798441839
2321.9629855202247
2298.3576565133544
2271.5387108058667
2266.4603938812766
2266.4603938812766
2266.4603938812766
2266.4603938812766
2256.293348816081
2256.293348816081
2247.4260323506005
2247.4260323506005
2247.4260323506005
2247.4260323506005
2242.9471768420685
2242.9471768420685
2242.270492021862
2242.270492021862
2242.270492021862
2239.4770367016695
2239.4770367016695
2237.148766535718
2237.148766535718
2236.721076197078
2236.721076197078
2236.384763381826
2233.808355046502
2233.808355046502
2233.808355046502
2233.808355046502
2233.808355046502
2233.808355046502
2233.808355046502
2233.808355046502
2233.808355046502
2233.2457985175834
2233.2457985175834
2232.4596367180884
2232.4596367180884
2231.616018733593
2231.5868283438267
2230.9341807362925
2230.6662916233945
2230.6662916233945
2230.6662916233945
2229.4407386543435
2229.027050995826
2229.027050995826
2228.5899673634167
2228.5899673634167
2228.5899673634167
2228.5899673634167
2228.5899673634167
2228.5899673634167
2227.9790578112334
2227.9790578112334
2227.8546831579624
2227.8546831579624
2227.8546831579624
2227.8546831579624
2227.8546831579624
2227.6422854353427
2227.6422854353427
2227.6422854353427
2227.6422854353427
2227.3645274198784
2227.3645274198784
2227.3645274198784
2227.1691107900238
2227.1691107900238
2227.1691107900238
2227.101555872085
2227.101555872085
2227.101555872085
2227.101555872085
2227.101555872085
2227.101555872085
2227.101555872085
2227.101555872085
2227.101555872085
2226.6244850216494
2226.6244850216494
2226.6244850216494
2226.6244850216494
2226.6244850216494
2226.6244850216494
2226.6244850216494
2226.6244850216494
2226.6244850216494
5728.243458233463
3077.887454089926
2513.379045317417
2436.354639610654
2436.354639610654
2413.824522516879
2413.824522516879
2370.7206446468695
2370.7206446468695
2362.528402371657
2362.528402371657
2362.528402371657
2362.528402371657
2361.8989331889993
2361.8989331889993
2361.8989331889993
2361.8989331889993
2361.8989331889993
2359.5040126781314
2359.5040126781314
2359.5040126781314
2359.5040126781314
2356.1881727878863
2356.1881727878863
2356.1881727878863
2354.934832754043
2352.222837031769
2352.222837031769
2352.222837031769
2352.222837031769
2352.222837031769
2352.222837031769
2352.222837031769
2350.84973372915
2350.1417157139003
2349.7889648330415
2349.7889648330415
2349.7889648330415
2349.7889648330415
2349.7889648330415
2349.7889648330415
2349.7889648330415
2348.968304981876
2348.968304981876
2348.968304981876
2348.968304981876
2348.968304981876
2348.968304981876
2348.968304981876
2348.968304981876
2348.9261542259383
2348.9261542259383
2348.1744086414096
2348.1744086414096
2348.1744086414096
2348.1744086414096
2348.1744086414096
2347.9543199329164
2347.9543199329164
2347.9543199329164
2347.9543199329164
2347.9543199329164
2347.9543199329164
2347.9543199329164
2347.534148021522
2347.534148021522
2347.534148021522
2346.6740952327073
2346.6740952327073
2346.5253073137956
2346.5253073137956
2346.5253073137956
2346.5253073137956
2346.5253073137956
2346.5253073137956
2346.5253073137956
2346.5253073137956
2346.5253073137956
2346.4196524731383
2346.4196524731383
2345.760166217396
2345.760166217396
2345.760166217396
2345.760166217396
2345.760166217396
2345.760166217396
2345.760166217396
2345.760166217396
2345.760166217396
5728.243458233463
2901.2943384485284
2346.714137099134
2346.714137099134
2315.915833281511
2273.712886886159
2273.712886886159
2273.712886886159
2273.712886886159
2273.712886886159
2273.712886886159
2273.712886886159
2273.712886886159
2265.2656107782964
2265.2656107782964
2254.126881640512
2254.126881640512
2254.126881640512
2254.126881640512
2254.126881640512
2254.126881640512
2253.7187238594634
2253.7187238594634
2252.145480307458
2252.145480307458
2251.6189198328425
2251.6189198328425
2249.782645310115
2249.782645310115
2249.6172575950022
2249.6172575950022
2249.216691482911
2248.123146541743
2248.123146541743
2248.123146541743
2247.8989768964543
2247.8989768964543
2247.447616007563
2247.019556673272
2247.019556673272
2246.1214260760753
2246.1214260760753
2246.1214260760753
2246.1214260760753
2246.1214260760753
2245.989976402885
2245.989976402885
2245.989976402885
2245.989976402885
2245.989976402885
2245.989976402885
2245.9292615227264
2245.9292615227264
2245.9292615227264
2244.9723325344557
2244.9723325344557
2244.9723325344557
2244.9723325344557
2244.9723325344557
2244.9723325344557
2244.9723325344557
2244.9723325344557
2244.709414951951
2244.709414951951
2244.709414951951
2244.709414951951
2244.709414951951
2244.709414951951
2244.709414951951
2244.709414951951
2244.709414951951
5728.243458233463
3417.9387687240833
2755.5962690038923
2585.608917692536
2324.432221889307
2324.432221889307
2324.432221889307
2288.6882013659065
2279.6849055695625
2260.0284853115636
2256.697188433292
2256.697188433292
2248.838166819765
2248.838166819765
2248.838166819765
2248.838166819765
2248.838166819765
2248.838166819765
2248.838166819765
2247.933820955446
2245.175020201388
2244.2141362245275
2244.2141362245275
2244.2141362245275
2244.2141362245275
2244.2141362245275
2244.2141362245275
2244.2141362245275
2242.0491220813287
2242.0491220813287
2241.911850258753
2241.911850258753
2235.6074296947468
2235.6074296947468
2235.134365972729
2235.134365972729
2234.884733225691
2234.884733225691
2234.868366109089
2232.403228452573
2232.403228452573
2232.403228452573
2231.4568383355104
2231.4568383355104
2231.215267355175
2231.215267355175
2231.215267355175
2230.6082951087515
2230.6082951087515
2228.829989643926
2228.3607945566514
2228.3607945566514
2228.3607945566514
2228.3607945566514
2228.3607945566514
2227.7926890925037
2227.7926890925037
2227.7926890925037
2227.7926890925037
2227.7926890925037
2227.7926890925037
2227.7926890925037
2227.7926890925037
2227.056315620749
2227.056315620749
2227.031579097279
2227.031579097279
2227.031579097279
2227.031579097279
2227.031579097279
2226.7296792282496
2226.7296792282496
2226.7296792282496
2226.710163386479
2226.1980256859147
2226.1980256859147
2226.1980256859147
2226.1980256859147
2226.1980256859147
2226.1980256859147
2226.1980256859147
2226.1980256859147
2226.1980256859147
5728.243458233463
3530.604294836815
3085.8435147173655
2687.1057653888743
2532.524798526293
2479.919316260639
2479.919316260639
2479.919316260639
2479.919316260639
2479.919316260639
2470.8153809600503
2470.8153809600503
2459.522092840156
2459.522092840156
2459.522092840156
2458.071510679635
2458.071510679635
2454.2735940343478
2454.2735940343478
2454.237327699717
2450.2475694537775
2450.2475694537775
2449.1987669860273
2449.1987669860273
2446.483034552943
2446.483034552943
2446.483034552943
2446.483034552943
2446.483034552943
2445.699121088715
2445.699121088715
2445.699121088715
2444.5599636982074
2444.5599636982074
2444.5599636982074
2444.5599636982074
2444.150428477387
2444.150428477387
2443.989340402641
2443.989340402641
2443.6272793598587
2443.6272793598587
2443.6272793598587
2443.6272793598587
2443.6272793598587
2443.6272793598587
2443.6272793598587
2443.6272793598587
2443.6272793598587
5728.243458233463
3560.425535454003
2690.6172459363825
2690.6172459363825
2459.906486058138
2399.2985221574013
2378.463854248029
2346.90131576343
2346.0526950521107
2323.981535859177
2298.4454611212104
2247.448697358526
2247.448697358526
2247.448697358526
2247.448697358526
2247.448697358526
2244.33260718549
2239.5922175849646
2239.5922175849646
2239.5922175849646
2239.5922175849646
2236.7692111272604
2236.7692111272604
2236.7692111272604
2236.7692111272604
2235.3252317894057
2235.3252317894057
2235.3252317894057
2235.3252317894057
2234.2716134876955
2232.9100492950142
2232.9100492950142
2232.9100492950142
2229.6828660311453
2229.6828660311453
2229.6828660311453
2229.6828660311453
2229.6828660311453
2229.6828660311453
2229.6828660311453
2229.6828660311453
2229.6828660311453
5728.243458233463
3584.355579097515
2862.613535347993
2483.7024767185385
2312.997348834381
2296.433339430582
2262.6540416125395
2262.6540416125395
2262.6540416125395
2262.6540416125395
2256.271750542683
2247.741607509268
2247.741607509268
2245.8466747620196
2237.1242485360735
2234.611316186764
2234.611316186764
2234.611316186764
2234.611316186764
2234.611316186764
2234.0622769522997
2233.3708859348076
2233.3282508405623
2233.3282508405623
2232.8296546082506
2232.8296546082506
2232.8296546082506
2232.8296546082506
2232.8296546082506
2232.6096723269807
2232.6096723269807
2232.474709731261
2231.9222619742895
2231.9222619742895
2230.857895841093
2230.857895841093
2230.857895841093
2230.426498464004
2230.426498464004
2230.426498464004
2230.426498464004
2230.426498464004
2230.426498464004
2229.8694155070184
2229.8694155070184
2229.8694155070184
2229.424418051246
2229.1375907938286
2229.1375907938286
2229.1375907938286
2229.1375907938286
2228.659411487116
2228.659411487116
2228.659411487116
2228.659411487116
2228.659411487116
2228.4596812669483
2228.4596812669483
2228.029249437421
2227.699964616307
2227.699964616307
2227.699964616307
2227.699964616307
2227.699964616307
2227.699964616307
2227.699964616307
2227.699964616307
2227.699964616307
5728.243458233463
3470.30465951677
2578.9605625114673
2548.5701899788137
2548.5701899788137
2357.2385880816614
2294.166963155264
2277.0055128129516
2254.638601246825
2254.638601246825
2254.638601246825
2254.638601246825
2254.638601246825
2254.638601246825
2248.9665180537872
2248.9665180537872
2248.7408971931686
2244.619254286081
2243.0110410218444
2240.5021619146787
2240.5021619146787
2240.5021619146787
2240.5021619146787
2240.5021619146787
2240.5021619146787
2240.3461500438552
2239.679697900224
2239.6084871258017
2236.2905280597024
2236.0100679629973
2236.0100679629973
2236.0100679629973
2236.0100679629973
2236.0100679629973
2236.0100679629973
2236.0100679629973
2236.0100679629973
2235.6049321460678
2235.6049321460678
2235.6049321460678
2235.6049321460678
2235.6049321460678
2235.6049321460678
2235.6049321460678
2234.5896097461546
2234.5896097461546
2234.410332592554
2234.410332592554
2233.7710429863514
2233.7710429863514
2233.0374916980472
2232.6879050146767
2232.326671946512
2232.326671946512
2232.326671946512
2231.989461871803
2231.7675285021437
2231.7675285021437
2231.7642402415477
2231.7642402415477
2231.7642402415477
2231.7642402415477
2231.5020153586397
2231.391424298482
2231.2236490616865
2231.2236490616865
2230.466718292673
2230.466718292673
2230.2856119621024
2230.2856119621024
2230.2856119621024
2229.7922268622747
2229.7922268622747
2229.7922268622747
2229.7922268622747
2229.7922268622747
2229.731779749425
2229.731779749425
2229.6463130123266
2229.6463130123266
2229.1328886705523
2229.1328886705523
2228.73632646436
2228.73632646436
2228.73632646436
2228.73632646436
2228.73632646436
2228.73632646436
2228.73632646436
2228.73632646436
2228.73632646436
5728.243458233463
3410.300889340031
3102.0292357970143
2712.778165450735
2507.994100989354
2477.2988447727507
2289.7534626038755
2276.4738173598103
2261.9632190312914
2261.9632190312914
2261.9632190312914
2244.4229035745316
2244.4229035745316
2244.4229035745316
2244.4229035745316
2244.4229035745316
2244.4229035745316
2244.4229035745316
2244.4229035745316
