3163.2004101174907
2820.855223260222
2604.573733045941
2287.767771143803
2287.767771143803
2263.348714629808
2263.348714629808
2263.348714629808
2263.348714629808
2263.348714629808
2245.8625948291824
2245.8625948291824
2240.392635480032
2240.392635480032
2240.392635480032
2240.392635480032
2238.6487106763875
2238.6487106763875
2238.6487106763875
2238.6487106763875
2238.6487106763875
2238.316640478585
2237.876354394508
2237.876354394508
2237.876354394508
2237.627356496371
2237.463979769021
2237.364720948977
2235.723617014375
2235.532625155731
2232.5106789781516
2232.5106789781516
2232.5106789781516
2232.5106789781516
2232.5106789781516
2232.5106789781516
2232.5106789781516
2232.5106789781516
2232.002970831665
2231.858494091704
2231.858494091704
2231.858494091704
2231.8306657149583
2231.6361446898804
2231.2919887735147
2231.2919887735147
2231.2919887735147
2230.508099024571
2230.508099024571
2230.508099024571
2230.508099024571
2230.325178271304
2230.325178271304
2230.325178271304
2230.325178271304
2230.325178271304
2229.4820098282557
2229.4820098282557
2229.4820098282557
2228.306715139953
2228.306715139953
2227.3758442155645
2227.3758442155645
2227.3758442155645
2227.3758442155645
2227.3758442155645
2227.3758442155645
2226.7164614899852
2226.7164614899852
2226.7164614899852
2226.7164614899852
2226.7164614899852
2226.7164614899852
2226.667131107314
2226.667131107314
2226.619827711815
2226.619827711815
2226.5460654786516
2226.3383152151864
2226.3383152151864
2226.3383152151864
2226.3383152151864
2226.3383152151864
2226.3383152151864
2226.3383152151864
2226.3383152151864
2226.3383152151864
3509.7723629658612
2722.4528257288507
2670.374975624262
2670.374975624262
2343.7838838950174
2261.6624738624323
2261.6624738624323
2261.6624738624323
2261.6624738624323
2261.6624738624323
2253.60042283277
2253.60042283277
2253.60042283277
2253.60042283277
2253.60042283277
2247.775487691273
2247.230532863449
2247.230532863449
2244.4468951986996
2244.4468951986996
2244.4468951986996
2244.4468951986996
2243.3321467920923
2243.1866236825476
2241.972055818974
2240.8169345514398
2240.8169345514398
2239.569264765702
2238.8736067177733
2238.8736067177733
2238.6438632102886
2238.6438632102886
2238.6438632102886
2237.239603827091
2237.239603827091
2237.239603827091
2237.239603827091
2235.877880034424
2235.877880034424
2235.877880034424
2235.877880034424
2235.877880034424
2235.877880034424
2235.877880034424
2235.3745978379698
2235.3745978379698
2235.3745978379698
2235.3745978379698
2235.3745978379698
2235.3745978379698
2235.3745978379698
2235.3745978379698
2235.3745978379698
3509.7723629658612
3509.7723629658612
2564.560211571041
2248.1798504930907
2248.1798504930907
2248.1798504930907
2248.1798504930907
2248.1798504930907
2248.1798504930907
2248.1798504930907
2248.1798504930907
2247.316636719774
2247.316636719774
2244.8695994064024
2242.094805157858
2242.094805157858
2241.0400383427173
2241.0400383427173
2241.0400383427173
2239.2022085753024
2237.7949712333825
2237.7949712333825
2237.334699621006
2237.334699621006
2236.5845070601586
2236.5845070601586
2236.0443134031334
2235.7019977736936
2235.7019977736936
2235.7019977736936
2235.31297673078
2235.31297673078
2234.4604157874887
2234.0255897384786
2234.0255897384786
2233.877551460426
2232.656324935957
2232.656324935957
2231.2841290329447
2231.2841290329447
2231.2841290329447
2231.2841290329447
2231.2841290329447
2231.2841290329447
2231.2841290329447
2231.2841290329447
2231.0971430127256
2231.0971430127256
2231.0971430127256
2230.7051168093626
2230.7051168093626
2230.3509160506214
2230.3509160506214
2230.241978970791
2230.241978970791
2230.241978970791
2229.1043334367096
2229.1043334367096
2229.1043334367096
2229.1043334367096
2229.1043334367096
2229.1043334367096
2229.1043334367096
2229.1043334367096
2229.1043334367096
3509.7723629658612
2586.7372469654433
2527.682473333138
2527.682473333138
2384.961728514555
2295.985168237091
2295.985168237091
2288.0355037698314
2280.6035732521223
2277.3104158432116
2258.4386564809765
2256.28976844755
2256.28976844755
2256.28976844755
2248.611925958965
2248.611925958965
2248.611925958965
2248.611925958965
2247.589356131259
2247.589356131259
2247.589356131259
2245.480255668451
2239.7778454976687
2239.7778454976687
2239.7778454976687
2237.1170610734926
2237.1170610734926
2237.1170610734926
2234.1475662321727
2234.1475662321727
2234.1475662321727
2234.1475662321727
2234.1475662321727
2232.02915083972
2232.02915083972
2232.02915083972
2232.02915083972
2231.720257024386
2231.720257024386
2231.720257024386
2231.720257024386
2231.720257024386
2231.720257024386
2231.720257024386
2231.720257024386
2231.720257024386
2231.508652987619
2231.508652987619
2231.508652987619
2231.228414552756
2231.228414552756
2231.228414552756
2231.1187919422105
2231.1187919422105
2231.1187919422105
2231.1187919422105
2231.1187919422105
2231.1187919422105
2230.9400004449317
2230.9400004449317
2230.7028177305274
2230.7028177305274
2230.7028177305274
2230.7028177305274
2230.7028177305274
2230.7028177305274
2230.7028177305274
2230.7028177305274
2230.7028177305274
3509.7723629658612
2931.8352911816482
2675.8971388945142
2675.8971388945142
2675.8971388945142
2445.5999064012726
2260.9076396033047
2260.9076396033047
2260.9076396033047
2260.9076396033047
2260.9076396033047
2260.9076396033047
2253.0371273456135
2243.377212912674
2243.377212912674
2242.7524006775975
2242.7524006775975
2238.9033791170923
2238.9033791170923
2238.9033791170923
2238.9033791170923
2237.293214831288
2236.1284014066773
2235.9975118311804
2233.9441075515456
2233.9441075515456
2233.9441075515456
2231.7746142992332
2231.7746142992332
2230.5179132035096
2230.435648226168
2230.435648226168
2230.1932290269524
2230.1932290269524
2229.6006591485548
2229.6006591485548
2229.369479288106
2228.1577175905854
2228.1577175905854
2228.1577175905854
2228.1577175905854
2228.1577175905854
2227.51576709232
2227.51576709232
2227.210143597864
2227.210143597864
2226.9261555292705
2226.9261555292705
2226.9261555292705
2226.9261555292705
2226.9261555292705
2226.5227400517706
2226.5227400517706
2226.5227400517706
2226.5227400517706
2226.5227400517706
2225.998611362014
2225.998611362014
2225.998611362014
2225.998611362014
2225.998611362014
2225.998611362014
2225.998611362014
2225.998611362014
2225.998611362014
2225.9257388234087
2225.9257388234087
2225.9257388234087
2225.9257388234087
2225.9257388234087
2225.7137274294473
2225.7137274294473
2225.7137274294473
2225.7137274294473
2225.7137274294473
2225.7137274294473
2225.7137274294473
2225.7137274294473
2225.7137274294473
3509.7723629658612
2817.786406716329
2817.786406716329
2740.964148718842
2663.213093287921
2539.981243087056
2539.981243087056
2421.1584452438483
2390.2636700197877
2390.2636700197877
2375.605555722985
2375.605555722985
2375.605555722985
2375.605555722985
2374.1736325316106
2374.1736325316106
2369.9052351722794
2369.9052351722794
2369.9052351722794
2367.6547611212877
2367.6547611212877
2365.8963649118273
2357.4628581158127
2357.4628581158127
2357.4628581158127
2357.4628581158127
2357.4628581158127
2357.4628581158127
2357.4628581158127
2357.4628581158127
2357.4628581158127
6094.3452019936185
5509.187293467723
3028.4012041119972
2745.650147681332
2639.1610108281775
2415.8481425628474
2413.7122572087446
2399.2399411497872
2399.2399411497872
2399.2399411497872
2399.2399411497872
2380.8649002399598
2377.714364248371
2377.714364248371
2374.347434308067
2365.330278330723
2361.7022344911234
2361.7022344911234
2361.7022344911234
2359.4304931806023
2359.4304931806023
2359.4304931806023
2359.4304931806023
2359.4304931806023
2359.227444969709
2359.227444969709
2356.9632466272988
2356.9632466272988
2356.9632466272988
2355.363033075678
2354.9342631909467
2354.9342631909467
2354.9342631909467
2354.3351551227356
2354.3351551227356
2354.3351551227356
2354.3351551227356
2354.3351551227356
2353.5309538494444
2353.5309538494444
2353.485529788801
2353.485529788801
2352.945049697798
2352.945049697798
2352.945049697798
2352.8843235131794
2352.8843235131794
2352.8843235131794
2352.838338694804
2352.838338694804
2352.838338694804
2352.1397770929016
2352.1397770929016
2351.501517497206
2351.501517497206
2351.501517497206
2351.501517497206
2351.0050124514364
2351.0050124514364
2350.4090586529637
2350.4090586529637
2350.4090586529637
2350.4090586529637
2350.4090586529637
2350.0412088113476
2350.0412088113476
2350.0412088113476
2350.0412088113476
2350.0412088113476
2350.0412088113476
2350.0104229609983
2350.0104229609983
2350.0104229609983
2350.0104229609983
2350.0104229609983
2350.0104229609983
2350.0104229609983
2350.0104229609983
2350.0104229609983
6094.3452019936185
4698.015984165836
2938.0461053452113
2477.2146250268306
2446.0991469194473
2380.1168403099214
2375.204738582619
2374.0699825651927
2371.310894836249
2371.310894836249
2371.310894836249
2371.310894836249
2371.310894836249
2371.310894836249
2371.310894836249
2371.310894836249
2369.749878103104
2369.749878103104
2369.749878103104
2366.1050349085963
2366.1050349085963
2366.1050349085963
2364.1731070527267
2361.3349224768035
2361.3349224768035
2361.3349224768035
2361.0264083097145
2359.5051309119426
2358.8275787189737
2357.896526582469
2356.8224237423005
2356.1272970309305
2356.1272970309305
2355.665953683412
2352.4737154653017
2352.4737154653017
2352.4737154653017
2352.4737154653017
2351.175098103022
2351.175098103022
2351.175098103022
2351.175098103022
2351.175098103022
2351.175098103022
2351.175098103022
2351.175098103022
2350.745557383292
2350.745557383292
2350.745557383292
2350.745557383292
2350.745557383292
2350.745557383292
2350.734903767773
2350.734903767773
2350.3985747664447
2350.3985747664447
2350.2196189664
2349.0626240238553
2348.466287733205
2348.36954940253
2348.36954940253
2348.36954940253
2347.9808938578954
2347.37660351904
2347.256206588875
2347.256206588875
2347.1900029224294
2346.949709001263
2346.8705526049557
2346.4730576474753
2346.361849604111
2346.172906704737
2346.172906704737
2345.6949277065723
2345.6365452700347
2345.6365452700347
2345.6365452700347
2345.6365452700347
2345.5260757783694
2345.5260757783694
2345.140489366508
2345.140489366508
2345.140489366508
2345.140489366508
2345.0768220886966
2345.0768220886966
2344.8488242528524
2344.8488242528524
2344.8488242528524
2344.8488242528524
2344.8488242528524
2344.8488242528524
2344.8488242528524
2344.7170173969944
2344.7170173969944
2344.6650239093815
2344.6650239093815
2344.6650239093815
2344.6650239093815
2344.6650239093815
2344.6650239093815
2344.6650239093815
2344.5835033945045
2344.5835033945045
2344.5835033945045
2344.4424223554283
2344.4424223554283
2344.4424223554283
2344.4424223554283
2344.2178233491004
2344.2178233491004
2344.2178233491004
2344.2178233491004
2344.2178233491004
2344.2178233491004
2344.2178233491004
2344.2178233491004
2344.2178233491004
6094.3452019936185
2648.289558851552
2500.1896154392907
2466.6020875585523
2466.6020875585523
2417.452347555924
2389.387547889923
2389.387547889923
2385.2469931255478
2385.2469931255478
2383.2156286841187
2371.3893290069545
2369.6378829889645
2369.6378829889645
2369.6378829889645
2369.6378829889645
2369.019869465486
2363.2474968261254
2363.2474968261254
2361.3727241570905
2360.6868331466244
2360.6868331466244
2356.764157148925
2356.2609189734862
2356.2609189734862
2355.0440343483097
2355.0440343483097
2354.6954938031936
2354.6954938031936
2354.315253295507
2354.315253295507
2354.315253295507
2354.315253295507
2354.2504859663422
2353.849968703686
2353.849968703686
2353.849968703686
2353.7764529035853
2352.5092437326493
2352.342362675257
2352.342362675257
2352.342362675257
2351.140316722262
2351.140316722262
2351.140316722262
2351.140316722262
2351.0330662595056
2351.0330662595056
2350.740026336668
2350.740026336668
2350.4275811181274
2350.4275811181274
2350.4275811181274
2350.4275811181274
2350.4275811181274
2350.2853534758
2350.161378827855
2350.161378827855
2350.161378827855
2350.0407599489695
2349.8781270021764
2349.805726502678
2349.805726502678
2349.6015412281104
2349.6015412281104
2349.3195393474157
2349.3195393474157
2349.3195393474157
2349.3195393474157
2349.3195393474157
2349.3195393474157
2349.3195393474157
2349.0718049629027
2349.0718049629027
2349.0718049629027
2349.0718049629027
2349.0718049629027
2349.0718049629027
2349.0718049629027
2349.0718049629027
2349.0614649486606
2349.0614649486606
2348.570022259347
2348.570022259347
2348.570022259347
2348.570022259347
2348.570022259347
2348.570022259347
2348.570022259347
2348.570022259347
2348.570022259347
6094.3452019936185
4007.5262752468125
2614.6704855814905
2614.6704855814905
2561.4070255127117
2561.4070255127117
2485.0222610056094
2397.1261095901928
2322.082889433846
2322.082889433846
2310.557942710489
2286.572629771239
2285.101656682602
2285.101656682602
2285.101656682602
2285.101656682602
2285.101656682602
2257.9926059010313
2257.9926059010313
2257.9926059010313
2250.5284683360283
2250.5284683360283
2250.5284683360283
2250.5284683360283
2250.5284683360283
2246.8422059787486
2246.8422059787486
2246.8422059787486
2246.8422059787486
2246.8422059787486
2245.731746300771
2242.4696631172346
2242.4696631172346
2242.4696631172346
2241.3109255009035
2237.9775111566673
2237.9775111566673
2237.9775111566673
2237.9775111566673
2237.9775111566673
2237.9660996540324
2237.075360186165
2236.931411128551
2235.5511711467607
2235.5511711467607
2235.5511711467607
2235.002197227783
2234.7720110444684
2234.7720110444684
2233.818926314038
2233.818926314038
2233.818926314038
2233.818926314038
2233.818926314038
2233.818926314038
2233.818926314038
2233.818926314038
2233.818926314038
6094.3452019936185
4437.53829151083
3265.978104306488
2508.548582845417
2508.548582845417
2508.548582845417
2450.730630008401
2391.9893485510947
2364.7192894837144
2364.7192894837144
2361.65245128153
2361.65245128153
2360.7205599535246
2360.7205599535246
2358.1414336980292
2358.1414336980292
2355.6512681648196
2355.6512681648196
2353.788700376885
2353.086713920126
2352.510904836099
2352.510904836099
2352.510904836099
2351.405703584463
2351.405703584463
2351.405703584463
2349.201401554367
2349.201401554367
2349.201401554367
2349.201401554367
2349.201401554367
2348.7961648409373
2348.6591481379396
2346.7465693107533
2346.612637987806
2346.612637987806
2346.612637987806
2346.212503172554
2346.212503172554
2346.212503172554
2346.212503172554
2346.0702536113536
2346.0702536113536
2346.0702536113536
2346.0702536113536
2346.0702536113536
2346.0702536113536
2346.0702536113536
2346.0702536113536
2346.0702536113536
6094.3452019936185
6055.699139291821
2788.1553751888105
2759.7063315783626
2470.8502276377803
2470.8502276377803
2441.2621020138336
2412.2980107592757
2412.2980107592757
2407.0655219262308
2395.973730061807
2395.973730061807
2385.8993230211686
2385.8993230211686
2385.107684827724
2385.107684827724
2382.3209436206735
2373.466105244289
2373.466105244289
2373.466105244289
2368.8715611175403
2368.8715611175403
2368.8715611175403
2368.8715611175403
2367.6621807700667
2366.9642874730953
2364.5180219734248
2364.5180219734248
2363.979722167812
2363.979722167812
2363.979722167812
2363.979722167812
2363.979722167812
2363.979722167812
2363.979722167812
2362.0914770274326
2358.8379733889733
2358.8379733889733
2358.8379733889733
2358.8379733889733
2358.8379733889733
2358.8379733889733
2358.8379733889733
2358.689086315397
2358.2653401183306
2358.2653401183306
2358.2653401183306
2358.2653401183306
2358.2653401183306
2358.2653401183306
2358.2653401183306
2358.2653401183306
2358.2653401183306
6094.3452019936185
4062.666370592802
3254.0522560016125
2808.882609041578
2808.882609041578
2640.309674642998
2586.605957465769
2358.311380471372
2289.145468603243
2289.145468603243
2267.0237971651077
2267.0237971651077
2260.0287890785407
2260.0287890785407
2257.093206011267
2257.093206011267
2253.942214456294
2250.479200999451
2249.8587446322504
2240.3656074040778
2240.3656074040778
2240.3656074040778
2240.3656074040778
2240.3656074040778
2240.3656074040778
2240.3656074040778
2240.3656074040778
2238.0845161254497
2238.0845161254497
2237.9005258299303
2237.9005258299303
2237.9005258299303
2237.4243460942066
2235.359968796529
2235.359968796529
2235.359968796529
2235.359968796529
2235.359968796529
2233.5456881714094
2233.5456881714094
2233.5456881714094
2233.5456881714094
2232.578702536038
2231.4913914758417
2231.4913914758417
2231.4913914758417
2231.4913914758417
2231.4913914758417
2231.4913914758417
2231.4913914758417
2231.403613367884
2231.403613367884
2231.403613367884
2231.403613367884
2231.403613367884
2231.403613367884
2231.3523705465796
2231.3523705465796
2230.148727797073
2230.148727797073
2230.148727797073
2230.148727797073
2230.148727797073
2230.148727797073
2230.148727797073
2230.148727797073
2230.148727797073
6094.3452019936185
4278.041855968899
2770.971126674014
2573.4763660765675
2435.9487056808853
2376.9481368571196
2376.9481368571196
2376.9481368571196
2376.9481368571196
2376.9481368571196
2372.817100739405
2372.817100739405
2372.817100739405
2364.273611685122
2364.273611685122
2364.273611685122
2364.273611685122
2362.311449437262
2359.8038492599676
2357.6159806082105
2357.6159806082105
2357.6159806082105
2357.6159806082105
2357.6159806082105
2357.6159806082105
2356.851979151771
2356.851979151771
2356.851979151771
2355.5432318763346
2355.5432318763346
2354.5330788596148
2354.5330788596148
2354.5330788596148
2354.5330788596148
2354.5330788596148
2354.1098159532125
2352.4971241792564
2352.4971241792564
2352.4971241792564
2352.2699384658567
2352.2699384658567
2352.154968963571
2352.154968963571
2352.154968963571
2352.154968963571
2351.5550009478898
2351.5550009478898
2351.5550009478898
2351.5550009478898
2351.5550009478898
2351.5550009478898
2351.545257250652
2351.545257250652
2351.545257250652
2351.545257250652
2351.1993444218124
2351.1993444218124
2351.1993444218124
2351.1993444218124
2351.1993444218124
2351.1993444218124
2351.1993444218124
2351.1993444218124
2351.1993444218124
13725.994247588915
3446.714929853334
3261.2047194734855
2704.122244234958
2703.191259263871
2335.786881918016
2290.4824597950524
2290.4824597950524
2267.0058859775672
2254.0792097552867
2254.0792097552867
2252.69469783703
2252.69469783703
2251.1902764219044
2250.8633710200575
2250.8633710200575
2250.8633710200575
2250.8633710200575
2245.215124884491
2243.514302250271
2243.1036517976377
2243.1036517976377
2242.8977537343667
2242.8977537343667
2242.1576842122226
2241.700996146838
2241.700996146838
2241.127505286958
2241.127505286958
2241.127505286958
2240.3614231917745
2240.3614231917745
2239.1821188161875
2239.1821188161875
2239.1821188161875
2238.752581126734
2238.752581126734
