5330.359373328752
3576.8163020520637
2717.7099981070864
2711.631804406904
2449.086699355212
2385.7167982040046
2385.7167982040046
2385.7167982040046
2381.3699746685174
2381.3699746685174
2381.3699746685174
2381.3699746685174
2381.3699746685174
2376.357010942304
2370.320048986858
2364.0107113967247
2364.0107113967247
2364.0107113967247
2364.0107113967247
2364.0107113967247
2364.0107113967247
2364.0107113967247
2364.0107113967247
2364.0107113967247
2363.5613822847235
2363.5613822847235
2360.2240611817956
2360.2240611817956
2360.2240611817956
2360.1013165100226
2360.1013165100226
2359.228263133096
2359.0622154566604
2357.6573632221525
2357.6573632221525
2357.6573632221525
2357.5750930202266
2357.5750930202266
2354.9197665750753
2354.9197665750753
2354.9197665750753
2354.9197665750753
2354.9197665750753
2354.9197665750753
2354.517177018039
2354.517177018039
2354.3122618507223
2353.2663685698
2353.2663685698
2353.2663685698
2353.2663685698
2353.2663685698
2353.2663685698
2352.122011523668
2352.122011523668
2351.7445626294325
2351.7445626294325
2350.7245296235997
2350.7245296235997
2350.7245296235997
2350.692027042657
2350.692027042657
2350.692027042657
2350.692027042657
2350.692027042657
2350.692027042657
2350.692027042657
2350.692027042657
2349.521839016852
2349.521839016852
2349.521839016852
2349.521839016852
2349.521839016852
2349.521839016852
2349.521839016852
2349.521839016852
2349.521839016852
28861.74653780144
5286.728977496961
4840.62522891759
2737.313450715868
2396.8048605849895
2396.8048605849895
2396.8048605849895
2396.8048605849895
2373.094236368245
2373.094236368245
2373.094236368245
2373.094236368245
2373.094236368245
2363.665176968474
2363.665176968474
2363.665176968474
2358.921082124154
2358.921082124154
2358.921082124154
2358.921082124154
2357.587153438755
2357.587153438755
2357.587153438755
2357.587153438755
2357.587153438755
2357.587153438755
2357.587153438755
2357.3006781655467
2356.6873303059347
2356.6873303059347
2356.6873303059347
2356.6873303059347
2356.2870430096996
2354.8667226386897
2354.8667226386897
2354.8667226386897
2354.8667226386897
2354.8667226386897
2354.771802072264
2354.1501866206445
2353.1142049305813
2353.1142049305813
2353.1142049305813
2353.1142049305813
2353.059224768429
2352.0830104096303
2351.6055689104496
2351.6055689104496
2351.557983318119
2351.557983318119
2351.2855252569657
2351.2855252569657
2351.2855252569657
2351.2855252569657
2351.2855252569657
2351.2855252569657
2351.2855252569657
2351.2855252569657
2351.2751412509497
2351.2751412509497
2351.235658923877
2351.235658923877
2351.235658923877
2351.235658923877
2350.3365183344295
2350.3365183344295
2350.3365183344295
2350.3365183344295
2350.3365183344295
2350.3365183344295
2350.3365183344295
2350.3365183344295
2350.3365183344295
28861.74653780144
7458.4040274778545
3695.694015717189
2967.8622324542275
2426.045513972392
2426.045513972392
2426.045513972392
2385.2032786958575
2361.633898577042
2361.400320921878
2361.400320921878
2361.400320921878
2361.400320921878
2357.129500784841
2357.129500784841
2357.129500784841
2350.8480451514292
2350.8480451514292
2350.8480451514292
2350.8480451514292
2350.8480451514292
2350.8480451514292
2349.825486214634
2349.825486214634
2349.825486214634
2349.825486214634
2349.0591120692325
2349.0591120692325
2349.0591120692325
2349.0591120692325
2349.0591120692325
2348.882762142931
2348.882762142931
2348.465711775521
2348.281669525781
2347.7898307345636
2347.7898307345636
2347.5894073364234
2347.5894073364234
2347.486773880096
2347.486773880096
2346.9414446552523
2346.9414446552523
2346.9414446552523
2346.3698061397486
2346.3698061397486
2346.3698061397486
2346.3698061397486
2346.076318799824
2346.076318799824
2346.076318799824
2345.783146685523
2345.783146685523
2345.783146685523
2345.783146685523
2345.783146685523
2345.783146685523
2345.783146685523
2345.6408689645123
2345.6408689645123
2345.5795674840033
2345.5795674840033
2345.5795674840033
2345.5795674840033
2345.5795674840033
2345.5795674840033
2345.5795674840033
2345.5795674840033
2345.5795674840033
28861.74653780144
5082.334798160857
5052.415694100414
2958.656060014542
2739.0677221853375
2599.7483704496713
2452.5554085256113
2452.5554085256113
2389.3995702352963
2389.3995702352963
2389.3995702352963
2389.3995702352963
2387.5585376211448
2376.7096250278587
2375.599494130812
2367.1648711464472
2367.1648711464472
2367.1648711464472
2360.7821750373528
2360.7821750373528
2360.7821750373528
2359.7163858138506
2359.7163858138506
2357.9153577332654
2357.9153577332654
2357.9153577332654
2357.346851120482
2357.346851120482
2357.346851120482
2357.346851120482
2356.777555255597
2356.777555255597
2356.279155926055
2356.279155926055
2355.6828513039027
2355.6828513039027
2355.6828513039027
2355.6828513039027
2354.6938301207842
2354.6938301207842
2352.8368788347825
2352.8368788347825
2352.2453320187433
2352.2453320187433
2351.165687056744
2351.165687056744
2349.287785449795
2349.287785449795
2349.0957544986977
2349.0957544986977
2348.418731139329
2348.418731139329
2348.418731139329
2348.418731139329
2347.685207922284
2347.685207922284
2347.685207922284
2347.685207922284
2347.685207922284
2347.685207922284
2347.378564576561
2347.378564576561
2347.378564576561
2347.378564576561
2347.378564576561
2347.378564576561
2347.378564576561
2347.378564576561
2347.1255758318985
2347.1255758318985
2347.1255758318985
2347.1255758318985
2347.1255758318985
2347.1255758318985
2347.1255758318985
2347.1255758318985
2347.1255758318985
28861.74653780144
5088.899301265486
3460.26816501183
2667.346548894281
2561.919846221087
2561.919846221087
2494.610002543626
2432.394121416031
2402.198662513104
2377.5213714321
2377.5213714321
2377.5213714321
2363.199089227821
2363.199089227821
2363.199089227821
2363.199089227821
2363.199089227821
2363.199089227821
2363.199089227821
2363.199089227821
2359.4905709359755
2359.4905709359755
2359.4905709359755
2359.4905709359755
2359.4905709359755
2359.4905709359755
2358.492890342612
2358.492890342612
2356.582410298631
2356.582410298631
2356.582410298631
2355.7945745303446
2354.8924933013486
2352.55365974007
2352.1289824747437
2352.1289824747437
2351.8068874112064
2351.8068874112064
2351.8068874112064
2350.9737979806214
2350.9737979806214
2350.9737979806214
2350.9737979806214
2350.928602756562
2350.9027107719185
2349.972283835756
2349.972283835756
2349.972283835756
2349.972283835756
2349.1275342503322
2349.0417571289763
2349.0417571289763
2348.8249827437694
2348.758639257958
2348.758639257958
2348.758639257958
2348.758639257958
2348.758639257958
2348.7346076206845
2348.2575537413195
2348.2575537413195
2347.7438503809135
2347.7438503809135
2347.7438503809135
2347.666184554096
2347.666184554096
2347.666184554096
2347.666184554096
2347.666184554096
2347.634428203888
2347.634428203888
2347.4708534510905
2347.4708534510905
2347.3724849809946
2347.3724849809946
2347.3724849809946
2347.31788383637
2347.31788383637
2347.31788383637
2347.31788383637
2347.283135294724
2347.283135294724
2347.283135294724
2346.923040147347
2346.923040147347
2346.923040147347
2346.923040147347
2346.6552302025725
2346.6552302025725
2346.6552302025725
2346.6552302025725
2346.6552302025725
2346.6552302025725
2346.6552302025725
2346.6552302025725
2346.6552302025725
2346.5467546614595
2346.5467546614595
2346.5467546614595
2346.5467546614595
2346.453217673005
2346.453217673005
2346.024361341302
2346.024361341302
2346.024361341302
2346.024361341302
2346.024361341302
2346.024361341302
2346.024361341302
2346.024361341302
2346.024361341302
28861.74653780144
5334.481310897404
3356.8145382336706
2677.41651833808
2677.41651833808
2650.162813778663
2403.907168519623
2403.907168519623
2403.907168519623
2403.907168519623
2402.3766648644896
2401.714569882426
2392.3243189265568
2392.3243189265568
2391.119282890386
2383.4726157739055
2379.197920246946
2374.3198433199445
2363.8624407017587
2363.8624407017587
2363.8624407017587
2363.8624407017587
2363.8624407017587
2363.8624407017587
2363.8624407017587
2363.8624407017587
2363.592860755066
2363.592860755066
2362.2262681502707
2361.9832217733688
2361.9832217733688
2361.9832217733688
2361.9832217733688
2361.3611012389674
2359.7238150536105
2359.7238150536105
2359.158341164131
2359.158341164131
2359.158341164131
2359.158341164131
2359.158341164131
2358.6676614827534
2358.6676614827534
2358.6676614827534
2358.6676614827534
2357.069890761503
2357.069890761503
2357.069890761503
2357.069890761503
2356.321673562677
2356.057924564161
2354.858379867464
2354.858379867464
2354.5200523173794
2354.5200523173794
2354.5200523173794
2354.5200523173794
2354.395777781204
2354.395777781204
2354.395777781204
2354.395777781204
2353.5510530423458
2353.5510530423458
2352.4754862938007
2352.4754862938007
2352.4754862938007
2352.4754862938007
2352.063957731852
2352.063957731852
2351.304807597634
2351.304807597634
2351.2343748410544
2351.2343748410544
2351.2343748410544
2351.2343748410544
2351.2343748410544
2351.2343748410544
2351.0632904378645
2351.0632904378645
2351.0632904378645
2351.0632904378645
2350.484908929639
2350.484908929639
2350.271884627666
2350.271884627666
2350.271884627666
2350.2283643860865
2350.2283643860865
2350.2283643860865
2349.7932153566044
2349.7932153566044
2349.7932153566044
2349.739529305893
2349.739529305893
2349.739529305893
2349.739529305893
2349.739529305893
2349.739529305893
2349.739529305893
2349.739529305893
2349.6162365798987
2349.6162365798987
2349.6162365798987
2349.491838276477
2349.491838276477
2349.491838276477
2349.491838276477
2349.491838276477
2349.491838276477
2349.491838276477
2349.1493645256123
2349.1493645256123
2349.1493645256123
2349.1493645256123
2349.1493645256123
2348.6845372619864
2348.6845372619864
2348.6845372619864
2348.6845372619864
2348.6845372619864
2348.6845372619864
2348.6845372619864
2348.6845372619864
2348.6845372619864
28861.74653780144
8044.53081973537
2945.51456653697
2604.9611336177563
2593.573063786338
2584.3757197195932
2532.0813458114103
2468.920730931333
2468.920730931333
2466.1457656741936
2466.1457656741936
2463.6348972143783
2460.953914322603
2460.953914322603
2457.508749150178
2453.550709426327
2453.550709426327
2453.550709426327
2449.934145393843
2449.934145393843
2449.934145393843
2448.8746990625896
2448.8746990625896
2448.8746990625896
2448.8746990625896
2448.8746990625896
2448.8746990625896
2448.8746990625896
2448.551408527353
2447.615038509771
2447.615038509771
2447.615038509771
2445.728608449172
2445.728608449172
2445.728608449172
2444.592629173284
2444.592629173284
2443.7299828767304
2443.7299828767304
2443.3863322143816
2443.3863322143816
2443.3863322143816
2443.3863322143816
2443.3863322143816
2443.3863322143816
2443.3863322143816
2443.3863322143816
2443.3863322143816
28861.74653780144
5335.389732498916
3438.965479311639
2862.2135139513935
2682.1324700498185
2407.9750882565936
2407.9750882565936
2407.9750882565936
2407.9750882565936
2407.9750882565936
2407.9750882565936
2407.9750882565936
2405.8707927874007
2395.127698040001
2391.5743339278292
2389.319515287457
2389.319515287457
2382.1811885789925
2380.4487513499826
2378.4242542421193
2378.4242542421193
2378.260271720571
2378.260271720571
2378.260271720571
2378.260271720571
2374.260842851081
2374.260842851081
2374.260842851081
2373.9789667804794
2373.796295588346
2365.934306118791
2365.934306118791
2365.934306118791
2365.934306118791
2365.934306118791
2365.934306118791
2365.934306118791
2365.8862486666744
2363.5645081690263
2360.273289712785
2360.273289712785
2360.273289712785
2360.273289712785
2360.273289712785
2360.273289712785
2360.273289712785
2360.273289712785
2360.273289712785
28861.74653780144
8871.635114045523
3013.039392546395
2551.810514641132
2481.746056810676
2481.746056810676
2481.746056810676
2481.746056810676
2474.6070452729723
2471.541905634043
2471.541905634043
2471.541905634043
2471.541905634043
2463.3919787850523
2463.3919787850523
2463.3919787850523
2456.523664671251
2451.557727807751
2451.557727807751
2451.557727807751
2451.557727807751
2451.557727807751
2451.557727807751
2451.557727807751
2450.4804563556163
2449.5363766325763
2449.5363766325763
2449.5363766325763
2449.5363766325763
2449.2753830884753
2449.1344246140616
2448.651275701275
2448.0848305172703
2448.0848305172703
2448.0848305172703
2447.57829493316
2447.57829493316
2447.255689624324
2447.1351708393477
2446.4044240052212
2446.270961085875
2446.270961085875
2446.270961085875
2445.9021243310335
2445.9021243310335
2445.9021243310335
2445.9021243310335
2445.9021243310335
2445.9021243310335
2445.6769874428746
2445.6769874428746
2445.6769874428746
2445.0518818892506
2445.0518818892506
2444.733191126728
2444.733191126728
2444.733191126728
2444.733191126728
2444.733191126728
2444.733191126728
2444.733191126728
2444.733191126728
2444.733191126728
28861.74653780144
5009.349642651385
3476.60093778088
3266.0380234911895
2404.7197148942446
2393.0403434478158
2393.0403434478158
2393.0403434478158
2393.0403434478158
2374.3417956857134
2374.3417956857134
2374.3417956857134
2373.7025815767415
2372.9882726541287
2372.9882726541287
2362.691824308
2362.691824308
2362.691824308
2362.691824308
2362.691824308
2362.691824308
2362.691824308
2362.5408847435174
2359.3178754072655
2359.3178754072655
2358.6707884310263
2358.6707884310263
2358.3098311599047
2357.20820302622
2357.20820302622
2356.6115467674526
2356.6115467674526
2354.438227387038
2354.438227387038
2354.438227387038
2354.438227387038
2354.281881120215
2353.441221431268
2352.7023325330465
2352.7023325330465
2352.7023325330465
2352.4441053136547
2352.4441053136547
2350.0648978989875
2350.0648978989875
2350.0648978989875
2350.0648978989875
2350.0648978989875
2349.411708595802
2349.411708595802
2349.411708595802
2349.411708595802
2349.411708595802
2349.411708595802
2348.988250207458
2348.988250207458
2348.988250207458
2348.988250207458
2348.909696289417
2348.909696289417
2348.909696289417
2348.4287001006255
2348.4287001006255
2348.4287001006255
2348.4287001006255
2348.4287001006255
2348.4287001006255
2348.2377426734815
2348.2377426734815
2348.2377426734815
2348.2377426734815
2348.2377426734815
2348.2377426734815
2348.2377426734815
2348.031748598134
2348.0036031540026
2348.0036031540026
2348.0036031540026
2348.0036031540026
2348.0036031540026
2348.0036031540026
2348.0036031540026
2348.0036031540026
2348.0036031540026
28861.74653780144
5365.916196904002
3587.6972689019685
2950.2413892841205
2650.196297545384
2650.196297545384
2592.588488034048
2569.0930182480247
2568.527553304547
2534.2291995362507
2534.2291995362507
2534.2291995362507
2534.2291995362507
2534.2291995362507
2534.2291995362507
2534.2291995362507
2533.423565736169
2372.606539586555
2372.606539586555
2372.2354714815947
2370.112564382922
2370.112564382922
2370.112564382922
2368.5547768615215
2366.364051227234
2362.591746454774
2362.591746454774
2355.780678129704
2355.780678129704
2355.780678129704
2355.780678129704
2355.780678129704
2355.780678129704
2355.780678129704
2355.780678129704
2355.780678129704
28861.74653780144
5055.433621119643
3127.889977884138
2336.9043550125793
2283.261194106071
2283.261194106071
2253.71522749631
2253.71522749631
2253.71522749631
2253.71522749631
2253.71522749631
2253.71522749631
2253.71522749631
2251.243722349863
2249.1393192191945
2249.1393192191945
2249.1393192191945
2249.1393192191945
2247.9000986469277
2243.5065228955464
2242.2860122468505
2240.759404901258
2240.759404901258
2240.759404901258
2240.759404901258
2239.4601518270465
2236.0441841509896
2236.0441841509896
2236.0441841509896
2235.659427817426
2235.659427817426
2235.659427817426
2235.0440881670625
2235.0440881670625
2233.4120184927683
2233.4120184927683
2233.4120184927683
2233.4120184927683
2233.4120184927683
2233.4120184927683
2233.4120184927683
2233.4120184927683
2233.4120184927683
28861.74653780144
4514.076980110113
3140.261846205266
2596.33081184895
2596.33081184895
2507.785419708329
2388.118206463059
2388.118206463059
2387.3746938081804
2385.5031332874473
2385.5031332874473
2374.219712833212
2365.4908735481017
2365.4908735481017
2361.96324682803
2361.96324682803
2361.96324682803
2361.96324682803
2361.96324682803
2361.96324682803
2361.367153884419
2358.0343283192374
2358.0343283192374
2358.0343283192374
2358.0343283192374
2358.0343283192374
2358.0343283192374
2358.0343283192374
2356.1085872593358
2356.1085872593358
2356.1085872593358
2355.7225163998164
2355.1860319451853
2355.1860319451853
2354.725353901965
2353.786570076409
2353.786570076409
2353.786570076409
2353.786570076409
2353.786570076409
2353.1749712202836
2353.1749712202836
2353.1749712202836
2352.1794579755733
2352.1794579755733
2352.1794579755733
2352.0356990639625
2351.399445621482
2351.399445621482
2351.399445621482
2351.399445621482
2351.399445621482
2351.399445621482
2351.399445621482
2351.2673319703767
2351.2673319703767
2351.0800158517627
2351.0800158517627
2350.8124159039858
2350.8124159039858
2350.8124159039858
2350.8124159039858
2350.8124159039858
2350.8124159039858
2350.8124159039858
2350.8124159039858
2350.3058337287916
2350.065825178792
2350.065825178792
2350.065825178792
2350.065825178792
2350.065825178792
2350.065825178792
2349.768650137815
2349.768650137815
2349.768650137815
2349.768650137815
2349.768650137815
2349.768650137815
2349.768650137815
2349.768650137815
2349.768650137815
28861.74653780144
5293.542191455743
5293.542191455743
3270.321413171492
2797.093004462453
2523.633057411829
2523.633057411829
2463.2022599228953
2463.2022599228953
2405.8431767729544
2396.357512551272
2396.357512551272
2387.098595868597
2387.098595868597
2377.717898728766
2377.717898728766
2377.717898728766
2377.717898728766
2370.1911074178392
2370.1911074178392
2370.1911074178392
2370.1911074178392
2370.1911074178392
2370.1911074178392
2370.1911074178392
2369.601845728013
2369.601845728013
2369.601845728013
2368.7791816788927
2368.7791816788927
2368.7791816788927
2368.7791816788927
2368.7791816788927
2368.7791816788927
2368.7791816788927
2368.7791816788927
2368.7791816788927
28861.74653780144
8170.082389791082
2946.657994802373
2588.3444715352707
2588.3444715352707
2526.622263410567
2430.1011543683526
2407.4433518510905
2398.756691920175
2398.756691920175
2398.756691920175
2385.8830335549346
2385.8830335549346
2385.8830335549346
2385.8830335549346
2385.8830335549346
2382.344868422347
2381.5548454224718
2379.8792761798486
2379.8792761798486
2373.8323026332982
2373.8323026332982
2372.598430335689
2371.9496141536274
2371.9496141536274
2371.9496141536274
2371.516711670956
2371.516711670956
2371.516711670956
