3570.7756448445743
3141.238215101638
2607.9076370612825
2311.6998360009566
2311.6998360009566
2279.3395088106504
2279.3395088106504
2268.6180090251673
2268.6180090251673
2256.721629509906
2243.89521865049
2243.89521865049
2243.89521865049
2243.89521865049
2243.89521865049
2241.179014304848
2241.179014304848
2241.179014304848
2237.4242274102457
2237.4242274102457
2235.4474628159032
2234.966272548601
2233.1832788675238
2233.1832788675238
2233.1832788675238
2233.1832788675238
2233.1832788675238
2232.3494647745356
2232.3494647745356
2232.0525518610543
2231.422138614281
2231.422138614281
2229.9375451057394
2229.8069193046263
2228.6764960614837
2228.6764960614837
2228.6764960614837
2228.6764960614837
2228.6764960614837
2228.4397909225927
2228.2917228258175
2228.2917228258175
2228.2917228258175
2228.2917228258175
2228.2917228258175
2228.2917228258175
2228.0776765801243
2228.0776765801243
2228.050917711528
2228.050917711528
2228.050917711528
2227.9356376840897
2227.9356376840897
2227.9356376840897
2227.9356376840897
2227.9356376840897
2227.9356376840897
2227.9356376840897
2227.9356376840897
2227.766362124308
2227.766362124308
2227.519601596376
2227.519601596376
2227.3559714313255
2227.3559714313255
2227.3559714313255
2227.3559714313255
2227.3559714313255
2227.3559714313255
2227.3559714313255
2227.3559714313255
2227.3559714313255
11464.736650335622
7858.102853337467
2519.2566248134954
2519.2566248134954
2519.2566248134954
2417.8667502534418
2305.183736016506
2305.183736016506
2278.8365639771246
2278.8365639771246
2265.4324031288415
2265.4324031288415
2265.4324031288415
2259.647457332714
2254.8686753199845
2250.2315782508335
2250.2315782508335
2250.2315782508335
2247.571436612825
2246.742931038589
2246.742931038589
2242.409062942598
2242.409062942598
2242.409062942598
2242.409062942598
2242.409062942598
2239.151173429512
2239.151173429512
2239.151173429512
2239.151173429512
2239.1205582482594
2239.1205582482594
2238.807212285111
2238.807212285111
2234.4627216927956
2231.567663585364
2231.567663585364
2231.567663585364
2231.492228138923
2231.492228138923
2231.4537910122535
2230.3831722192513
2230.3831722192513
2230.3831722192513
2230.3831722192513
2229.830705513814
2229.820822128474
2229.820822128474
2229.820822128474
2229.820822128474
2229.0534982059094
2228.875112087136
2228.875112087136
2228.875112087136
2228.875112087136
2228.875112087136
2228.875112087136
2228.875112087136
2228.5095528544075
2228.5095528544075
2228.402045893131
2228.402045893131
2228.402045893131
2228.0095063930817
2228.0095063930817
2228.0095063930817
2228.0095063930817
2228.0095063930817
2228.0095063930817
2228.0095063930817
2228.0095063930817
2228.0095063930817
11464.736650335622
4331.869031642782
3409.3093227298677
2336.7077683806315
2336.7077683806315
2324.9785650240146
2302.7799262710696
2302.7799262710696
2272.939253806318
2269.0184637305656
2267.3444254619094
2262.4813696463084
2262.4813696463084
2262.4813696463084
2252.366539629946
2252.366539629946
2248.54528521216
2248.54528521216
2248.54528521216
2248.54528521216
2248.54528521216
2248.54528521216
2246.520053650657
2246.520053650657
2239.826584005408
2239.826584005408
2239.826584005408
2239.826584005408
2238.740083686519
2238.740083686519
2236.6320252605306
2236.6320252605306
2236.6320252605306
2234.078004314123
2234.078004314123
2231.896591569744
2231.896591569744
2231.6765091520288
2231.6765091520288
2231.6765091520288
2231.6765091520288
2231.6765091520288
2231.6765091520288
2231.6765091520288
2231.6765091520288
2231.31032741299
2229.8553377823446
2229.8553377823446
2229.772828621235
2229.772828621235
2229.772828621235
2228.467008756464
2228.467008756464
2228.467008756464
2228.467008756464
2228.467008756464
2228.467008756464
2228.284114356589
2228.284114356589
2228.284114356589
2228.284114356589
2228.284114356589
2228.284114356589
2228.284114356589
2228.284114356589
2228.284114356589
11464.736650335622
11401.38475281764
3182.3948667487807
2568.5668895448157
2457.956649920956
2402.3248648788426
2363.045811628623
2309.972416861117
2309.972416861117
2276.533753395908
2276.533753395908
2276.533753395908
2270.6686744060303
2270.6686744060303
2255.9521914799734
2255.9521914799734
2255.9521914799734
2255.9521914799734
2255.9521914799734
2255.9521914799734
2255.9521914799734
2255.9521914799734
2255.9521914799734
11464.736650335622
5432.26349375431
3369.0251582132614
2993.9826591537253
2447.6634238936967
2327.0660272775604
2262.8460662677276
2248.3835708667
2246.8085891181904
2246.8085891181904
2246.8085891181904
2246.8085891181904
2241.7392466901974
2239.577697493178
2239.577697493178
2239.577697493178
2238.3427077001925
2238.3427077001925
2238.3427077001925
2237.280542832547
2237.280542832547
2237.280542832547
2237.1229981837164
2234.691130085931
2233.404678748315
2233.3190000522814
2233.3190000522814
2232.3629829625006
2231.420342586163
2231.403189397359
2229.508233927083
2229.508233927083
2229.508233927083
2228.7211641505924
2228.7211641505924
2228.7211641505924
2228.7211641505924
2228.7211641505924
2228.7211641505924
2228.7211641505924
2228.702801621407
2228.702801621407
2228.3597180960164
2228.1164940276685
2227.828579036544
2227.828579036544
2227.6337033873983
2227.453006300829
2227.453006300829
2227.2408972219596
2227.2408972219596
2227.2408972219596
2227.2408972219596
2227.2408972219596
2226.2779357347445
2226.2779357347445
2226.2779357347445
2226.2779357347445
2226.2779357347445
2226.2779357347445
2226.2779357347445
2226.2779357347445
2226.2779357347445
11464.736650335622
11401.38475281764
4309.459444844702
2566.2221027288333
2566.2221027288333
2474.9213529724675
2474.9213529724675
2421.8814334720714
2421.8814334720714
2386.550645952617
2386.550645952617
2386.550645952617
2386.550645952617
2375.4973482960067
2367.9101215324604
2367.9101215324604
2361.028698311922
2361.028698311922
2361.028698311922
2361.028698311922
2361.028698311922
2361.028698311922
2352.8360802188495
2352.8360802188495
2352.8360802188495
2352.8360802188495
2352.8360802188495
2352.8360802188495
2352.7591407041737
2352.7591407041737
2352.7591407041737
2352.7591407041737
2352.7591407041737
2352.6610765294668
2352.243660634123
2352.243660634123
2352.0861621089134
2352.0861621089134
2352.0503353344848
2351.7868302483944
2349.997580396339
2349.546279564653
2349.546279564653
2349.546279564653
2349.546279564653
2349.546279564653
2349.546279564653
2349.546279564653
2348.6576745453835
2348.6576745453835
2348.6576745453835
2348.4925416391884
2348.4925416391884
2348.475969199606
2348.475969199606
2348.475969199606
2348.2365479294617
2348.2365479294617
2348.2365479294617
2348.2365479294617
2348.2365479294617
2348.2365479294617
2348.2365479294617
2348.1913477603744
2348.1913477603744
2348.1913477603744
2348.1913477603744
2348.1181617319507
2348.1181617319507
2348.1181617319507
2348.1181617319507
2348.1181617319507
2347.9617023288547
2347.9617023288547
2347.9617023288547
2347.1467806417845
2347.1467806417845
2347.1467806417845
2347.1467806417845
2346.499853725857
2346.499853725857
2346.499853725857
2346.499853725857
2346.499853725857
2346.499853725857
2346.499853725857
2346.499853725857
2346.499853725857
11464.736650335622
5028.189945341899
3436.1302914022326
2981.5255267505772
2579.8769105438437
2499.162425439996
2279.388618614856
2273.2366374652865
2273.2366374652865
2273.2366374652865
2264.7681315303116
2264.7681315303116
2264.7681315303116
2260.4185447976797
2260.4185447976797
2257.938566597738
2253.9254946906312
2247.1688303897863
2247.1688303897863
2237.3469754338475
2237.3469754338475
2233.6603499456623
2233.6603499456623
2233.6603499456623
2233.3472038946493
2233.3472038946493
2233.173555384991
2232.838313646933
2231.925716349577
2231.925716349577
2231.925716349577
2231.925716349577
2231.925716349577
2231.925716349577
2231.5336427291845
2231.3956493514543
2231.3956493514543
2230.4195462730727
2230.4195462730727
2230.2067891136303
2230.2067891136303
2229.695092025289
2229.4426523788793
2229.4426523788793
2229.0784752090326
2229.0784752090326
2229.0784752090326
2228.8496273190435
2228.8496273190435
2228.193368569551
2228.193368569551
2228.193368569551
2227.9741631376046
2227.9741631376046
2227.9741631376046
2227.9741631376046
2227.4998221351957
2227.4998221351957
2227.462640837911
2227.395185244912
2227.395185244912
2227.395185244912
2227.395185244912
2227.395185244912
2227.395185244912
2226.8175565844567
2226.8175565844567
2226.8175565844567
2226.8175565844567
2226.5360673484843
2226.5360673484843
2226.5360673484843
2226.5360673484843
2226.5360673484843
2226.5360673484843
2226.5360673484843
2226.5360673484843
2226.5360673484843
11464.736650335622
4541.1124040822
2829.825230341316
2826.723121683297
2698.7792239669006
2534.18432084703
2469.46166162544
2388.774306793704
2388.774306793704
2301.457815237411
2301.457815237411
2301.457815237411
2301.457815237411
2301.457815237411
2300.08026609421
2300.08026609421
2275.5505298646026
2263.3824270032133
2263.3824270032133
2263.3824270032133
2263.3824270032133
2263.3824270032133
2263.3824270032133
2263.3824270032133
2263.3824270032133
2263.3824270032133
11464.736650335622
11401.38475281764
4461.097474865954
2813.38072221551
2641.6658284341793
2625.624709997133
2512.2446589035194
2512.2446589035194
2512.2446589035194
2470.5084174016206
2470.5084174016206
2470.5084174016206
2465.8387991041723
2465.8387991041723
2465.8387991041723
2464.1481926719202
2464.1481926719202
2464.1481926719202
2455.209764266193
2455.209764266193
2449.204499844027
2449.204499844027
2449.204499844027
2449.204499844027
2449.204499844027
2449.204499844027
2449.204499844027
2449.204499844027
2449.204499844027
11464.736650335622
4248.9786142022285
3219.1647180259292
2514.9871321787673
2400.879651231616
2329.380048850892
2289.8053344122663
2282.5696517536912
2282.5696517536912
2277.5055287399714
2265.958411531559
2265.958411531559
2265.958411531559
2247.2757585261556
2247.2757585261556
2245.747330633309
2245.747330633309
2243.084542434225
2243.084542434225
2243.084542434225
2243.084542434225
2243.084542434225
2241.253803134104
2241.253803134104
2233.4873152114437
2233.4873152114437
2233.4873152114437
2233.4873152114437
2233.4873152114437
2233.4873152114437
2233.4873152114437
2233.4873152114437
2233.3872699784306
2233.3872699784306
2233.3872699784306
2233.3872699784306
2231.927063247545
2231.927063247545
2231.927063247545
2231.927063247545
2231.1289680789237
2230.400316731919
2229.9830581510787
2229.9830581510787
2229.08305019779
2229.08305019779
2228.767309989261
2228.767309989261
2228.767309989261
2228.766068638208
2228.070268197757
2228.070268197757
2227.892724684885
2227.892724684885
2227.892724684885
2227.892724684885
2227.6726803577767
2227.121180855438
2227.121180855438
2227.0609031134404
2227.0609031134404
2227.01070304708
2227.01070304708
2227.01070304708
2227.01070304708
2226.6757270227013
2226.6757270227013
2226.43647446247
2226.43647446247
2226.43647446247
2226.43647446247
2226.43647446247
2226.43647446247
2226.43647446247
2226.43647446247
2226.43647446247
11464.736650335622
3830.2680173656063
2914.200612434993
2875.953181433987
2766.9419250776946
2450.393177335488
2450.393177335488
2298.6218901736365
2298.6218901736365
2253.0267820251674
2253.0267820251674
2253.0267820251674
2253.0267820251674
2253.0267820251674
2242.9266072753035
2242.9266072753035
2242.7977667985942
2242.7977667985942
2238.9233776180386
2238.9233776180386
2238.9233776180386
2238.225474575409
2236.543957163889
2235.7467764439257
2233.635919165152
2233.1578528168243
2232.8671044563894
2232.8671044563894
2232.8671044563894
2232.605263003365
2232.605263003365
2232.3964731409915
2231.545733897229
2231.415104890741
2230.6200234461535
2230.6200234461535
2230.6200234461535
2230.6200234461535
2230.6200234461535
2230.6200234461535
2230.6200234461535
2230.468090140419
2230.468090140419
2230.3243092175376
2230.3243092175376
2230.3243092175376
2230.3243092175376
2230.3243092175376
2230.3243092175376
2230.3243092175376
2230.3243092175376
2229.71713573649
2229.71713573649
2229.71713573649
2229.71713573649
2229.71713573649
2229.1302841851507
2229.1302841851507
2228.8740829429735
2228.8740829429735
2228.8740829429735
2228.8740829429735
2228.8740829429735
2228.8740829429735
2228.8740829429735
2228.553288308221
2228.553288308221
2228.553288308221
2227.9402199330007
2227.9402199330007
2227.9402199330007
2227.9402199330007
2227.9402199330007
2227.9402199330007
2227.9402199330007
2227.9402199330007
2227.9402199330007
11464.736650335622
11401.38475281764
2535.2848749136288
2274.102429131232
2274.102429131232
2274.102429131232
2274.102429131232
2274.102429131232
2271.3327430083727
2256.0947364382714
2252.55953726641
2249.0087972686647
2249.0087972686647
2246.409819005568
2246.409819005568
2238.961624348315
2238.961624348315
2238.961624348315
2237.1813837063432
2231.2379793794485
2231.2379793794485
2231.2379793794485
2231.2379793794485
2231.2379793794485
2229.057935916454
2229.057935916454
2229.057935916454
2229.057935916454
2229.057935916454
2229.057935916454
2229.057935916454
2229.057935916454
2229.057935916454
11464.736650335622
9422.081074430753
3255.422448651788
2764.0437720310006
2475.830067471218
2475.830067471218
2475.830067471218
2471.0878868027035
2471.0878868027035
2471.0878868027035
2471.0878868027035
2471.0878868027035
2471.0878868027035
2471.0878868027035
2466.0021385611535
2466.0021385611535
2466.0021385611535
2462.0654677792163
2462.0654677792163
2462.0654677792163
2462.0654677792163
2460.785025769619
2459.0338728320403
2459.0338728320403
2454.8201417422383
2454.8201417422383
2453.8598664793303
2451.58667106109
2451.58667106109
2451.58667106109
2451.58667106109
2352.435956959494
2336.03739403359
2280.902316438023
2253.509335730805
2253.509335730805
2253.509335730805
2253.509335730805
2253.509335730805
2253.509335730805
2250.371960456598
2250.371960456598
2250.371960456598
2250.371960456598
2250.371960456598
2250.371960456598
2250.371960456598
2250.371960456598
2248.291558700226
2243.0784633890526
2243.0784633890526
2243.0784633890526
2239.906632654588
2239.455745703588
2237.875463711487
2237.875463711487
2237.875463711487
2237.0817196170838
2233.7764114970305
2233.7764114970305
2233.5223790788696
2233.5223790788696
2231.7574256261355
2231.7574256261355
2231.7574256261355
2231.657978248384
2229.9417374373725
2229.9417374373725
2229.9417374373725
2229.803675167707
2228.5847523024595
2228.5847523024595
2228.5847523024595
2228.5847523024595
2227.933844854433
2227.933844854433
2227.933844854433
2227.933844854433
2227.933844854433
2227.071653851441
2227.071653851441
2227.071653851441
2227.071653851441
2227.051850570136
2227.051850570136
2227.051850570136
2227.051850570136
2227.051850570136
2227.051850570136
2226.646256309923
2226.646256309923
2226.52300538009
2226.52300538009
2226.52300538009
2226.52300538009
2226.52300538009
2226.52300538009
2226.52300538009
2226.52300538009
2226.52300538009
11464.736650335622
10890.978016798605
3504.4711819344666
2749.70179504906
2642.899716827048
2462.678279374204
2417.9427935670774
2408.8236169695797
2403.346217767049
2403.346217767049
2400.7409918198396
2386.325979473147
2383.061400556096
2380.665539392861
2378.19132368375
2375.8648959735665
2375.8648959735665
2375.8648959735665
2364.5787567945845
2364.5787567945845
2360.964468410201
2357.3106171214895
2356.3966110730785
2356.3966110730785
2354.4259531724915
2354.4259531724915
2354.4259531724915
2350.6278345343476
2350.6278345343476
2350.6278345343476
2350.6278345343476
2350.6278345343476
2350.6278345343476
2350.6278345343476
2350.6278345343476
2350.6278345343476
11464.736650335622
6058.394467815744
2634.1194243433383
2460.461041295972
2347.7965653236424
2286.2610498709196
2261.430774112603
2261.430774112603
2261.430774112603
2249.5083051079723
2249.5083051079723
2249.5083051079723
2249.411101571922
2246.3267407511967
2246.3267407511967
2246.3267407511967
2239.320169369074
2238.43962752038
2238.43962752038
2237.620738737329
2237.620738737329
2237.620738737329
2235.4691209379585
2235.4691209379585
2234.7553925325788
2233.0638682630106
2233.0638682630106
2233.0638682630106
2232.242688160179
2232.242688160179
2232.242688160179
2232.242688160179
2232.242688160179
2230.3767685834687
2230.3767685834687
2228.104626522816
2228.104626522816
2228.104626522816
2228.104626522816
2227.6742436658205
2227.6742436658205
2227.307549452141
2227.307549452141
2227.307549452141
2227.0388731220987
2227.0388731220987
2227.0388731220987
2227.0388731220987
2227.0388731220987
2226.5394489281953
2226.5394489281953
2226.5394489281953
2226.5394489281953
2226.5394489281953
2226.5394489281953
2226.5394489281953
2226.329592220256
2226.329592220256
2225.99423573818
2225.99423573818
2225.99423573818
2225.99423573818
2225.99423573818
2225.99423573818
2225.99423573818
2225.9905059031935
2225.9905059031935
2225.9905059031935
2225.9905059031935
2225.9905059031935
2225.9905059031935
2225.9905059031935
2225.9905059031935
2225.9905059031935
11464.736650335622
11401.38475281764
3489.017095937548
3029.044789692604
2620.979890290427
2606.5423985677103
2606.5423985677103
2598.1671519839347
2495.6886063879397
2495.6886063879397
2495.6886063879397
2495.6886063879397
2459.6894944185938
2458.573483437064
2458.573483437064
2458.573483437064
2458.573483437064
2458.573483437064
2456.147697679062
2456.147697679062
2454.2450497572027
2450.4897453139306
2450.4897453139306
2450.4897453139306
2450.4897453139306
2450.4897453139306
2450.4897453139306
2449.580466198552
2447.618692133739
2446.7792470526956
2446.7792470526956
2446.7792470526956
2446.7792470526956
2446.7792470526956
2446.7792470526956
2446.1809047735173
2446.1809047735173
2446.1809047735173
2445.4996931369174
2445.4996931369174
2445.4996931369174
2445.4996931369174
2445.4996931369174
2445.4996931369174
2445.0055484479226
2445.0055484479226
2444.604892300896
2444.604892300896
2444.4432545938416
2443.9937938290914
2443.9937938290914
2443.9937938290914
2443.983012440959
2443.983012440959
2443.863295468194
2443.863295468194
2443.863295468194
2443.863295468194
2443.8609726701643
2443.8609726701643
2443.093182354375
2443.093182354375
2443.093182354375
2443.093182354375
2443.093182354375
2443.093182354375
2443.0138297448084
2442.8921734844303
2442.8921734844303
2442.8921734844303
2442.68748944407
2442.68748944407
2442.68748944407
2442.68748944407
2442.68748944407
2442.68748944407
2442.68748944407
2442.614289098156
2442.614289098156
2442.614289098156
2442.614289098156
2442.614289098156
2442.494025114793
2442.494025114793
2442.4599401015835
2442.4599401015835
2442.4599401015835
2442.4599401015835
