3558.8214955689123
3046.842439241337
2677.4365023443825
2531.093976811785
2283.5946269701367
2271.8368200779137
2270.6322692504837
2250.130041788728
2250.130041788728
2250.130041788728
2250.130041788728
2250.130041788728
2250.130041788728
2245.6961519888014
2245.6961519888014
2245.6961519888014
2240.324265721541
2240.324265721541
2240.324265721541
2240.324265721541
2240.324265721541
2239.918565337558
2239.887453099449
2239.887453099449
2239.887453099449
2238.4896601067203
2237.7116073426623
2237.7116073426623
2237.7116073426623
2237.326465301214
2235.507904873935
2235.507904873935
2235.507904873935
2235.507904873935
2234.7560895736747
2233.3277030244644
2233.3277030244644
2233.3277030244644
2233.3277030244644
2233.3277030244644
2233.3277030244644
2233.3277030244644
2233.3277030244644
2233.3277030244644
235261.6117208394
3757.496253364738
2494.308391240423
2494.308391240423
2386.435235699293
2268.6360185337985
2268.6360185337985
2264.228941669385
2252.2257289185545
2251.364962167607
2251.364962167607
2247.40848656649
2247.40848656649
2239.15923216392
2239.15923216392
2239.15923216392
2239.15923216392
2239.15923216392
2239.15923216392
2238.7943110090064
2238.7943110090064
2238.776222104746
2238.776222104746
2233.465865936111
2233.465865936111
2233.465865936111
2233.465865936111
2233.465865936111
2232.4410554009432
2232.4410554009432
2232.3976956036327
2232.3976956036327
2232.3976956036327
2232.3976956036327
2232.3976956036327
2231.4101779868283
2231.4101779868283
2231.4101779868283
2231.250073584345
2231.250073584345
2231.250073584345
2230.825297083633
2230.825297083633
2230.219607899582
2230.219607899582
2230.219607899582
2230.219607899582
2230.219607899582
2230.219607899582
2229.657793693084
2228.376438762789
2228.376438762789
2228.376438762789
2227.3982011158414
2227.3982011158414
2227.2367447146125
2227.2367447146125
2227.2367447146125
2227.2367447146125
2227.0605918671145
2227.0605918671145
2227.0605918671145
2227.0605918671145
2227.0605918671145
2227.0605918671145
2227.0605918671145
2226.9416476661277
2226.9416476661277
2226.9416476661277
2226.9416476661277
2226.9416476661277
2226.9416476661277
2226.3012830794623
2226.3012830794623
2226.3012830794623
2226.2998221938874
2226.2998221938874
2226.2998221938874
2226.2998221938874
2226.2998221938874
2226.2998221938874
2226.2998221938874
2226.2998221938874
2226.2998221938874
2226.2145968521927
2226.2145968521927
2226.2145968521927
2226.2145968521927
2226.2145968521927
2226.2145968521927
2226.2145968521927
2226.2145968521927
2226.2145968521927
235261.6117208394
3890.869836620154
2420.133334377477
2420.133334377477
2375.9166915890646
2263.4738437538344
2263.4738437538344
2263.4738437538344
2263.4738437538344
2263.4738437538344
2263.4738437538344
2263.4738437538344
2263.4738437538344
2258.688545869247
2258.688545869247
2255.5698961145026
2254.2228889548883
2245.0380435190355
2245.0380435190355
2245.0380435190355
2245.0380435190355
2245.0380435190355
2245.0380435190355
2244.7370799231403
2244.7370799231403
2244.7370799231403
2242.1865449730394
2242.1865449730394
2242.1865449730394
2242.1865449730394
2242.1865449730394
2242.1865449730394
2242.1865449730394
2242.1865449730394
2240.48660635162
2238.93853947277
2237.339797509162
2237.339797509162
2237.339797509162
2236.257984516718
2236.257984516718
2236.0023873617897
2236.0023873617897
2236.0023873617897
2236.0023873617897
2236.0023873617897
2235.7397289921723
2235.7397289921723
2235.7397289921723
2235.7397289921723
2234.6067637221636
2234.6067637221636
2234.6067637221636
2234.6067637221636
2234.6067637221636
2234.6067637221636
2234.6067637221636
2234.6067637221636
2234.6067637221636
235261.6117208394
3806.263143433772
2620.23183984472
2471.089803846269
2290.13979524242
2290.13979524242
2290.13979524242
2281.6646586482693
2251.905484876409
2251.905484876409
2251.905484876409
2251.905484876409
2245.3276232334374
2245.3276232334374
2241.1153350243653
2241.1153350243653
2241.1153350243653
2239.7339977819606
2239.7339977819606
2237.672028238534
2237.672028238534
2237.4345662449336
2236.134478865111
2236.102697235547
2236.102697235547
2234.9400853367133
2233.3786677869766
2233.3786677869766
2233.3786677869766
2231.5732980619323
2230.1567801619135
2230.1567801619135
2230.1567801619135
2229.6087879409934
2229.6087879409934
2229.6087879409934
2229.6087879409934
2229.6087879409934
2229.6087879409934
2229.574981972946
2229.574981972946
2229.574981972946
2229.574981972946
2229.1189907820394
2229.1189907820394
2229.1189907820394
2229.1189907820394
2229.1189907820394
2229.1189907820394
2229.1189907820394
2228.616972498745
2228.616972498745
2228.616972498745
2228.616972498745
2228.616972498745
2228.616972498745
2228.616972498745
2228.616972498745
2228.616972498745
235261.6117208394
4362.221292979019
2727.1802112275527
2715.8422176231093
2425.2102346015545
2319.52079505466
2264.5481580042842
2263.6289630621372
2255.328244009227
2237.0153328858587
2237.0153328858587
2237.0153328858587
2237.0153328858587
2237.0153328858587
2237.0153328858587
2237.0153328858587
2237.0153328858587
2237.0153328858587
235261.6117208394
20624.6712420292
3611.478336301524
2653.950573521579
2580.0093223007057
2406.923518937497
2309.176223387311
2309.176223387311
2295.7837642402706
2255.8380147619423
2255.8380147619423
2252.0734144823273
2244.405544505103
2244.405544505103
2244.405544505103
2242.0332606839793
2241.9813811941303
2241.5847875810236
2236.3526292707747
2236.3526292707747
2236.3526292707747
2236.3526292707747
2234.8607900943907
2234.8607900943907
2234.8332844847723
2234.8332844847723
2233.857629790738
2233.857629790738
2233.857629790738
2233.198636858655
2232.8364180128387
2232.8364180128387
2232.8364180128387
2232.3921030890583
2232.2141206884476
2231.051399014668
2231.051399014668
2231.051399014668
2231.051399014668
2231.051399014668
2230.339078755163
2230.339078755163
2230.2780694966978
2230.2780694966978
2230.2780694966978
2230.2780694966978
2230.2780694966978
2230.2780694966978
2230.1771506208356
2230.1771506208356
2228.8916764164073
2228.8916764164073
2228.8916764164073
2228.8916764164073
2228.8916764164073
2228.8916764164073
2228.8916764164073
2228.8916764164073
2228.8916764164073
235261.6117208394
2888.191294741585
2388.5043323695645
2343.783033726449
2343.783033726449
2276.7586170084837
2276.7586170084837
2276.7586170084837
2259.5291060854615
2259.5291060854615
2259.5291060854615
2247.153243237592
2246.9612635541916
2246.9612635541916
2246.9612635541916
2246.9612635541916
2242.916323553631
2242.916323553631
2239.171732516043
2239.171732516043
2239.171732516043
2239.171732516043
2239.171732516043
2239.171732516043
2239.171732516043
2237.0383351440632
2237.0383351440632
2233.8964412255627
2233.8964412255627
2233.8964412255627
2233.8964412255627
2233.8964412255627
2232.7621831710935
2232.2298831041335
2232.2298831041335
2232.2298831041335
2232.2298831041335
2231.877527989016
2231.877527989016
2231.877527989016
2231.877527989016
2231.877527989016
2231.877527989016
2231.877527989016
2231.5877677766275
2231.5877677766275
2231.278127250289
2231.278127250289
2230.4664487821356
2230.4664487821356
2229.9033248511055
2229.9033248511055
2228.3713817423404
2228.3713817423404
2228.3713817423404
2228.3079772307588
2228.3079772307588
2228.3079772307588
2228.3079772307588
2227.991390151201
2227.991390151201
2227.991390151201
2227.869585058018
2227.869585058018
2227.869585058018
2227.869585058018
2227.869585058018
2227.649535216894
2227.1481903031686
2227.1481903031686
2227.1481903031686
2227.1481903031686
2227.0656174169944
2226.668758597879
2226.668758597879
2226.668758597879
2226.668758597879
2226.668758597879
2226.514415876708
2226.514415876708
2226.514415876708
2226.514415876708
2226.514415876708
2226.514415876708
2226.494254254944
2226.494254254944
2226.4020956423888
2226.4020956423888
2226.3503745641997
2226.3503745641997
2226.3503745641997
2226.3503745641997
2226.3503745641997
2226.3503745641997
2226.3503745641997
2226.3503745641997
2226.3503745641997
235261.6117208394
4057.359783301563
2842.3890797867516
2572.476512437072
2572.476512437072
2428.6884251478914
2428.6884251478914
2428.6884251478914
2374.141630514796
2374.141630514796
2370.227918695036
2370.227918695036
2370.227918695036
2357.104174973329
2356.953924303415
2356.953924303415
2350.7559588421573
2350.7559588421573
2350.7559588421573
2350.7559588421573
2350.7559588421573
2350.7559588421573
2350.7559588421573
2350.7559588421573
2349.418271421833
2349.418271421833
2349.418271421833
2349.0654104391
2349.0654104391
2349.061389705321
2348.759179777125
2348.759179777125
2347.3393206700403
2347.264876937054
2346.464684658056
2346.464684658056
2346.464684658056
2346.464684658056
2346.464684658056
2346.464684658056
2346.464684658056
2346.464684658056
2346.464684658056
235261.6117208394
3711.3236181755483
2956.443211859679
2317.4762709741594
2317.4762709741594
2260.97060892477
2260.97060892477
2260.97060892477
2260.97060892477
2260.97060892477
2260.97060892477
2260.97060892477
2254.8191898444406
2254.8191898444406
2254.8191898444406
2254.8191898444406
2254.8191898444406
2250.939366500133
2250.1057518692787
2250.1057518692787
2250.1057518692787
2249.189250328735
2249.189250328735
2246.8613486229697
2246.8613486229697
2244.380383120033
2244.380383120033
2244.380383120033
2243.0218092746004
2243.0218092746004
2240.9426228004063
2240.5603117924984
2240.5603117924984
2240.311703565697
2238.5260492635207
2237.9927628717883
2237.9927628717883
2237.9927628717883
2237.9927628717883
2237.9927628717883
2236.9698370703645
2236.9698370703645
2235.3492081761165
2235.3492081761165
2235.3492081761165
2235.3492081761165
2235.3492081761165
2235.3492081761165
2235.3492081761165
2235.3492081761165
2235.3492081761165
235261.6117208394
9880.449315945589
4106.184324167038
3059.997367554265
2746.947696900079
2555.0080698442107
2504.515601113745
2504.515601113745
2504.515601113745
2504.515601113745
2504.515601113745
2500.1064948423546
2487.661001106678
2474.6361282523544
2474.6361282523544
2474.6361282523544
2464.0104232561057
2464.0104232561057
2460.156497216761
2460.156497216761
2453.6596817936424
2453.6596817936424
2453.6596817936424
2451.447845168348
2451.447845168348
2451.447845168348
2451.447845168348
2451.2316901575305
2447.938799806403
2447.938799806403
2447.938799806403
2447.938799806403
2447.938799806403
2447.938799806403
2447.938799806403
2447.938799806403
2447.938799806403
2447.755024947315
2447.755024947315
2447.755024947315
2447.755024947315
2447.755024947315
2446.8058069607387
2446.786880698762
2446.786880698762
2446.657945055666
2446.657945055666
2446.657945055666
2446.657945055666
2446.2206721433627
2446.0537071960857
2446.0537071960857
2446.0537071960857
2446.0537071960857
2446.0537071960857
2446.0537071960857
2446.0537071960857
2446.0537071960857
2446.0537071960857
235261.6117208394
4226.435936489988
2499.9457960164095
2499.9457960164095
2286.610918950891
2286.610918950891
2286.610918950891
2286.610918950891
2273.4397088718056
2261.029325604056
2261.029325604056
2256.7083216555084
2256.7083216555084
2246.145542422703
2246.145542422703
2246.145542422703
2246.145542422703
2242.3159109776434
2242.3159109776434
2242.3159109776434
2239.9282021374256
2239.9282021374256
2239.9282021374256
2239.9282021374256
2239.9282021374256
2239.9282021374256
2239.9282021374256
2239.9282021374256
2238.6704648171985
2237.96912739639
2237.612180241127
2237.612180241127
2237.612180241127
2237.612180241127
2237.612180241127
2237.612180241127
2237.4716603960073
2235.3021372854105
2235.228668133253
2235.228668133253
2235.228668133253
2235.228668133253
2235.04882950281
2235.04882950281
2234.8906599971706
2234.8906599971706
2233.235915634323
2233.235915634323
2233.235915634323
2233.235915634323
2233.235915634323
2233.235915634323
2233.235915634323
2232.800297208026
2232.800297208026
2232.800297208026
2232.800297208026
2232.800297208026
2232.800297208026
2232.5480449094507
2232.5480449094507
2232.3092429734947
2232.3092429734947
2232.3092429734947
2232.3092429734947
2232.3092429734947
2232.3092429734947
2232.3092429734947
2232.3092429734947
2232.3092429734947
235261.6117208394
3822.076479256819
3060.2225422551483
2602.784970626896
2263.464814309462
2263.464814309462
2263.464814309462
2263.464814309462
2263.464814309462
2253.3695456046103
2253.3695456046103
2253.3695456046103
2244.429428001868
2244.429428001868
2244.429428001868
2244.429428001868
2241.253452003348
2241.253452003348
2239.65072436842
2239.65072436842
2238.319385243643
2237.7698446990266
2237.7598134616783
2237.593810737522
2237.593810737522
2237.215680896606
2235.0077040166384
2235.0077040166384
2235.0077040166384
2235.0077040166384
2235.0077040166384
2235.0077040166384
2234.3422029501744
2233.49897687793
2233.49897687793
2232.7224788092917
2232.7224788092917
2232.7224788092917
2232.7224788092917
2231.8722011786053
2231.8722011786053
2231.8722011786053
2231.8722011786053
2231.8722011786053
2231.7768403619243
2231.7768403619243
2231.711498782749
2231.5187207382237
2230.9241805887273
2230.9241805887273
2230.9241805887273
2230.9241805887273
2230.610816003509
2230.6082337093603
2230.6082337093603
2230.4189466610974
2230.4189466610974
2230.4189466610974
2230.3793010291265
2230.2386746877714
2230.2386746877714
2230.2386746877714
2230.2386746877714
2230.2386746877714
2230.2386746877714
2230.143056975482
2230.143056975482
2230.143056975482
2229.493930817515
2229.493930817515
2229.493930817515
2229.493930817515
2229.493930817515
2229.493930817515
2229.4240789280857
2229.4240789280857
2229.4240789280857
2229.1268494680285
2229.1268494680285
2229.082357678121
2229.0142699476396
2229.0142699476396
2229.0142699476396
2229.0142699476396
2229.0142699476396
2229.0142699476396
2228.766156474393
2228.766156474393
2228.6269922028923
2228.6269922028923
2228.160375923971
2228.160375923971
2228.160375923971
2228.160375923971
2228.160375923971
2228.160375923971
2228.160375923971
2228.160375923971
2228.160375923971
235261.6117208394
9462.522152638232
3305.141253103853
2850.7727057172015
2601.4085617739274
2372.3145396687055
2372.3145396687055
2367.8640449025065
2367.8640449025065
2365.811616328944
2365.811616328944
2359.2781784502245
2359.2781784502245
2358.4291026156643
2358.4291026156643
2351.1675586992656
2351.1675586992656
2351.1675586992656
2351.1675586992656
2351.1675586992656
2351.1675586992656
2351.1675586992656
2351.1675586992656
2351.1675586992656
2350.5582664343037
2350.5582664343037
2350.5582664343037
2349.7353480467655
2349.7353480467655
2349.7353480467655
2349.5677186046278
2349.5677186046278
2349.5327749896296
2349.5327749896296
2348.652210520673
2348.652210520673
2348.652210520673
2348.652210520673
2348.652210520673
2348.652210520673
2348.1929329986465
2348.1929329986465
2348.1929329986465
2348.1929329986465
2348.1929329986465
2348.1929329986465
2348.1929329986465
2348.1929329986465
2346.796165462356
2346.796165462356
2346.796165462356
2346.796165462356
2346.796165462356
2346.796165462356
2346.796165462356
2346.796165462356
2346.796165462356
235261.6117208394
4183.41996784123
3042.763417258071
2443.0275095731904
2440.5463322050346
2276.64598762653
2262.425190173446
2262.425190173446
2252.8716985678157
2252.8716985678157
2252.8716985678157
2252.8716985678157
2252.8716985678157
2251.3614860016396
2243.579065264877
2241.7900989329355
2240.4660209548074
2240.4660209548074
2240.4660209548074
2240.4660209548074
2240.4660209548074
2240.4660209548074
2239.8613228583376
2239.8613228583376
2239.6850182663748
2239.0364789222613
2239.0364789222613
2236.8127601851525
2236.8102868007572
2236.8102868007572
2236.8102868007572
2234.871533759062
2234.871533759062
2234.871533759062
2234.871533759062
2234.7881463879703
2234.7881463879703
2234.7881463879703
2234.3195534451165
2234.3195534451165
2234.26555324068
2234.26555324068
2234.26555324068
2234.26555324068
2233.659033201875
2233.659033201875
2233.4574010824713
2233.282983295777
2233.039871888038
2232.2327229337493
2232.205351066658
2232.205351066658
2232.205351066658
2232.205351066658
2232.205351066658
2231.7546563595597
2231.7546563595597
2231.085119061712
2231.085119061712
2231.085119061712
2231.085119061712
2231.085119061712
2231.085119061712
2231.085119061712
2230.0861088072443
2229.9362765548262
2229.9362765548262
2229.9362765548262
2229.9362765548262
2229.523433043245
2229.523433043245
2229.523433043245
2229.461540971877
2229.461540971877
2229.0682993524174
2229.0682993524174
2229.0682993524174
2229.0682993524174
2228.652213291906
2228.652213291906
2228.5894834853198
2228.5894834853198
2227.779020399096
2227.779020399096
2227.5666422689137
2227.5666422689137
2227.5666422689137
2227.5666422689137
2227.5666422689137
2227.5666422689137
2227.561628624399
2227.561628624399
2227.4702117414736
2227.4702117414736
2227.417087248583
2227.417087248583
2227.417087248583
2227.417087248583
2227.417087248583
2227.417087248583
2227.417087248583
2227.417087248583
2227.417087248583
235261.6117208394
9322.519498740581
2861.8011679419424
2861.8011679419424
2528.0388258836883
2528.0388258836883
2395.835920748921
2395.835920748921
2383.3354031878835
2383.3354031878835
2366.2872401554982
2366.2872401554982
2366.2872401554982
2366.2872401554982
2365.806128451342
2365.806128451342
2365.806128451342
2365.806128451342
2365.806128451342
2365.806128451342
2364.0081359996907
2362.9281901498625
2358.3873103987535
2358.3873103987535
2358.3873103987535
2358.3873103987535
2357.1530514291317
2357.1530514291317
2357.1530514291317
2356.193696072064
2355.4954820512626
2355.4087396208142
2354.3199880013567
2354.2427861014785
2354.2427861014785
2350.969769979375
2350.969769979375
2350.969769979375
2350.969769979375
2350.2777547717496
2350.2777547717496
2350.2777547717496
2350.2777547717496
2350.2777547717496
2350.00738368068
2349.720883459452
2349.720883459452
2348.3185428060365
2348.3185428060365
2347.7933218531643
2347.7933218531643
2347.337763882152
2347.337763882152
2347.337763882152
2347.337763882152
2347.337763882152
2346.487398613448
2346.487398613448
2345.952154119764
2345.952154119764
2345.952154119764
2345.952154119764
2345.952154119764
2345.952154119764
2345.952154119764
2345.6353507376625
2345.6353507376625
2345.6353507376625
2345.6353507376625
2345.6353507376625
2345.6353507376625
2345.383871224985
2345.383871224985
2345.383871224985
2345.383871224985
2345.383871224985
2345.383871224985
2345.383871224985
2345.383871224985
2345.383871224985
235261.6117208394
3928.822018691267
2327.711031848722
2327.711031848722
2289.1487153074254
2259.826685911151
2259.826685911151
2256.067255021842
2256.067255021842
2256.067255021842
