3070.7161047254162
2730.147926546723
2365.9605074257374
2314.914703265666
2314.914703265666
2314.914703265666
2255.114549856726
2249.216331475345
2249.216331475345
2233.9009646252075
2233.9009646252075
2233.9009646252075
2233.9009646252075
2233.9009646252075
2233.9009646252075
2233.0573977604913
2233.0573977604913
2233.0573977604913
2233.0573977604913
2231.2372449747345
2231.2372449747345
2231.2372449747345
2231.2372449747345
2231.2372449747345
2231.2372449747345
2230.3054569234064
2230.3054569234064
2230.3054569234064
2230.3054569234064
2230.3054569234064
2230.3054569234064
2229.695851731878
2229.695851731878
2229.695851731878
2229.230046456284
2229.0050108270775
2229.0050108270775
2229.0050108270775
2228.8970890012147
2228.8970890012147
2228.8011491382263
2228.8011491382263
2228.5700008187255
2228.5700008187255
2228.5700008187255
2228.201101629493
2228.201101629493
2228.201101629493
2228.201101629493
2228.201101629493
2228.201101629493
2228.201101629493
2228.201101629493
2228.201101629493
3070.7161047254162
3070.7161047254162
2503.421103180679
2472.241774689278
2472.241774689278
2334.334809052226
2327.2370399371243
2327.2370399371243
2290.014417391269
2290.014417391269
2290.014417391269
2266.5485577309237
2266.5485577309237
2246.877067766266
2243.8412025569914
2243.8412025569914
2243.8412025569914
2239.3298860515038
2239.3298860515038
2239.3298860515038
2238.708893790207
2238.708893790207
2238.708893790207
2234.869777451017
2234.869777451017
2233.955815710966
2233.955815710966
2233.955815710966
2233.955815710966
2233.955815710966
2232.9713278392337
2232.9713278392337
2232.6262302775403
2232.300434602674
2231.4281577967827
2231.4281577967827
2230.7587454211766
2230.7587454211766
2230.6982000155044
2230.6982000155044
2230.6982000155044
2230.6982000155044
2230.6982000155044
2230.6982000155044
2230.6982000155044
2229.7808636755785
2229.7808636755785
2229.7808636755785
2229.7808636755785
2229.7808636755785
2229.7808636755785
2229.7808636755785
2229.1649367738537
2229.1649367738537
2229.1649367738537
2229.1649367738537
2229.1649367738537
2229.1649367738537
2229.1649367738537
2229.1649367738537
2229.0490983634477
2229.0490983634477
2229.0490983634477
2229.0490983634477
2229.0490983634477
2228.757184012348
2228.757184012348
2228.757184012348
2228.757184012348
2228.757184012348
2228.757184012348
2228.200504143093
2228.200504143093
2228.0237232305117
2228.0237232305117
2228.0237232305117
2228.0237232305117
2228.0237232305117
2228.0237232305117
2227.4492922316895
2227.4492922316895
2227.4492922316895
2227.4492922316895
2227.4492922316895
2227.4492922316895
2227.4492922316895
2227.4492922316895
2227.4492922316895
3070.7161047254162
2743.979155705431
2422.782485383006
2415.266186597399
2415.266186597399
2415.266186597399
2410.3580420930734
2410.1138705740236
2410.1138705740236
2410.1138705740236
2410.1138705740236
2389.3447877685876
2389.3447877685876
2379.9964321432217
2374.4777989325785
2369.01179256338
2369.01179256338
2369.01179256338
2369.01179256338
2369.01179256338
2369.01179256338
2368.4358935989094
2367.9934934407997
2367.9934934407997
2366.7785620848595
2366.7785620848595
2366.733144963515
2366.733144963515
2366.733144963515
2366.733144963515
2366.240757740267
2365.832227987851
2364.763279830581
2364.763279830581
2364.763279830581
2364.763279830581
2364.763279830581
2364.763279830581
2364.763279830581
2363.8830365767653
2363.8830365767653
2363.1499598039827
2363.1499598039827
2363.1499598039827
2363.1499598039827
2363.1499598039827
2363.1499598039827
2362.7264851480204
2362.7264851480204
2362.7264851480204
2362.7264851480204
2362.6658509348626
2362.0703873206958
2362.0703873206958
2360.9821113653597
2360.9821113653597
2360.9821113653597
2360.9821113653597
2360.9821113653597
2360.8945343285036
2360.8945343285036
2360.8945343285036
2360.790089435767
2360.790089435767
2360.790089435767
2360.790089435767
2360.5396835051242
2360.5396835051242
2360.5396835051242
2360.5396835051242
2360.5396835051242
2360.478319166026
2360.478319166026
2360.2584629176185
2360.2584629176185
2360.154621561129
2360.154621561129
2360.154621561129
2360.154621561129
2360.154621561129
2360.154621561129
2360.154621561129
2360.154621561129
2360.154621561129
3070.7161047254162
3070.7161047254162
2716.0111821555583
2716.0111821555583
2439.4248367485
2439.4248367485
2439.4248367485
2439.4248367485
2369.602470464635
2369.602470464635
2369.602470464635
2369.602470464635
2369.602470464635
2369.602470464635
2368.5641149233597
2367.0987532141353
2363.4580700228953
2362.260475369049
2361.792939804426
2359.5495565531496
2359.5495565531496
2355.2867461295764
2353.7156438763805
2351.9854462826947
2350.9510790225995
2350.9510790225995
2350.9510790225995
2350.9510790225995
2347.1008300415624
2346.9045745825447
2346.9045745825447
2346.9045745825447
2346.9045745825447
2346.9045745825447
2345.839231687162
2345.839231687162
2345.6192446075647
2345.6192446075647
2345.6192446075647
2345.5142452956834
2345.5142452956834
2345.215555798201
2345.215555798201
2344.820253954541
2344.820253954541
2344.502703707698
2344.502703707698
2344.502703707698
2344.502703707698
2344.502703707698
2344.2229122614117
2344.2229122614117
2344.2229122614117
2344.2229122614117
2344.2229122614117
2343.91942611201
2343.91942611201
2343.91942611201
2343.898393965091
2343.898393965091
2343.705621813709
2343.705621813709
2343.705621813709
2342.546244034693
2342.546244034693
2342.546244034693
2342.546244034693
2342.546244034693
2342.546244034693
2342.546244034693
2342.546244034693
2342.546244034693
3070.7161047254162
3070.7161047254162
2458.443644310747
2458.443644310747
2372.434580893497
2270.121549516869
2270.121549516869
2251.233069512215
2251.233069512215
2251.233069512215
2251.233069512215
2251.233069512215
2251.233069512215
2248.186793106949
2248.186793106949
2245.5458497116506
2245.2018207758915
2244.7899670708375
2242.2151420219952
2242.2151420219952
2240.6374799354776
2237.5715421410655
2237.5715421410655
2237.5715421410655
2237.5715421410655
2236.3319854531137
2236.3319854531137
2236.3319854531137
2236.3319854531137
2236.3319854531137
2236.3319854531137
2236.3319854531137
2234.383502603811
2233.2507671817557
2233.2507671817557
2232.7432523639427
2232.7432523639427
2231.747764142573
2231.747764142573
2231.747764142573
2231.747764142573
2230.2293754147977
2230.2293754147977
2230.153391272888
2230.153391272888
2230.153391272888
2229.8591762429096
2229.8591762429096
2229.8591762429096
2229.2202842954953
2229.2202842954953
2229.105070978247
2228.2561254007123
2228.2561254007123
2228.1097309129223
2228.1097309129223
2228.1097309129223
2228.1097309129223
2227.5942853886677
2227.5942853886677
2227.5942853886677
2227.5942853886677
2227.3557473263945
2227.3557473263945
2227.3557473263945
2227.3557473263945
2227.3145773751544
2227.3145773751544
2227.3145773751544
2227.3145773751544
2227.3145773751544
2227.3145773751544
2227.3145773751544
2227.3145773751544
2227.3145773751544
2227.2621809654293
2227.2621809654293
2227.2621809654293
2227.2621809654293
2227.2621809654293
2227.2621809654293
2227.090494568661
2227.090494568661
2227.090494568661
2226.9609687492307
2226.9609687492307
2226.9609687492307
2226.9609687492307
2226.9609687492307
2226.8310349851254
2226.8310349851254
2226.8310349851254
2226.7657620296222
2226.720418098875
2226.720418098875
2226.4829559968402
2226.4829559968402
2226.4829559968402
2226.4829559968402
2226.4829559968402
2226.4829559968402
2226.4829559968402
2226.4829559968402
2226.4829559968402
3070.7161047254162
2506.651320649631
2506.651320649631
2506.651320649631
2506.651320649631
2506.651320649631
2451.8176934476346
2423.722697748844
2420.6270172460813
2420.6270172460813
2410.6391646846923
2380.605884831834
2380.605884831834
2371.280751757001
2371.280751757001
2369.650818716491
2369.650818716491
2369.650818716491
2369.650818716491
2369.650818716491
2369.650818716491
2369.650818716491
2369.069845361707
2367.018179371555
2367.018179371555
2367.018179371555
2365.2764953831083
2365.2764953831083
2363.8755287252948
2363.8755287252948
2362.8068633781363
2362.8068633781363
2362.8068633781363
2362.8068633781363
2360.6751423014052
2360.6751423014052
2360.417450260768
2360.417450260768
2360.417450260768
2360.041584721416
2360.041584721416
2360.041584721416
2359.704502324254
2359.704502324254
2359.2084855283397
2358.666236989833
2358.666236989833
2358.666236989833
2357.8428513751337
2357.8428513751337
2357.8428513751337
2357.8428513751337
2357.8428513751337
2357.8428513751337
2357.8428513751337
2357.8428513751337
2357.8428513751337
3070.7161047254162
3070.7161047254162
2742.96914475353
2417.3802776625384
2417.3802776625384
2417.3802776625384
2417.3802776625384
2417.3802776625384
2414.707536907341
2392.0342410898143
2392.0342410898143
2382.176990819628
2382.176990819628
2382.176990819628
2382.176990819628
2382.176990819628
2376.6667378291163
2376.6667378291163
2376.6667378291163
2376.6667378291163
2376.6667378291163
2374.5953832504747
2374.5953832504747
2374.5953832504747
2372.1839992860555
2372.1839992860555
2372.1839992860555
2371.042207746723
2370.914599251174
2370.914599251174
2367.9232942452463
2367.9232942452463
2367.9232942452463
2367.9232942452463
2367.9232942452463
2366.633378081055
2364.9070201978816
2364.9070201978816
2364.5587984031376
2362.8242267509577
2362.8242267509577
2362.8242267509577
2362.8242267509577
2362.8242267509577
2361.8596170475967
2361.8596170475967
2361.8596170475967
2361.8596170475967
2361.8596170475967
2361.6168331289114
2361.6168331289114
2360.0722567316297
2360.0722567316297
2360.0722567316297
2360.0722567316297
2360.0722567316297
2360.0722567316297
2360.0722567316297
2360.0722567316297
2360.0722567316297
3070.7161047254162
2525.9315756392934
2383.9430361144496
2383.9430361144496
2383.9430361144496
2261.6565723409303
2261.6565723409303
2251.041098950879
2251.041098950879
2251.041098950879
2250.766033387653
2249.3399283968165
2240.2131292161257
2240.2131292161257
2240.2131292161257
2240.2131292161257
2240.2131292161257
2238.1646291199354
2238.1646291199354
2238.1646291199354
2238.1646291199354
2237.198367104834
2236.0149271411833
2235.272489462455
2233.339766482153
2233.339766482153
2233.339766482153
2232.85081461226
2232.85081461226
2232.85081461226
2231.5228917058207
2230.4028743390204
2230.4028743390204
2230.4028743390204
2230.386519270911
2230.386519270911
2230.386519270911
2230.3778995496473
2230.3411837374097
2230.3411837374097
2229.8505838243786
2229.8505838243786
2229.8505838243786
2229.8505838243786
2229.1321053019424
2229.1321053019424
2229.1321053019424
2229.1321053019424
2229.027922056741
2229.027922056741
2228.967968636163
2228.967968636163
2228.967968636163
2228.967968636163
2228.967968636163
2228.967968636163
2228.967968636163
2228.967968636163
2228.967968636163
49898.85510240188
3900.7459537075456
2586.4339218361774
2479.8127969385037
2479.8127969385037
2366.9791054634006
2266.9306680218733
2252.965465454482
2252.965465454482
2249.191937953788
2249.191937953788
2249.191937953788
2249.191937953788
2243.2364655605857
2243.2364655605857
2235.6698199749144
2235.6698199749144
2235.6698199749144
2235.6698199749144
2235.6698199749144
2234.787941289039
2234.787941289039
2232.650017583526
2231.389398824516
2230.6342752683627
2230.6342752683627
2230.5787671297844
2230.5787671297844
2229.8190460559695
2229.2009642766125
2229.2009642766125
2228.698219575328
2228.698219575328
2228.698219575328
2228.246229602585
2227.9431637287307
2227.592140863565
2227.592140863565
2226.3584428491713
2226.3584428491713
2226.3584428491713
2226.3584428491713
2226.3584428491713
2226.3374691073013
2226.3374691073013
2226.3374691073013
2226.30461245905
2225.820620235362
2225.820620235362
2225.820620235362
2225.820620235362
2225.415444632864
2225.415444632864
2225.415444632864
2225.415444632864
2225.415444632864
2225.415444632864
2225.415444632864
2225.415444632864
2225.415444632864
49898.85510240188
3926.5145813812287
2795.7328716241695
2595.815255472242
2595.815255472242
2595.815255472242
2550.438360989955
2550.438360989955
2550.438360989955
2550.438360989955
2550.438360989955
2546.9578979931734
2532.8127396857926
2532.8127396857926
2532.8127396857926
2532.8127396857926
2532.8127396857926
2532.8127396857926
2532.8127396857926
2532.8127396857926
2532.8127396857926
49898.85510240188
4278.176807331534
2708.3946487381995
2584.040491238949
2415.7309267883747
2260.451306501451
2260.451306501451
2260.451306501451
2260.451306501451
2260.451306501451
2247.4639102753945
2247.4639102753945
2247.4639102753945
2247.4639102753945
2244.7340287731568
2242.3986917336483
2242.3939415588015
2242.3939415588015
2242.3939415588015
2242.3939415588015
2242.3939415588015
2240.0409467215095
2240.0409467215095
2240.0409467215095
2238.2009558900986
2236.5237758084677
2236.1035671392056
2236.1035671392056
2236.1035671392056
2236.1035671392056
2235.7639970908103
2235.7639970908103
2235.7639970908103
2234.3797191618364
2233.4401472610803
2233.4401472610803
2232.7714259533527
2232.2052407942338
2232.2052407942338
2232.2052407942338
2232.0439760937534
2232.0439760937534
2232.0439760937534
2232.0439760937534
2232.0439760937534
2230.648348977051
2230.3266378061007
2230.3266378061007
2230.3266378061007
2230.1554411620727
2230.1554411620727
2230.1554411620727
2230.1554411620727
2230.1554411620727
2230.1554411620727
2230.1554411620727
2229.7228897836544
2229.7228897836544
2229.7228897836544
2229.7228897836544
2229.7228897836544
2229.7228897836544
2229.69267532415
2229.69267532415
2229.69267532415
2229.69267532415
2229.69267532415
2229.69267532415
2229.150087159116
2229.150087159116
2229.150087159116
2229.150087159116
2229.150087159116
2229.021235868342
2229.021235868342
2229.021235868342
2229.021235868342
2229.021235868342
2228.597013108386
2228.597013108386
2228.597013108386
2228.597013108386
2228.597013108386
2228.597013108386
2228.597013108386
2228.597013108386
2228.597013108386
49898.85510240188
3703.688012041072
2957.870978935641
2705.2882732170724
2620.777094834339
2523.8943929796374
2475.306533477505
2475.306533477505
2281.746096603191
2269.855438309487
2269.782027836563
2269.782027836563
2269.782027836563
2269.782027836563
2257.943106715923
2248.999729701718
2248.999729701718
2248.999729701718
2248.999729701718
2248.999729701718
2243.028212432097
2243.028212432097
2243.028212432097
2240.91501482405
2240.91501482405
2240.91501482405
2240.91501482405
2240.4867160781905
2238.0942167742937
2238.0942167742937
2238.0942167742937
2236.85388952589
2235.410993806734
2235.410993806734
2235.410993806734
2235.410993806734
2234.591846160651
2234.591846160651
2232.735691267309
2232.735691267309
2232.735691267309
2232.735691267309
2232.3243403652373
2232.3243403652373
2232.3243403652373
2232.3243403652373
2232.293636663095
2232.293636663095
2232.293636663095
2231.236044267114
2231.236044267114
2231.236044267114
2231.195207210204
2231.195207210204
2230.727158001092
2230.727158001092
2230.727158001092
2230.07261723923
2230.07261723923
2230.07261723923
2230.07261723923
2230.07261723923
2230.07261723923
2230.07261723923
2230.07261723923
2230.07261723923
49898.85510240188
3236.7860202475276
2818.7423480479256
2579.05310538932
2572.321570277375
2480.2361115001263
2480.2361115001263
2355.331156009243
2325.3340053561114
2325.3340053561114
2302.9571652149625
2302.9571652149625
2275.3778503920917
2270.9917966659596
2247.381458052776
2247.381458052776
2243.4894157299873
2243.4894157299873
2243.4894157299873
2239.612509149418
2237.836496963952
2237.836496963952
2237.836496963952
2237.836496963952
2237.0015794605065
2237.0015794605065
2236.022207763693
2236.022207763693
2236.022207763693
2236.022207763693
2236.022207763693
2234.4850622072854
2234.4850622072854
2234.4850622072854
2234.4850622072854
2234.1531728292557
2234.1531728292557
2232.858245063826
2232.858245063826
2231.987113291842
2231.828333891823
2231.8144043531556
2230.5845815953953
2230.2365063471084
2229.8859425930605
2229.8859425930605
2229.8859425930605
2229.438937533626
2229.438937533626
2228.908337606566
2228.908337606566
2228.908337606566
2228.908337606566
2228.660900598572
2228.660900598572
2226.7835199652864
2226.7835199652864
2226.7835199652864
2226.7835199652864
2226.7835199652864
2226.7835199652864
2226.7835199652864
2226.7835199652864
2226.7835199652864
49898.85510240188
4855.014283320735
2797.0127086879947
2617.297172018895
2510.2367116159407
2469.1146534092786
2338.0424680908777
2338.0424680908777
2291.689873512739
2257.0462089434427
2257.0462089434427
2257.0462089434427
2257.0462089434427
2252.164517892928
2252.164517892928
2248.62227715063
2248.62227715063
2248.62227715063
2248.62227715063
2248.62227715063
2248.62227715063
2248.62227715063
2248.174209158551
2246.983182219338
2246.983182219338
2246.983182219338
2239.1185312417124
2239.1185312417124
2239.1185312417124
2239.1185312417124
2239.1185312417124
2238.9977342264633
2238.9977342264633
2234.272861961278
2234.272861961278
2234.272861961278
2234.272861961278
2233.576993193683
2233.576993193683
2233.576993193683
2233.265790796111
2233.265790796111
2233.265790796111
2233.265790796111
2232.9651084876373
2232.6733207553884
2232.6733207553884
2232.6733207553884
2232.3776587767425
2232.3776587767425
2231.7398900433586
2231.5146271129665
2231.5146271129665
2230.9804794781794
2230.7408320864765
2230.4950635293258
2230.4950635293258
2230.4950635293258
2230.2472107545877
2229.7528716299275
2229.7528716299275
2229.321707364242
2229.0777873074194
2229.0777873074194
2229.0446853710378
2229.0446853710378
2228.645601492378
2228.645601492378
2228.50613273503
2228.2457268619714
2228.2457268619714
2228.2457268619714
2228.2457268619714
2228.2457268619714
2228.1032771974956
2228.1032771974956
2228.1032771974956
2227.28485911133
2227.28485911133
2227.28485911133
2227.28485911133
2227.28485911133
2227.28485911133
2227.28485911133
2227.28485911133
2227.28485911133
49898.85510240188
6842.1234032581515
3002.309354879395
2523.7584709642724
2523.7584709642724
2523.7584709642724
2416.1511606903564
2396.5350459837205
2367.2287455004184
2367.2287455004184
2367.2287455004184
2367.2287455004184
2367.2287455004184
2367.2287455004184
2367.2287455004184
2364.1540961850133
2364.1540961850133
2356.618209050831
2356.618209050831
2356.618209050831
2356.618209050831
2354.1418702319584
2354.1418702319584
2353.233943676527
2353.233943676527
2352.229581045838
2351.807051238688
2351.0280880685623
2351.0280880685623
2350.0620843603006
2350.0620843603006
2350.0620843603006
2350.0620843603006
2350.0620843603006
2350.0620843603006
2349.6051873983756
2349.6051873983756
2349.4534383936716
2349.4312806471617
