2898.0332360480934
2892.971984230645
2616.9200671318995
2616.9200671318995
2616.9200671318995
2616.9200671318995
2461.983429136805
2433.0770860281054
2433.0770860281054
2433.0770860281054
2391.80461179173
2381.5770212469733
2360.4599933494337
2360.4599933494337
2360.4599933494337
2360.4599933494337
2360.4599933494337
2356.39263166523
2356.39263166523
2356.39263166523
2356.39263166523
2356.39263166523
2356.39263166523
2356.39263166523
2354.883530477657
2354.4632461562283
2352.691466485917
2352.691466485917
2351.168581682883
2351.168581682883
2350.2363505598705
2349.3046328912196
2349.3046328912196
2349.3046328912196
2349.3046328912196
2349.3046328912196
2349.196945655025
2349.196945655025
2349.196945655025
2349.196945655025
2349.066071380605
2348.6923486869728
2348.6923486869728
2348.6923486869728
2348.6923486869728
2348.6923486869728
2348.6923486869728
2348.0357745819265
2348.0357745819265
2348.0357745819265
2347.4400779297107
2347.4400779297107
2347.4400779297107
2347.296927278131
2347.296927278131
2347.296927278131
2347.296927278131
2347.296927278131
2347.296927278131
2347.296927278131
2347.138129588606
2347.138129588606
2347.138129588606
2347.138129588606
2347.138129588606
2347.138129588606
2347.138129588606
2347.138129588606
2347.138129588606
2905.4555792217743
2898.0332360480934
2889.4954770081486
2504.9197503806167
2504.9197503806167
2421.0901846260763
2421.0901846260763
2252.4038756340005
2252.4038756340005
2252.4038756340005
2252.4038756340005
2252.4038756340005
2252.4038756340005
2242.43325918835
2234.923463400965
2234.923463400965
2234.923463400965
2234.06795796583
2232.627024131241
2232.627024131241
2232.627024131241
2231.353473805787
2231.353473805787
2231.353473805787
2230.7275279255605
2230.7149169419513
2229.661203434375
2229.661203434375
2229.5393920041442
2229.5393920041442
2229.5393920041442
2228.8962462089185
2228.8962462089185
2228.8962462089185
2228.570829330704
2228.570829330704
2228.570829330704
2228.570829330704
2228.570829330704
2228.570829330704
2228.50911142997
2228.083471536459
2227.541661240362
2227.3339045011003
2227.141518233534
2227.141518233534
2227.141518233534
2227.141518233534
2227.141518233534
2226.966393510973
2226.9062754266943
2226.9062754266943
2226.7463865373084
2226.6374832562533
2225.8991260553967
2225.8991260553967
2225.8991260553967
2225.7432670416792
2225.7432670416792
2225.7432670416792
2225.7432670416792
2225.687762735459
2225.687762735459
2225.687762735459
2225.687762735459
2225.687762735459
2225.297993172917
2225.297993172917
2225.297993172917
2225.297993172917
2225.297993172917
2225.297993172917
2225.297993172917
2225.297993172917
2225.297993172917
2905.4555792217743
2898.0332360480934
2855.8844329666435
2821.931838351988
2693.148153813918
2693.148153813918
2693.148153813918
2688.490821490714
2648.8362392219533
2553.7161077393685
2553.7161077393685
2536.6992127334256
2510.465641694062
2451.3033770100915
2390.3911978981405
2293.7788721446104
2272.40554576867
2270.595735908011
2252.0447165390137
2252.0447165390137
2252.0447165390137
2252.0447165390137
2252.0447165390137
2252.0447165390137
2252.0447165390137
2252.0447165390137
2252.0447165390137
2905.4555792217743
2898.0332360480934
2713.556342201137
2713.556342201137
2713.556342201137
2573.644987112743
2502.8666659619457
2480.3147275538704
2480.3147275538704
2480.3147275538704
2480.3147275538704
2420.5514159528684
2419.3139231738196
2389.4701892612075
2389.4701892612075
2376.775701541404
2376.775701541404
2376.775701541404
2376.775701541404
2376.775701541404
2376.775701541404
2376.775701541404
2376.775701541404
2376.775701541404
2372.938561670422
2372.938561670422
2371.004714656218
2371.004714656218
2371.004714656218
2371.004714656218
2370.5897301675955
2369.5581371321496
2368.8617147352215
2366.947757008416
2357.7270396492027
2357.7270396492027
2357.7270396492027
2357.7270396492027
2357.7270396492027
2357.7270396492027
2354.3240358379135
2352.3972245784425
2352.3972245784425
2352.3972245784425
2352.3972245784425
2352.3972245784425
2351.7133792747554
2351.7133792747554
2351.7133792747554
2351.7133792747554
2351.0952675805556
2351.0952675805556
2351.0952675805556
2351.0952675805556
2351.0952675805556
2350.859078218342
2350.2256335959773
2350.2256335959773
2349.6192346157213
2349.6192346157213
2349.6192346157213
2349.6192346157213
2349.6192346157213
2348.80100527061
2348.80100527061
2348.80100527061
2348.80100527061
2348.80100527061
2348.80100527061
2348.0276500751293
2348.0276500751293
2348.0276500751293
2348.0276500751293
2348.0276500751293
2348.0276500751293
2348.0276500751293
2348.0276500751293
2348.0276500751293
2347.9928643613307
2347.9928643613307
2347.9928643613307
2347.9928643613307
2347.9911194169345
2347.9911194169345
2347.830819664224
2347.830819664224
2347.830819664224
2347.830819664224
2347.830819664224
2347.830819664224
2347.830819664224
2347.830819664224
2347.830819664224
2347.4406192190745
2347.4406192190745
2347.4406192190745
2347.4406192190745
2347.4406192190745
2347.4406192190745
2347.4406192190745
2347.0404207245924
2347.0404207245924
2347.0404207245924
2347.0404207245924
2347.0404207245924
2347.0404207245924
2347.0404207245924
2347.0404207245924
2347.0404207245924
2346.894438282779
2346.894438282779
2346.7956010629773
2346.7956010629773
2346.7956010629773
2346.7956010629773
2346.7956010629773
2346.7956010629773
2346.7956010629773
2346.7956010629773
2346.7956010629773
2905.4555792217743
2898.0332360480934
2802.817412899558
2802.817412899558
2717.159807815058
2559.835837549952
2425.547473228442
2425.547473228442
2425.547473228442
2396.20319206043
2396.20319206043
2396.20319206043
2396.20319206043
2384.5145170137052
2377.301590062218
2377.301590062218
2374.608898336392
2374.608898336392
2374.608898336392
2371.21500858307
2371.21500858307
2361.815485232269
2361.815485232269
2361.815485232269
2361.815485232269
2361.815485232269
2361.815485232269
2357.816098115564
2354.487344924019
2354.2886845629405
2354.2886845629405
2354.2886845629405
2353.55143621707
2353.55143621707
2352.770539505032
2352.770539505032
2352.770539505032
2351.7983024297446
2351.7983024297446
2351.659512260914
2351.659512260914
2351.659512260914
2349.8112360808555
2349.8112360808555
2349.8112360808555
2349.8112360808555
2349.8112360808555
2349.8112360808555
2349.8112360808555
2349.8112360808555
2349.8112360808555
2905.4555792217743
2898.0332360480934
2784.7433601387634
2687.856609850844
2687.856609850844
2630.1857649012127
2512.5361350946628
2489.5666423800626
2426.4717393000865
2420.8129730709825
2420.8129730709825
2401.8762634355317
2392.0027464219997
2386.0894139384886
2377.694725426082
2377.694725426082
2377.694725426082
2361.866427178741
2361.866427178741
2361.866427178741
2358.1364203978046
2358.1364203978046
2357.1858418236925
2357.1858418236925
2356.010976300949
2353.6152210259743
2353.6152210259743
2353.6152210259743
2351.671132741245
2351.671132741245
2350.8247941774107
2350.8247941774107
2350.8247941774107
2350.8247941774107
2350.6932910310265
2350.6932910310265
2350.467438798605
2350.467438798605
2350.467438798605
2349.813378780262
2348.9809472041143
2348.9809472041143
2348.2673069932916
2348.2673069932916
2348.2673069932916
2348.2673069932916
2348.2673069932916
2348.2673069932916
2348.2673069932916
2348.1277973306155
2348.1277973306155
2348.1277973306155
2348.1277973306155
2348.1277973306155
2347.818721393812
2347.818721393812
2347.818721393812
2347.818721393812
2347.818721393812
2347.694764093804
2347.567326069365
2347.445048350403
2347.445048350403
2347.254610408813
2347.254610408813
2347.254610408813
2347.254610408813
2347.1874766128058
2347.1874766128058
2347.1874766128058
2347.019549736353
2347.019549736353
2347.019549736353
2347.019549736353
2347.0001071670895
2347.0001071670895
2346.572456617268
2346.572456617268
2346.572456617268
2346.572456617268
2346.572456617268
2346.572456617268
2346.572456617268
2346.47477537279
2346.47477537279
2346.47477537279
2346.47477537279
2346.47477537279
2346.47477537279
2346.47477537279
2346.47477537279
2346.47477537279
2905.4555792217743
2898.0332360480934
2558.1984447257246
2558.1984447257246
2558.1984447257246
2382.216252846793
2382.216252846793
2382.216252846793
2373.080993375245
2373.080993375245
2373.080993375245
2373.080993375245
2373.0084912711723
2373.0084912711723
2372.741535641364
2363.452060725374
2363.452060725374
2363.452060725374
2355.149267157042
2355.149267157042
2354.7069637238146
2354.7069637238146
2354.7069637238146
2354.7069637238146
2354.7069637238146
2352.548155486706
2352.548155486706
2352.548155486706
2352.0750245314816
2352.0750245314816
2351.5758212900473
2351.5758212900473
2351.5758212900473
2351.4304865278814
2351.4304865278814
2350.877140592966
2350.57850204126
2347.8225246128077
2347.8225246128077
2347.8225246128077
2347.8225246128077
2347.044357180983
2347.044357180983
2347.044357180983
2346.9583759158227
2346.668470169032
2346.6375467190915
2346.6375467190915
2346.6375467190915
2346.6375467190915
2346.6375467190915
2346.5254761357014
2346.5254761357014
2346.5254761357014
2346.5254761357014
2346.3655832237846
2346.3655832237846
2346.3655832237846
2345.7596447534206
2345.7596447534206
2345.7596447534206
2345.7596447534206
2345.679226234445
2345.679226234445
2345.679226234445
2345.679226234445
2345.679226234445
2345.1450523297317
2345.1450523297317
2345.1450523297317
2345.1450523297317
2344.8269310024175
2344.8269310024175
2344.6497506619003
2344.6497506619003
2344.6497506619003
2344.6497506619003
2344.6497506619003
2344.6497506619003
2344.5746015912705
2344.5746015912705
2344.5746015912705
2344.5746015912705
2344.5746015912705
2344.5746015912705
2344.5746015912705
2344.5746015912705
2344.5746015912705
2905.4555792217743
2898.0332360480934
2651.987152342879
2651.987152342879
2495.6761264622423
2495.6761264622423
2495.6761264622423
2495.6761264622423
2389.6148232338182
2379.987087520733
2376.410298369731
2376.410298369731
2369.7443757497003
2369.7443757497003
2366.778588787756
2366.378685288301
2360.7837081704697
2360.7837081704697
2356.288933431841
2356.288933431841
2356.288933431841
2356.288933431841
2356.288933431841
2356.288933431841
2356.288933431841
2356.288933431841
2356.288933431841
2355.881831307861
2355.881831307861
2352.4214879080573
2352.4214879080573
2352.4214879080573
2352.4214879080573
2352.4214879080573
2352.4214879080573
2352.4214879080573
2352.4214879080573
2352.4214879080573
2905.4555792217743
2898.0332360480934
2892.971984230645
2710.3819978948923
2710.3819978948923
2564.716861029572
2497.5245175756304
2476.7029756466154
2452.258588922371
2269.0459014855487
2246.0304816527196
2246.0304816527196
2246.0304816527196
2246.0304816527196
2246.0304816527196
2246.0304816527196
2242.8718679651183
2242.8718679651183
2242.8718679651183
2238.69741731587
2238.69741731587
2238.69741731587
2238.69741731587
2238.69741731587
2238.69741731587
2237.383787196713
2237.383787196713
2237.383787196713
2237.383787196713
2237.383787196713
2237.383787196713
2236.580566916591
2235.656694137763
2235.656694137763
2235.656694137763
2234.168522099642
2234.168522099642
2234.168522099642
2232.0923730867244
2232.0923730867244
2231.894750024626
2231.7294528118805
2231.7294528118805
2231.7294528118805
2231.4928823457935
2231.4928823457935
2230.824700082238
2230.824700082238
2230.824700082238
2230.824700082238
2230.824700082238
2230.4586393264553
2229.315192308617
2228.5549549769203
2228.5549549769203
2228.5549549769203
2228.5549549769203
2228.5549549769203
2228.5549549769203
2228.5549549769203
2228.5549549769203
2228.5549549769203
2905.4555792217743
2898.0332360480934
2892.971984230645
2501.7701008214394
2331.6591408817194
2276.981815663921
2276.981815663921
2276.981815663921
2276.66361837437
2272.502718816532
2258.5344452303098
2252.1818688801304
2252.1818688801304
2246.0916381484435
2246.0916381484435
2246.0916381484435
2246.0916381484435
2243.9814367896756
2243.9814367896756
2243.4589837792337
2243.4589837792337
2240.987403264983
2235.4962591943704
2235.4962591943704
2235.4962591943704
2235.4962591943704
2235.4962591943704
2235.4962591943704
2233.4444331954273
2233.4444331954273
2233.4444331954273
2232.8318467405857
2232.8318467405857
2231.945466810797
2231.945466810797
2231.478399826974
2231.478399826974
2231.478399826974
2230.416402957456
2230.416402957456
2230.416402957456
2230.416402957456
2230.416402957456
2229.032419181234
2229.032419181234
2229.032419181234
2229.032419181234
2229.032419181234
2229.032419181234
2229.032419181234
2229.032419181234
2229.032419181234
2228.5691904679434
2228.0440612526154
2228.0440612526154
2228.0440612526154
2228.0440612526154
2228.0440612526154
2228.0440612526154
2228.0440612526154
2228.0440612526154
2228.0440612526154
2905.4555792217743
2898.0332360480934
2892.971984230645
2613.3306470573607
2593.865057011782
2587.012866357639
2452.192699381134
2429.2279717337133
2372.4868792265775
2372.4868792265775
2372.4868792265775
2372.4868792265775
2372.4868792265775
2372.4868792265775
2363.325867255286
2355.9670579031617
2355.9670579031617
2355.9670579031617
2355.9670579031617
2355.9670579031617
2355.9670579031617
2355.9670579031617
2355.4030851926345
2355.4030851926345
2355.4030851926345
2354.929489669051
2352.4824825551996
2352.4824825551996
2352.4824825551996
2349.869818099445
2349.869818099445
2349.869818099445
2349.869818099445
2349.0671269766053
2348.797890260086
2348.797890260086
2348.797890260086
2348.629849309772
2348.629849309772
2348.629849309772
2348.629849309772
2348.2876746292814
2348.2876746292814
2348.2876746292814
2348.2876746292814
2348.2876746292814
2347.362642263672
2347.362642263672
2347.362642263672
2347.362642263672
2347.362642263672
2346.615665056405
2346.615665056405
2346.615665056405
2345.8966877224643
2345.8966877224643
2345.8966877224643
2345.8966877224643
2345.8966877224643
2345.8966877224643
2345.8966877224643
2345.8966877224643
2345.8966877224643
2905.4555792217743
2898.0332360480934
2622.2617157135483
2493.290424519577
2493.290424519577
2332.525641442193
2291.337101028698
2251.1006664661722
2251.1006664661722
2251.1006664661722
2251.1006664661722
2244.97159424909
2244.97159424909
2244.97159424909
2244.97159424909
2244.5669601512186
2244.5669601512186
2240.4936122260656
2240.4936122260656
2239.155173690913
2239.155173690913
2238.4180581597125
2238.4180581597125
2237.2602570136696
2235.1345238051567
2233.3930680120684
2233.3930680120684
2233.3930680120684
2233.3930680120684
2233.3930680120684
2232.54538641581
2231.806587864449
2231.806587864449
2231.806587864449
2231.3637223993082
2231.3637223993082
2231.3637223993082
2231.215873056886
2230.5390215944303
2230.5390215944303
2229.5905640207307
2229.5905640207307
2229.5905640207307
2229.5905640207307
2229.0969557718504
2229.0969557718504
2228.9637401970335
2228.9637401970335
2228.9637401970335
2228.9637401970335
2228.8587943971256
2228.0906087532044
2228.0906087532044
2228.0906087532044
2228.0906087532044
2228.0906087532044
2228.0906087532044
2228.0906087532044
2228.0906087532044
2227.489727556714
2227.489727556714
2227.243514826096
2227.243514826096
2227.243514826096
2227.243514826096
2227.243514826096
2227.243514826096
2227.243514826096
2227.2140868556435
2227.2140868556435
2227.2140868556435
2227.2140868556435
2226.9991867315093
2226.9991867315093
2226.959757762732
2226.959757762732
2226.959757762732
2226.959757762732
2226.959757762732
2226.959757762732
2226.959757762732
2226.959757762732
2226.959757762732
2905.4555792217743
2898.0332360480934
2892.971984230645
2632.198185397201
2392.181689714226
2312.9761442115505
2274.607138088886
2260.2684674063644
2260.2684674063644
2260.2684674063644
2260.2684674063644
2260.2684674063644
2259.5369600950203
2252.6858925937636
2249.74452513363
2244.1680779924563
2238.7267625524382
2238.7267625524382
2238.6117177071205
2237.563840603103
2237.563840603103
2236.7531353634913
2236.7531353634913
2236.711266705428
2236.711266705428
2235.8353922643228
2235.8353922643228
2235.8353922643228
2235.8353922643228
2235.8353922643228
2235.8353922643228
2235.819974013046
2235.5387324168455
2235.5387324168455
2234.840201082753
2234.840201082753
2234.445538614298
2234.445538614298
2234.445538614298
2234.158590847903
2234.158590847903
2234.036383409437
2234.036383409437
2234.036383409437
2233.234689123167
2233.234689123167
2233.234689123167
2233.234689123167
2233.234689123167
2233.234689123167
2233.234689123167
2233.234689123167
2233.234689123167
2905.4555792217743
2898.0332360480934
2798.219878005766
2494.1132500750596
2289.5383709531197
2289.5383709531197
2279.491281324918
2276.6664437302366
2276.6664437302366
2262.4889589599243
2262.4889589599243
2262.4889589599243
2254.210816674842
2251.029601825673
2251.029601825673
2251.029601825673
2244.5872963836864
2244.5872963836864
2244.5872963836864
2239.3540620384165
2239.3540620384165
2239.3540620384165
2239.3540620384165
2239.3540620384165
2239.3540620384165
2239.3540620384165
2236.4137210878853
2236.4137210878853
2235.0287790859625
2235.0287790859625
2234.115637836155
2233.326828924309
2232.3120263650917
2232.3120263650917
2232.3120263650917
2232.3120263650917
2232.3120263650917
2232.3120263650917
2232.3120263650917
2232.2581393834057
2232.2581393834057
2231.707649294089
2231.707649294089
2231.2660588472727
2231.2660588472727
2230.66707732057
2230.66707732057
2230.66707732057
2230.020877342787
2229.478486132126
2229.478486132126
2229.478486132126
2229.478486132126
2229.478486132126
2229.478486132126
2229.4044232393503
2229.4044232393503
2229.4044232393503
2229.4044232393503
2229.4044232393503
2229.313278448072
2229.128211384508
2229.128211384508
2229.128211384508
2229.128211384508
2229.128211384508
2229.128211384508
2229.128211384508
2229.128211384508
2229.128211384508
2905.4555792217743
2898.0332360480934
2878.1864763106764
2693.732045018752
2580.888799873016
2518.0801528851507
2403.2325704686154
2403.2325704686154
2394.5144534281285
2394.5144534281285
2394.5144534281285
2394.290710739241
2385.4109155962205
2380.662747000902
2380.662747000902
2377.2869988103494
2376.9000656734797
2376.1640917092486
2368.956509428442
2368.956509428442
2368.956509428442
2357.836435504995
2357.836435504995
2357.836435504995
2357.836435504995
2357.836435504995
2357.836435504995
2357.836435504995
2357.836435504995
2357.836435504995
2905.4555792217743
2898.0332360480934
2828.936357818235
2816.855047817764
2816.855047817764
2803.1242007182263
2788.1035201742343
2765.9545828664586
2765.9545828664586
2765.9545828664586
2765.9545828664586
2631.889990601116
2631.889990601116
2631.889990601116
2508.2604562378137
2508.2604562378137
2508.2604562378137
2458.5201891352012
