3260.886113002952
2630.9382340222282
2537.9434662359276
2442.526653920195
2270.9683162157216
2270.9683162157216
2242.4447899152997
2242.4447899152997
2242.4447899152997
2242.4447899152997
2242.4447899152997
2242.4447899152997
2242.4447899152997
2238.5333487132034
2238.5333487132034
2238.5333487132034
2236.1363916357727
2234.7776326184057
2234.7776326184057
2234.7776326184057
2234.7776326184057
2234.7776326184057
2234.7776326184057
2233.854993459808
2233.854993459808
2232.681433096225
2230.917789166362
2230.917789166362
2230.917789166362
2230.917789166362
2229.650133425458
2229.650133425458
2229.650133425458
2229.6151482716873
2229.6151482716873
2229.6151482716873
2229.151464320334
2229.151464320334
2229.151464320334
2229.151464320334
2229.151464320334
2229.151464320334
2229.151464320334
2229.151464320334
2228.243094789946
2228.243094789946
2228.243094789946
2228.243094789946
2228.243094789946
2228.049422393728
2228.049422393728
2228.049422393728
2228.049422393728
2228.049422393728
2228.049422393728
2227.702393851962
2227.54651853145
2227.54651853145
2227.5195953743746
2227.5195953743746
2227.463151232012
2227.463151232012
2227.463151232012
2227.463151232012
2227.463151232012
2227.463151232012
2227.463151232012
2227.463151232012
2227.4158386912345
2227.233826061432
2227.233826061432
2227.233826061432
2227.1132401193095
2227.1132401193095
2227.1132401193095
2227.1132401193095
2227.1132401193095
2227.1132401193095
2227.1132401193095
2227.1132401193095
2227.1132401193095
3542.3327975750335
2978.844721242165
2709.118656109019
2709.118656109019
2640.6223976180067
2640.6223976180067
2640.6223976180067
2640.6223976180067
2566.408168564956
2446.364355675368
2390.519865928704
2390.519865928704
2387.1860584040815
2387.1860584040815
2387.1860584040815
2387.1860584040815
2362.9823446020873
2362.9823446020873
2362.9823446020873
2362.9823446020873
2362.2529115659468
2362.2529115659468
2362.2529115659468
2358.0626323680135
2358.0626323680135
2358.0626323680135
2357.2423067019954
2357.2423067019954
2356.012312972496
2356.012312972496
2356.012312972496
2356.012312972496
2352.9123205741616
2352.9123205741616
2352.9123205741616
2352.9123205741616
2352.9123205741616
2352.9123205741616
2351.675568068555
2351.457719816319
2351.457719816319
2351.457719816319
2351.457719816319
2351.0618486508947
2351.0618486508947
2351.0618486508947
2350.2864862408414
2350.2864862408414
2349.689230945964
2348.2282151632526
2348.2282151632526
2348.2282151632526
2348.2282151632526
2348.2282151632526
2348.2282151632526
2347.364442788442
2347.364442788442
2347.364442788442
2347.364442788442
2346.8857126806247
2346.8857126806247
2346.8857126806247
2346.8857126806247
2346.8857126806247
2346.8857126806247
2346.8857126806247
2346.8857126806247
2346.636666630032
2346.518923808563
2346.518923808563
2346.518923808563
2346.518923808563
2346.518923808563
2346.518923808563
2346.518923808563
2346.518923808563
2346.3357340636335
2346.3357340636335
2346.3357340636335
2346.3357340636335
2346.3357340636335
2345.934851436437
2345.934851436437
2345.934851436437
2345.934851436437
2345.6842856702388
2345.6842856702388
2345.6842856702388
2345.6842856702388
2345.463872713632
2345.463872713632
2345.463872713632
2345.463872713632
2345.463872713632
2345.463872713632
2345.463872713632
2345.381733934913
2345.381733934913
2345.381733934913
2345.381733934913
2345.381733934913
2345.381733934913
2345.381733934913
2345.381733934913
2345.381733934913
3542.3327975750335
3237.675726804873
2717.846171688549
2446.3530358983685
2430.6351804586557
2377.1626157106202
2377.1626157106202
2377.1626157106202
2356.54646819486
2356.54646819486
2356.54646819486
2356.54646819486
2356.54646819486
2356.54646819486
2356.54646819486
2356.54646819486
2356.391814241988
2356.391814241988
2356.391814241988
2356.391814241988
2356.391814241988
2356.391814241988
2355.8929687707305
2355.8929687707305
2355.8929687707305
2355.8929687707305
2355.8929687707305
2355.6205830790555
2355.6205830790555
2355.6205830790555
2354.2615823801934
2352.6985236830524
2352.6985236830524
2352.6985236830524
2352.56109692171
2352.5372954282216
2352.5372954282216
2352.5372954282216
2351.7535344027924
2351.7535344027924
2351.7535344027924
2351.472811556631
2351.472811556631
2351.472811556631
2351.228527264862
2350.9886241446075
2350.9886241446075
2350.9886241446075
2350.9886241446075
2350.9886241446075
2350.9886241446075
2350.9886241446075
2350.9886241446075
2350.9886241446075
3542.3327975750335
2903.937227800185
2551.23645897674
2551.23645897674
2520.4385588458886
2443.0635202629337
2304.8759929889984
2263.735695060776
2263.735695060776
2263.735695060776
2257.956100580519
2250.0390023446757
2250.0390023446757
2250.0390023446757
2250.0390023446757
2245.8462638543615
2244.653593655883
2244.653593655883
2244.653593655883
2237.5211252868085
2237.5211252868085
2236.3949409089414
2236.3949409089414
2236.3949409089414
2236.3949409089414
2234.2481893279523
2234.2481893279523
2234.2481893279523
2234.2481893279523
2234.2481893279523
2233.884755779492
2233.884755779492
2233.884755779492
2231.906362052901
2231.906362052901
2231.059411445732
2231.059411445732
2230.5547387283236
2230.5547387283236
2230.447680536065
2230.447680536065
2230.447680536065
2230.447680536065
2230.447680536065
2229.195441845952
2229.195441845952
2229.195441845952
2228.8191948801855
2228.8191948801855
2228.8191948801855
2228.8191948801855
2228.8191948801855
2228.8191948801855
2228.8191948801855
2228.8191948801855
2228.369371952691
2228.369371952691
2228.369371952691
2228.262477530382
2228.262477530382
2228.242197319021
2228.1142218371256
2228.038727858056
2228.038727858056
2228.038727858056
2227.6430116194165
2227.6430116194165
2227.6028669269617
2227.6028669269617
2226.676140064452
2226.676140064452
2226.676140064452
2226.676140064452
2226.676140064452
2226.676140064452
2226.676140064452
2226.676140064452
2226.676140064452
2226.578834304289
2226.578834304289
2226.559299599854
2226.559299599854
2226.408939268336
2226.408939268336
2226.3000142284823
2226.3000142284823
2226.3000142284823
2226.3000142284823
2226.3000142284823
2226.3000142284823
2226.3000142284823
2226.3000142284823
2226.3000142284823
3542.3327975750335
3210.7769846828623
2675.934965912421
2417.000472038447
2417.000472038447
2281.167046769038
2281.167046769038
2247.8804199634237
2247.8804199634237
2247.8804199634237
2247.8804199634237
2247.8804199634237
2247.8804199634237
2247.8804199634237
2247.3605487377818
2243.3910769517533
2241.460348414893
2234.5351075904623
2234.5351075904623
2234.5351075904623
2234.5351075904623
2234.5351075904623
2234.5351075904623
2234.5351075904623
2234.3073645400477
2233.486013016103
2231.4468035960276
2231.4468035960276
2230.623917441681
2230.623917441681
2230.545615486843
2229.9198190584007
2229.9198190584007
2229.104899970861
2229.104899970861
2229.104899970861
2229.104899970861
2229.104899970861
2229.104899970861
2229.104899970861
2228.8082458907706
2228.8082458907706
2228.8082458907706
2228.8082458907706
2228.35748088863
2228.35748088863
2228.35748088863
2228.35748088863
2228.041575986323
2228.041575986323
2228.041575986323
2228.041575986323
2228.041575986323
2228.041575986323
2228.041575986323
2228.041575986323
2228.011400829896
2227.490045456799
2227.490045456799
2227.490045456799
2227.490045456799
2227.490045456799
2227.490045456799
2227.490045456799
2227.490045456799
2227.1802991391287
2227.1802991391287
2227.0582250976013
2227.0582250976013
2227.0582250976013
2227.0582250976013
2227.0582250976013
2227.0582250976013
2227.0582250976013
2227.0582250976013
2227.051165448076
2227.051165448076
2227.051165448076
2227.051165448076
2227.051165448076
2227.051165448076
2227.051165448076
2227.051165448076
2227.051165448076
2226.716243058477
2226.716243058477
2226.716243058477
2226.716243058477
2226.716243058477
2226.716243058477
2226.716243058477
2226.716243058477
2226.716243058477
3542.3327975750335
2845.850930391917
2758.3096959408704
2295.2428618138074
2295.2428618138074
2258.1472659109486
2258.1472659109486
2242.40963610958
2238.774787284418
2238.774787284418
2238.774787284418
2238.774787284418
2238.774787284418
2238.774787284418
2238.774787284418
2238.774787284418
2236.0182819837264
2236.0182819837264
2236.0182819837264
2236.0182819837264
2236.0182819837264
2236.0182819837264
2235.4295378808115
2235.4295378808115
2235.4295378808115
2234.92427469845
2233.056021235077
2233.056021235077
2233.056021235077
2233.056021235077
2231.780852265994
2231.780852265994
2231.780852265994
2231.780852265994
2230.4425398648755
2230.4425398648755
2230.0676335295757
2230.0676335295757
2230.0676335295757
2230.0676335295757
2230.0676335295757
2228.720713343665
2228.720713343665
2228.0776991209677
2228.0776991209677
2228.0776991209677
2228.0776991209677
2228.0776991209677
2228.0776991209677
2227.6149481780762
2227.6149481780762
2226.703349936775
2226.703349936775
2226.703349936775
2226.703349936775
2226.581177055305
2226.581177055305
2226.581177055305
2226.324382218119
2225.680853325344
2225.680853325344
2225.680853325344
2225.4178127735345
2225.4178127735345
2225.4178127735345
2225.3838744878335
2225.3838744878335
2224.9778788247454
2224.9778788247454
2224.9778788247454
2224.830260641046
2224.830260641046
2224.830260641046
2224.830260641046
2224.830260641046
2224.830260641046
2224.6910817637777
2224.6910817637777
2224.6790465942718
2224.6790465942718
2224.6598535198223
2224.6598535198223
2224.4333878936386
2224.4333878936386
2224.4333878936386
2224.4333878936386
2224.373843207289
2224.373843207289
2224.373843207289
2224.373843207289
2224.373843207289
2224.373843207289
2224.219786103604
2224.219786103604
2224.219786103604
2223.8859200776897
2223.8859200776897
2223.8859200776897
2223.8859200776897
2223.8859200776897
2223.8859200776897
2223.8859200776897
2223.8859200776897
2223.8859200776897
3542.3327975750335
3032.4207307360443
2734.846426246687
2642.2296479101724
2273.217002478387
2273.217002478387
2273.217002478387
2245.602964122873
2245.602964122873
2245.602964122873
2245.602964122873
2245.602964122873
2245.602964122873
2245.602964122873
2243.327022937396
2243.327022937396
2241.8598767060075
2241.8598767060075
2241.8598767060075
2239.9228250964957
2239.9228250964957
2239.9228250964957
2239.9228250964957
2239.2874219322102
2236.8600854401157
2236.8600854401157
2236.3671457316877
2236.3671457316877
2235.591102504029
2235.5655146006616
2235.5655146006616
2235.3314945222564
2235.3314945222564
2234.661750884961
2234.6186941386277
2234.6186941386277
2234.6186941386277
2234.6186941386277
2234.504791598461
2234.504791598461
2234.504791598461
2233.625488454184
2233.167951671429
2233.167951671429
2233.167951671429
2232.4650855268796
2232.4650855268796
2232.4650855268796
2232.4650855268796
2232.4650855268796
2232.4650855268796
2232.4650855268796
2232.4650855268796
2232.4650855268796
3542.3327975750335
3155.234199064295
2362.4978011535054
2362.4978011535054
2362.4978011535054
2362.4978011535054
2315.0292600699886
2315.0292600699886
2313.5469061974018
2311.710008169822
2293.9949159349667
2293.9949159349667
2293.9949159349667
2275.2959200681553
2271.9800316772507
2260.42494963605
2260.42494963605
2260.42494963605
2260.42494963605
2246.7252042495033
2246.7252042495033
2246.471443373811
2246.3143838518718
2245.570418792333
2245.570418792333
2245.570418792333
2245.570418792333
2245.570418792333
2245.570418792333
2245.570418792333
2243.4540307510424
2243.4540307510424
2238.4733348239483
2238.4733348239483
2238.4733348239483
2238.4733348239483
2238.4733348239483
2237.4181647254713
2237.4181647254713
2237.4181647254713
2236.7334190840893
2236.7334190840893
2236.7334190840893
2236.7334190840893
2236.6651425057357
2236.6651425057357
2236.6651425057357
2236.6651425057357
2236.0479296820818
2236.0479296820818
2236.0479296820818
2236.0479296820818
2236.0479296820818
2235.9439568462426
2234.7282224365254
2234.3934678165333
2231.5649979669174
2231.5649979669174
2231.5649979669174
2231.5649979669174
2231.5649979669174
2231.5649979669174
2231.5649979669174
2231.5649979669174
2231.5649979669174
3542.3327975750335
2772.4008708004767
2606.482463418651
2537.444665198597
2537.444665198597
2493.7151717299994
2483.643265324017
2474.794706571254
2474.794706571254
2474.794706571254
2473.9145398460173
2473.9145398460173
2473.9145398460173
2473.9145398460173
2472.32617995247
2472.32617995247
2467.3070549292243
2462.4438411037513
2462.4438411037513
2462.4438411037513
2460.9440692943435
2460.9440692943435
2460.892476594589
2460.892476594589
2460.892476594589
2460.892476594589
2460.892476594589
2460.892476594589
2460.892476594589
2460.892476594589
2460.892476594589
2459.5442022080356
2459.5442022080356
2459.5442022080356
2458.0874275993224
2458.0874275993224
2458.0874275993224
2454.994239079433
2453.2437379507787
2452.59132084193
2452.59132084193
2452.127038805094
2451.568035703205
2451.568035703205
2451.568035703205
2449.7222300316057
2449.7222300316057
2449.7222300316057
2449.7222300316057
2449.7222300316057
2449.7222300316057
2449.7222300316057
2449.7222300316057
2449.477325580914
2449.477325580914
2449.477325580914
2449.477325580914
2449.477325580914
2449.477325580914
2449.477325580914
2449.2011607321824
2449.2011607321824
2449.2011607321824
2449.2011607321824
2449.2011607321824
2448.537550626602
2448.537550626602
2448.537550626602
2448.537550626602
2448.445931527928
2448.445931527928
2448.445931527928
2448.445931527928
2448.445931527928
2448.445931527928
2448.445931527928
2448.445931527928
2448.445931527928
3542.3327975750335
3207.0739354226566
2736.088193851679
2650.285747712135
2528.9135035090794
2496.310585176635
2367.8782066962162
2367.8782066962162
2313.4987135749184
2270.921503323665
2270.921503323665
2268.6609722265675
2255.169566030012
2255.169566030012
2248.854036573582
2248.854036573582
2248.401119253697
2242.3717642101956
2242.3717642101956
2242.078698339568
2242.078698339568
2238.0932610185414
2238.0932610185414
2238.0932610185414
2238.040606956499
2238.040606956499
2236.989486317913
2236.7862785775437
2236.444323513122
2234.393097482064
2232.199564085283
2232.199564085283
2232.199564085283
2232.199564085283
2232.199564085283
2232.199564085283
2232.199564085283
2232.199564085283
2231.4935022804857
2231.4935022804857
2231.4935022804857
2231.019184056098
2231.019184056098
2230.6933805081603
2230.6733143929678
2230.6733143929678
2230.6733143929678
2230.3795943635505
2229.9868713207397
2229.9868713207397
2229.9868713207397
2229.9868713207397
2229.3171969194373
2228.4551735699147
2228.4551735699147
2228.251711681417
2228.19509119636
2228.19509119636
2227.514878427579
2227.514878427579
2227.514878427579
2227.3168812614676
2226.912136902405
2226.912136902405
2226.912136902405
2226.912136902405
2226.912136902405
2226.9001323409984
2226.9001323409984
2226.562839735127
2225.801808279246
2225.801808279246
2225.475988519591
2225.475988519591
2225.475988519591
2225.475988519591
2225.4709302938154
2225.4709302938154
2225.3879824671762
2225.3879824671762
2225.3879824671762
2225.3879824671762
2225.3879824671762
2225.3879824671762
2225.3879824671762
2225.3879824671762
2225.1228462240133
2225.1228462240133
2225.1228462240133
2225.1228462240133
2225.1228462240133
2225.0466893212774
2225.0466893212774
2225.0466893212774
2225.0466893212774
2225.0466893212774
2225.0466893212774
2225.0466893212774
2225.0466893212774
2225.0466893212774
3542.3327975750335
3146.6087918880694
2632.4341227783884
2632.4341227783884
2615.0338246338374
2556.373618772781
2373.7974958418745
2373.7974958418745
2373.7974958418745
2373.7974958418745
2373.7974958418745
2373.7974958418745
2373.7974958418745
2361.148800646719
2361.148800646719
2361.148800646719
2355.380810331864
2353.5809661394787
2353.5809661394787
2353.575418452625
2353.575418452625
2353.5095901544505
2353.5095901544505
2352.7306880046303
2351.8821466810036
2351.8821466810036
2350.807722740533
2350.1164114723033
2350.1164114723033
2350.1164114723033
2349.3265894548404
2349.3265894548404
2349.3265894548404
2348.5851246507927
2348.105948769452
2348.105948769452
2347.651471964533
2347.651471964533
2347.651471964533
2347.2101810007766
2347.2101810007766
2346.9314325425466
2346.9314325425466
2346.9314325425466
2346.7433808064548
2346.3542712429944
2346.3542712429944
2346.3542712429944
2346.3416709093453
2346.3416709093453
2346.3416709093453
2345.9888145536
2345.9888145536
2345.9872625711823
2345.9872625711823
2345.9872625711823
2345.9872625711823
2345.9872625711823
2345.9872625711823
2345.735083672155
2345.735083672155
2345.735083672155
2345.369953946713
2345.369953946713
2345.369953946713
2345.369953946713
2345.369953946713
2345.369953946713
2345.369953946713
2345.369953946713
2345.369953946713
3542.3327975750335
3208.5472160778904
2766.727297090877
2433.705596856757
2433.705596856757
2433.705596856757
2433.705596856757
2417.1099803354073
2417.1099803354073
2409.565970948966
2409.565970948966
2409.565970948966
2393.1752262828086
2377.4776592857734
2377.4776592857734
2361.0888682178
2361.0888682178
2356.6358511389317
2355.542196126119
2355.542196126119
2355.542196126119
2353.5218815636144
2353.4617049566386
2352.7718661503964
2352.7718661503964
2352.7718661503964
2352.3120162323708
2352.3120162323708
2351.4013476778614
2351.4013476778614
2351.4013476778614
2351.2463544437105
2351.2463544437105
2351.2463544437105
2351.2463544437105
2350.1986093161945
2350.1986093161945
2350.1986093161945
2350.1986093161945
2350.131013936607
2350.131013936607
2350.131013936607
2350.131013936607
2350.131013936607
2350.131013936607
2350.131013936607
2350.131013936607
2350.1016938496837
2350.1016938496837
2349.817875713069
2349.817875713069
2349.817875713069
2349.4146329881864
2349.4146329881864
2349.4146329881864
2349.4146329881864
2349.304300960185
2349.304300960185
2349.304300960185
2349.304300960185
2349.304300960185
2349.03870815334
2349.03870815334
2349.03870815334
2349.026182506055
2349.026182506055
2349.026182506055
2349.026182506055
2349.026182506055
2349.026182506055
2349.026182506055
2349.026182506055
2349.026182506055
3542.3327975750335
3542.3327975750335
2757.992011092991
2359.092504264627
2359.092504264627
2322.3559111779673
2322.3559111779673
2305.5186661866896
2289.185596118582
2289.185596118582
2274.05998429287
2252.0176327291365
2252.0176327291365
2252.0176327291365
2252.0176327291365
2246.3042276589413
2246.3042276589413
2244.9938270830685
2244.5269742015726
2243.528674438195
2242.764374209489
2241.2626470910222
2237.0446822504714
2237.0446822504714
2237.0446822504714
2236.6954579858934
2236.6954579858934
2233.4914146278747
2233.4914146278747
2233.4914146278747
