2970.6316038870523
2673.7239933412543
2673.7239933412543
2637.964092466751
2500.104577966824
2431.643697606089
2405.7404246799283
2405.7404246799283
2405.7404246799283
2378.9451274678704
2375.5253002223762
2373.183793527283
2373.183793527283
2368.560048863411
2368.560048863411
2364.72012882065
2364.72012882065
2364.72012882065
2359.3377605341184
2359.3377605341184
2359.3377605341184
2359.3377605341184
2359.3377605341184
2359.3377605341184
2359.3377605341184
2359.3377605341184
2359.3377605341184
2358.157815663791
2356.779360894235
2353.908932695478
2353.908932695478
2353.872626607169
2353.6604676512666
2353.6604676512666
2353.6604676512666
2353.6604676512666
2353.6604676512666
2353.6604676512666
2353.4368471960634
2353.4368471960634
2353.4368471960634
2353.4368471960634
2353.3767967936924
2352.004342354815
2352.004342354815
2352.004342354815
2352.004342354815
2352.004342354815
2352.004342354815
2352.004342354815
2352.004342354815
2352.004342354815
10256.940502318213
4594.53799215431
2698.7368073118278
2690.995490945405
2645.620703973786
2559.487731969195
2559.487731969195
2559.487731969195
2559.487731969195
2559.487731969195
2536.3597116861306
2536.3597116861306
2532.86727260645
2532.86727260645
2532.86727260645
2532.86727260645
2531.243338177967
2531.243338177967
2531.243338177967
2530.0433945028894
2529.2389598632067
2529.2389598632067
2529.2389598632067
2528.041069646529
2528.041069646529
2526.960910438046
2526.960910438046
2525.9160202450753
2525.9160202450753
2525.9160202450753
2525.9160202450753
2525.9160202450753
2525.859586440573
2525.859586440573
2525.859586440573
2525.4688665725525
2525.4688665725525
2525.2080375862483
2525.2080375862483
2524.964340532688
2524.964340532688
2524.964340532688
2524.964340532688
2524.412014557577
2524.412014557577
2524.412014557577
2524.412014557577
2524.412014557577
2524.412014557577
2524.412014557577
2524.412014557577
2524.412014557577
10256.940502318213
4153.511737196372
2342.329921617237
2342.329921617237
2276.656428601274
2276.656428601274
2266.674343744896
2266.674343744896
2265.0734797243413
2265.0734797243413
2262.2479920545857
2262.2479920545857
2262.2479920545857
2257.975132776179
2247.537661732246
2247.537661732246
2245.2519399483836
2242.0852110387577
2242.0852110387577
2242.0852110387577
2238.514486111789
2238.514486111789
2238.514486111789
2238.514486111789
2238.514486111789
2238.514486111789
2238.514486111789
2238.514486111789
2238.514486111789
10256.940502318213
3352.5681037039267
2738.2536623953933
2723.562904184312
2666.0831453197843
2447.9011356328847
2376.401332122752
2376.401332122752
2376.401332122752
2376.401332122752
2362.482017491335
2362.482017491335
2362.482017491335
2362.482017491335
2362.482017491335
2361.2089428250556
2361.2089428250556
2361.2089428250556
2360.66878032907
2359.0495355675575
2356.0187514666986
2356.0187514666986
2356.0187514666986
2354.781079386613
2354.724373565592
2354.724373565592
2353.1232196106675
2353.1232196106675
2353.1232196106675
2353.1232196106675
2352.7995563283885
2350.77831209277
2350.77831209277
2350.77831209277
2350.77831209277
2350.77831209277
2350.123185109139
2350.123185109139
2350.123185109139
2349.8296620883634
2349.8296620883634
2349.3356084431375
2349.3356084431375
2349.3356084431375
2349.3356084431375
2349.3356084431375
2349.123928371447
2349.123928371447
2348.2419741119656
2348.2419741119656
2348.2419741119656
2348.2419741119656
2348.2419741119656
2348.2419741119656
2348.2419741119656
2348.2419741119656
2348.2419741119656
10256.940502318213
4579.106266429121
2668.6510539881356
2668.6510539881356
2668.6510539881356
2628.3724395572294
2422.8261556426787
2405.854517429403
2250.2645842750903
2250.2645842750903
2245.752943616928
2245.752943616928
2245.752943616928
2245.1632559366017
2242.1054583684227
2242.1054583684227
2242.1054583684227
2242.1054583684227
2242.1054583684227
2240.5110243784097
2238.433018904518
2238.433018904518
2238.433018904518
2235.314566021313
2235.2018964290883
2233.7800901307346
2233.7800901307346
2233.7800901307346
2233.7800901307346
2233.7800901307346
2233.7800901307346
2233.7800901307346
2233.7800901307346
2232.567564000702
2232.567564000702
2232.567564000702
2232.567564000702
2232.0302799062783
2231.9869728085455
2231.0353041401913
2231.0353041401913
2231.0353041401913
2230.3981606936773
2230.3981606936773
2230.3981606936773
2230.3981606936773
2230.3981606936773
2230.3981606936773
2230.3981606936773
2230.3981606936773
2230.3981606936773
10256.940502318213
3120.536501074425
2750.6457910104823
2543.0908120591275
2272.836542169553
2262.0352900277944
2249.732054931344
2249.732054931344
2242.334871499829
2242.334871499829
2242.334871499829
2242.334871499829
2242.334871499829
2242.334871499829
2242.334871499829
2236.9448132864354
2236.9448132864354
2236.9448132864354
2236.9448132864354
2236.9448132864354
2236.0439094948
2235.026282247027
2235.026282247027
2234.1582458517837
2234.1582458517837
2234.1582458517837
2234.1582458517837
2233.771436896002
2233.771436896002
2233.771436896002
2233.771436896002
2233.771436896002
2233.771436896002
2233.771436896002
2233.347624454437
2232.108391481844
2232.108391481844
2232.108391481844
2232.108391481844
2232.108391481844
2231.3161568594555
2231.3161568594555
2231.3161568594555
2229.935336801363
2229.935336801363
2229.935336801363
2229.935336801363
2229.935336801363
2229.8969290708924
2229.10129779964
2229.10129779964
2229.0382707801627
2229.0382707801627
2229.0382707801627
2229.0382707801627
2229.0382707801627
2229.0382707801627
2228.6968736762424
2228.4654552841175
2228.4654552841175
2227.8394484481473
2227.8394484481473
2227.8394484481473
2227.0212525315774
2227.0212525315774
2227.0212525315774
2227.0212525315774
2227.0212525315774
2227.0212525315774
2227.0212525315774
2227.0212525315774
2227.0212525315774
10256.940502318213
3942.798621009485
3115.1868014817096
2574.421022792936
2539.834645494021
2449.7167345270914
2280.3555326996043
2280.3555326996043
2280.3555326996043
2280.3555326996043
2252.9089540444493
2252.9089540444493
2252.9089540444493
2252.9089540444493
2252.9089540444493
2248.155410758931
2248.155410758931
2248.155410758931
2246.100625652362
2243.5957001786815
2243.5957001786815
2243.5957001786815
2243.5957001786815
2243.5288457689367
2243.029396404882
2243.029396404882
2243.029396404882
2241.1580459489733
2241.1580459489733
2239.628576758381
2239.628576758381
2236.5998466819315
2236.5998466819315
2235.436569949565
2235.436569949565
2235.436569949565
2234.851003858571
2234.1619288054867
2234.1619288054867
2234.1619288054867
2234.1619288054867
2234.1619288054867
2234.1619288054867
2234.1619288054867
2234.069627399414
2234.069627399414
2234.069627399414
2234.069627399414
2234.069627399414
2232.82927452565
2232.82927452565
2232.82927452565
2232.7344008778923
2232.7344008778923
2232.7344008778923
2232.7344008778923
2232.7344008778923
2232.7344008778923
2232.7344008778923
2232.7344008778923
2232.7344008778923
2232.467279004808
2232.467279004808
2232.467279004808
2232.348633844877
2232.348633844877
2232.348633844877
2232.348633844877
2232.348633844877
2232.348633844877
2232.348633844877
2232.348633844877
2232.348633844877
10256.940502318213
3193.3373822394938
2785.0081765372547
2519.527646472471
2519.527646472471
2247.3192287619763
2247.3192287619763
2247.3192287619763
2247.3192287619763
2247.3192287619763
2247.3192287619763
2246.144329776861
2246.144329776861
2243.4412013870124
2243.4412013870124
2243.4412013870124
2243.4412013870124
2243.4412013870124
2242.4839961213916
2241.339858853243
2238.9277807120557
2237.489165031311
2237.489165031311
2237.489165031311
2237.489165031311
2236.3826908629667
2235.585083443444
2232.7329150418186
2232.575438022525
2232.575438022525
2232.575438022525
2232.575438022525
2232.575438022525
2232.181676542122
2232.181676542122
2232.181676542122
2232.181676542122
2232.181676542122
2232.181676542122
2232.181676542122
2231.3398247255805
2231.3398247255805
2230.867025540799
2230.867025540799
2230.867025540799
2230.867025540799
2230.867025540799
2230.867025540799
2230.867025540799
2230.867025540799
2230.867025540799
10256.940502318213
4476.67200645101
2635.733423944425
2582.569464191398
2582.569464191398
2518.3226508492344
2518.3226508492344
2481.27904127563
2445.3138085087126
2363.1065767212995
2277.495694242773
2267.7419123804884
2267.7419123804884
2264.148058756338
2255.7736504271597
2255.7736504271597
2255.7736504271597
2251.1933456535003
2251.1933456535003
2251.1933456535003
2251.1933456535003
2249.068757901399
2249.068757901399
2249.068757901399
2249.068757901399
2247.161641938351
2247.161641938351
2243.0791079618907
2243.0791079618907
2243.0791079618907
2243.0791079618907
2242.8950840649936
2241.803326177579
2241.310912892752
2241.310912892752
2241.310912892752
2241.310912892752
2238.0996367256407
2237.851283248027
2237.851283248027
2237.851283248027
2237.851283248027
2237.851283248027
2237.851283248027
2237.851283248027
2233.7374674173398
2233.7374674173398
2233.6498955950988
2233.6498955950988
2232.6403716219047
2232.6403716219047
2232.6403716219047
2232.6403716219047
2232.6403716219047
2231.948181307401
2231.948181307401
2231.948181307401
2231.948181307401
2231.8037594267585
2231.8037594267585
2231.8037594267585
2231.6813731078455
2230.3833854783893
2230.3833854783893
2230.3833854783893
2230.3833854783893
2230.3833854783893
2230.2940462368165
2230.2940462368165
2230.2940462368165
2230.2940462368165
2230.2940462368165
2230.2940462368165
2230.2940462368165
2230.2940462368165
2230.2940462368165
10256.940502318213
4427.55887907784
2716.0175182277267
2559.6819616535304
2339.966368225102
2299.13108414692
2290.4060052170817
2263.3266625790693
2263.3266625790693
2263.3266625790693
2255.7421827843464
2255.7421827843464
2255.7421827843464
2252.4373703126694
2252.4373703126694
2247.5421895731665
2247.5421895731665
2246.520277923102
2246.520277923102
2246.520277923102
2243.0351146749604
2243.0351146749604
2240.544187864004
2240.544187864004
2240.544187864004
2237.417119497076
2236.6608006668143
2236.1048649267977
2236.1048649267977
2234.105023513192
2234.105023513192
2234.105023513192
2234.105023513192
2234.105023513192
2234.0289572267084
2233.4626625968776
2233.4626625968776
2232.97911272585
2230.807623264767
2230.807623264767
2230.807623264767
2230.807623264767
2230.807623264767
2230.630517376074
2230.630517376074
2230.2124860585363
2230.2124860585363
2229.275799014482
2229.275799014482
2229.275799014482
2229.275799014482
2229.275799014482
2229.275799014482
2229.275799014482
2229.275799014482
2229.275799014482
10256.940502318213
4590.40584241416
2961.8375103023727
2502.1594414725496
2502.1594414725496
2497.595685612848
2419.2347229802467
2397.8811707579453
2397.8811707579453
2397.8811707579453
2369.179994757351
2362.152151246422
2362.152151246422
2362.152151246422
2362.152151246422
2362.152151246422
2362.152151246422
2359.83359016503
2359.83359016503
2359.83359016503
2357.18961810461
2357.18961810461
2357.18961810461
2356.6807202657883
2356.6807202657883
2355.202088070433
2355.202088070433
2355.202088070433
2355.202088070433
2353.755262340451
2353.755262340451
2353.755262340451
2353.755262340451
2353.755262340451
2353.755262340451
2353.0353266326465
2353.0353266326465
2352.8612352632344
2350.8196332802418
2350.8196332802418
2350.8196332802418
2350.8196332802418
2350.8196332802418
2350.8196332802418
2350.4583279421536
2350.4583279421536
2350.4583279421536
2350.0840166599887
2348.476078212221
2348.476078212221
2347.6911990450044
2347.6911990450044
2347.667148314584
2347.667148314584
2347.0392365524267
2347.0392365524267
2347.0392365524267
2347.0392365524267
2347.0392365524267
2347.0392365524267
2347.0392365524267
2347.0380627576146
2347.0380627576146
2346.762447593702
2346.3051989095893
2346.3051989095893
2346.3051989095893
2346.3051989095893
2346.3051989095893
2346.0219841121434
2346.0219841121434
2346.0219841121434
2346.0219841121434
2346.0219841121434
2346.0219841121434
2346.0219841121434
2346.0219841121434
2346.0219841121434
10256.940502318213
3082.1992206355494
2879.7197328330267
2718.318002929259
2651.174874364849
2504.018770451723
2504.018770451723
2504.018770451723
2466.174824917425
2466.174824917425
2466.174824917425
2463.744464467136
2463.744464467136
2459.1139529172447
2459.1139529172447
2459.1139529172447
2459.1139529172447
2457.4887741220723
2457.240473142594
2455.6822909953926
2453.368054823847
2453.368054823847
2453.368054823847
2451.1986503448265
2449.9487854910053
2449.690148358375
2449.690148358375
2449.690148358375
2446.8209192912504
2446.8209192912504
2446.8209192912504
2446.8209192912504
2446.8209192912504
2446.8209192912504
2446.8209192912504
2446.2580835443364
2446.2580835443364
2446.2580835443364
2446.2580835443364
2446.2580835443364
2446.2580835443364
2446.2580835443364
2446.2580835443364
2446.2580835443364
10256.940502318213
4197.930735953964
2915.5949163814303
2621.0221051930866
2273.279504178661
2273.279504178661
2273.279504178661
2273.279504178661
2273.279504178661
2247.511839703344
2247.511839703344
2247.511839703344
2247.0701056280786
2245.0735175425157
2245.0735175425157
2245.0735175425157
2243.796979094902
2243.796979094902
2241.924773209293
2240.0962150168084
2240.0962150168084
2237.2220454848566
2237.2220454848566
2236.4112636816994
2236.4112636816994
2236.4112636816994
2236.4112636816994
2236.4112636816994
2236.4112636816994
2235.534215725652
2235.383622856788
2235.383622856788
2234.4918078212772
2234.4918078212772
2234.06404192287
2234.06404192287
2232.709603740684
2232.709603740684
2232.709603740684
2231.8454200611363
2231.8454200611363
2231.8454200611363
2231.8454200611363
2231.8007033987133
2231.8007033987133
2231.3361035058974
2231.3361035058974
2230.486351569695
2230.486351569695
2230.486351569695
2230.486351569695
2230.486351569695
2230.486351569695
2230.486351569695
2229.992288510998
2229.992288510998
2229.992288510998
2229.992288510998
2229.992288510998
2229.992288510998
2229.992288510998
2229.992288510998
2229.992288510998
10256.940502318213
3436.0514974113844
2602.191469568864
2602.191469568864
2602.191469568864
2556.347041561675
2481.0244569790793
2424.6645501178136
2372.620305079135
2372.620305079135
2372.620305079135
2372.620305079135
2372.620305079135
2371.9851742861792
2371.9851742861792
2367.8825746855246
2367.8825746855246
2361.6427422639317
2361.6427422639317
2361.6427422639317
2357.470669976471
2357.470669976471
2357.470669976471
2357.470669976471
2357.470669976471
2357.470669976471
2357.470669976471
2357.049199378384
2357.049199378384
2357.049199378384
2357.049199378384
2356.326190356354
2354.026713023872
2354.026713023872
2354.026713023872
2353.4383752597137
2353.4383752597137
2352.2756076155215
2352.2756076155215
2352.2756076155215
2351.154358008225
2351.154358008225
2351.154358008225
2351.154358008225
2351.154358008225
2350.399887770585
2350.399887770585
2350.399887770585
2350.399887770585
2350.399887770585
2350.399887770585
2350.2637639235236
2350.2637639235236
2350.2637639235236
2350.2637639235236
2350.2637639235236
2350.2637639235236
2350.2637639235236
2349.5198787656805
2349.5198787656805
2349.5198787656805
2349.5198787656805
2349.5198787656805
2349.5198787656805
2349.5198787656805
2349.364114083407
2349.364114083407
2349.364114083407
2349.344316150939
2349.344316150939
2349.344316150939
2349.242841475061
2349.242841475061
2349.242841475061
2349.242841475061
2349.242841475061
2349.242841475061
2349.242841475061
2349.242841475061
2349.242841475061
10256.940502318213
2996.270626157402
2996.270626157402
2642.4141550174863
2618.2895407300844
2357.345567397047
2289.8895767391505
2289.5602796654084
2289.5602796654084
2274.874168011553
2274.874168011553
2270.7638512426884
2263.2533628868923
2263.2533628868923
2263.2533628868923
2263.2533628868923
2258.0861788306893
2248.192157314822
2248.192157314822
2248.192157314822
2248.192157314822
2248.192157314822
2248.192157314822
2248.192157314822
2245.9487816667647
2245.9487816667647
2240.4879718691614
2240.4879718691614
2240.4879718691614
2240.4879718691614
2240.4879718691614
2240.199001349483
2239.87505693958
2239.87505693958
2239.87505693958
2239.87505693958
2239.87505693958
2239.6064241795425
2239.5899827997364
2239.4722249208976
2239.2775196638727
2239.2775196638727
2238.8591477403706
2238.317110031795
2238.043739345395
2237.573933339997
2237.573933339997
2236.5433958837175
2236.5433958837175
2236.5433958837175
2236.5433958837175
2236.3523246627974
2232.9541500737014
2232.9541500737014
2232.9541500737014
2232.9541500737014
2232.9541500737014
2232.9541500737014
2232.9541500737014
2232.9541500737014
2232.9541500737014
10256.940502318213
3608.1342672697037
2860.889418820158
2621.1444313446664
2621.1444313446664
2551.9254447473277
2423.345036255131
2395.825146407077
2395.825146407077
2361.5030369372403
2361.5030369372403
2361.5030369372403
2361.5030369372403
2361.5030369372403
2361.5030369372403
2361.5030369372403
2361.5030369372403
2361.5030369372403
2360.780056678017
2357.5398612357535
2357.5398612357535
2357.5398612357535
2356.734361483775
2353.7837554716234
2353.7837554716234
2353.684087724001
2353.684087724001
2352.26213625859
2352.26213625859
2352.26213625859
2352.26213625859
2352.26213625859
2352.26213625859
2352.26213625859
2352.26213625859
2352.26213625859
10256.940502318213
3935.861380117456
2846.28659529034
2374.049343710213
2374.049343710213
2374.049343710213
2290.871442486695
2283.2868300763525
2278.8659929813252
2278.8659929813252
2278.8659929813252
2273.0980925926515
2264.216498961987
2252.297912656878
2252.297912656878
2252.297912656878
2247.1726469942264
2247.1726469942264
2247.1726469942264
2247.1726469942264
2247.1726469942264
2247.1726469942264
2247.1726469942264
2247.1726469942264
2247.1726469942264
10256.940502318213
3305.0972610831413
2863.9902308412406
2548.126830256454
2380.413686053882
2292.9270681433973
2288.4943615799643
2274.94414858279
2271.1351541956055
2271.1351541956055
2263.837861441587
2242.8535002873987
2242.8535002873987
2242.8535002873987
2242.8535002873987
2242.8535002873987
2242.8535002873987
2242.8535002873987
2239.073212745548
2239.073212745548
2237.8451107576198
2237.8451107576198
2237.8451107576198
2237.330392494631
2237.330392494631
2237.330392494631
2236.75228021629
2236.75228021629
2236.688417629831
2236.688417629831
2236.688417629831
2236.576414792945
2236.576414792945
2233.52937190545
2233.52937190545
2233.52937190545
2233.52937190545
2233.2561486040568
2233.2561486040568
2233.1435185384153
2233.1435185384153
2232.767338065757
2232.6124097064335
2232.6124097064335
2232.6124097064335
