3854.9681341317482
2771.1191546485775
2771.1191546485775
2571.5670661376166
2571.5670661376166
2481.0361253372494
2396.736226515874
2396.736226515874
2369.8702817931517
2369.8702817931517
2369.8702817931517
2369.8702817931517
2365.7661838219847
2365.7661838219847
2365.7556146087895
2365.7556146087895
2357.966102024922
2357.966102024922
2357.966102024922
2357.966102024922
2357.966102024922
2357.966102024922
2353.9259842770166
2353.9259842770166
2353.9259842770166
2352.6836609561738
2352.6836609561738
2352.6836609561738
2352.6836609561738
2351.535749909017
2351.535749909017
2351.535749909017
2351.535749909017
2351.535749909017
2351.535749909017
2351.535749909017
2350.5431632153736
2350.5431632153736
2350.5431632153736
2350.5431632153736
2350.5431632153736
2350.5431632153736
2350.5431632153736
2350.5431632153736
2350.218506023163
2350.218506023163
2350.173790468874
2350.173790468874
2350.173790468874
2350.173790468874
2350.173790468874
2349.906608165473
2349.906608165473
2349.906608165473
2349.906608165473
2349.906608165473
2349.906608165473
2349.906608165473
2349.906608165473
2349.906608165473
15901.646585888338
3268.7804090709
2908.663967980071
2424.919572539673
2424.919572539673
2282.0208123768703
2282.0208123768703
2269.8028068224753
2269.8028068224753
2250.7898870568406
2244.2041956927605
2244.2041956927605
2244.2041956927605
2244.2041956927605
2244.2041956927605
2244.2041956927605
2244.2041956927605
2244.2041956927605
2244.2041956927605
2242.947084182854
2242.947084182854
2242.947084182854
2239.9496939882365
2239.9496939882365
2239.9496939882365
2239.9496939882365
2237.152077996627
2236.736197790861
2234.3039322638106
2234.3039322638106
2233.9371126854203
2232.9162425126215
2232.9162425126215
2229.6213597216483
2229.6213597216483
2229.6213597216483
2229.6213597216483
2228.5933442798464
2228.5933442798464
2228.3540732431875
2227.7436575347365
2227.7436575347365
2226.734069905182
2226.734069905182
2226.603746731519
2226.603746731519
2226.603746731519
2226.603746731519
2226.603746731519
2226.210514840407
2226.210514840407
2226.1874558009213
2226.1874558009213
2226.1215090511337
2226.1215090511337
2225.6241962024487
2225.237090721339
2225.237090721339
2224.446873204219
2224.446873204219
2224.446873204219
2224.446873204219
2224.446873204219
2224.446873204219
2224.446873204219
2224.3934134777382
2224.3934134777382
2223.801899037383
2223.801899037383
2223.801899037383
2223.7795703525026
2223.7795703525026
2223.7795703525026
2223.7795703525026
2223.7795703525026
2223.7795703525026
2223.7795703525026
2223.7795703525026
2223.7795703525026
15901.646585888338
4023.377071640736
2759.3251938263356
2454.729261436052
2334.3690728324286
2334.3690728324286
2281.209957980936
2281.209957980936
2278.6658669278313
2278.6658669278313
2278.6658669278313
2272.829202077335
2259.4005827381875
2253.794234598294
2247.9978354383716
2247.9978354383716
2247.9978354383716
2247.9978354383716
2247.9978354383716
2247.9978354383716
2238.1933416355937
2238.1933416355937
2238.1933416355937
2238.1933416355937
2238.1933416355937
2238.1933416355937
2238.1933416355937
2238.1933416355937
2238.029383005956
2236.851621259792
2236.11048575989
2234.9323432974993
2234.823097283885
2234.823097283885
2234.823097283885
2233.97972843673
2233.97972843673
2233.97972843673
2233.402053515797
2233.402053515797
2233.402053515797
2233.402053515797
2233.402053515797
2233.402053515797
2233.3699998827387
2233.2483546778712
2233.2483546778712
2232.5295109720087
2232.5295109720087
2232.5295109720087
2231.895617575008
2231.895617575008
2231.895617575008
2231.895617575008
2231.895617575008
2231.895617575008
2231.8551332568227
2231.8407986444317
2231.8407986444317
2231.8407986444317
2231.8407986444317
2231.8407986444317
2231.3198234908627
2231.3198234908627
2231.3198234908627
2231.3198234908627
2230.8028931378244
2230.8028931378244
2230.2603188876533
2230.2603188876533
2229.8965296188303
2229.8965296188303
2229.8965296188303
2229.8965296188303
2229.865115032209
2229.6763355445214
2229.6763355445214
2229.6763355445214
2229.6763355445214
2229.6763355445214
2229.6763355445214
2229.6763355445214
2229.6763355445214
2229.6763355445214
2229.45880536924
2229.45880536924
2229.45880536924
2229.45880536924
2229.45880536924
2229.45880536924
2229.45880536924
2229.45880536924
2229.45880536924
15901.646585888338
3514.3943519437244
2971.815385799957
2630.0117081525173
2487.6051479686093
2487.6051479686093
2448.3459477994056
2373.2610176431467
2373.2610176431467
2373.2610176431467
2366.2523128962284
2366.2523128962284
2366.2523128962284
2366.2523128962284
2358.353419079489
2358.353419079489
2358.353419079489
2353.337340821045
2353.337340821045
2353.337340821045
2353.337340821045
2353.337340821045
2349.47762568589
2349.47762568589
2349.47762568589
2349.47762568589
2349.47762568589
2348.3210483373164
2348.3210483373164
2348.0315445756505
2348.0315445756505
2348.0315445756505
2348.0315445756505
2348.0315445756505
2348.0315445756505
2348.0315445756505
2348.0315445756505
2348.0315445756505
15901.646585888338
2915.653053886409
2724.2620513244788
2587.428204271354
2587.428204271354
2382.6435125280655
2382.6435125280655
2276.8701041737436
2276.8701041737436
2268.335006237953
2249.227518021291
2248.5679634599996
2248.5679634599996
2248.5679634599996
2246.596343361975
2241.122264378098
2233.1336226389444
2233.1336226389444
2233.1336226389444
2233.1336226389444
2233.1336226389444
2233.1336226389444
2232.5179806067586
2232.5179806067586
2230.516383324214
2230.516383324214
2230.516383324214
2230.516383324214
2230.516383324214
2230.0021522118377
2230.0021522118377
2230.0021522118377
2230.0021522118377
2230.0021522118377
2230.0021522118377
2230.0021522118377
2230.0021522118377
2229.710933430334
2229.710933430334
2229.147203733303
2229.147203733303
2228.8698229475726
2228.8698229475726
2228.8698229475726
2228.8698229475726
2228.8698229475726
2228.8698229475726
2228.8698229475726
2228.710828208908
2228.710828208908
2228.2364225245237
2228.2364225245237
2228.2364225245237
2228.2364225245237
2228.2364225245237
2228.187354086904
2228.187354086904
2228.097272164476
2228.097272164476
2228.097272164476
2228.097272164476
2228.097272164476
2228.090582584625
2228.090582584625
2227.8590448983364
2227.8590448983364
2227.8590448983364
2227.8590448983364
2227.3888364177437
2227.3888364177437
2227.3888364177437
2227.3888364177437
2227.3888364177437
2227.3888364177437
2227.3888364177437
2227.274297500418
2227.274297500418
2227.274297500418
2227.1806042899807
2227.1806042899807
2227.150702855088
2227.150702855088
2227.150702855088
2227.150702855088
2227.150702855088
2227.150702855088
2227.150702855088
2227.150702855088
2227.150702855088
2226.919335662371
2226.919335662371
2226.919335662371
2226.7732352172375
2226.7732352172375
2226.7732352172375
2226.7732352172375
2226.7732352172375
2226.7732352172375
2226.7732352172375
2226.7732352172375
2226.7130088970334
2226.7130088970334
2226.7130088970334
2226.7130088970334
2226.7130088970334
2226.7130088970334
2226.7130088970334
2226.7130088970334
2226.7130088970334
15901.646585888338
3153.7076644791337
2934.8422997456732
2851.783631708954
2700.242602496254
2700.242602496254
2518.2784702323643
2518.2784702323643
2518.2784702323643
2464.7506951065793
2464.7506951065793
2464.7506951065793
2464.7506951065793
2464.7506951065793
2464.7506951065793
2463.1832852701837
2463.1832852701837
2463.1832852701837
2463.1832852701837
2461.471435003578
2461.471435003578
2461.471435003578
2456.5273405926396
2456.5273405926396
2456.5273405926396
2456.5273405926396
2456.5273405926396
2456.436083468151
2455.357046325698
2454.918489132462
2450.987069528021
2450.987069528021
2450.453722843533
2450.453722843533
2450.453722843533
2421.3001200722642
2295.3973777703845
2295.3973777703845
2262.586331263713
2250.9452022823907
2250.9452022823907
2242.537236003146
2242.537236003146
2242.537236003146
2240.872899504418
2240.872899504418
2240.7633997117005
2240.7633997117005
2238.972908500521
2238.972908500521
2238.6745467085716
2237.0597670303437
2237.0597670303437
2237.0597670303437
2236.140930345912
2236.140930345912
2236.140930345912
2235.6382422977886
2235.6382422977886
2234.697476728198
2234.697476728198
2234.697476728198
2234.697476728198
2234.00754902994
2233.9381099600223
2233.9381099600223
2233.5246171020476
2233.5246171020476
2233.5246171020476
2233.2544102260117
2232.96697816674
2232.8493459303736
2232.8493459303736
2232.8192707103476
2232.7966760187023
2232.7966760187023
2232.427944978219
2232.1085087247134
2232.1085087247134
2232.1085087247134
2232.1085087247134
2232.1085087247134
2232.1085087247134
2231.8518063095776
2231.8518063095776
2231.706002330814
2231.706002330814
2231.706002330814
2231.706002330814
2231.706002330814
2231.2357224516486
2231.2357224516486
2231.032386199179
2230.8162271433293
2230.8162271433293
2230.8162271433293
2230.7958455294406
2230.7958455294406
2230.7958455294406
2230.7958455294406
2230.7958455294406
2230.7685499566464
2230.7685499566464
2230.7685499566464
2230.6316820472293
2229.9298102437815
2229.9298102437815
2229.9298102437815
2229.9298102437815
2229.9298102437815
2229.9298102437815
2229.9298102437815
2229.9298102437815
2229.9298102437815
15901.646585888338
3692.059261046751
2972.345836291197
2782.714641622569
2782.714641622569
2696.645656595063
2696.645656595063
2696.645656595063
2657.7739890382904
2618.7660987900945
2618.7660987900945
2600.2728149023733
2584.86556192033
2584.86556192033
2584.3746617342254
2584.3746617342254
2582.074921526953
2582.074921526953
2580.7544998107414
2580.7544998107414
2579.674282164903
2579.674282164903
2576.5856162136624
2576.5856162136624
2575.2568489013233
2573.743021145401
2573.743021145401
2573.743021145401
2573.743021145401
2573.743021145401
2571.823496812421
2571.823496812421
2571.4202941933663
2571.4202941933663
2571.4202941933663
2570.4281118054473
2570.4281118054473
2570.4281118054473
2569.354504027769
2569.354504027769
2569.354504027769
2569.149150694626
2569.149150694626
2569.149150694626
2568.2516419717913
2568.2516419717913
2568.2516419717913
2567.899707333896
2567.5170729730735
2567.5170729730735
2567.5170729730735
2566.55862120914
2566.55862120914
2566.55862120914
2566.55862120914
2566.55862120914
2566.0543329536004
2566.0543329536004
2566.0543329536004
2566.0543329536004
2566.0543329536004
2566.0543329536004
2566.0543329536004
2566.0543329536004
2566.0543329536004
15901.646585888338
3434.31253658002
2945.2808895290887
2691.2107094843473
2624.217504518209
2624.217504518209
2588.2943518231637
2581.3970546366277
2560.4570400931893
2560.4570400931893
2560.4570400931893
2554.0635576321974
2554.0635576321974
2552.557224435872
2549.962856010937
2549.962856010937
2549.962856010937
2380.06815042708
2380.06815042708
2380.06815042708
2380.06815042708
2372.4609748572802
2371.851517617121
2371.851517617121
2368.4499766628733
2361.364582582547
2361.364582582547
2359.992230042694
2357.711324510586
2357.711324510586
2357.711324510586
2357.711324510586
2357.711324510586
2357.711324510586
2355.6130161405436
2355.6130161405436
2355.6130161405436
2354.647551438196
2353.9508437721333
2352.7848968666085
2352.7848968666085
2352.1719372971074
2352.1719372971074
2352.1719372971074
2351.7075480812573
2351.7075480812573
2351.7075480812573
2351.7075480812573
2351.7075480812573
2351.489677307227
2351.101071871599
2351.101071871599
2351.0609867075086
2351.0609867075086
2351.0609867075086
2351.0609867075086
2351.0609867075086
2351.0609867075086
2351.0609867075086
2350.9487899487
2350.9487899487
2350.9024882503327
2350.802092421209
2350.1679139528997
2350.1679139528997
2350.1679139528997
2350.1679139528997
2350.0790449573733
2350.0790449573733
2350.0790449573733
2350.0790449573733
2349.651393096741
2349.651393096741
2349.651393096741
2349.651393096741
2349.651393096741
2349.651393096741
2349.651393096741
2349.651393096741
2349.651393096741
15901.646585888338
2915.0914225804145
2908.1377899823847
2751.5177075682145
2517.7272858870215
2517.7272858870215
2468.9071281325164
2468.9071281325164
2468.9071281325164
2468.9071281325164
2468.9071281325164
2467.9764045531037
2466.6257417930155
2464.1668924793985
2464.1668924793985
2457.1239884565543
2454.6768991518356
2454.6768991518356
2454.6768991518356
2454.37381012126
2454.37381012126
2450.9183446296797
2447.3268070384192
2447.3268070384192
2445.952112541691
2445.952112541691
2445.952112541691
2445.952112541691
2445.1200491718237
2445.1200491718237
2444.8256551926547
2444.8256551926547
2444.654841320769
2444.654841320769
2444.654841320769
2444.6342363077338
2444.6342363077338
2444.6342363077338
2443.8189471347946
2443.69519590612
2443.69519590612
2443.484792813863
2443.484792813863
2443.484792813863
2443.3943866408013
2443.3943866408013
2443.2410506560277
2443.2410506560277
2443.2410506560277
2443.2410506560277
2443.2410506560277
2443.2410506560277
2443.2410506560277
2442.816249767644
2442.816249767644
2442.638922725564
2442.638922725564
2442.638922725564
2442.5420901517446
2442.5420901517446
2442.336440916413
2442.336440916413
2442.170964520794
2442.170964520794
2442.170964520794
2442.170964520794
2442.170964520794
2442.170964520794
2442.170964520794
2442.170964520794
2442.170964520794
15901.646585888338
3536.38291729753
3150.193801778793
2735.475882616588
2735.475882616588
2622.8599290531884
2595.304706579464
2595.304706579464
2541.323640729412
2541.323640729412
2541.323640729412
2444.8613227572637
2420.816937186436
2420.816937186436
2420.816937186436
2399.135905118766
2372.0659301654764
2372.0659301654764
2372.0659301654764
2372.0659301654764
2364.3808495432263
2364.3808495432263
2364.3808495432263
2362.5879667933687
2361.1316957673016
2361.1316957673016
2358.880004843381
2358.880004843381
2358.208087778531
2358.208087778531
2358.208087778531
2358.208087778531
2356.490639071721
2356.490639071721
2356.490639071721
2356.490639071721
2354.8470223110285
2352.874631900238
2352.874631900238
2352.874631900238
2352.472569397997
2352.472569397997
2351.9326101218453
2351.9326101218453
2351.644641270488
2351.644641270488
2350.613663555689
2350.613663555689
2350.533074969779
2348.9518658956936
2348.9518658956936
2348.9518658956936
2348.9518658956936
2348.9518658956936
2347.4504560365335
2347.4504560365335
2347.4504560365335
2347.4504560365335
2347.4504560365335
2346.8896897506934
2346.520703670339
2346.3004369839414
2346.3004369839414
2346.3004369839414
2346.3004369839414
2345.855696477748
2345.855696477748
2345.855696477748
2345.170827302421
2345.170827302421
2345.170827302421
2344.8939542378744
2344.8939542378744
2344.8939542378744
2344.8939542378744
2344.7872967278763
2344.706365800996
2344.706365800996
2343.5441359422334
2343.4199563946636
2343.4199563946636
2343.4199563946636
2343.2612584938315
2343.0393795797772
2343.0393795797772
2343.0393795797772
2343.0393795797772
2343.0393795797772
2342.979050308936
2342.979050308936
2342.979050308936
2342.8403695983616
2342.6198184009363
2342.6198184009363
2342.6198184009363
2342.6198184009363
2342.6198184009363
2342.6198184009363
2342.4612277870356
2342.4612277870356
2342.002667415265
2342.002667415265
2342.002667415265
2342.002667415265
2342.002667415265
2342.002667415265
2342.002667415265
2342.002667415265
2342.002667415265
15901.646585888338
3697.459690091955
3109.740110512632
2591.146401373566
2555.064412251554
2555.064412251554
2555.064412251554
2555.064412251554
2537.6833454549997
2416.9750881273185
2416.9750881273185
2385.3261052430416
2385.3261052430416
2385.3261052430416
2371.6943071972196
2368.4696512398336
2368.4696512398336
2368.4696512398336
2368.4696512398336
2368.4696512398336
2368.4696512398336
2364.920579358103
2364.920579358103
2358.4914217135324
2358.4914217135324
2358.4914217135324
2358.4914217135324
2358.4914217135324
2358.4914217135324
2357.0496681873096
2356.984355981953
2356.984355981953
2356.6663647807295
2354.7903316585853
2354.7903316585853
2354.7903316585853
2353.855696239391
2353.855696239391
2352.898442772085
2352.3201894165377
2350.2229528183116
2350.2229528183116
2350.2229528183116
2350.2229528183116
2350.1494027825593
2350.1494027825593
2350.1494027825593
2350.1494027825593
2350.1494027825593
2350.1494027825593
2350.1494027825593
2349.855503098324
2348.586802170437
2348.526306374707
2348.082448880928
2348.082448880928
2348.082448880928
2347.914902517885
2347.914902517885
2347.914902517885
2347.863785622667
2347.863785622667
2347.863785622667
2347.8412188073817
2347.6138806227304
2347.6138806227304
2347.6138806227304
2347.6138806227304
2347.559785201748
2347.559785201748
2347.559785201748
2347.559785201748
2347.559785201748
2347.559785201748
2347.559785201748
2347.229582037328
2347.229582037328
2347.229582037328
2347.229582037328
2347.229582037328
2347.229582037328
2347.229582037328
2347.229582037328
2347.229582037328
15901.646585888338
3587.480005691681
2561.163458862501
2561.163458862501
2561.163458862501
2561.163458862501
2512.1826023462804
2512.1826023462804
2497.896975244284
2497.896975244284
2497.896975244284
2483.392616394755
2483.392616394755
2483.392616394755
2478.763021418794
2472.3956584584207
2472.3956584584207
2472.3956584584207
2472.3956584584207
2472.3956584584207
2469.9424570425113
2408.4234841577218
2408.4234841577218
2348.701127166254
2323.341826466049
2314.164859179104
2277.7318649234107
2277.7318649234107
2277.7318649234107
2277.7318649234107
2277.7318649234107
2277.7318649234107
2274.1091301716806
2274.1091301716806
2271.1046940619553
2268.227950123984
2249.944002498887
2249.944002498887
2249.944002498887
2249.944002498887
2249.944002498887
2249.944002498887
2249.944002498887
2249.944002498887
2248.7974605945874
2246.833389486566
2246.833389486566
2246.833389486566
2246.833389486566
2245.817892922654
2245.817892922654
2245.578974197724
2245.578974197724
2245.578974197724
2245.578974197724
2245.0372045051263
2244.7946852153254
2244.7946852153254
2244.51387833713
2244.345081258412
2244.2580115394676
2243.2539223218023
2242.2372229738867
2241.415566848807
2241.415566848807
2241.415566848807
2241.415566848807
2241.415566848807
2241.415566848807
2241.35211967647
2241.35211967647
2241.35211967647
2241.35211967647
2241.35211967647
2241.35211967647
2241.35211967647
2241.35211967647
2241.35211967647
2241.324311497672
2240.438111915259
2240.438111915259
2240.09480123364
2240.09480123364
2240.09480123364
2240.09480123364
2240.09480123364
2239.839644031966
2239.839644031966
2239.839644031966
2239.219012906667
2239.0824023500895
2239.0824023500895
2238.600826487814
2238.600826487814
2238.600826487814
2237.972024539902
2237.972024539902
2237.972024539902
2237.914112453379
