12179.829808137569
3321.308909058176
2705.082527182608
2559.2578949247863
2559.2578949247863
2489.707490593047
2489.707490593047
2489.707490593047
2475.9056819001635
2475.9056819001635
2475.9056819001635
2468.574532433922
2463.3454251874346
2463.3454251874346
2463.3454251874346
2463.3454251874346
2461.5051105978373
2460.9665522756295
2460.9665522756295
2460.9665522756295
2457.0201366074257
2457.0201366074257
2455.6970784901773
2455.6970784901773
2455.6970784901773
2452.8421754129354
2451.3291793996227
2451.3291793996227
2451.004601249483
2451.004601249483
2451.004601249483
2450.2732429350085
2448.2923629386282
2448.2923629386282
2448.2923629386282
2448.2923629386282
2448.2752583976503
2447.0985576743037
2447.0985576743037
2447.0985576743037
2447.0985576743037
2446.374645824065
2446.374645824065
2446.374645824065
2445.866646493054
2445.853992678644
2445.853992678644
2445.853992678644
2445.853992678644
2445.853992678644
2445.754830007974
2445.754830007974
2445.754830007974
2445.754830007974
2445.144393784059
2445.144393784059
2445.144393784059
2445.144393784059
2445.144393784059
2445.144393784059
2445.144393784059
2445.020613498032
2445.020613498032
2445.020613498032
2445.020613498032
2444.7342536277397
2444.7342536277397
2444.7342536277397
2444.7342536277397
2444.7342536277397
2444.7342536277397
2444.7342536277397
2444.5124684261546
2444.5124684261546
2443.8843815598766
2443.8843815598766
2443.8843815598766
2443.8843815598766
2443.8843815598766
2443.8843815598766
2443.8843815598766
2443.8843815598766
2443.401474309437
2443.401474309437
2443.401474309437
2443.401474309437
2443.401474309437
2443.3851444494567
2443.3851444494567
2443.3851444494567
2443.3851444494567
2443.3851444494567
2443.3851444494567
2443.3851444494567
2443.3851444494567
2443.3851444494567
30450.396051049916
12878.369434790693
3289.6784592016006
2848.322287112887
2635.2724854733397
2284.543012337893
2284.543012337893
2284.543012337893
2244.6249303724803
2244.6249303724803
2244.6249303724803
2244.6249303724803
2239.1690692744146
2234.9779745624605
2234.9779745624605
2234.9779745624605
2234.9779745624605
2234.317423458209
2234.317423458209
2234.317423458209
2231.1842423385633
2229.050223175429
2229.050223175429
2229.050223175429
2228.769542832487
2228.7298245224797
2228.7298245224797
2228.7298245224797
2228.3314811963446
2228.3314811963446
2227.8053442586956
2227.527947359313
2227.527947359313
2227.527947359313
2227.3568963360185
2227.3568963360185
2226.924673369395
2226.924673369395
2226.924673369395
2226.924673369395
2226.924673369395
2226.924673369395
2226.7125066033173
2226.7125066033173
2226.7125066033173
2226.663330038555
2226.663330038555
2226.663330038555
2226.277076549119
2226.277076549119
2226.277076549119
2226.277076549119
2225.867180145354
2225.867180145354
2225.7271788992803
2225.7271788992803
2225.7271788992803
2225.7271788992803
2225.7271788992803
2225.7271788992803
2225.7271788992803
2225.7271788992803
2225.7271788992803
30450.396051049916
6161.455808350725
3113.34890930026
2443.2274115416467
2327.0353009428995
2266.4705862697274
2247.482776890281
2247.482776890281
2247.482776890281
2247.482776890281
2247.482776890281
2247.482776890281
2238.425665509475
2236.489610966093
2235.8972390908643
2235.8972390908643
2235.8972390908643
2235.8972390908643
2235.8972390908643
2235.8972390908643
2235.8972390908643
2235.8972390908643
2234.0627957506094
2234.0627957506094
2232.3424200844256
2232.3424200844256
2232.3424200844256
2229.5915607123925
2229.5915607123925
2229.5915607123925
2229.5915607123925
2229.5915607123925
2229.0587422119065
2229.0587422119065
2228.388821680836
2228.388821680836
2228.388821680836
2227.319489152098
2227.319489152098
2227.0314703764857
2227.0314703764857
2227.0314703764857
2225.6665329746515
2225.6665329746515
2225.6665329746515
2225.6665329746515
2225.6665329746515
2225.6665329746515
2225.608704767552
2225.608704767552
2225.3167340686405
2225.3167340686405
2225.300981433826
2225.300981433826
2225.300981433826
2225.300981433826
2225.300981433826
2225.0760175018
2225.0760175018
2224.7144368778213
2224.608215082431
2224.608215082431
2224.608215082431
2224.5140883490703
2224.5140883490703
2224.5140883490703
2224.5140883490703
2224.5140883490703
2224.3313976331447
2224.045494027177
2224.045494027177
2224.045494027177
2223.9106256344153
2223.9106256344153
2223.76444598085
2223.76444598085
2223.5834381077393
2223.5834381077393
2223.358857738619
2223.358857738619
2223.358857738619
2223.358857738619
2223.358857738619
2223.358857738619
2223.358857738619
2223.358857738619
2223.358857738619
30450.396051049916
15634.07812864798
3213.5609958251366
2497.0235634331993
2318.704602777724
2318.704602777724
2266.3186936476473
2266.3186936476473
2266.3186936476473
2251.6215701894
2247.964653034458
2242.105178069401
2241.7443327185947
2241.7443327185947
2239.157065060018
2239.157065060018
2239.157065060018
2239.157065060018
2239.157065060018
2239.157065060018
2239.157065060018
2239.1472752710138
2239.1472752710138
2235.804232089746
2235.804232089746
2235.804232089746
2233.374759638248
2233.374759638248
2233.374759638248
2231.240375360222
2231.240375360222
2231.240375360222
2231.240375360222
2231.240375360222
2231.240375360222
2231.240375360222
2231.240375360222
2231.240375360222
30450.396051049916
5898.670790046599
3120.358878023204
2482.797254049502
2482.797254049502
2480.8311190502063
2346.858131444109
2290.098173893365
2265.107728558078
2258.4773016011854
2258.4773016011854
2258.4773016011854
2258.4773016011854
2241.2339967838684
2241.2339967838684
2241.2339967838684
2240.7091140023167
2240.7091140023167
2240.7091140023167
2239.6451150261896
2239.6451150261896
2239.6451150261896
2234.901268728012
2234.901268728012
2234.3102518161
2234.3102518161
2234.3102518161
2234.3102518161
2234.3102518161
2234.3102518161
2234.3102518161
2234.3102518161
2234.3102518161
30450.396051049916
14246.40717533906
3071.766995324406
2397.9031494564747
2297.027336154118
2234.1647591209808
2234.1647591209808
2234.1647591209808
2234.1647591209808
2234.1647591209808
2234.1647591209808
2234.1647591209808
2234.1647591209808
2234.1647591209808
30450.396051049916
9885.216910758489
3144.223991179514
2807.323177823053
2676.791346112829
2586.388061619081
2507.8092675736366
2482.712232819469
2482.712232819469
2482.712232819469
2482.712232819469
2472.140999444781
2471.889263240107
2470.782195940995
2463.207026779416
2458.189132877353
2457.1201776966827
2457.1201776966827
2455.426028120101
2455.426028120101
2455.426028120101
2449.0620865353385
2449.0620865353385
2449.0620865353385
2449.0620865353385
2449.0620865353385
2448.9420374357064
2447.5446123706524
2447.5446123706524
2447.5446123706524
2447.3700957721194
2447.3700957721194
2446.8491809560055
2446.8491809560055
2446.8491809560055
2446.6785796097734
2445.5776395824278
2445.0662960096706
2445.0662960096706
2445.0662960096706
2445.0662960096706
2444.7340601982264
2444.6838945325494
2444.387064748976
2444.387064748976
2444.387064748976
2393.3611429868156
2294.373411321706
2294.373411321706
2250.8048934218086
2250.8048934218086
2238.9665974415234
2238.0070648528085
2238.0070648528085
2235.4117431244795
2234.9908609906656
2234.9908609906656
2234.9908609906656
2231.64033125511
2229.71881380525
2229.71881380525
2229.71881380525
2229.71881380525
2229.71881380525
2229.5840401836576
2229.5840401836576
2229.3127570714432
2229.3127570714432
2229.2468506837727
2229.2468506837727
2229.2468506837727
2229.2468506837727
2228.705962651737
2228.705962651737
2228.367821778518
2228.367821778518
2228.192844587578
2228.192844587578
2228.192844587578
2228.192844587578
2228.192844587578
2227.9700859001337
2227.9700859001337
2227.9700859001337
2227.696238750703
2227.6469166990605
2227.6469166990605
2227.6469166990605
2227.6469166990605
2227.365209578332
2227.365209578332
2226.858848459714
2226.858848459714
2226.858848459714
2226.858848459714
2226.858848459714
2226.858848459714
2226.858848459714
2226.858848459714
2226.858848459714
30450.396051049916
9576.413562378912
2890.5537238534384
2789.4233425167417
2710.3284281957467
2709.011589654499
2709.011589654499
2709.011589654499
2673.156984222135
2568.9911690900517
2406.75538848192
2406.75538848192
2376.9489410263627
2376.9489410263627
2376.9489410263627
2376.9489410263627
2376.9489410263627
2369.438511017874
2362.366538890733
2360.9379707476696
2360.9379707476696
2360.9379707476696
2357.4886573998565
2357.4886573998565
2357.4886573998565
2356.44143496871
2356.44143496871
2356.44143496871
2354.72558091542
2352.7735760138385
2352.0999057406366
2351.5876653830287
2349.8931709062954
2349.8931709062954
2349.8931709062954
2349.8931709062954
2349.8931709062954
2349.8931709062954
2349.8931709062954
2349.8931709062954
2349.1819654013802
2349.1819654013802
2348.836680662882
2348.836680662882
2348.836680662882
2348.1589627973976
2348.1589627973976
2348.1589627973976
2348.1589627973976
2347.9030644681397
2347.9030644681397
2347.789578373795
2347.6868655874196
2346.9988916030343
2346.9988916030343
2346.9988916030343
2346.9988916030343
2346.9988916030343
2346.462193394906
2346.462193394906
2346.462193394906
2346.462193394906
2346.462193394906
2346.462193394906
2346.462193394906
2346.462193394906
2346.462193394906
30450.396051049916
12483.572070376378
2804.420751788448
2761.911676378565
2506.6586531744474
2506.6586531744474
2487.28213843121
2487.28213843121
2463.894373205257
2463.894373205257
2292.5760159833053
2292.5760159833053
2263.871167838868
2263.871167838868
2263.871167838868
2263.871167838868
2263.871167838868
2263.871167838868
2259.6143278872837
2257.1829514263563
2255.8510755164334
2250.770334702185
2250.770334702185
2250.3665435991124
2250.3665435991124
2249.5879978927
2249.5879978927
2249.5488047166236
2249.5488047166236
2249.5488047166236
2248.7107845590995
2248.7107845590995
2248.7107845590995
2248.4063917935728
2248.4063917935728
2248.4063917935728
2238.7333247104107
2238.7333247104107
2238.7333247104107
2236.7567366260173
2236.7567366260173
2236.7567366260173
2233.1588809600025
2231.288661620871
2231.288661620871
2231.288661620871
2231.0203235836316
2231.0203235836316
2231.0203235836316
2230.6426446273854
2230.3315109518785
2230.3315109518785
2229.7338900440595
2229.7338900440595
2228.597312179332
2228.597312179332
2228.597312179332
2228.597312179332
2226.864413033857
2226.864413033857
2226.864413033857
2226.864413033857
2226.5186311265543
2226.5186311265543
2226.5186311265543
2226.5186311265543
2226.499835678201
2225.59316500853
2225.59316500853
2225.384832669555
2225.384832669555
2225.384832669555
2225.384832669555
2225.3731326531897
2225.1534438651097
2225.1534438651097
2224.747813115146
2224.3629251283674
2224.3629251283674
2224.3629251283674
2224.3629251283674
2224.3629251283674
2224.3629251283674
2224.3629251283674
2224.3629251283674
2224.3629251283674
30450.396051049916
2694.6002777115377
2694.6002777115377
2407.3003234868183
2385.7996288582344
2385.7996288582344
2314.7202808752895
2297.604825375723
2270.2626123174146
2270.2626123174146
2270.2626123174146
2270.2626123174146
2270.2626123174146
2270.2626123174146
2265.376774497084
2265.376774497084
2262.990987323932
2243.960063558331
2242.3147084695424
2242.3147084695424
2240.3303979061534
2240.3303979061534
2238.613368201702
2238.613368201702
2236.677720885179
2236.677720885179
2236.3284552730515
2235.5190962131132
2235.2130335983024
2235.2130335983024
2234.3881103866374
2234.3881103866374
2234.3881103866374
2234.3881103866374
2233.791262151073
2232.524566515488
2232.524566515488
2232.524566515488
2231.6460254731087
2231.6460254731087
2231.6460254731087
2230.41999715589
2229.9354478188143
2229.9354478188143
2229.8060407808507
2229.8060407808507
2229.8060407808507
2229.8060407808507
2229.8060407808507
2229.8060407808507
2229.465813636408
2229.465813636408
2229.465813636408
2229.465813636408
2229.465813636408
2229.465813636408
2229.465813636408
2229.465813636408
2229.1779151998257
2229.1779151998257
2229.1779151998257
2229.1779151998257
2229.1779151998257
2229.1779151998257
2228.8440594252756
2228.7288528584663
2228.7288528584663
2228.7288528584663
2228.358279115899
2228.358279115899
2228.358279115899
2228.358279115899
2228.358279115899
2228.358279115899
2228.358279115899
2228.358279115899
2228.358279115899
2228.2033157458186
2228.2033157458186
2228.1433293137884
2228.1433293137884
2228.1433293137884
2228.1433293137884
2228.1433293137884
2228.1433293137884
2228.1433293137884
2228.1433293137884
2227.9473048459586
2227.9473048459586
2227.336883370215
2227.336883370215
2227.336883370215
2227.336883370215
2227.336883370215
2227.336883370215
2227.336883370215
2227.336883370215
2227.336883370215
30450.396051049916
2734.679059791353
2734.679059791353
2301.034176452806
2301.034176452806
2262.0470308983367
2262.0470308983367
2262.0470308983367
2262.0470308983367
2255.9334952331933
2255.9334952331933
2251.4914238585025
2251.4914238585025
2251.4914238585025
2239.633244755643
2239.633244755643
2239.633244755643
2239.633244755643
2239.633244755643
2239.4363550423323
2239.0747613109147
2238.57873976579
2237.848005925463
2236.7161587642067
2236.131421520422
2236.131421520422
2236.131421520422
2236.131421520422
2235.658020784411
2235.658020784411
2235.62087200889
2235.62087200889
2235.5467369764083
2235.5467369764083
2235.268386221142
2234.344234777871
2234.344234777871
2234.136911096223
2233.644727549966
2233.644727549966
2233.644727549966
2233.644727549966
2233.644727549966
2233.614427984444
2233.614427984444
2233.2802960504687
2233.1780760075953
2233.1780760075953
2233.1780760075953
2233.1780760075953
2233.1780760075953
2233.1780760075953
2233.1780760075953
2233.1780760075953
2232.689949421195
2232.689949421195
2232.689949421195
2232.689949421195
2232.430233331389
2232.430233331389
2232.430233331389
2232.430233331389
2232.430233331389
2232.430233331389
2232.430233331389
2232.430233331389
2232.430233331389
2232.2595348732775
2232.2595348732775
2232.1720418318755
2232.1720418318755
2232.1720418318755
2232.1720418318755
2232.1720418318755
2232.1720418318755
2232.1720418318755
2232.1720418318755
2231.880983744047
2231.880983744047
2231.574107755239
2231.574107755239
2231.574107755239
2231.574107755239
2231.574107755239
2231.574107755239
2231.574107755239
2231.4982907532876
2231.4982907532876
2231.4982907532876
2231.4982907532876
2231.4982907532876
2231.4982907532876
2231.4982907532876
2231.4982907532876
2231.4982907532876
2231.302961549712
2231.302961549712
2231.302961549712
2231.302961549712
2231.2897165369823
2231.2897165369823
2231.2897165369823
2231.0636617018113
2231.0636617018113
2231.0636617018113
2231.0636617018113
2230.880366749655
2230.880366749655
2230.880366749655
2230.880366749655
2230.880366749655
2230.880366749655
2230.880366749655
2230.880366749655
2230.880366749655
30450.396051049916
2600.0273664211363
2600.0273664211363
2301.300571458828
2301.300571458828
2301.300571458828
2285.4505546047253
2285.4505546047253
2285.4505546047253
2259.3888597823607
2259.3888597823607
2258.2002515427284
2257.9655439251983
2250.3559190939422
2247.5297727778698
2244.509844665201
2243.399195941514
2243.399195941514
2242.6557706880294
2241.4716475520436
2240.6581112038507
2240.6581112038507
2240.6581112038507
2239.918135633594
2239.918135633594
2239.918135633594
2239.2095771916943
2239.2095771916943
2239.2095771916943
2238.713031327205
2236.7944614241505
2235.75962088087
2235.75962088087
2235.044476671243
2235.044476671243
2235.044476671243
2235.044476671243
2233.353400374612
2233.353400374612
2233.353400374612
2232.8077455432167
2232.6698125234034
2232.6698125234034
2232.475892319271
2232.304766577984
2232.304766577984
2231.967769814649
2231.967769814649
2231.5023921481647
2231.5023921481647
2231.5023921481647
2231.3471203707245
2231.3471203707245
2231.3471203707245
2231.0181889678574
2231.0181889678574
2231.0181889678574
2231.0181889678574
2231.0181889678574
2231.0181889678574
2230.98813928729
2230.4617183190817
2230.4617183190817
2230.4617183190817
2230.4617183190817
2230.4617183190817
2230.4617183190817
2230.373979547212
2230.373979547212
2230.138315485359
2230.138315485359
2230.138315485359
2230.138315485359
2230.138315485359
2230.138315485359
2230.138315485359
2230.138315485359
2230.138315485359
30450.396051049916
2429.0979595539006
2429.0979595539006
2429.0979595539006
2406.606551243597
2299.607113210384
2299.607113210384
2299.607113210384
2272.490558888435
2249.263091747576
2249.263091747576
2249.263091747576
2249.263091747576
2249.263091747576
2243.463864309007
2243.463864309007
2242.4825729145955
2242.4825729145955
2242.4825729145955
2241.5960179405274
2241.5960179405274
2238.8125519335126
2238.8125519335126
2236.5226457199155
2236.5226457199155
2234.758164184587
2234.758164184587
2234.758164184587
2234.758164184587
2234.758164184587
2234.758164184587
2234.758164184587
2234.043015583932
2233.696891383032
2233.696891383032
2233.696891383032
2233.696891383032
2232.9693558136455
2232.9693558136455
2232.9693558136455
2232.9693558136455
2232.2385545816537
2232.2385545816537
2231.3101548669056
2231.3101548669056
2230.9900927299423
2230.916468626946
2230.916468626946
2230.6228833013975
2230.6228833013975
2230.6228833013975
2230.6228833013975
2230.3792141103186
2230.3792141103186
2230.3792141103186
2230.3792141103186
2230.3792141103186
2230.3792141103186
2230.3792141103186
2230.3792141103186
2230.304463873049
2230.304463873049
2230.1482949483398
2230.1482949483398
2230.1482949483398
2229.886196409582
2229.886196409582
2229.641272630751
2229.641272630751
2229.641272630751
2229.641272630751
2229.641272630751
2229.4169938875525
2229.4169938875525
2229.4169938875525
2229.3123766552035
2229.3123766552035
2229.251729981392
2229.251729981392
2229.251729981392
2229.251729981392
2229.251729981392
2229.251729981392
2229.251729981392
2229.2367588450124
2229.2367588450124
2229.2367588450124
2229.2367588450124
2229.018135867372
2229.018135867372
2229.018135867372
2229.018135867372
2229.018135867372
2229.018135867372
2229.018135867372
2229.018135867372
2229.018135867372
30450.396051049916
2836.182918951506
2836.182918951506
2655.08828979456
2516.8210707145404
2422.605077851366
2255.940000143908
2255.940000143908
2255.940000143908
2255.940000143908
2255.940000143908
2255.940000143908
2252.813642204824
2252.813642204824
2252.813642204824
2249.5661008764437
2248.6255951170037
2248.6255951170037
2248.6255951170037
2248.6255951170037
2248.6255951170037
2244.3376410783517
2243.2151160233243
2243.2151160233243
2243.2151160233243
2242.6554431092227
2242.6554431092227
2241.0863027746354
2239.9368681528686
