3012.556310713884
2878.1477922352888
2546.5244443871825
2546.5244443871825
2546.5244443871825
2546.5244443871825
2520.2735289693965
2499.606098754918
2499.606098754918
2484.4204553336467
2476.228262753369
2476.228262753369
2476.228262753369
2476.228262753369
2476.228262753369
2473.170718990617
2469.5903261564804
2469.5903261564804
2469.5903261564804
2469.3965699322025
2469.3965699322025
2469.3965699322025
2469.3965699322025
2469.075134084365
2467.3829538120317
2465.5130438450974
2465.5130438450974
2465.0592052199227
2465.0592052199227
2463.507477406253
2461.9319036692814
2461.9319036692814
2461.9319036692814
2461.9319036692814
2461.9319036692814
2461.9153210383397
2461.9153210383397
2461.595723467222
2460.158038824153
2460.158038824153
2460.158038824153
2460.158038824153
2459.787954483045
2459.787954483045
2459.787954483045
2459.787954483045
2459.4160093724936
2459.4160093724936
2459.4160093724936
2459.4160093724936
2459.4160093724936
2459.3884867009
2459.3884867009
2459.3884867009
2459.3884867009
2459.3884867009
2459.3884867009
2459.3884867009
2459.3884867009
2459.3884867009
3012.556310713884
2709.730100528224
2709.730100528224
2566.1743692371697
2320.8873605847793
2320.8873605847793
2260.0883979559394
2260.0883979559394
2260.0883979559394
2260.0883979559394
2259.925285768577
2259.925285768577
2252.925252820423
2252.925252820423
2252.925252820423
2252.925252820423
2252.925252820423
2251.2733939060577
2251.2733939060577
2251.2733939060577
2251.2733939060577
2251.2733939060577
2249.880658835876
2249.880658835876
2249.034487096556
2249.034487096556
2248.65826883118
2247.747320332884
2247.747320332884
2245.4622575671387
2245.4622575671387
2245.4622575671387
2245.4622575671387
2245.3800719819765
2245.3800719819765
2243.822456377829
2243.822456377829
2243.822456377829
2243.822456377829
2243.822456377829
2243.822456377829
2243.415982478949
2243.415982478949
2243.415982478949
2243.415982478949
2243.415982478949
2243.2690978265823
2243.2690978265823
2242.7571363522707
2242.7571363522707
2242.7571363522707
2242.7571363522707
2242.7571363522707
2242.7571363522707
2242.7571363522707
2242.334778246039
2242.334778246039
2242.334778246039
2242.334778246039
2242.334778246039
2242.334778246039
2242.334778246039
2242.334778246039
2242.334778246039
3012.556310713884
2926.5922527701937
2577.6057042685557
2577.6057042685557
2577.6057042685557
2303.792622154548
2303.792622154548
2276.816006634249
2273.9197930075925
2273.9197930075925
2273.9197930075925
2265.379810757989
2265.379810757989
2264.302061745659
2264.302061745659
2261.7341835856573
2261.7341835856573
2253.4149674781734
2253.4149674781734
2253.4149674781734
2253.4149674781734
2253.3684923496103
2250.8566575406808
2250.8566575406808
2250.8566575406808
2250.022351964227
2250.022351964227
2250.022351964227
2250.022351964227
2250.022351964227
2250.022351964227
2250.022351964227
2248.227183489427
2248.227183489427
2248.227183489427
2248.227183489427
2246.9180187076167
2246.9180187076167
2246.9180187076167
2246.3132453838525
2246.3132453838525
2245.451641595326
2245.451641595326
2244.750891833225
2244.750891833225
2244.750891833225
2244.2630622543143
2244.096654750749
2244.096654750749
2244.096654750749
2244.096654750749
2243.4956732725973
2243.4956732725973
2242.406428324072
2242.406428324072
2242.406428324072
2242.406428324072
2242.406428324072
2242.406428324072
2242.406428324072
2242.406428324072
2242.406428324072
3012.556310713884
2978.1401539677404
2835.9687340289533
2679.6184951492696
2567.988232071879
2302.208616082505
2302.208616082505
2251.063087022004
2251.063087022004
2251.063087022004
2251.063087022004
2251.063087022004
2251.063087022004
2251.063087022004
2251.063087022004
2251.063087022004
3012.556310713884
3012.556310713884
2953.897191045958
2484.8689997498846
2410.419889851098
2410.419889851098
2321.8053701079675
2258.3975416913463
2258.3975416913463
2258.3975416913463
2258.3975416913463
2258.3975416913463
2251.3831286240097
2244.9792105915467
2244.9792105915467
2244.9792105915467
2244.2237301541845
2244.2237301541845
2243.294841056111
2239.8088652261285
2235.312058389331
2235.312058389331
2235.312058389331
2234.80274253729
2234.80274253729
2234.80274253729
2234.80274253729
2234.80274253729
2234.074496279358
2234.074496279358
2233.2757349747862
2232.5373255084533
2232.5373255084533
2231.5009107670585
2230.667356499135
2229.4324852141453
2229.4324852141453
2229.4324852141453
2229.4324852141453
2228.1726200059875
2228.1726200059875
2228.1726200059875
2228.1726200059875
2227.4764655613094
2227.4764655613094
2227.0020029186753
2226.780032430735
2226.780032430735
2226.780032430735
2226.780032430735
2226.780032430735
2226.780032430735
2226.2963633716226
2226.2963633716226
2225.9976040110455
2225.9976040110455
2225.9976040110455
2225.9976040110455
2225.9976040110455
2225.4134876349603
2225.4134876349603
2225.4134876349603
2225.4134876349603
2225.27034348482
2225.017104049494
2225.017104049494
2225.017104049494
2225.017104049494
2224.778381398907
2224.778381398907
2224.778381398907
2224.5796929651165
2224.5796929651165
2224.5796929651165
2224.5796929651165
2224.500400500475
2224.500400500475
2224.500400500475
2224.500400500475
2224.500400500475
2224.500400500475
2224.500400500475
2224.500400500475
2224.500400500475
3012.556310713884
2675.5346605424047
2675.5346605424047
2675.5346605424047
2645.058848585648
2645.058848585648
2606.209575089411
2541.3629029059275
2533.779031869552
2474.57515246468
2474.57515246468
2474.57515246468
2474.57515246468
2474.57515246468
2311.7158175355444
2311.7158175355444
2280.506980490555
2280.506980490555
2280.506980490555
2280.506980490555
2267.9424443126045
2267.64220483284
2267.64220483284
2256.5524526171116
2256.5524526171116
2251.5388390166922
2251.5388390166922
2251.258294434412
2251.258294434412
2250.3634109702894
2250.3634109702894
2248.5739527300248
2248.5739527300248
2244.4968831931915
2244.4968831931915
2244.4968831931915
2235.0423016594896
2232.6568917192417
2232.6568917192417
2232.6568917192417
2232.2732137304224
2232.2732137304224
2231.2765199514133
2231.2765199514133
2230.2421798242353
2230.2421798242353
2228.942422244093
2228.942422244093
2227.6471150705884
2227.6471150705884
2227.3090393011094
2227.3090393011094
2227.3090393011094
2227.3090393011094
2227.3090393011094
2227.3090393011094
2227.16770752545
2227.16770752545
2227.16770752545
2226.6539127209344
2226.6539127209344
2226.6539127209344
2226.6539127209344
2226.6539127209344
2226.567632765242
2226.567632765242
2226.567632765242
2226.567632765242
2226.567632765242
2225.9982767811966
2225.9982767811966
2225.9982767811966
2225.9982767811966
2225.9982767811966
2225.9955424004534
2225.9955424004534
2225.9955424004534
2225.9955424004534
2225.9955424004534
2225.5306099166337
2225.5306099166337
2225.5306099166337
2225.5306099166337
2225.5306099166337
2225.5306099166337
2225.5306099166337
2225.5306099166337
2225.5306099166337
3012.556310713884
3012.556310713884
2898.638719971241
2460.377566703988
2460.377566703988
2328.7765530067354
2263.96612090023
2263.96612090023
2250.497639844411
2249.0118402863227
2249.0118402863227
2249.0118402863227
2243.1027359933637
2243.1027359933637
2238.4763343837762
2238.4763343837762
2238.4763343837762
2238.4763343837762
2236.279737884244
2236.279737884244
2235.804131723102
2235.804131723102
2235.804131723102
2233.2035443990244
2233.2035443990244
2230.9954697685625
2230.980507043313
2230.980507043313
2230.980507043313
2230.980507043313
2230.1823169051327
2230.1823169051327
2230.1823169051327
2229.7605022735333
2229.7605022735333
2228.549756771598
2228.549756771598
2227.6442365160156
2227.6442365160156
2227.6442365160156
2227.6442365160156
2227.6442365160156
2227.6442365160156
2227.626850663619
2227.626850663619
2227.210466460076
2227.210466460076
2227.210466460076
2226.8247955679985
2226.8247955679985
2226.8247955679985
2226.4663328597385
2226.4663328597385
2226.4663328597385
2226.4663328597385
2226.4663328597385
2226.4663328597385
2226.4663328597385
2226.4663328597385
2226.4663328597385
2226.3753232774097
2226.3753232774097
2226.3753232774097
2226.3753232774097
2226.3753232774097
2226.3753232774097
2226.3753232774097
2226.3753232774097
2226.3753232774097
3012.556310713884
2751.5436954568527
2751.5436954568527
2596.831198501824
2596.831198501824
2496.67719172479
2496.67719172479
2496.67719172479
2496.67719172479
2496.67719172479
2437.285342404057
2436.939220700072
2431.0531986397677
2415.4199527934807
2415.4199527934807
2404.9588636619133
2392.5502492458636
2392.222335944983
2392.222335944983
2392.222335944983
2392.222335944983
2381.030987671898
2378.8741248310575
2369.385337828552
2369.385337828552
2369.385337828552
2369.385337828552
2369.385337828552
2369.385337828552
2369.385337828552
2369.385337828552
2367.284735473982
2367.284735473982
2366.4860823738104
2366.4860823738104
2365.265323603362
2365.265323603362
2365.029071610561
2365.029071610561
2363.678115932067
2363.678115932067
2363.678115932067
2363.678115932067
2363.426837479044
2362.894290160742
2362.725172530525
2362.725172530525
2362.6406547191123
2361.6508565236973
2361.6508565236973
2361.333857640725
2361.333857640725
2361.333857640725
2361.0603367526282
2361.0603367526282
2360.414740641126
2360.412291754559
2360.279137748405
2360.279137748405
2360.279137748405
2360.279137748405
2360.1112999535203
2359.990416344971
2359.7225102051952
2359.7225102051952
2359.6826898236613
2359.6826898236613
2359.5104115575573
2358.820152857353
2358.820152857353
2358.5604480470924
2358.5604480470924
2358.5604480470924
2358.3322172808184
2358.3322172808184
2358.0976869140695
2358.0976869140695
2358.0976869140695
2358.0728781343973
2358.0728781343973
2358.058404311357
2358.058404311357
2358.058404311357
2358.058404311357
2358.058404311357
2358.058404311357
2357.9969462703584
2357.9969462703584
2357.872641451967
2357.872641451967
2357.872641451967
2357.872641451967
2357.872641451967
2357.721235868896
2357.721235868896
2357.721235868896
2357.719378085454
2357.719378085454
2357.7034901313255
2357.7034901313255
2357.679880908317
2357.679880908317
2357.679880908317
2357.679880908317
2357.679880908317
2357.679880908317
2357.4661137016574
2357.4181783212575
2357.4181783212575
2357.1926251166437
2357.1926251166437
2357.1926251166437
2357.1926251166437
2357.1926251166437
2357.1926251166437
2357.1926251166437
2357.1926251166437
2357.1926251166437
3012.556310713884
3012.556310713884
3011.265426705768
2712.880718434004
2360.2192165552774
2287.1738579583093
2287.1738579583093
2287.1738579583093
2252.8026823566133
2252.8026823566133
2252.8026823566133
2252.8026823566133
2252.8026823566133
2248.645302817875
2247.9004312487464
2242.9499746357783
2242.9499746357783
2240.346668134411
2239.7034295240855
2239.7034295240855
2238.8117611786997
2238.8117611786997
2237.3911896802283
2234.3128453487802
2234.3128453487802
2233.2499233247454
2233.2499233247454
2233.2499233247454
2233.2499233247454
2233.2499233247454
2233.2499233247454
2233.203939934252
2233.203939934252
2233.203939934252
2233.130684453942
2233.130684453942
2232.279749132351
2232.2795565116526
2232.2795565116526
2232.2795565116526
2232.2795565116526
2231.6635127115887
2231.6635127115887
2231.6635127115887
2231.6635127115887
2231.6635127115887
2231.6635127115887
2231.6635127115887
2231.5715457072747
2231.5715457072747
2231.5715457072747
2231.5715457072747
2231.5715457072747
2231.5715457072747
2231.5715457072747
2231.5715457072747
2231.5715457072747
3012.556310713884
2816.7578702418073
2709.019360795007
2592.182224926733
2512.8669309495076
2512.8669309495076
2512.8669309495076
2487.841466216558
2487.841466216558
2482.432544870646
2482.432544870646
2482.432544870646
2470.9249908289803
2470.9249908289803
2334.3313112779347
2334.3313112779347
2253.7165887110714
2253.7165887110714
2253.7165887110714
2253.7165887110714
2253.7165887110714
2246.5625712401447
2240.602956931066
2240.602956931066
2234.694567482178
2234.694567482178
2234.694567482178
2234.694567482178
2234.694567482178
2232.934861733081
2232.934861733081
2231.761167293295
2229.986476548099
2229.986476548099
2229.986476548099
2229.145480727964
2229.145480727964
2227.863817507864
2227.863817507864
2227.863817507864
2226.6378260045644
2226.6378260045644
2226.6378260045644
2226.6378260045644
2226.5371392038555
2226.5371392038555
2226.5371392038555
2226.5371392038555
2226.5371392038555
2226.1948445926428
2226.1948445926428
2226.1948445926428
2225.6750442571138
2225.6750442571138
2225.6750442571138
2225.6750442571138
2225.6750442571138
2225.6750442571138
2225.6750442571138
2225.384408600418
2225.384408600418
2225.28696768899
2225.28696768899
2224.7092790309557
2224.7092790309557
2224.7092790309557
2224.371880586482
2224.371880586482
2224.371880586482
2224.371880586482
2224.371880586482
2224.371880586482
2224.371880586482
2224.371880586482
2224.3627289471488
2224.3627289471488
2224.2187225444495
2224.2187225444495
2224.1042788879618
2224.1042788879618
2224.1042788879618
2224.1042788879618
2224.1042788879618
2224.1042788879618
2224.1042788879618
2224.1042788879618
2224.1042788879618
2223.8997580632476
2223.8997580632476
2223.8997580632476
2223.8997580632476
2223.8997580632476
2223.8997580632476
2223.8997580632476
2223.8997580632476
2223.8997580632476
3012.556310713884
3012.556310713884
2490.8796796410234
2334.140367497855
2334.140367497855
2287.8097661666034
2285.630484966625
2265.007267873058
2265.007267873058
2265.007267873058
2264.189872655056
2261.3195297453535
2261.3195297453535
2250.129616129158
2250.129616129158
2243.9363789280073
2243.9363789280073
2239.6730300216723
2239.6730300216723
2239.6730300216723
2239.6730300216723
2238.2781584223526
2238.1759302991522
2238.1759302991522
2236.146270976107
2235.467433050306
2235.0080166553316
2235.0080166553316
2235.0080166553316
2235.0080166553316
2235.0080166553316
2235.0080166553316
2235.0080166553316
2235.0080166553316
2233.818911960003
2233.818911960003
2233.285723882019
2233.285723882019
2233.285723882019
2233.285723882019
2230.8898504721496
2230.8898504721496
2230.8898504721496
2230.8898504721496
2230.8898504721496
2230.170457742115
2230.170457742115
2229.7071892528206
2229.7071892528206
2229.7071892528206
2229.7071892528206
2229.7071892528206
2229.5573748877177
2229.5573748877177
2229.1813418051674
2228.6043551829143
2228.6043551829143
2228.6043551829143
2228.6043551829143
2228.6043551829143
2228.6043551829143
2228.6043551829143
2228.6043551829143
2228.6043551829143
3012.556310713884
3012.556310713884
2849.0034574564584
2427.9629678244823
2269.0091069324853
2258.2186727527815
2258.2186727527815
2258.2186727527815
2258.2186727527815
2258.2186727527815
2253.6504392697148
2241.3834359306447
2239.9033650037777
2239.9033650037777
2235.86216593457
2231.5815159403023
2231.5815159403023
2231.5815159403023
2231.5815159403023
2231.0309504127017
2230.3265481092176
2230.3265481092176
2229.0432566992286
2229.0432566992286
2227.573075529006
2227.573075529006
2227.4141165067504
2227.013518476841
2227.013518476841
2227.013518476841
2226.652832682348
2226.652832682348
2226.4152538803733
2226.4152538803733
2226.4152538803733
2226.4152538803733
2226.4152538803733
2226.4152538803733
2226.4152538803733
2226.4152538803733
2226.4152538803733
3012.556310713884
3012.556310713884
2840.539749601928
2782.3439833588573
2653.899860053325
2653.899860053325
2509.389246246659
2509.389246246659
2475.765392730461
2475.765392730461
2475.765392730461
2469.634105221423
2469.634105221423
2469.634105221423
2464.3962846353297
2464.3962846353297
2464.3962846353297
2464.3962846353297
2464.3962846353297
2464.3962846353297
2464.3962846353297
2464.3962846353297
2463.910500386616
2310.359024250651
2248.8856688773017
2248.8856688773017
2248.8856688773017
2247.6375371366516
2247.6375371366516
2244.1632413307784
2244.1632413307784
2243.4710504105615
2239.2018623927547
2238.0223030649304
2238.0223030649304
2236.2570022461255
2234.8686808325647
2234.8686808325647
2234.8686808325647
2234.8686808325647
2232.430591436586
2230.8713125002223
2230.8713125002223
2230.57022521425
2230.57022521425
2230.57022521425
2230.1934890376224
2230.1934890376224
2230.1418930465547
2229.8589228538117
2229.8589228538117
2229.1886551836933
2229.1886551836933
2228.7702036017577
2228.7702036017577
2228.5746309835336
2228.421728012112
2228.421728012112
2227.8507815746525
2227.8507815746525
2227.03606238584
2227.03606238584
2226.850391696644
2226.6611224588996
2226.6611224588996
2226.6611224588996
2226.488649254759
2226.3960573603795
2226.3960573603795
2226.3960573603795
2226.3960573603795
2226.3960573603795
2226.3960573603795
2226.3960573603795
2226.3960573603795
2226.3960573603795
3012.556310713884
2986.6380889295556
2885.598726018119
2885.598726018119
2759.5846605374118
2447.394768632516
2416.2766938289533
2416.2766938289533
2385.8329514014054
2385.8329514014054
2373.323014486875
2373.323014486875
2373.323014486875
2373.323014486875
2370.7133565822214
2370.7133565822214
2370.7133565822214
2370.7133565822214
2370.7133565822214
2370.626773378762
2370.626773378762
2370.626773378762
2369.876688104934
2369.876688104934
2369.544023718773
2369.544023718773
2369.544023718773
2369.544023718773
2369.544023718773
2368.0123484786745
2366.8772351635407
2366.8772351635407
2366.8772351635407
2366.234100230079
2366.234100230079
2366.234100230079
2366.234100230079
2365.9790560711417
2365.9790560711417
2365.6039378442665
2365.6039378442665
2365.6039378442665
2365.6039378442665
2365.6039378442665
2365.6039378442665
2365.6039378442665
2365.6039378442665
2365.434800228483
2365.434800228483
2365.137534346961
2365.137534346961
2365.137534346961
2364.4651503869927
2364.4651503869927
2364.4651503869927
2364.4651503869927
2364.4651503869927
2364.1762666667023
2363.1009159223445
2363.1009159223445
2361.7117301085304
2361.7117301085304
2361.7117301085304
2361.7117301085304
2361.7117301085304
2361.7117301085304
2361.7117301085304
2361.7117301085304
2361.7117301085304
3012.556310713884
2786.3749678142244
2573.8032820250587
2573.8032820250587
2394.2329466759843
2394.2329466759843
2320.254556732628
2320.254556732628
2320.254556732628
2320.254556732628
2306.9694224778978
2262.225046121009
2262.225046121009
2259.2218193047825
2259.2218193047825
2258.076522921822
2258.076522921822
2248.5426127582614
2248.5426127582614
2247.503652576028
2247.503652576028
2242.2562264193907
2242.2562264193907
2242.2562264193907
2242.2562264193907
2242.2562264193907
2242.2562264193907
2242.2562264193907
2238.4287315954757
2238.4287315954757
2238.4287315954757
2238.4287315954757
2238.4287315954757
2238.3554665796923
2238.3554665796923
2238.3554665796923
2238.3554665796923
