2642.3744195005293
2638.4594773098806
2513.334318784569
2513.334318784569
2513.334318784569
2396.2767735457146
2382.024313696659
2376.878613354512
2376.878613354512
2375.5491114494216
2375.5491114494216
2375.5491114494216
2375.5491114494216
2375.5491114494216
2375.5491114494216
2375.4300506607347
2370.724811743681
2370.724811743681
2370.724811743681
2370.724811743681
2368.383024864008
2368.383024864008
2368.383024864008
2365.586184361044
2362.2976890359805
2360.125362000748
2359.6773098336103
2359.6773098336103
2359.6773098336103
2357.8338278928345
2357.1715694562777
2357.1715694562777
2357.1715694562777
2357.1715694562777
2357.1715694562777
2355.18225987805
2355.18225987805
2355.18225987805
2355.18225987805
2354.8168547105224
2354.8168547105224
2354.8168547105224
2354.7260934325427
2353.0394733664903
2353.0394733664903
2353.0394733664903
2352.2494142641654
2352.2494142641654
2351.56460784693
2351.56460784693
2351.56460784693
2351.56460784693
2351.56460784693
2351.56460784693
2351.56460784693
2351.56460784693
2351.56460784693
2351.2732607729718
2351.2732607729718
2351.2732607729718
2351.2732607729718
2351.2732607729718
2351.2732607729718
2351.2732607729718
2351.2732607729718
2351.2732607729718
2351.221728918943
2351.149746277887
2351.149746277887
2351.149746277887
2350.9297073806556
2350.9297073806556
2350.9297073806556
2350.9297073806556
2350.9297073806556
2350.9297073806556
2350.5762244749753
2350.5762244749753
2350.5762244749753
2350.5762244749753
2350.380772454265
2350.380772454265
2350.380772454265
2350.380772454265
2350.380772454265
2350.380772454265
2350.380772454265
2350.3665452984383
2350.3665452984383
2350.3665452984383
2350.1173420462405
2350.1173420462405
2349.9295733403183
2349.9295733403183
2349.9295733403183
2349.9295733403183
2349.9295733403183
2349.9295733403183
2349.9295733403183
2349.9295733403183
2349.5775546189107
2349.5775546189107
2349.5775546189107
2349.5775546189107
2349.5775546189107
2349.5775546189107
2349.5775546189107
2349.5775546189107
2349.5775546189107
2642.3744195005293
2642.3744195005293
2634.749036772713
2632.563995561908
2494.456034859663
2494.456034859663
2404.532319200096
2404.532319200096
2389.7146378930374
2389.7146378930374
2389.7146378930374
2389.7146378930374
2383.735744768872
2375.7189328508484
2367.7042982564344
2367.7042982564344
2367.7042982564344
2367.7042982564344
2367.7042982564344
2367.7042982564344
2367.391561140203
2366.776488338222
2364.0683633147974
2364.0683633147974
2362.5378464913583
2362.5378464913583
2359.8217391405005
2359.8217391405005
2357.74502240526
2356.081131766251
2356.081131766251
2356.081131766251
2356.081131766251
2355.8311861503917
2355.8311861503917
2355.6097965179088
2355.6097965179088
2355.6097965179088
2355.6097965179088
2353.6375138642807
2353.4404439326304
2353.4404439326304
2353.4404439326304
2352.446735508624
2352.446735508624
2352.446735508624
2352.446735508624
2352.446735508624
2352.446735508624
2352.446735508624
2352.446735508624
2352.446735508624
2352.2816143517866
2352.2816143517866
2352.2816143517866
2352.2816143517866
2352.2816143517866
2352.2816143517866
2352.27241282127
2352.27241282127
2352.27241282127
2352.27241282127
2352.27241282127
2352.241796812158
2352.241796812158
2351.785764550051
2351.785764550051
2351.218337649784
2351.218337649784
2351.1982636960324
2350.9633803314455
2350.9633803314455
2350.9633803314455
2350.9633803314455
2350.9633803314455
2350.9633803314455
2350.9633803314455
2350.9633803314455
2350.9633803314455
2350.876062819578
2350.876062819578
2350.6795099250658
2350.6795099250658
2350.6795099250658
2350.6795099250658
2350.6795099250658
2350.6795099250658
2350.6795099250658
2350.6795099250658
2350.6795099250658
12679.926938853621
5376.051071285542
3017.39162755331
2661.2018194762827
2392.6482305701666
2392.6482305701666
2378.4375430259634
2378.4375430259634
2378.4375430259634
2364.1841537970404
2364.1841537970404
2364.1841537970404
2364.1841537970404
2364.1841537970404
2363.164235992487
2363.164235992487
2363.164235992487
2359.0973266421706
2357.216996995663
2357.216996995663
2355.3829659682915
2354.970152500618
2353.261853136838
2353.261853136838
2352.321744961465
2352.2523904953823
2352.1879169882636
2352.1879169882636
2351.74801463437
2351.1319384046683
2350.424579032633
2350.424579032633
2350.190416105195
2350.190416105195
2350.111671531397
2348.965850427374
2348.965850427374
2348.6172597769155
2348.3144330138543
2348.3144330138543
2348.3144330138543
2348.081914597103
2347.3258442481374
2347.3258442481374
2347.3258442481374
2347.3258442481374
2347.3258442481374
2347.3258442481374
2347.3258442481374
2346.7566461890706
2346.7566461890706
2346.7566461890706
2346.7566461890706
2346.7566461890706
2346.7566461890706
2346.7566461890706
2346.7566461890706
2346.7566461890706
12679.926938853621
5060.429731093618
3040.735013817365
2871.5249212566623
2345.147705061135
2312.2970502140347
2312.2970502140347
2312.2970502140347
2259.5588616889895
2259.0774682381134
2259.0774682381134
2259.0774682381134
2256.9285725201553
2256.9285725201553
2251.151632040163
2251.151632040163
2250.8065097835065
2239.687865796683
2239.687865796683
2237.713878975745
2237.713878975745
2237.713878975745
2237.357506043105
2235.9974451186
2235.9974451186
2233.9707750182993
2233.9707750182993
2233.9707750182993
2233.9707750182993
2233.9707750182993
2233.430580957277
2233.430580957277
2233.430580957277
2233.430580957277
2233.430580957277
2233.430580957277
2233.430580957277
2233.430580957277
2233.430580957277
12679.926938853621
6307.72956410613
3029.5167738834093
2780.7611066712598
2722.6158634436792
2600.501833021692
2595.8606142434087
2568.2146977027555
2561.466470732102
2461.9089763281195
2380.8446321932965
2380.8446321932965
2380.8446321932965
2368.723585011093
2368.723585011093
2368.723585011093
2368.723585011093
2368.723585011093
2363.702228338641
2363.702228338641
2363.702228338641
2358.2192786238534
2358.2192786238534
2358.2192786238534
2358.2192786238534
2358.2192786238534
2358.2192786238534
2358.1809283503617
2357.7621228634835
2357.0099428174435
2357.0099428174435
2356.2462754382273
2356.2462754382273
2356.2462754382273
2356.2462754382273
2356.2462754382273
2355.452040940014
2355.452040940014
2355.452040940014
2355.452040940014
2355.452040940014
2355.452040940014
2355.452040940014
2355.452040940014
2355.042967904581
2354.0155569432764
2354.0155569432764
2354.0155569432764
2354.0155569432764
2354.0155569432764
2353.997404607607
2353.997404607607
2353.997404607607
2353.997404607607
2353.997404607607
2353.997404607607
2353.884466499003
2353.750989578881
2353.132040489876
2353.132040489876
2353.132040489876
2353.132040489876
2352.4901334949514
2352.4901334949514
2352.4806574764425
2352.4806574764425
2352.4806574764425
2352.4806574764425
2352.4333910632395
2352.0556009098677
2352.0556009098677
2351.9959078055963
2351.9959078055963
2351.9959078055963
2351.9959078055963
2351.9631669998726
2351.9631669998726
2351.9631669998726
2351.940355231665
2351.940355231665
2351.780179896684
2351.780179896684
2351.780179896684
2351.780179896684
2351.5276143637006
2351.5276143637006
2351.5276143637006
2351.5276143637006
2351.5276143637006
2351.5276143637006
2351.5276143637006
2351.5276143637006
2351.5276143637006
12679.926938853621
5921.884984132619
3832.5597629660347
2963.2229801823555
2801.5139433262793
2612.556389737937
2605.978980717427
2605.978980717427
2594.3653903433906
2587.71734125539
2587.71734125539
2587.71734125539
2587.71734125539
2587.71734125539
2587.71734125539
2587.71734125539
2584.4605832070247
2582.8121291679754
2575.6576967269984
2575.6576967269984
2575.6576967269984
2575.027677670101
2572.0125806076894
2572.0125806076894
2572.0125806076894
2572.0125806076894
2572.0125806076894
2572.0125806076894
2572.0125806076894
2572.0125806076894
2570.855875183075
2570.618984336638
2568.895276613788
2568.895276613788
2568.3925090314824
2568.3925090314824
2568.3925090314824
2568.3925090314824
2568.3925090314824
2568.3925090314824
2568.3925090314824
2568.2828992607947
2568.0650380037223
2568.0650380037223
2568.0650380037223
2568.0650380037223
2568.0650380037223
2567.828803803759
2567.828803803759
2567.828803803759
2566.9795362057876
2566.9795362057876
2566.9795362057876
2566.9795362057876
2566.9795362057876
2566.9795362057876
2566.9795362057876
2566.9795362057876
2566.9795362057876
12679.926938853621
5041.159964059548
3497.0962329582526
2836.7561792573024
2611.5487533562978
2437.9222314571525
2437.9222314571525
2395.1849851159986
2395.1849851159986
2377.0768351475226
2376.4198054773196
2376.4198054773196
2376.4198054773196
2376.4198054773196
2376.4198054773196
2376.4198054773196
2373.614480813324
2373.614480813324
2372.6244120165065
2360.789323955014
2360.789323955014
2360.789323955014
2360.789323955014
2360.789323955014
2360.789323955014
2360.789323955014
2360.141829887824
2360.141829887824
2360.141829887824
2360.141829887824
2357.4533618534642
2352.850488422571
2352.850488422571
2352.850488422571
2352.850488422571
2352.850488422571
2352.850488422571
2352.850488422571
2352.850488422571
2352.850488422571
12679.926938853621
5887.391257942545
2734.4564228789486
2720.1318231154655
2625.281335808022
2550.2322295859826
2407.138878993629
2407.138878993629
2407.138878993629
2407.138878993629
2407.138878993629
2393.4832350848887
2383.2247188818615
2383.2247188818615
2383.2247188818615
2369.4856033359933
2369.4856033359933
2363.4819108960382
2363.4819108960382
2363.4819108960382
2363.4819108960382
2362.033358013037
2362.033358013037
2361.613815845673
2359.5988690450617
2359.5988690450617
2359.5988690450617
2358.4780347890355
2356.644124767794
2356.644124767794
2354.6448872824776
2354.6448872824776
2354.6448872824776
2354.6448872824776
2354.6448872824776
2354.6448872824776
2354.6448872824776
2354.6448872824776
2354.6448872824776
12679.926938853621
6068.928510561471
3180.484417564362
2978.904147665758
2844.146149898857
2625.22214423705
2625.22214423705
2590.0947574722413
2590.0947574722413
2590.0947574722413
2590.0947574722413
2590.0947574722413
2585.3191823381303
2585.3191823381303
2585.3191823381303
2579.658059554883
2579.658059554883
2579.658059554883
2574.1979495087116
2574.1979495087116
2574.1979495087116
2574.1979495087116
2574.1979495087116
2572.5928952310337
2570.777674057119
2570.777674057119
2570.777674057119
2570.777674057119
2570.777674057119
2570.777674057119
2570.777674057119
2570.7302248330757
2570.1398161158213
2569.3218062226174
2568.410624649683
2568.410624649683
2566.509823654508
2566.509823654508
2566.509823654508
2566.509823654508
2566.509823654508
2566.4572582549054
2566.4572582549054
2565.957522131325
2565.684781436962
2565.684781436962
2565.684781436962
2565.2360146419023
2565.2360146419023
2565.2360146419023
2565.2360146419023
2564.5449546305736
2564.5449546305736
2564.474326842016
2564.474326842016
2564.474326842016
2564.4686697192287
2564.4686697192287
2564.2630698639246
2564.2630698639246
2564.2630698639246
2564.2630698639246
2564.2630698639246
2564.2630698639246
2564.2630698639246
2564.2630698639246
2564.235784029467
2564.235784029467
2564.235784029467
2564.235784029467
2564.235784029467
2564.235784029467
2564.235784029467
2564.235784029467
2564.235784029467
2563.9716767060754
2563.9716767060754
2563.9716767060754
2563.9716767060754
2563.7637513609075
2563.7637513609075
2563.7637513609075
2563.7637513609075
2563.7637513609075
2563.7637513609075
2563.7637513609075
2563.7637513609075
2563.7637513609075
12679.926938853621
5641.044410902391
3196.0485991383484
2495.6115356647197
2495.6115356647197
2397.3474044320837
2397.3474044320837
2397.3474044320837
2397.3474044320837
2394.184154305698
2367.02874070669
2367.02874070669
2367.02874070669
2364.4411460020165
2359.975770827712
2359.975770827712
2359.975770827712
2359.782748894243
2359.782748894243
2357.4452414929074
2357.4452414929074
2356.4164675063453
2356.4164675063453
2356.4164675063453
2353.688954830279
2353.4703339218477
2353.4703339218477
2353.4703339218477
2352.7603798014743
2351.779174865657
2351.779174865657
2351.7210181541686
2351.7210181541686
2351.7210181541686
2351.053406857535
2350.7409089646567
2350.435502126815
2350.0693451386205
2350.0693451386205
2350.0693451386205
2350.0693451386205
2349.566018386967
2349.566018386967
2348.7440381144793
2348.7440381144793
2347.6708609509706
2347.6708609509706
2347.6708609509706
2347.2704041116717
2347.2704041116717
2347.2704041116717
2346.67078146163
2346.67078146163
2346.67078146163
2346.67078146163
2346.67078146163
2346.67078146163
2346.67078146163
2346.4916680595775
2346.4916680595775
2346.4916680595775
2346.4916680595775
2346.0792851832
2346.0792851832
2345.9428612840443
2345.9428612840443
2345.9065186055423
2345.9065186055423
2345.9065186055423
2345.9065186055423
2345.9065186055423
2345.9065186055423
2345.9065186055423
2345.9065186055423
2345.672208324255
2345.672208324255
2345.672208324255
2345.672208324255
2345.672208324255
2345.672208324255
2345.672208324255
2345.672208324255
2345.672208324255
12679.926938853621
4745.367480355471
2908.8753772449168
2663.077341883209
2660.3868010438723
2616.1540959299286
2420.1673840378717
2386.6912939116633
2386.6912939116633
2386.6912939116633
2386.6912939116633
2375.5271489873207
2363.6630441768243
2359.014871821729
2359.014871821729
2359.014871821729
2359.014871821729
2359.014871821729
2359.014871821729
2353.3557510659557
2353.3557510659557
2353.3557510659557
2353.3557510659557
2353.3557510659557
2353.3557510659557
2353.3557510659557
2350.368230540369
2350.368230540369
2350.368230540369
2349.7848929959
2349.7848929959
2349.7333788172073
2349.7333788172073
2349.7333788172073
2349.307650382846
2349.307650382846
2349.307650382846
2348.337413201698
2348.337413201698
2347.8876985990296
2347.8876985990296
2347.8876985990296
2347.8876985990296
2347.8876985990296
2346.836254861578
2346.836254861578
2346.836254861578
2346.836254861578
2346.836254861578
2346.836254861578
2346.836254861578
2346.0481627651416
2346.0481627651416
2346.0481627651416
2346.0481627651416
2346.0481627651416
2346.0481627651416
2346.046349361474
2346.046349361474
2346.046349361474
2346.046349361474
2345.7879599463927
2345.7879599463927
2345.7879599463927
2345.7879599463927
2345.7879599463927
2345.7879599463927
2345.7879599463927
2345.7879599463927
2345.7667703229763
2345.7667703229763
2345.7667703229763
2345.7667703229763
2345.7667703229763
2345.7667703229763
2345.7667703229763
2345.7667703229763
2345.7667703229763
12679.926938853621
5342.339541442772
3198.041591322882
2842.7976102091143
2458.901850188386
2434.089724942548
2434.089724942548
2401.540537367312
2398.420524008654
2371.799625165685
2371.799625165685
2371.799625165685
2371.799625165685
2371.799625165685
2371.799625165685
2371.799625165685
2371.799625165685
2371.799625165685
2370.7952439025057
2369.835996584503
2367.244078122257
2367.244078122257
2367.244078122257
2367.244078122257
2367.244078122257
2367.244078122257
2366.877089043925
2366.7578035779056
2366.7578035779056
2366.7578035779056
2366.7578035779056
2362.7330605797306
2362.7330605797306
2361.9987882458836
2361.9987882458836
2361.9987882458836
2361.9987882458836
2361.9987882458836
2360.1541393344146
2359.496809085539
2359.496809085539
2359.496809085539
2359.496809085539
2359.496809085539
2358.4662748916257
2358.4662748916257
2355.101156820358
2355.101156820358
2355.101156820358
2355.101156820358
2355.101156820358
2355.101156820358
2355.101156820358
2355.101156820358
2355.101156820358
12679.926938853621
5864.063502433001
3315.961746977685
2987.0324837530043
2843.763001086502
2382.043681332966
2366.172838534479
2366.172838534479
2366.172838534479
2366.172838534479
2366.172838534479
2366.172838534479
2366.117200342397
2361.64130004686
2360.5613978095607
2360.5613978095607
2360.5613978095607
2357.345486210691
2355.9837123092784
2355.9837123092784
2355.9837123092784
2355.9837123092784
2355.9837123092784
2355.9837123092784
2354.084440669898
2354.084440669898
2353.120702492044
2351.7330613870536
2351.7330613870536
2351.7330613870536
2351.7330613870536
2351.7330613870536
2351.3470224601065
2351.3470224601065
2351.2471101563665
2350.374234963075
2350.374234963075
2349.214213896305
2349.214213896305
2349.214213896305
2349.214213896305
2349.214213896305
2349.214213896305
2349.214213896305
2349.214213896305
2349.214213896305
2348.7023679743193
2348.7023679743193
2348.517506823143
2348.517506823143
2348.517506823143
2347.861776620974
2347.861776620974
2347.861776620974
2347.861776620974
2347.861776620974
2347.861776620974
2346.698823865918
2346.698823865918
2346.698823865918
2346.698823865918
2346.698823865918
2346.698823865918
2346.698823865918
2346.698823865918
2346.698823865918
12679.926938853621
5343.657747825676
3293.260345782024
3158.7674499483614
2567.489724803915
2434.7277497525256
2434.7277497525256
2390.3774558252094
2381.2678437971813
2381.2678437971813
2381.2678437971813
2371.660408752338
2355.1270792008922
2355.1270792008922
2355.1270792008922
2355.1270792008922
2355.1270792008922
2355.1270792008922
2355.1270792008922
2355.1270792008922
2355.1270792008922
12679.926938853621
4827.958001850011
2829.709473499206
2829.709473499206
2680.93235147079
2536.5527649957626
2533.0136971303914
2433.2717672254066
2433.2717672254066
2395.56117910363
2386.6365384779065
2386.6365384779065
2372.929104961582
2372.929104961582
2371.250352306377
2369.6019708866943
2361.2839250603206
2361.2839250603206
2361.2839250603206
2361.2839250603206
2361.2839250603206
2358.210804199039
2358.210804199039
2357.0367920046206
2357.0367920046206
2357.0367920046206
2357.0367920046206
2357.0367920046206
2357.0367920046206
2355.543671517623
2355.3479257847557
2355.3479257847557
2355.3479257847557
2354.829383900862
2354.829383900862
2352.442257533244
2352.442257533244
2352.42412273017
2352.42412273017
2352.42412273017
2352.42412273017
2352.42412273017
2352.42412273017
2352.162134014879
2351.5075915029456
2351.5075915029456
2351.5075915029456
2351.5075915029456
2351.5075915029456
2351.5075915029456
2351.5075915029456
2351.1989101283943
2351.1989101283943
2351.1989101283943
2351.1989101283943
2351.1989101283943
2351.1989101283943
2351.1989101283943
2351.1989101283943
2351.1989101283943
12679.926938853621
5530.128003687813
2917.2702794874695
2917.2702794874695
2680.229156821966
2420.9813169824993
2387.1138738364652
2387.1138738364652
2387.1138738364652
2383.6456256060533
2383.6456256060533
2383.6456256060533
2383.6456256060533
2370.2247173397714
2370.2247173397714
2365.8045951273593
2365.8045951273593
2365.8045951273593
2361.164718501334
2361.164718501334
2357.8054585823215
2357.8054585823215
2357.8054585823215
