2731.0335020838284
2731.0335020838284
2523.2139538688075
2340.060623001383
2282.6743584366614
2277.642430298516
2277.642430298516
2271.6295367306766
2271.6295367306766
2264.490619112124
2252.7370723067697
2252.7370723067697
2245.6318263944227
2244.6628884129636
2244.6628884129636
2243.6632519891546
2243.6632519891546
2243.6632519891546
2243.4683177327743
2243.4683177327743
2238.382662213301
2238.382662213301
2238.3319972472905
2238.3319972472905
2238.3319972472905
2238.3319972472905
2238.3319972472905
2238.3319972472905
2238.3319972472905
2238.3319972472905
2237.9461725241486
2236.9237719404623
2236.7317063713276
2234.9753212851
2234.9753212851
2234.9753212851
2234.5438335488893
2234.5438335488893
2232.212555923815
2230.9214300433164
2230.9214300433164
2230.9214300433164
2230.9214300433164
2230.9214300433164
2230.9214300433164
2230.7517762579087
2230.7517762579087
2230.300716578603
2230.207760038027
2229.9861678563384
2229.532052210942
2229.532052210942
2229.532052210942
2229.4830616587456
2229.2898814513687
2229.2898814513687
2229.2898814513687
2229.2898814513687
2229.2898814513687
2229.2898814513687
2229.2898814513687
2229.2898814513687
2229.2898814513687
2229.1892714346386
2228.6962068700823
2228.6962068700823
2228.6962068700823
2228.6962068700823
2228.6962068700823
2228.604358081979
2228.528713537804
2228.381778661936
2228.381778661936
2228.3742808513925
2228.366336815644
2228.3138521026826
2228.3138521026826
2228.3138521026826
2228.197622808197
2228.197622808197
2228.197622808197
2227.9468092527723
2227.4312434065214
2227.4103839130426
2227.4103839130426
2227.4103839130426
2227.4103839130426
2227.4103839130426
2227.4103839130426
2227.394270386653
2227.3460202363326
2227.3460202363326
2227.198759039483
2227.198759039483
2227.198759039483
2227.17545379103
2227.17545379103
2227.17545379103
2227.17545379103
2227.17545379103
2227.17545379103
2227.1339931133634
2227.1339931133634
2227.1339931133634
2227.1339931133634
2226.9245073084326
2226.9245073084326
2226.9245073084326
2226.9245073084326
2226.9161630292356
2226.9161630292356
2226.85196620008
2226.85196620008
2226.85196620008
2226.85196620008
2226.85196620008
2226.85196620008
2226.8232046276876
2226.8232046276876
2226.8232046276876
2226.8232046276876
2226.726313441208
2226.344273616473
2226.344273616473
2226.159202541222
2226.159202541222
2226.159202541222
2226.159202541222
2226.159202541222
2226.1101942851824
2226.1101942851824
2226.1101942851824
2226.1101942851824
2226.1101942851824
2226.1101942851824
2226.1101942851824
2226.1101942851824
2226.1101942851824
2873.6805998454465
2748.88946791916
2748.88946791916
2674.851435070364
2284.7073102606623
2284.7073102606623
2282.3412320537477
2282.3412320537477
2266.004891536579
2261.6110663543514
2253.4036528310576
2253.4036528310576
2253.4036528310576
2253.4036528310576
2250.7584882261713
2250.7584882261713
2250.7584882261713
2249.8714808056416
2248.7412913560256
2248.7412913560256
2248.7412913560256
2248.7412913560256
2247.2471186058833
2247.2471186058833
2247.2471186058833
2242.347908162779
2242.347908162779
2242.347908162779
2242.347908162779
2242.347908162779
2242.347908162779
2242.347908162779
2242.347908162779
2242.347908162779
2873.6805998454465
2865.1546451921895
2856.711710247014
2517.1621092666387
2517.1621092666387
2388.8847371804413
2269.088931173538
2269.088931173538
2269.088931173538
2269.088931173538
2266.930259615033
2266.930259615033
2266.930259615033
2263.4904313872466
2263.4904313872466
2263.4904313872466
2263.4904313872466
2261.977336899909
2261.977336899909
2261.977336899909
2255.988231713313
2255.988231713313
2252.338034615779
2252.338034615779
2252.338034615779
2251.269717334051
2251.269717334051
2251.269717334051
2251.269717334051
2249.618393426019
2245.19461759969
2245.19461759969
2245.19461759969
2245.115196974817
2245.115196974817
2245.115196974817
2244.985634417637
2244.985634417637
2244.985634417637
2244.985634417637
2241.9945876391284
2241.9945876391284
2241.9945876391284
2241.9945876391284
2241.9945876391284
2241.553723096935
2241.553723096935
2241.553723096935
2241.553723096935
2240.411020014147
2240.411020014147
2240.0849942296563
2240.0849942296563
2240.0849942296563
2240.0849942296563
2239.8264783172267
2239.8264783172267
2239.8264783172267
2239.284399247037
2239.284399247037
2239.20244968194
2239.126682118879
2239.126682118879
2238.730231232384
2238.730231232384
2238.730231232384
2238.730231232384
2238.730231232384
2238.730231232384
2238.730231232384
2238.730231232384
2238.730231232384
2873.6805998454465
2865.1546451921895
2663.1267551131245
2527.572828677964
2504.4415253152993
2264.694560787518
2264.694560787518
2264.694560787518
2264.694560787518
2264.694560787518
2257.393168682152
2254.7348516760276
2254.7348516760276
2250.466530841044
2246.628097528348
2246.628097528348
2246.628097528348
2246.628097528348
2246.628097528348
2243.645431340399
2243.645431340399
2238.336484006329
2238.336484006329
2238.336484006329
2238.336484006329
2237.8424236844107
2236.155882288346
2235.227029764617
2235.227029764617
2235.1383184272213
2234.4287863078043
2234.4287863078043
2234.4287863078043
2234.4287863078043
2234.4287863078043
2234.4287863078043
2234.4287863078043
2234.3115575592474
2233.977954969356
2233.977954969356
2233.977954969356
2233.977954969356
2233.2733977739995
2233.2733977739995
2233.2733977739995
2233.2733977739995
2233.2733977739995
2233.2733977739995
2233.2733977739995
2233.2733977739995
2233.2733977739995
2873.6805998454465
2709.301558171772
2709.301558171772
2709.301558171772
2668.9482680814763
2559.51848560694
2399.9822464644744
2374.0597014224113
2374.0597014224113
2364.4162425944733
2364.4162425944733
2364.4162425944733
2364.4162425944733
2361.673584865887
2361.673584865887
2361.0782945908095
2361.0782945908095
2361.0782945908095
2360.570507618746
2360.570507618746
2355.9100216803527
2355.9100216803527
2355.9100216803527
2353.7786520668833
2353.7786520668833
2353.7786520668833
2353.7786520668833
2353.5620311720136
2352.8982333889617
2352.8982333889617
2352.8982333889617
2352.8982333889617
2352.8982333889617
2352.8982333889617
2352.8982333889617
2352.8982333889617
2352.297929926681
2352.297929926681
2352.297929926681
2352.297929926681
2350.7526507242524
2350.7526507242524
2350.7526507242524
2350.7526507242524
2350.7526507242524
2350.688646290834
2350.688646290834
2350.688646290834
2350.688646290834
2350.688646290834
2350.688646290834
2350.688646290834
2349.863841985033
2349.863841985033
2349.863841985033
2349.863841985033
2349.863841985033
2349.863841985033
2349.863841985033
2349.863841985033
2349.863841985033
2873.6805998454465
2833.9386616869833
2833.9386616869833
2587.472484722384
2473.102953298487
2473.102953298487
2473.102953298487
2473.102953298487
2392.216411690605
2392.216411690605
2390.1846499555754
2390.1846499555754
2362.7253367069666
2362.7253367069666
2362.7253367069666
2362.7253367069666
2359.291997331441
2359.291997331441
2357.657932286542
2357.657932286542
2353.9219687659593
2353.9219687659593
2353.9219687659593
2353.9219687659593
2353.9219687659593
2353.9219687659593
2353.9219687659593
2353.9219687659593
2353.9215649293956
2352.317299047167
2352.317299047167
2352.317299047167
2352.317299047167
2352.317299047167
2352.317299047167
2352.317299047167
2352.317299047167
2352.317299047167
2873.6805998454465
2865.1546451921895
2856.711710247014
2597.6542239070795
2328.5700970477064
2328.5700970477064
2328.5700970477064
2276.317178446785
2272.486513595979
2269.76319619707
2269.76319619707
2269.76319619707
2269.76319619707
2260.3478932578932
2260.3478932578932
2260.3478932578932
2259.0915192947396
2259.0915192947396
2259.071560362594
2259.071560362594
2259.071560362594
2250.9125551945813
2250.6979091294193
2250.6979091294193
2250.6979091294193
2250.6979091294193
2250.6979091294193
2250.6979091294193
2249.1577307286043
2249.1577307286043
2241.5864442703555
2241.5864442703555
2241.5864442703555
2241.5864442703555
2241.5864442703555
2241.5864442703555
2241.5864442703555
2241.5864442703555
2241.0074942211577
2240.156445094355
2238.6900712899705
2238.4724834534923
2238.4724834534923
2238.4724834534923
2238.4724834534923
2238.4724834534923
2238.4724834534923
2238.4724834534923
2238.4724834534923
2238.4724834534923
2873.6805998454465
2865.1546451921895
2645.2133773765718
2490.3298814708623
2490.3298814708623
2472.1838741626434
2437.7339159059547
2380.524349167624
2281.948808824949
2281.948808824949
2242.175663319596
2242.175663319596
2242.175663319596
2242.175663319596
2242.175663319596
2242.175663319596
2242.175663319596
2242.175663319596
2242.175663319596
2241.699124549614
2241.699124549614
2241.699124549614
2241.699124549614
2241.353885375838
2239.9036258315123
2239.9036258315123
2235.7061312963983
2235.7061312963983
2235.7061312963983
2235.7061312963983
2235.261935966033
2235.133580192159
2235.133580192159
2234.57713586327
2233.66987018955
2233.66987018955
2233.66987018955
2233.66987018955
2233.66987018955
2233.419866051101
2233.1886698050284
2233.0793378431717
2233.039025556953
2232.69669709219
2232.69669709219
2232.4848107247685
2232.4848107247685
2231.806492038894
2231.806492038894
2231.806492038894
2231.7268926951974
2231.628728176364
2231.628728176364
2231.628728176364
2231.3935866265715
2231.0868129177247
2231.0868129177247
2230.967456535342
2230.967456535342
2230.967456535342
2230.967456535342
2230.6385928930104
2230.6385928930104
2230.6385928930104
2230.6385928930104
2230.2525003004653
2229.910708481707
2229.910708481707
2229.9027240689784
2229.9027240689784
2229.9027240689784
2229.810374409285
2229.810374409285
2229.6667882649626
2229.6667882649626
2229.6667882649626
2229.6667882649626
2229.6667882649626
2229.6667882649626
2229.6667882649626
2229.6667882649626
2229.6667882649626
2873.6805998454465
2821.526007514229
2821.526007514229
2351.196179236066
2351.196179236066
2351.196179236066
2281.574382057444
2281.574382057444
2265.6530977859934
2265.6530977859934
2260.904609555318
2255.928712129425
2255.928712129425
2255.928712129425
2255.928712129425
2249.951734005651
2248.543208919349
2245.4454909712035
2242.0020695985036
2242.0020695985036
2242.0020695985036
2242.0020695985036
2240.9282650098808
2240.9282650098808
2240.9282650098808
2240.9282650098808
2234.3144090701776
2233.6034656362144
2233.5232788584267
2233.326756164675
2232.9387215888087
2232.9387215888087
2232.9387215888087
2232.546139251559
2232.546139251559
2232.546139251559
2231.7409604929317
2231.7409604929317
2231.7409604929317
2231.7409604929317
2231.7409604929317
2231.4802175816026
2231.4802175816026
2231.4802175816026
2231.3764203412834
2231.1058317914762
2230.242578149424
2229.9828008506797
2229.9828008506797
2229.9828008506797
2229.724659053616
2229.5316134412355
2229.502499651346
2228.574099115238
2228.567964611183
2228.567964611183
2228.567964611183
2228.567964611183
2228.567964611183
2228.567964611183
2228.567964611183
2228.567964611183
2228.567964611183
2873.6805998454465
2865.1546451921895
2769.08972015067
2364.8526412397277
2364.8526412397277
2299.1784338900857
2299.1784338900857
2299.1784338900857
2298.399430887466
2291.2633376649774
2275.4523956770636
2268.1170606743426
2263.3234509073923
2263.3234509073923
2263.3234509073923
2263.3234509073923
2263.3234509073923
2263.3234509073923
2263.3234509073923
2263.145216431127
2262.028399484586
2262.028399484586
2262.028399484586
2260.4020667082987
2260.4020667082987
2260.4020667082987
2260.4020667082987
2260.2509795735605
2260.2509795735605
2260.2509795735605
2260.2509795735605
2260.2509795735605
2257.611706663016
2257.130547644002
2257.130547644002
2257.130547644002
2257.130547644002
2257.130547644002
2257.130547644002
2255.9560883419254
2253.7154106459348
2253.7154106459348
2253.4759442607115
2253.404957724218
2253.404957724218
2253.404957724218
2253.404957724218
2252.8246624877224
2252.8246624877224
2252.8246624877224
2252.3676138181318
2252.3676138181318
2252.3676138181318
2252.3676138181318
2252.3676138181318
2252.3676138181318
2252.3676138181318
2251.8645527004646
2250.969887459454
2250.969887459454
2250.969887459454
2250.969887459454
2250.622522932003
2250.532461287267
2250.532461287267
2250.409462018754
2250.409462018754
2250.094404702516
2250.094404702516
2250.094404702516
2250.094404702516
2250.094404702516
2250.094404702516
2250.094404702516
2250.094404702516
2250.0628614992474
2250.0628614992474
2250.0628614992474
2249.817563180755
2249.817563180755
2249.817563180755
2249.817563180755
2249.5369164908884
2249.5369164908884
2249.5369164908884
2249.5369164908884
2249.5369164908884
2249.5369164908884
2249.5369164908884
2249.459047644963
2249.459047644963
2249.459047644963
2249.459047644963
2249.459047644963
2249.459047644963
2249.459047644963
2249.236353565806
2249.236353565806
2249.236353565806
2249.236353565806
2249.236353565806
2249.236353565806
2249.236353565806
2249.236353565806
2249.2024028850446
2249.2024028850446
2249.2024028850446
2249.2024028850446
2249.2024028850446
2249.2024028850446
2249.2024028850446
2249.2024028850446
2249.2024028850446
2873.6805998454465
2625.5819833610853
2625.5819833610853
2625.5819833610853
2625.5819833610853
2582.5451407259234
2519.649046964994
2369.09844079271
2273.3038106905788
2273.3038106905788
2270.111611138309
2249.882134750774
2249.882134750774
2249.882134750774
2248.2960905791365
2248.2960905791365
2248.2960905791365
2248.2960905791365
2248.2960905791365
2245.982174058759
2245.982174058759
2244.6307766121545
2244.6307766121545
2244.6307766121545
2244.6307766121545
2242.162218374154
2242.162218374154
2242.162218374154
2239.118443006183
2238.3905975996213
2238.103807178366
2238.103807178366
2238.103807178366
2238.103807178366
2238.103807178366
2238.103807178366
2237.9696998471563
2235.8096444281546
2235.778596988345
2233.4718263072673
2233.4718263072673
2233.4718263072673
2233.4718263072673
2233.4718263072673
2233.4718263072673
2233.1246999674768
2233.1246999674768
2232.9813813746496
2232.9813813746496
2232.9813813746496
2232.9813813746496
2232.9813813746496
2232.9813813746496
2232.9813813746496
2232.9813813746496
2232.9813813746496
2873.6805998454465
2745.6685123451125
2598.7889653564366
2598.7889653564366
2598.7889653564366
2480.365160483852
2480.365160483852
2480.365160483852
2474.8369277079823
2273.8815241115967
2257.285338834883
2257.285338834883
2257.285338834883
2245.5218397472413
2245.5218397472413
2245.5218397472413
2245.5218397472413
2245.5218397472413
2245.3294370503113
2245.3294370503113
2238.32521558235
2238.32521558235
2233.4897554145746
2233.4897554145746
2233.4897554145746
2233.4897554145746
2233.4897554145746
2233.134943176518
2233.134943176518
2233.134943176518
2233.134943176518
2233.134943176518
2231.6157250793217
2231.6157250793217
2231.485779926585
2231.485779926585
2231.485779926585
2231.206886768204
2230.7398881249187
2230.7016935595407
2230.7016935595407
2230.7016935595407
2229.914770780449
2229.914770780449
2229.136078213378
2229.136078213378
2229.136078213378
2228.9177860052805
2228.9177860052805
2228.9177860052805
2228.9177860052805
2228.9177860052805
2228.9177860052805
2228.9177860052805
2228.9177860052805
2228.9177860052805
2228.668858641236
2228.668858641236
2228.668858641236
2228.668858641236
2228.668858641236
2228.668858641236
2228.668858641236
2228.668858641236
2228.668858641236
2873.6805998454465
2865.1546451921895
2856.711710247014
2595.10088269662
2595.10088269662
2484.45959654141
2267.9484333285186
2261.681634777958
2261.681634777958
2261.681634777958
2261.681634777958
2251.672105574546
2251.672105574546
2251.672105574546
2249.5488893818806
2249.5488893818806
2247.300780225382
2247.300780225382
2247.300780225382
2246.5179250545266
2240.7531388553693
2239.7410602482023
2239.7410602482023
2239.33716772315
2238.068329488083
2238.068329488083
2238.068329488083
2238.068329488083
2238.068329488083
2237.253652451154
2237.253652451154
2237.253652451154
2237.0492114687677
2237.0492114687677
2236.8819783314107
2236.812953469181
2236.812953469181
2236.812953469181
2236.812953469181
2236.6963591542103
2236.6963591542103
2236.4645517974673
2236.4645517974673
2236.4645517974673
2236.4645517974673
2236.4645517974673
2236.227205428413
2235.894593763754
2235.417580700584
2235.085332685596
2235.085332685596
2234.2236542237824
2234.2236542237824
2234.2236542237824
2234.0293624835417
2234.0293624835417
2234.0293624835417
2234.0293624835417
2234.0293624835417
2233.754608806108
2233.6737159444697
2233.6737159444697
2233.5518179814553
2233.5518179814553
2233.5518179814553
2233.5518179814553
2233.240256653967
2233.240256653967
2233.240256653967
2233.240256653967
2233.240256653967
2233.240256653967
2233.240256653967
2233.240256653967
2233.240256653967
2873.6805998454465
2865.1546451921895
2796.071986793705
2596.8586033116426
2478.4812775472706
2317.6304456236335
2317.6304456236335
2317.6304456236335
2317.6304456236335
2317.6304456236335
2298.8518321286765
2291.2629841335715
2291.2629841335715
2291.2629841335715
2279.1724560290522
2272.1134103776044
2254.806181014483
2254.806181014483
2254.806181014483
2254.806181014483
2254.806181014483
2253.458901025702
2253.458901025702
2247.2298427974933
2247.2298427974933
2246.047512320852
2243.320625606625
2243.320625606625
2243.320625606625
2242.7335993903075
2242.7335993903075
2242.2818843341684
2242.2818843341684
2242.236373501873
2242.236373501873
2242.08521883345
2241.884036138151
2241.227473934715
2240.625747263438
2237.77274150087
2237.77274150087
2237.593286554783
2234.810977935056
2234.810977935056
2234.810977935056
2234.810977935056
2234.1812246428844
2234.1812246428844
2234.1812246428844
2234.1812246428844
2234.0432147253314
2234.0432147253314
2234.0432147253314
2233.6135326257086
2233.6135326257086
2232.396532700077
2232.396532700077
2232.0186108226867
2232.0186108226867
2232.0186108226867
2231.870482715925
2231.6952400408754
2231.6952400408754
2231.3801944512375
2231.3801944512375
2231.3801944512375
2230.932824740575
2230.932824740575
2230.8644795569917
2230.8644795569917
2230.8644795569917
2230.8644795569917
2230.8644795569917
2230.8644795569917
2230.403431714755
2230.285960965604
2230.285960965604
2230.285960965604
2230.285960965604
2230.285960965604
2230.250902351616
2230.250902351616
2230.250902351616
2230.250902351616
2230.250902351616
2230.047586220435
2229.9758633591373
2229.9758633591373
2229.9758633591373
2229.9758633591373
2229.9758633591373
2229.9758633591373
2229.5956928980386
2229.5956928980386
2229.5956928980386
2229.5956928980386
2229.313600762545
2229.313600762545
2229.313600762545
2229.313600762545
2229.313600762545
2229.313600762545
2229.313600762545
