7582.21557591216
3174.7301281579994
2711.076663441044
2711.076663441044
2440.510078292854
2440.510078292854
2440.510078292854
2440.510078292854
2396.730999939086
2396.2890305516503
2396.2890305516503
2396.2890305516503
2396.2890305516503
2381.9329410077585
2381.9329410077585
2381.9329410077585
2380.3247300857965
2380.3247300857965
2379.605132203883
2377.944035795076
2375.1356971048485
2374.6943854126775
2374.6943854126775
2372.7316523944496
2368.0597424849293
2368.0597424849293
2368.0597424849293
2368.0597424849293
2368.0597424849293
2368.0597424849293
2366.9580040175124
2366.9580040175124
2366.9580040175124
2366.9580040175124
2366.9580040175124
2366.9580040175124
2366.9580040175124
2366.9580040175124
2366.9580040175124
8054.8415613541065
6607.687857668108
2753.403896186246
2696.9749154640645
2559.595406523347
2559.595406523347
2559.595406523347
2559.595406523347
2559.595406523347
2559.595406523347
2559.595406523347
2559.595406523347
2558.691834799597
2549.7086804247097
2491.058354032729
2385.0611958123636
2364.6140184000415
2364.6140184000415
2364.6140184000415
2364.6140184000415
2364.6140184000415
2364.6140184000415
2364.6140184000415
2361.855775647659
2361.836267537542
2360.842802299195
2360.842802299195
2360.4755304760374
2360.4755304760374
2360.4755304760374
2359.6789596069802
2359.6789596069802
2356.664012367078
2356.0675881700868
2356.0675881700868
2353.6279189469287
2353.6279189469287
2353.6279189469287
2353.6279189469287
2353.5875610164376
2353.5875610164376
2353.510154924878
2351.5660206482594
2351.5660206482594
2351.5660206482594
2351.5660206482594
2351.5660206482594
2351.5660206482594
2351.5660206482594
2350.1017051629397
2350.1017051629397
2349.580570110921
2349.097429951657
2349.097429951657
2349.097429951657
2348.9251243721287
2348.7169041891666
2348.7169041891666
2348.7169041891666
2348.7169041891666
2348.7169041891666
2348.7121471981563
2348.7121471981563
2348.7044118733265
2348.7044118733265
2348.7013849233176
2348.338892760498
2348.338892760498
2347.9141214581123
2347.0459765601126
2347.0459765601126
2347.0459765601126
2347.0459765601126
2347.0459765601126
2347.0459765601126
2347.0459765601126
2347.0459765601126
2346.839570751232
2346.839570751232
2346.839570751232
2346.839570751232
2346.839570751232
2346.839570751232
2346.839570751232
2346.839570751232
2346.839570751232
8054.8415613541065
8054.8415613541065
2776.0239552906914
2682.3640342384297
2590.6646333344256
2567.146052925061
2464.3863365398465
2375.570625154488
2375.570625154488
2369.749472870162
2369.739525397372
2369.739525397372
2364.865904773219
2364.865904773219
2364.5261147565147
2364.5261147565147
2364.5261147565147
2361.6717814201184
2361.4548240774166
2359.4328849339295
2356.643905157399
2356.643905157399
2356.643905157399
2356.491578735641
2356.276942582575
2356.276942582575
2356.276942582575
2354.6133419577077
2354.6133419577077
2353.524588798898
2353.524588798898
2353.524588798898
2351.517370362285
2351.19616503683
2351.19616503683
2351.19616503683
2351.19616503683
2350.472148442582
2350.472148442582
2350.1657225931685
2350.1657225931685
2350.1657225931685
2349.4632352247854
2349.4632352247854
2348.892676670568
2348.892676670568
2348.892676670568
2348.892676670568
2348.892676670568
2348.892676670568
2348.892676670568
2348.892676670568
2348.892676670568
8054.8415613541065
4450.856964582208
3024.829790945109
2567.8683125992734
2420.246411834285
2420.246411834285
2420.246411834285
2420.246411834285
2395.195303754124
2357.9941905373676
2357.9941905373676
2357.9941905373676
2357.9941905373676
2357.9941905373676
2357.9941905373676
2357.9941905373676
2357.9941905373676
2352.2879539036
2352.2879539036
2352.2879539036
2352.2879539036
2352.2879539036
2352.2879539036
2352.2879539036
2350.5198478303987
2350.5198478303987
2350.1957272606974
2350.1957272606974
2350.0666882773708
2348.5851362975523
2348.5851362975523
2348.5851362975523
2348.5851362975523
2348.5851362975523
2348.5851362975523
2348.5851362975523
2348.5851362975523
2348.464710059765
2348.464710059765
2348.1619119371358
2348.0537150736986
2347.942581513867
2347.942581513867
2347.418949866227
2347.418949866227
2347.418949866227
2346.647983641613
2346.647983641613
2346.5325554122587
2346.5325554122587
2346.5325554122587
2346.5325554122587
2346.5325554122587
2346.4811566355374
2346.4811566355374
2346.4811566355374
2346.4811566355374
2346.4811566355374
2346.4811566355374
2346.4811566355374
2346.4811566355374
2346.4811566355374
8054.8415613541065
7482.439186811616
3354.3137327174313
2527.9499428199138
2527.9499428199138
2527.9499428199138
2415.5539397206057
2400.423965325009
2400.423965325009
2368.3691322429345
2368.3691322429345
2368.3691322429345
2368.3691322429345
2366.498977404127
2365.6972291621
2365.6972291621
2365.6972291621
2359.489108203727
2359.489108203727
2359.489108203727
2359.385554080295
2356.609376588323
2356.609376588323
2356.609376588323
2353.188666525139
2353.188666525139
2353.188666525139
2351.234011527135
2350.8824140874785
2350.5277174553735
2349.9626534264357
2349.9626534264357
2349.9626534264357
2349.9626534264357
2349.2118765088467
2349.2118765088467
2349.2118765088467
2349.2118765088467
2349.2118765088467
2348.3084318824135
2348.3084318824135
2348.3084318824135
2348.3084318824135
2347.913281863446
2347.4305047855864
2346.753604614795
2346.753604614795
2346.753604614795
2346.753604614795
2346.753604614795
2346.753604614795
2346.753604614795
2346.753604614795
2346.753604614795
8054.8415613541065
6439.177936428326
3230.307081602048
2983.1342016031867
2983.1342016031867
2834.111516029418
2550.3233989859073
2488.6686755539254
2468.4157214965753
2468.4157214965753
2468.4157214965753
2468.4157214965753
2451.532415290203
2334.2040343861995
2294.4464032448427
2294.4464032448427
2294.4464032448427
2266.7651769196987
2245.1483595922523
2245.1483595922523
2245.1483595922523
2245.1483595922523
2245.1483595922523
2245.1483595922523
2242.1619106183034
2242.1619106183034
2237.7505545574013
2237.7505545574013
2237.7505545574013
2235.340803549933
2235.340803549933
2235.340803549933
2235.3001999359644
2235.3001999359644
2235.3001999359644
2235.3001999359644
2235.3001999359644
2235.1944883596007
2234.099901324712
2234.099901324712
2234.099901324712
2234.099901324712
2234.099901324712
2234.078465824309
2233.740712856621
2233.740712856621
2233.5294926389556
2233.5294926389556
2233.5294926389556
2233.1518253351196
2233.057683890754
2233.057683890754
2233.057683890754
2233.057683890754
2233.057683890754
2233.057683890754
2233.057683890754
2233.057683890754
2232.4335585762187
2232.4335585762187
2232.4335585762187
2232.4335585762187
2232.4335585762187
2232.4335585762187
2232.4335585762187
2232.2117657821987
2232.2117657821987
2232.2117657821987
2232.2117657821987
2231.4389477851955
2231.4389477851955
2231.4389477851955
2231.4389477851955
2231.4389477851955
2231.4389477851955
2231.4389477851955
2231.4389477851955
2231.4389477851955
8054.8415613541065
4302.836770169884
2797.92961738137
2703.350891186687
2663.9271217444852
2633.2817952556425
2454.2006285778402
2447.5199777939088
2425.844385249903
2416.97376107927
2411.7314024732427
2395.2132807936514
2395.2132807936514
2395.2132807936514
2395.2132807936514
2395.2132807936514
2383.7375406411106
2383.7375406411106
2383.7375406411106
2383.7375406411106
2379.7518857051587
2379.147093698288
2377.2784825440795
2374.7183210337803
2374.7183210337803
2374.7183210337803
2374.7183210337803
2374.7183210337803
2370.8923468911
2370.8923468911
2370.8923468911
2369.309567369855
2369.309567369855
2369.309567369855
2368.233782476611
2366.0975354443917
2366.0975354443917
2364.959422607401
2364.959422607401
2363.7694414549173
2363.7694414549173
2363.7694414549173
2363.7694414549173
2363.252812377212
2362.944379366665
2362.944379366665
2362.839122977919
2362.7668664656526
2362.7606764054276
2362.7606764054276
2362.4084068402826
2362.4084068402826
2362.4084068402826
2362.4084068402826
2361.459777371273
2361.459777371273
2361.459777371273
2361.459777371273
2361.459777371273
2361.459777371273
2361.459777371273
2361.459777371273
2361.4032750902625
2361.4032750902625
2361.4032750902625
2361.4032750902625
2361.4032750902625
2361.0058419289207
2361.0058419289207
2361.0058419289207
2361.0058419289207
2361.0058419289207
2361.0058419289207
2361.0058419289207
2361.0058419289207
2361.0058419289207
8054.8415613541065
5149.116570687209
2590.024963346406
2480.757955125959
2480.757955125959
2413.551183017187
2393.177884215049
2393.177884215049
2369.226519498984
2369.226519498984
2369.226519498984
2369.226519498984
2363.4660382458524
2363.4660382458524
2363.4660382458524
2363.4660382458524
2363.4660382458524
2363.417913690995
2363.417913690995
2363.417913690995
2360.7204247826376
2360.7204247826376
2360.7204247826376
2360.124338478544
2360.124338478544
2359.971046240962
2359.971046240962
2357.70123319765
2357.70123319765
2357.70123319765
2357.70123319765
2357.70123319765
2357.70123319765
2356.6668162319083
2352.9159830770564
2352.9159830770564
2352.9159830770564
2352.9159830770564
2352.9159830770564
2352.7738900625504
2352.6338691406254
2352.2039498485583
2352.2039498485583
2352.2039498485583
2352.2039498485583
2352.2039498485583
2352.2039498485583
2352.2039498485583
2352.2039498485583
2351.3877660296953
2351.3877660296953
2351.3877660296953
2350.99447570916
2350.99447570916
2350.99447570916
2350.99447570916
2350.99447570916
2350.2503295334345
2349.5782137956185
2349.5782137956185
2349.5782137956185
2349.1979740759634
2349.1979740759634
2349.1979740759634
2349.1979740759634
2349.1979740759634
2349.1979740759634
2349.1979740759634
2349.1979740759634
2349.1979740759634
8054.8415613541065
3567.468420774287
2525.6329605024844
2525.6329605024844
2468.959551766392
2434.3434532165793
2428.516120869443
2386.2525453621574
2385.5806598063714
2385.5806598063714
2385.5806598063714
2385.5806598063714
2385.5806598063714
2385.5806598063714
2382.9739430974814
2382.225662997296
2382.225662997296
2378.627148966446
2376.3478377407046
2374.602532752252
2374.602532752252
2374.602532752252
2374.602532752252
2374.602532752252
2374.602532752252
2371.7336153282654
2371.7336153282654
2371.7336153282654
2371.7336153282654
2371.7336153282654
2371.0748518061955
2369.937373368366
2369.937373368366
2369.937373368366
2369.343854527044
2369.343854527044
2369.343854527044
2367.230115958838
2367.230115958838
2367.230115958838
2367.230115958838
2366.3506197223996
2365.561802497047
2365.561802497047
2365.4456916294
2365.4456916294
2365.2723217540934
2365.2723217540934
2365.2723217540934
2364.728987230367
2364.728987230367
2364.7251823737147
2364.7251823737147
2364.4510837609246
2364.4510837609246
2364.4510837609246
2364.0986891806283
2364.0986891806283
2364.0986891806283
2364.0986891806283
2364.0986891806283
2364.0136045101517
2364.0136045101517
2363.5601275653403
2363.5601275653403
2363.5601275653403
2363.5601275653403
2363.508138700657
2363.508138700657
2363.508138700657
2363.508138700657
2363.508138700657
2363.508138700657
2363.508138700657
2363.508138700657
2363.508138700657
8054.8415613541065
8054.8415613541065
4127.0501073971245
2661.2624472881234
2661.2624472881234
2628.5231946509657
2588.4165696503524
2427.725900003434
2391.7507491159263
2391.7507491159263
2391.7507491159263
2391.2508370331066
2369.02500877479
2369.02500877479
2369.02500877479
2369.02500877479
2367.6211374997147
2367.6211374997147
2367.6211374997147
2362.8195304260785
2362.8195304260785
2362.8195304260785
2362.8195304260785
2359.344417666942
2359.344417666942
2359.344417666942
2359.344417666942
2359.344417666942
2359.344417666942
2359.344417666942
2359.344417666942
2359.344417666942
8054.8415613541065
8054.8415613541065
3168.935349803756
2591.4004776951506
2484.158082768262
2484.158082768262
2484.158082768262
2429.5702594544146
2425.0690903597497
2425.0690903597497
2400.9075066533446
2392.517672995468
2392.517672995468
2387.496740577243
2382.6840493310383
2382.6840493310383
2379.6186940042885
2377.5843827145063
2377.5843827145063
2375.785530285406
2374.607430879959
2374.607430879959
2374.607430879959
2373.397213548008
2373.397213548008
2371.66505621103
2370.839096593801
2370.0700927212033
2370.0700927212033
2370.0700927212033
2369.4218617931024
2368.7613231653772
2368.7613231653772
2368.7613231653772
2368.747235159851
2368.747235159851
2368.747235159851
2368.747235159851
2368.747235159851
2367.8581419167035
2367.8581419167035
2367.8581419167035
2367.8581419167035
2367.8581419167035
2367.720995479066
2367.720995479066
2367.720995479066
2367.570211022272
2367.570211022272
2367.5699033921483
2367.5699033921483
2367.457761388679
2367.4535408669785
2367.4499357068835
2367.4499357068835
2367.4499357068835
2366.901430378014
2366.901430378014
2366.6474176766246
2366.6474176766246
2366.6474176766246
2366.478335341172
2366.478335341172
2366.478335341172
2366.478335341172
2366.478335341172
2366.478335341172
2366.478335341172
2366.478335341172
2366.478335341172
8054.8415613541065
4819.217421187726
2886.763834904168
2761.4071847657624
2703.540574224
2687.4784252315703
2659.612938850567
2659.612938850567
2659.612938850567
2659.612938850567
2597.8858630418695
2496.5820435072965
2495.3652978882005
2485.975069247497
2481.494794756825
2479.8928079969887
2479.8928079969887
2479.8928079969887
2479.8928079969887
2479.8928079969887
2479.8928079969887
2479.816043089509
2479.816043089509
2479.816043089509
2479.816043089509
2477.2450643926913
2477.2450643926913
2477.2450643926913
2477.2450643926913
2474.996013794691
2474.996013794691
2474.996013794691
2473.408000333332
2473.1154636932642
2470.303251559022
2470.303251559022
2470.303251559022
2470.303251559022
2470.303251559022
2470.0492504218055
2469.443717567199
2469.443717567199
2469.224826394116
2469.224826394116
2469.224826394116
2469.224826394116
2469.224826394116
2469.224826394116
2469.224826394116
2469.224826394116
2469.224826394116
2468.758069306694
2467.692173967559
2467.692173967559
2467.2149392657766
2467.2149392657766
2466.9887299451652
2465.8755839817986
2465.2130836322713
2465.2130836322713
2465.2130836322713
2465.2130836322713
2465.2130836322713
2465.2130836322713
2465.2130836322713
2465.2130836322713
2465.2130836322713
8054.8415613541065
3495.268276355021
2879.3648601055347
2563.577660891021
2563.577660891021
2458.2455935556977
2458.2455935556977
2416.7519694365687
2409.6972483669897
2409.6972483669897
2409.6972483669897
2391.4010824163224
2391.4010824163224
2391.4010824163224
2386.560923288136
2386.560923288136
2386.560923288136
2383.2409218434245
2383.2409218434245
2383.2409218434245
2383.2409218434245
2383.2409218434245
2382.3236835417088
2382.3236835417088
2382.3236835417088
2375.904195744747
2373.3434331913227
2373.3434331913227
2373.3434331913227
2373.3434331913227
2373.3434331913227
2373.3434331913227
2373.3434331913227
2373.3434331913227
2373.3434331913227
8054.8415613541065
3003.0941386117483
2664.7389375177318
2495.035050509441
2495.035050509441
2495.035050509441
2416.356985885436
2390.4672443230875
2390.4672443230875
2390.4672443230875
2380.4292962808513
2380.3145096954854
2376.1617113725106
2376.1617113725106
2376.1617113725106
2376.1617113725106
2376.1617113725106
2374.907020991416
2373.2608873223776
2371.451163596308
2371.451163596308
2368.9692641246234
2368.9692641246234
2368.9692641246234
2368.9692641246234
2368.9692641246234
2368.9692641246234
2368.9692641246234
2367.3413447723224
2367.3413447723224
2367.3413447723224
2367.0946861896323
2367.0946861896323
2367.027289057561
2367.027289057561
2367.027289057561
2367.027289057561
2366.998728087883
2366.998728087883
2366.621201381289
2366.621201381289
2365.5093091120625
2364.7192483399745
2364.7192483399745
2364.7192483399745
2364.7192483399745
2364.7192483399745
2364.7192483399745
2364.6809003698404
2364.6809003698404
2364.1924507913245
2364.1924507913245
2364.1924507913245
2364.1924507913245
2364.1924507913245
2364.1924507913245
2364.1924507913245
2364.1924507913245
2364.1924507913245
8054.8415613541065
3266.285445947271
2731.4514320089093
2731.4514320089093
2431.031876408554
2361.5871982275485
2319.9342166644196
2312.963010715132
2312.963010715132
2307.5345796826896
2307.5345796826896
2252.5757273752083
2252.5757273752083
2252.5757273752083
2252.5757273752083
2252.5757273752083
2252.5757273752083
2244.190852410637
2244.190852410637
2244.190852410637
2244.190852410637
2240.7780565375015
2240.7780565375015
2240.7780565375015
2240.628999581444
2240.628999581444
2240.628999581444
2240.628999581444
2240.628999581444
2240.628999581444
2235.805199338768
2235.805199338768
2234.509850394595
2234.509850394595
2234.509850394595
2233.894004420738
2233.0180597236395
2233.0180597236395
2232.8311418847643
2231.9800745787797
2231.9800745787797
2230.0717096624144
2230.0717096624144
2229.0960499945486
2229.0960499945486
2228.6495356666624
2228.453250505079
2228.453250505079
2228.233430459573
2228.233430459573
2228.233430459573
2228.233430459573
2228.233430459573
2228.233430459573
2228.233430459573
2227.800272556016
2227.800272556016
2227.800272556016
2227.800272556016
2227.800272556016
2227.800272556016
2227.800272556016
2227.800272556016
2227.800272556016
8054.8415613541065
5455.855172690772
3190.7290348817855
2501.72645919334
2501.72645919334
2501.72645919334
2398.547858413488
2398.547858413488
2398.547858413488
2398.547858413488
2398.547858413488
2391.2286363122835
2380.768165520167
2380.768165520167
2378.0476408363793
2375.4222081209796
2375.4222081209796
2375.4222081209796
2375.4222081209796
2375.4222081209796
2375.2608432356624
2371.291798642123
2371.1145940666706
2369.9625963725493
2369.9625963725493
2369.9625963725493
2369.9625963725493
2368.7415613032645
2368.7415613032645
2368.7415613032645
2368.487837131422
2367.926759636261
2367.259924419356
2367.259924419356
2367.259924419356
2367.259924419356
2365.7263001218475
2364.9816910321956
2364.9816910321956
2364.9816910321956
2364.9816910321956
2364.9816910321956
2364.9816910321956
2364.893877312917
2364.893877312917
2364.4601029461896
2364.4601029461896
2364.4601029461896
2364.4601029461896
2364.4601029461896
2364.4601029461896
2363.734960911394
2363.734960911394
2363.734960911394
2363.734960911394
2363.734960911394
2363.734960911394
2363.734960911394
2363.734960911394
2363.696459965937
2363.696459965937
2363.696459965937
2363.696459965937
2363.696459965937
2363.696459965937
2363.696459965937
2363.696459965937
2363.696459965937
8054.8415613541065
5011.246793112893
2618.5310134766682
2618.5310134766682
2618.5310134766682
2525.9574232394666
2391.7303094437475
2298.9063267561496
2295.287945559787
2269.3942626998783
2269.3942626998783
2269.3942626998783
