11086.614798215169
8413.236784263561
5682.469881477873
3220.3773686570266
3220.3773686570266
3220.3773686570266
3220.3773686570266
3220.3773686570266
3220.3773686570266
3220.3773686570266
3220.3773686570266
3220.3773686570266
15742.148074946857
11120.663102390487
7294.090227122813
6892.819993337944
5433.014076888822
4160.193989242047
2887.9477745788163
2887.9477745788163
2887.9477745788163
2887.9477745788163
2844.357123187334
2844.357123187334
2844.357123187334
2798.4424648295994
2798.4424648295994
2798.4424648295994
2798.4424648295994
2798.4424648295994
2798.4424648295994
2798.4424648295994
2784.0480909291455
2784.0480909291455
2784.0480909291455
2671.7000782977766
2671.7000782977766
2671.7000782977766
2671.7000782977766
2671.7000782977766
2671.7000782977766
2569.9382311641693
2569.9382311641693
2414.4618567020498
2414.4618567020498
2414.4618567020498
2414.4618567020498
2414.4618567020498
2358.5977072231244
2358.5977072231244
2358.5977072231244
2358.5977072231244
2358.5977072231244
2299.997533514463
2299.997533514463
2299.997533514463
2269.7529195387624
2269.7529195387624
2248.448977554569
2245.9867977171984
2245.9867977171984
2215.989985626963
2174.8576252444414
2174.8576252444414
2158.2467932342124
2158.2467932342124
2158.2467932342124
2137.068377488503
2095.042387941221
1976.1516769105503
1924.8643908868157
1924.8643908868157
1924.8643908868157
1895.6474354811867
1893.2776925874975
1857.8850698903893
1827.3440848083774
1825.1764992670014
1825.1764992670014
1805.7405463656673
1805.7405463656673
1805.7405463656673
1798.5264601228496
1798.5264601228496
1798.5264601228496
1798.1027869467946
1776.2038365555222
1771.086321398424
1764.8625061115813
1764.8625061115813
1757.991658200121
1757.991658200121
1756.9627488672977
1756.9627488672977
1747.8141712481026
1747.8141712481026
1737.8798323917895
1737.8798323917895
1725.8389956688702
1725.8389956688702
1725.8389956688702
1714.440451558959
1714.440451558959
1714.440451558959
1714.440451558959
1703.7522165082137
1703.7522165082137
1697.3062787175604
1697.3062787175604
1694.7237403234
1694.7237403234
1694.7237403234
1694.7237403234
1694.7237403234
1694.7237403234
1694.7237403234
1694.7237403234
1694.7237403234
15742.148074946857
10031.461311531948
7119.134428675965
5908.445028637073
4957.663413774024
4942.037280793765
4466.070313807886
4466.070313807886
4466.070313807886
4466.070313807886
3919.5916522590023
3863.1550089268253
3554.7170252600586
3312.2283272471423
3241.2374683927087
3241.2374683927087
3241.2374683927087
3241.2374683927087
3241.2374683927087
3241.2374683927087
3241.2374683927087
3241.2374683927087
3241.2374683927087
3043.586417172935
3043.586417172935
2846.1701326988223
2846.1701326988223
2846.1701326988223
2746.044432746394
2746.044432746394
2746.044432746394
2746.044432746394
2722.777946938776
2722.777946938776
2593.7063082028535
2504.645230760486
2504.645230760486
2504.645230760486
2504.645230760486
2504.645230760486
2504.645230760486
2504.645230760486
2504.645230760486
2410.0420111823387
2410.0420111823387
2410.0420111823387
2410.0420111823387
2410.0420111823387
2410.0420111823387
2410.0420111823387
2410.0420111823387
2410.0420111823387
15742.148074946857
7045.754459832632
4481.139341509881
3588.129257302024
2951.928760133335
2951.928760133335
2894.5980956470685
2894.5980956470685
2894.5980956470685
2894.5980956470685
2894.5980956470685
2894.5980956470685
2894.5980956470685
2894.5980956470685
2880.028298405172
2880.028298405172
2880.028298405172
2880.028298405172
2880.028298405172
2880.028298405172
2880.028298405172
2880.028298405172
2880.028298405172
2844.0716157383195
2844.0716157383195
2844.0716157383195
2844.0716157383195
2844.0716157383195
2833.785694806219
2833.785694806219
2833.785694806219
2833.785694806219
2833.785694806219
2833.785694806219
2833.785694806219
2833.785694806219
2798.3792317713387
2798.3792317713387
2609.693351327379
2494.1029381529033
2494.1029381529033
2476.232259881414
2476.232259881414
2438.2788661070936
2339.6610009217247
2339.6610009217247
2339.6610009217247
2174.984428603655
2144.536351802137
2144.536351802137
2144.536351802137
2138.672524296677
2111.3288669368417
2111.3288669368417
2111.3288669368417
2111.3288669368417
2095.3818957937206
2058.8588825276956
2058.8588825276956
2058.8588825276956
2058.8588825276956
2055.118843281126
2055.118843281126
1984.1060658007536
1984.1060658007536
1984.1060658007536
1978.5070271035718
1978.5070271035718
1958.11785582151
1958.11785582151
1958.11785582151
1958.11785582151
1958.11785582151
1958.11785582151
1958.11785582151
1958.11785582151
1958.11785582151
15742.148074946857
9510.167377638296
7371.164957141921
4299.2480160833975
4299.2480160833975
4299.2480160833975
4299.2480160833975
4299.2480160833975
4299.2480160833975
4299.2480160833975
4299.2480160833975
4299.2480160833975
15742.148074946857
9781.914565700463
6248.741521560624
4109.01660102055
3788.5677676362284
2959.252708794528
2632.4492328570614
2632.4492328570614
2496.3957097778166
2496.3957097778166
2425.9360013476526
2425.9360013476526
2425.9360013476526
1710.5416104554038
1710.5416104554038
1710.5416104554038
1710.5416104554038
1710.5416104554038
1710.5416104554038
1710.5416104554038
1710.5416104554038
1710.5416104554038
15742.148074946857
8197.906618384506
6336.357251094066
6170.29747382221
4036.4612265671744
3609.5407676829736
3150.719961129782
3150.719961129782
3150.719961129782
2895.249949660768
2789.7369158857455
2436.1742302224825
2436.1742302224825
2263.9354565484764
2169.892186025577
2169.892186025577
2169.892186025577
2169.892186025577
2169.892186025577
2114.2518098624505
1862.200482329298
1862.200482329298
1862.200482329298
1862.200482329298
1862.200482329298
1862.200482329298
1862.200482329298
1862.200482329298
1802.6705820256448
1802.6506789475325
1802.6506789475325
1802.6506789475325
1802.6506789475325
1802.6506789475325
1802.6506789475325
1802.6506789475325
1570.688472729733
1570.688472729733
1570.688472729733
1570.688472729733
1523.8147897042704
1523.8147897042704
1523.8147897042704
1523.8147897042704
1523.8147897042704
1501.0767900927124
1481.0504934278686
1464.1971615048867
1464.1971615048867
1464.1971615048867
1425.6836995840204
1425.6836995840204
1425.6836995840204
1425.6836995840204
1413.832140714679
1413.832140714679
1410.6680987637856
1396.1449869341404
1392.031779431642
1392.031779431642
1392.031779431642
1392.031779431642
1392.031779431642
1382.0118616819943
1382.0118616819943
1371.6513940809953
1371.6513940809953
1363.598125862052
1360.4386791635006
1359.0197760365863
1359.0197760365863
1359.0197760365863
1356.243972792961
1356.243972792961
1356.243972792961
1356.243972792961
1356.243972792961
1356.243972792961
1355.0219957102895
1355.0219957102895
1354.5522511415675
1354.5522511415675
1354.1512632099802
1354.1512632099802
1354.1512632099802
1350.562990130764
1350.562990130764
1350.562990130764
1346.6155851051626
1346.6155851051626
1339.6090509332084
1339.6090509332084
1339.6090509332084
1339.6090509332084
1339.6090509332084
1339.6090509332084
1339.6090509332084
1339.6090509332084
1339.6090509332084
15742.148074946857
9460.735893805282
7669.24272314096
7021.825881903766
5514.335850133931
5510.308012437515
4810.417908872776
4810.417908872776
4810.417908872776
4810.417908872776
4682.0827226242845
4148.588053953645
4148.588053953645
4148.588053953645
4148.588053953645
4148.588053953645
3253.8658774685678
3253.8658774685678
3253.8658774685678
3253.8658774685678
3232.547146599246
3232.547146599246
3232.547146599246
3232.547146599246
3232.547146599246
3232.547146599246
3232.547146599246
3232.547146599246
3232.547146599246
15742.148074946857
11414.005488196653
7211.463200601586
4437.096897038684
4312.852132632503
3106.332236123736
3106.332236123736
3106.332236123736
3106.332236123736
3009.9396790399774
3009.9396790399774
3009.9396790399774
2969.93106516825
2949.103766061552
2849.284882384837
2454.7417308102567
2454.7417308102567
2380.646340668146
2380.646340668146
2170.9153447614776
2115.796318933364
1976.1681785017697
1976.1681785017697
1976.1681785017697
1904.3735137961485
1904.3735137961485
1904.3735137961485
1904.3735137961485
1647.239336969701
1647.239336969701
1647.239336969701
1647.239336969701
1647.239336969701
1647.239336969701
1647.239336969701
1647.239336969701
1647.239336969701
15742.148074946857
8488.014533838119
4974.601154182001
4679.90722925662
3847.704285656266
3847.704285656266
3847.704285656266
3847.704285656266
3847.704285656266
3847.704285656266
3847.704285656266
3847.704285656266
2957.3603656497903
2619.5134739713585
2619.5134739713585
2619.5134739713585
2619.5134739713585
2619.5134739713585
2619.5134739713585
2619.5134739713585
2619.5134739713585
2619.5134739713585
15742.148074946857
9586.959305378177
8644.476000904619
7427.699106967903
5965.026239195893
5965.026239195893
5965.026239195893
5965.026239195893
5965.026239195893
5965.026239195893
5965.026239195893
5965.026239195893
5965.026239195893
15742.148074946857
10477.289570860443
8977.381393073061
5310.282630053664
4126.721745888139
3827.621248603671
3827.621248603671
3208.4793030690166
3051.345910250238
2961.9375092881623
2961.9375092881623
2802.6116090447913
2802.6116090447913
2616.398662283448
2616.398662283448
2187.320795337463
2047.9274954975112
2047.9274954975112
1986.1541036083654
1986.1541036083654
1887.2457279392074
1807.0233457687173
1807.0233457687173
1807.0233457687173
1807.0233457687173
1807.0233457687173
1807.0233457687173
1807.0233457687173
1589.6450183531456
1536.3839695689696
1536.3839695689696
1536.3839695689696
1536.3839695689696
1536.3839695689696
1536.3839695689696
1536.3839695689696
1462.919036262138
1462.919036262138
1462.919036262138
1462.919036262138
1462.919036262138
1462.919036262138
1462.919036262138
1448.836540274302
1448.836540274302
1316.426350769171
1316.426350769171
1316.426350769171
1316.426350769171
1316.426350769171
1316.426350769171
1316.426350769171
1316.426350769171
1316.426350769171
15742.148074946857
8683.85791638741
7141.220642617342
5448.430188525645
3332.759135681444
2940.988132202119
2940.988132202119
2940.988132202119
2742.286283470171
2742.286283470171
2742.286283470171
2742.286283470171
2725.321897638084
2441.071101012644
2329.9515556790066
2081.4882512990175
2081.4882512990175
2081.4882512990175
2066.0527295359807
2066.0527295359807
2066.0527295359807
2066.0527295359807
1971.8604576478056
1971.8604576478056
1971.8604576478056
1793.4968178034821
1793.4968178034821
1624.5407122917866
1624.5407122917866
1624.5407122917866
1624.5407122917866
1624.5407122917866
1624.5407122917866
1624.5407122917866
1624.5407122917866
1624.5407122917866
1459.1904582475322
1459.1904582475322
1459.1904582475322
1459.1904582475322
1453.6725711570093
1453.6725711570093
1453.6725711570093
1453.6725711570093
1444.8837504498142
1387.4281917337942
1387.4281917337942
1387.4281917337942
1387.4281917337942
1387.4281917337942
1387.4281917337942
1387.4281917337942
1387.4281917337942
1365.2925731511923
1347.8890327498298
1347.8890327498298
1347.8890327498298
1345.6610659482772
1345.6610659482772
1318.7819733341637
1314.727681392697
1309.252251234464
1309.252251234464
1268.7622760337485
1268.7622760337485
1268.7622760337485
1268.7622760337485
1268.7622760337485
1268.7622760337485
1268.7622760337485
1261.3050554090553
1254.3472222830471
1231.4490675497868
1231.4490675497868
1231.4490675497868
1231.4490675497868
1224.281136521108
1223.5397105987572
1223.5397105987572
1223.5397105987572
1223.5397105987572
1222.2029858534645
1213.586275433255
1213.586275433255
1206.7604575611276
1206.7604575611276
1206.7604575611276
1206.7604575611276
1206.7604575611276
1206.7604575611276
1206.7604575611276
1206.7604575611276
1206.7604575611276
15742.148074946857
11038.332055046869
5648.423615526458
5648.423615526458
5648.423615526458
5051.3065555897565
5051.3065555897565
4687.681155369151
4455.625601968688
4455.625601968688
4455.625601968688
3494.3209840899335
3380.2151571517093
3380.2151571517093
3380.2151571517093
3380.2151571517093
3380.2151571517093
3380.2151571517093
3380.2151571517093
3380.2151571517093
3380.2151571517093
15742.148074946857
10667.192026685992
5409.730511071676
5409.730511071676
4886.366736431268
4886.366736431268
3221.981621396441
3221.981621396441
3221.981621396441
3221.981621396441
3221.981621396441
3221.981621396441
3221.981621396441
3221.981621396441
2872.005637988035
2872.005637988035
2872.005637988035
2872.005637988035
2872.005637988035
2872.005637988035
2796.595768645262
2796.595768645262
2796.595768645262
2796.595768645262
2796.595768645262
2728.4231768735754
2728.4231768735754
2728.4231768735754
2728.4231768735754
2548.975848279747
2548.975848279747
2548.975848279747
2548.975848279747
2494.231537848558
2494.231537848558
2494.231537848558
2483.1156228660193
2483.1156228660193
2483.1156228660193
2483.1156228660193
2456.910257231878
2456.910257231878
2352.097057261564
2250.67295691232
2191.4411106159077
1984.223807528783
1983.0549634078473
1983.0549634078473
1983.0549634078473
1983.0549634078473
1983.0549634078473
1914.0959027218435
1884.3353588431235
1794.5125638443646
1794.5125638443646
1794.5125638443646
1768.4145445135641
1727.9640344275974
1699.427484699385
1699.427484699385
1699.427484699385
1699.427484699385
1699.427484699385
1699.427484699385
1690.1232080459354
1690.1232080459354
1690.1232080459354
1690.1232080459354
1690.1232080459354
1690.1232080459354
1690.1232080459354
1690.1232080459354
1690.1232080459354
15742.148074946857
9108.718244148515
6746.465245107872
4423.970172552394
4272.761299714488
4018.713219377293
4018.713219377293
4018.713219377293
4018.713219377293
4018.713219377293
4018.713219377293
4018.713219377293
4018.713219377293
3575.349128644033
3575.349128644033
3575.349128644033
3575.349128644033
3575.349128644033
3575.349128644033
3575.349128644033
3575.349128644033
3243.806884804006
2993.0851294272475
2993.0851294272475
2993.0851294272475
2993.0851294272475
2993.0851294272475
2993.0851294272475
2993.0851294272475
2993.0851294272475
2993.0851294272475
15742.148074946857
11924.209047822334
7963.858867963844
5944.031936121317
5336.64348455269
4121.9945757234345
3168.2714718347997
2875.072399212285
2875.072399212285
2875.072399212285
2875.072399212285
2729.310744893649
2729.310744893649
2326.3036040727397
2326.3036040727397
2326.3036040727397
2326.3036040727397
2326.3036040727397
2252.335244004193
2252.335244004193
2252.335244004193
2252.335244004193
2252.335244004193
2252.335244004193
2195.1393857061666
2195.1393857061666
2195.1393857061666
2195.1393857061666
2120.9689373302263
2120.9689373302263
2120.9689373302263
2120.9689373302263
2066.8847052698393
2066.8847052698393
2066.8847052698393
2066.8847052698393
2066.8847052698393
2066.8847052698393
2066.8847052698393
2043.585365335541
2043.585365335541
2043.585365335541
1927.8335416541418
1927.8335416541418
1927.8335416541418
1927.8335416541418
1927.8335416541418
1927.8335416541418
1927.8335416541418
1927.8335416541418
1927.8335416541418
15742.148074946857
8542.142353956182
6507.101294585983
4803.380377862444
3393.761588527669
3393.761588527669
3154.8635627451495
3154.8635627451495
3154.8635627451495
3154.8635627451495
3070.7488639243256
2872.193194105005
2872.193194105005
2872.193194105005
2782.5490475304578
2782.5490475304578
2782.5490475304578
2778.781318218281
2684.629069265484
2684.629069265484
2684.629069265484
2684.629069265484
2435.016614880229
2435.016614880229
2435.016614880229
2435.016614880229
2435.016614880229
2195.965685338535
2195.965685338535
2195.965685338535
2195.965685338535
2195.965685338535
2195.965685338535
2195.880945104604
2154.7207419844804
2118.8739076657994
2100.2175373407144
2100.2175373407144
2053.06172900576
2053.06172900576
2053.06172900576
2053.06172900576
2053.06172900576
2053.06172900576
2051.3957428255253
2051.3957428255253
2028.9621245531034
2028.9621245531034
2014.2094571729674
2014.2094571729674
1897.1028596416168
1859.6470165166397
1806.9845973540125
1806.9845973540125
1802.0616231174456
1802.0616231174456
1802.0616231174456
1802.0616231174456
1779.7035759293976
1779.7035759293976
1701.9497633987346
1701.9497633987346
1701.9497633987346
1701.9497633987346
1674.0674339952589
1674.0674339952589
1658.9934227030737
1643.3242669168462
1643.3242669168462
1636.0516161828573
1605.618080010412
1605.618080010412
1591.8145205331482
1570.7099807655118
1570.7099807655118
1539.5933158566597
1521.9087591456416
1521.9087591456416
1494.0852077127047
1451.4397619743456
1451.4397619743456
1444.5656063235544
1442.6514531045536
1442.6514531045536
1442.6514531045536
1435.5102716692181
1435.5102716692181
1435.5102716692181
1422.055979919189
1422.055979919189
1417.5592378208294
1417.5592378208294
1417.5592378208294
1417.5592378208294
1417.5592378208294
1417.5592378208294
1417.5592378208294
1417.5592378208294
1417.5592378208294
1414.9800257566121
1414.9800257566121
1411.8205553511025
1411.8205553511025
1411.8205553511025
1408.6843497271507
1408.6843497271507
1408.6843497271507
1408.6843497271507
1408.6843497271507
1408.6843497271507
1405.2563352281063
1405.2563352281063
1401.7278079118291
1401.7278079118291
1401.7278079118291
1401.7278079118291
1401.7278079118291
1401.7278079118291
1401.7278079118291
1401.7278079118291
1401.7278079118291
15742.148074946857
10125.197050212812
8764.708685975438
5365.269404481853
5365.269404481853
4505.013407105305
4505.013407105305
3777.1991481763193
3777.1991481763193
3777.1991481763193
3777.1991481763193
3777.1991481763193
3777.1991481763193
3777.1991481763193
3377.8505611025803
3377.8505611025803
3377.8505611025803
3377.8505611025803
3377.8505611025803
3377.8505611025803
3377.8505611025803
2967.1831969469968
2967.1831969469968
2967.1831969469968
2967.1831969469968
2967.1831969469968
2967.1831969469968
2967.1831969469968
2821.4308035574113
2821.4308035574113
2821.4308035574113
2806.8427502264976
2806.8427502264976
2739.9234757185077
2739.9234757185077
2603.7592409121194
2603.7592409121194
2603.7592409121194
2574.6256080015364
2574.6256080015364
2574.6256080015364
2574.6256080015364
2574.6256080015364
2572.248575377779
2572.248575377779
2528.0633714527085
2526.5464991450217
2440.93725323546
2399.803711747771
2399.803711747771
2324.3152379881053
2324.3152379881053
2324.3152379881053
2324.3152379881053
2324.3152379881053
2324.3152379881053
2320.96242362089
2280.5893881198936
2280.5893881198936
2280.5893881198936
2280.5893881198936
2280.5893881198936
2253.2768017701924
2253.2768017701924
2253.2768017701924
2236.898631603709
2224.526646984358
2224.526646984358
2222.463568727422
2209.191879412323
2168.295002434879
2168.295002434879
2165.938630150349
2165.938630150349
2165.938630150349
2165.938630150349
