12504.103769083187
6994.918391839623
6965.533142792696
5781.633403536198
5781.633403536198
5781.633403536198
5781.633403536198
5781.633403536198
5781.633403536198
5781.633403536198
5534.40527470068
4735.024292166501
4735.024292166501
4561.275525476146
3978.7223078854554
3978.7223078854554
3978.7223078854554
3978.7223078854554
3978.7223078854554
3677.2019600185786
3677.2019600185786
3677.2019600185786
3677.2019600185786
3677.2019600185786
3677.2019600185786
3677.2019600185786
3677.2019600185786
3677.2019600185786
16203.380165134207
10284.637262545677
6585.366889596421
4712.271133437502
4712.271133437502
4712.271133437502
4712.271133437502
4712.271133437502
4511.278916027082
2907.8360669828166
2698.176996213245
2698.176996213245
2698.176996213245
2698.176996213245
2698.176996213245
2262.8264415801655
2262.8264415801655
2262.8264415801655
2262.8264415801655
2262.8264415801655
2262.8264415801655
2262.8264415801655
2262.8264415801655
2262.8264415801655
16203.380165134207
10853.982398100305
8600.471624678557
6231.214838582839
4458.605699733473
4458.605699733473
4458.605699733473
4363.889347942003
4363.889347942003
4363.889347942003
4363.889347942003
4363.889347942003
4363.889347942003
4363.889347942003
4363.889347942003
4363.889347942003
4313.51676531211
4313.51676531211
3791.4212316353764
3791.4212316353764
3791.4212316353764
3791.4212316353764
3791.4212316353764
3791.4212316353764
3791.4212316353764
3791.4212316353764
3791.4212316353764
16203.380165134207
11184.02043946009
9506.620465974263
4218.522691238904
4218.522691238904
4162.046960840778
4109.154930584988
4109.154930584988
3743.6818017596734
3743.6818017596734
3743.6818017596734
3380.999715550783
2821.740618752444
2821.740618752444
2821.740618752444
2821.740618752444
2821.740618752444
2821.740618752444
2821.740618752444
2821.740618752444
2821.740618752444
16203.380165134207
10418.135699591903
6434.898402180384
6143.283528709576
5768.890383695108
4277.283532159595
3795.7910417387857
3295.7047087914725
3295.7047087914725
3295.7047087914725
3295.7047087914725
3295.7047087914725
3295.7047087914725
3295.7047087914725
3250.9933510219
3250.9933510219
3250.9933510219
3250.9933510219
2394.766637314766
2394.766637314766
2394.766637314766
2394.766637314766
2394.766637314766
2394.766637314766
2394.766637314766
2394.766637314766
2394.766637314766
16203.380165134207
12089.545560792576
7272.722861431699
4454.652702076492
3556.1891350098135
2330.4870229432336
2330.4870229432336
2330.4870229432336
2125.49331591153
2125.49331591153
1962.164051588792
1962.164051588792
1962.164051588792
1962.164051588792
1962.164051588792
1962.164051588792
1962.164051588792
1672.272927444782
1672.272927444782
1672.272927444782
1672.272927444782
1672.272927444782
1672.272927444782
1672.272927444782
1664.7342389668688
1664.7342389668688
1653.5467158413248
1636.4734798286386
1636.4734798286386
1636.4734798286386
1623.8008616580164
1616.9709303356717
1609.1264967503757
1582.4387524122383
1538.531868249936
1538.531868249936
1538.531868249936
1528.680290127616
1528.680290127616
1528.680290127616
1528.680290127616
1528.680290127616
1512.6070941820146
1511.646750756014
1500.8576688796902
1500.8576688796902
1497.5758005630387
1497.5758005630387
1494.1954644798484
1494.1954644798484
1480.8339561466669
1480.8339561466669
1480.8339561466669
1480.8339561466669
1480.8339561466669
1480.8339561466669
1480.8339561466669
1480.8339561466669
1480.53628680595
1470.9248567434038
1470.9248567434038
1470.9248567434038
1470.9248567434038
1470.9248567434038
1470.9248567434038
1470.16096028736
1470.16096028736
1470.16096028736
1470.16096028736
1470.16096028736
1463.1634747901421
1463.1634747901421
1463.1634747901421
1463.1634747901421
1457.6254761240393
1451.3393438934345
1435.019627443689
1435.019627443689
1430.2426343342504
1430.2426343342504
1430.2426343342504
1430.2426343342504
1430.2426343342504
1407.2742104702506
1407.2742104702506
1407.2742104702506
1405.450388506985
1405.450388506985
1403.9260349356216
1402.5650670825007
1402.5650670825007
1391.5714380293216
1391.5714380293216
1391.5714380293216
1391.5714380293216
1391.5714380293216
1391.5714380293216
1391.5714380293216
1384.810579071393
1384.810579071393
1384.810579071393
1384.810579071393
1384.810579071393
1384.810579071393
1384.810579071393
1384.810579071393
1384.810579071393
16203.380165134207
10828.82653236735
7100.481124482351
4254.589448488223
4254.589448488223
4254.589448488223
3820.3121684288044
3314.559752584911
3314.559752584911
2876.7769002510336
2876.7769002510336
2876.7769002510336
2876.7769002510336
2876.7769002510336
2876.7769002510336
2876.7769002510336
2876.7769002510336
2876.7769002510336
16203.380165134207
11540.13044763957
6314.152244588858
6314.152244588858
3675.776037594413
3675.776037594413
3675.776037594413
3675.776037594413
3675.776037594413
3675.776037594413
3675.776037594413
3102.5167171360495
3102.5167171360495
3102.5167171360495
3102.5167171360495
3102.5167171360495
3102.5167171360495
3102.5167171360495
3043.6101682367994
2648.7245630414673
2648.7245630414673
2648.7245630414673
2648.7245630414673
2648.7245630414673
2648.7245630414673
2648.7245630414673
2648.7245630414673
2648.7245630414673
16203.380165134207
10551.956269985394
5733.150050487201
5733.150050487201
4993.148201567476
3782.608459163612
3782.608459163612
3782.608459163612
3782.608459163612
3782.608459163612
3782.608459163612
3782.608459163612
3782.608459163612
3687.485359231159
3559.7717659857026
3559.7717659857026
3559.7717659857026
3559.7717659857026
3214.2136316494175
3214.2136316494175
3214.2136316494175
3214.2136316494175
3214.2136316494175
3214.2136316494175
3214.2136316494175
3214.2136316494175
3153.007363619739
3153.007363619739
3012.722695272959
3012.722695272959
3012.722695272959
3012.722695272959
3012.722695272959
3012.722695272959
2578.05309268442
2578.05309268442
2578.05309268442
2578.05309268442
2578.05309268442
2578.05309268442
2578.05309268442
2578.05309268442
2578.05309268442
16203.380165134207
11024.269449881069
10048.080029820085
7043.773646897452
6491.4434462898735
5588.030425948901
4403.7146371613535
3827.800727410344
3260.989839955948
3260.989839955948
3260.989839955948
3260.989839955948
3260.989839955948
3260.989839955948
3260.989839955948
3260.989839955948
3260.989839955948
16203.380165134207
10770.148463128917
6891.822046334635
4626.405776704983
4626.405776704983
4626.405776704983
4468.854607431465
3813.64627376429
3813.64627376429
3813.64627376429
3813.64627376429
2931.345821178969
2931.345821178969
2931.345821178969
2906.03802694648
2906.03802694648
2443.28135095337
2443.28135095337
2443.28135095337
2443.28135095337
2443.28135095337
2443.28135095337
2443.28135095337
2443.28135095337
2443.28135095337
16203.380165134207
10463.51521859797
9585.253730491113
7097.039418615068
5326.541926697148
5326.541926697148
4949.066148055205
4949.066148055205
4949.066148055205
4949.066148055205
4949.066148055205
4224.028962264804
4224.028962264804
3708.2270507907197
2850.009806311091
2850.009806311091
2850.009806311091
2850.009806311091
2850.009806311091
2850.009806311091
2850.009806311091
2850.009806311091
2850.009806311091
16203.380165134207
12070.417068272782
6314.888063599722
4909.156475618274
4606.197704270915
4606.197704270915
2748.3315095197877
2748.3315095197877
2418.9171538733603
1800.206721681395
1752.3245311362666
1752.3245311362666
1752.3245311362666
1752.3245311362666
1752.3245311362666
1700.1587239265168
1525.7502742947286
1525.7502742947286
1525.7502742947286
1431.4644807454506
1431.4644807454506
1431.4644807454506
1431.4644807454506
1431.4644807454506
1401.4642381669978
1401.4642381669978
1401.4642381669978
1401.4642381669978
1401.4642381669978
1401.4642381669978
1401.4642381669978
1401.4642381669978
1401.4642381669978
16203.380165134207
8963.479623628642
6971.123511542666
6565.527258312092
5696.626290732812
4798.677748517994
4671.306878259752
4224.453120304885
4224.453120304885
4224.453120304885
4224.453120304885
4067.167835121847
4067.167835121847
3358.9504717245304
3358.9504717245304
3358.9504717245304
3358.9504717245304
3358.9504717245304
3358.9504717245304
3358.9504717245304
3358.9504717245304
3358.9504717245304
16203.380165134207
7744.230527336731
7744.230527336731
7312.749905094399
5331.002085370682
5331.002085370682
5331.002085370682
5331.002085370682
4122.058561187896
4122.058561187896
4122.058561187896
4122.058561187896
4122.058561187896
4122.058561187896
4122.058561187896
4122.058561187896
4122.058561187896
16203.380165134207
9646.1459695653
6720.296095757937
3983.9706393104234
3983.9706393104234
3983.9706393104234
3983.9706393104234
3983.9706393104234
3983.9706393104234
3983.9706393104234
3983.9706393104234
3983.9706393104234
3512.5570583947397
3455.629578308122
3455.629578308122
3291.6586955069934
3291.6586955069934
2540.4037567462756
1952.1284371928602
1952.1284371928602
1952.1284371928602
1947.3878555886445
1947.3878555886445
1947.3878555886445
1947.3878555886445
1947.3878555886445
1862.872434448559
1826.2660935969868
1826.2660935969868
1826.2660935969868
1826.2660935969868
1826.2660935969868
1815.6278277247284
1815.6278277247284
1815.6278277247284
1815.6278277247284
1815.6278277247284
1815.6278277247284
1815.6278277247284
1815.6278277247284
1722.072798279986
1722.072798279986
1722.072798279986
1722.072798279986
1722.072798279986
1651.6440217802137
1651.6440217802137
1651.6440217802137
1651.6440217802137
1651.6440217802137
1651.6440217802137
1651.6440217802137
1651.6440217802137
1651.6440217802137
16203.380165134207
10992.369091035547
8625.573518797426
6987.615485148264
5548.791598202603
5548.791598202603
4321.168415993781
4321.168415993781
4321.168415993781
4321.168415993781
3433.6609430548842
3433.6609430548842
3433.6609430548842
3433.6609430548842
3433.6609430548842
3433.6609430548842
3433.6609430548842
3433.6609430548842
3433.6609430548842
16203.380165134207
10801.599594133331
8865.748793513503
6755.054183977085
4943.275560833904
4943.275560833904
4943.275560833904
4943.275560833904
4943.275560833904
4426.77091753947
4426.77091753947
4426.77091753947
4426.77091753947
4426.77091753947
4426.77091753947
4426.77091753947
4426.77091753947
4426.77091753947
16203.380165134207
10293.65734747078
7500.691650002512
6165.289260490596
4747.866674971721
4747.866674971721
4747.866674971721
4747.866674971721
4747.866674971721
4747.866674971721
4747.866674971721
4747.866674971721
4747.866674971721
4666.3010335456875
4635.503807506546
4635.503807506546
4635.503807506546
4635.503807506546
4635.503807506546
4635.503807506546
4635.503807506546
4464.112114123546
4424.815636015417
4424.815636015417
4319.7682760344815
4319.7682760344815
4319.7682760344815
4319.7682760344815
4319.7682760344815
4319.7682760344815
4319.7682760344815
4319.7682760344815
4319.7682760344815
16203.380165134207
8602.214810355847
7936.722989465132
6752.753674336913
5617.593793305287
4467.412641224857
4467.412641224857
4316.660112729191
4261.4878125863415
2718.720042286719
2718.720042286719
2718.720042286719
2718.720042286719
2718.720042286719
2718.720042286719
2718.720042286719
2718.720042286719
2718.720042286719
16203.380165134207
9782.268618314518
7536.124501003996
6888.655196796653
4861.317642830545
3371.7822227642287
3060.1372976471284
3060.1372976471284
3060.1372976471284
3060.1372976471284
2640.7471166586047
2530.9696769544453
2446.139747603628
2143.21548909006
1883.3913108210972
1883.3913108210972
1883.3913108210972
1883.3913108210972
1883.3913108210972
1883.3913108210972
1883.3913108210972
1883.3913108210972
1883.3913108210972
16203.380165134207
10774.044823598693
7361.630143916399
6240.114958222486
5621.17230159192
5290.854877006996
5240.414082459844
4560.711000255466
4560.711000255466
4560.711000255466
3043.780215078906
3043.780215078906
3043.780215078906
3043.780215078906
3043.780215078906
3043.780215078906
3043.780215078906
3043.780215078906
2944.982155649487
2944.982155649487
2944.982155649487
2944.982155649487
2944.982155649487
2944.982155649487
2944.982155649487
2944.982155649487
2944.982155649487
16203.380165134207
10737.822336708974
6888.838980490404
6888.838980490404
5753.136615461058
5148.285585458019
4721.489266652192
4565.185794549501
3989.0137162649726
3943.171462917443
3861.7791943209586
3653.6516649723208
3070.1653870899804
2599.444022462315
1806.1305826750295
1469.0528658224569
1469.0528658224569
1469.0528658224569
1443.8512219567517
1289.4488021458246
1289.4488021458246
1289.4488021458246
1289.4488021458246
1289.4488021458246
1289.4488021458246
1289.4488021458246
1286.6053217505369
1269.5839855354802
1269.5839855354802
1258.5335429294812
1258.5335429294812
1239.2866351564896
1239.2866351564896
1235.0150083238086
1235.0150083238086
1222.5299107922733
1163.9272760608887
1163.9272760608887
1163.9272760608887
1160.4321784885587
1139.8279058282933
1139.8279058282933
1123.937482063315
1091.8563081215566
1088.5768235057596
1088.1337933047907
1088.1337933047907
1088.1337933047907
1082.4700489263173
1082.4700489263173
1082.4700489263173
1082.1449494312353
1082.1449494312353
1082.1449494312353
1074.85312873479
1074.85312873479
1074.85312873479
1072.0678324528965
1072.0678324528965
1072.0678324528965
1067.3203949282342
1067.0034161917645
1065.3241781965155
1065.3241781965155
1065.3241781965155
1065.1478471500825
1065.1478471500825
1065.1478471500825
1065.1478471500825
1062.6206588295895
1061.3614914293205
1061.3614914293205
1061.3614914293205
1060.174769806745
1060.174769806745
1060.174769806745
1058.485896481378
1058.485896481378
1058.485896481378
1058.485896481378
1058.485896481378
1058.485896481378
1058.485896481378
1055.7706976010086
1055.7706976010086
1055.7706976010086
1055.7706976010086
1055.7621393039562
1055.5662793331223
1055.5662793331223
1053.4687951480262
1053.4687951480262
1053.4687951480262
1053.4687951480262
1053.2097715707282
1053.2097715707282
1053.2097715707282
1053.2097715707282
1053.2097715707282
1053.2097715707282
1052.4562937584872
1052.4562937584872
1052.4562937584872
1052.4562937584872
1052.4562937584872
1050.6410325871962
1050.6410325871962
1050.6410325871962
1050.6410325871962
1050.6410325871962
1050.6410325871962
1050.6410325871962
1050.6410325871962
1050.6410325871962
16203.380165134207
9339.237892289828
9251.738578337789
5481.762578415576
5481.762578415576
5481.762578415576
5481.762578415576
5481.762578415576
5481.762578415576
5481.762578415576
5481.762578415576
5481.762578415576
16203.380165134207
9609.576205014268
7595.104614815163
6214.447362046115
5335.139722521572
3961.2085563699156
3961.2085563699156
3961.2085563699156
3961.2085563699156
3961.2085563699156
3961.2085563699156
3961.2085563699156
3961.2085563699156
3961.2085563699156
16203.380165134207
13174.705411792555
7979.543622090763
5842.5793618134785
5842.5793618134785
5842.5793618134785
4626.102916463911
4626.102916463911
4515.158560450561
4433.013834320938
3515.1625592750042
3515.1625592750042
3515.1625592750042
3515.1625592750042
3515.1625592750042
3515.1625592750042
3515.1625592750042
3515.1625592750042
3515.1625592750042
17499.683904658195
10134.637867764379
5869.5365582708255
3978.4123842775953
3239.975558890478
3239.975558890478
2929.797296314985
2929.797296314985
2929.797296314985
2645.2700354551753
2645.2700354551753
2373.593767855078
2373.593767855078
2373.593767855078
2373.593767855078
2373.593767855078
2373.593767855078
2373.593767855078
2373.593767855078
2373.593767855078
17499.683904658195
8980.251786807696
7829.696214307245
4901.450656551125
4289.490803214952
3608.2594558743203
2526.060218665391
2139.3561015678206
2105.838097825239
1758.0730522217618
1758.0730522217618
1440.5224815375034
1440.5224815375034
1440.5224815375034
1440.5224815375034
1440.5224815375034
1440.5224815375034
1440.5224815375034
1440.5224815375034
1440.5224815375034
17499.683904658195
8163.5574936752455
4212.158597185326
3445.5672887293413
2224.2470818708216
2184.012934026484
2184.012934026484
2175.059979476674
2052.282285438041
1659.4062945319297
1617.3392838016507
1456.3730736850887
1400.161551205976
1400.161551205976
1400.161551205976
1165.5182211842296
1165.5182211842296
1165.5182211842296
1165.5182211842296
1165.5182211842296
1165.5182211842296
1165.5182211842296
1165.5182211842296
1165.5182211842296
17499.683904658195
7968.882084411965
6287.150362436215
4952.439688951153
3801.54404842068
3801.54404842068
3340.7685213244235
3126.432893017906
3032.1198004215075
2478.79836374764
2478.79836374764
2478.79836374764
2478.79836374764
2478.79836374764
2478.79836374764
2478.79836374764
2478.79836374764
2478.79836374764
17499.683904658195
9752.053168622486
6510.131646211515
3041.8973195983212
3041.8973195983212
2141.273779410383
1857.3800662562787
1857.3800662562787
1857.3800662562787
1800.338485994082
1800.338485994082
1747.394059351163
1747.394059351163
1747.394059351163
1747.394059351163
1662.273884499958
1662.273884499958
1662.273884499958
1662.273884499958
1662.273884499958
1662.273884499958
1662.273884499958
1662.273884499958
1662.273884499958
17499.683904658195
9186.3888580134
6173.909987589548
4679.324864278555
4592.976812570732
4073.4456344468763
3661.6140119714914
2839.1518106174444
2407.181792162904
1992.723859366729
1867.3123235625233
1867.3123235625233
1867.3123235625233
1492.3279403973554
1492.3279403973554
1492.3279403973554
1492.3279403973554
1492.3279403973554
1492.3279403973554
1492.3279403973554
1492.3279403973554
1492.3279403973554
17499.683904658195
10226.369719619679
5617.555600546848
4089.8733506646477
3095.494824840537
2323.364508752718
1963.9805965972948
1747.091686797115
1678.7651279597965
1678.7651279597965
1678.7651279597965
1579.752321948885
1579.752321948885
1492.5683385719226
1413.4701970985866
1288.6989096749496
1282.7220704598756
1282.7220704598756
1276.6649982258807
1216.581314753376
1146.6652007800922
1146.6652007800922
1146.6652007800922
1146.6652007800922
1146.6652007800922
1146.6652007800922
1146.6652007800922
1146.6652007800922
1146.6652007800922
17499.683904658195
9733.136594445637
5799.518258258145
3566.998925627736
3105.8505825689454
3105.8505825689454
2771.1106245612696
2771.1106245612696
2771.1106245612696
2299.571957336586
1912.8902140627745
1912.8902140627745
1912.8902140627745
1912.8902140627745
1912.8902140627745
1861.9072690069688
1861.9072690069688
1861.9072690069688
1861.9072690069688
1861.9072690069688
1861.9072690069688
1704.0622497717986
1704.0622497717986
1704.0622497717986
1704.0622497717986
1704.0622497717986
1704.0622497717986
1704.0622497717986
1601.895812511241
1601.895812511241
1601.895812511241
1601.895812511241
1587.3018431805772
