13806.068265167003
6770.676129454964
5725.054850570668
5725.054850570668
4958.074783257382
4958.074783257382
3956.3400301911024
3558.9469743792974
3558.9469743792974
3558.9469743792974
3558.9469743792974
3558.9469743792974
3558.9469743792974
3558.9469743792974
3558.9469743792974
3308.8662092868385
3308.8662092868385
3308.8662092868385
3308.8662092868385
3308.8662092868385
3308.8662092868385
3308.8662092868385
3068.884648338182
3068.884648338182
3068.884648338182
3068.884648338182
3068.884648338182
3068.884648338182
3068.884648338182
3068.884648338182
3068.884648338182
2773.3891899055147
2773.3891899055147
2773.3891899055147
2773.3891899055147
2773.3891899055147
2773.3891899055147
2773.3891899055147
2773.3891899055147
2773.3891899055147
17612.61781093325
12954.960718827973
6633.920347365028
5359.474160267472
5359.474160267472
3426.696096588025
3426.696096588025
3426.696096588025
3426.696096588025
3426.696096588025
3426.696096588025
3426.696096588025
3426.696096588025
3426.696096588025
17612.61781093325
12257.482925613514
9322.236382820709
5376.215135190382
5366.999975797748
5101.1094414223735
3990.370198813814
3990.370198813814
3990.370198813814
3990.370198813814
3990.370198813814
3990.370198813814
3990.370198813814
3990.370198813814
3924.703698651116
3333.0373915257865
3333.0373915257865
3333.0373915257865
3333.0373915257865
3333.0373915257865
3333.0373915257865
3293.081896073964
3293.081896073964
3293.081896073964
3293.081896073964
3293.081896073964
3293.081896073964
3293.081896073964
3293.081896073964
3293.081896073964
17612.61781093325
11215.802037666024
8201.950926411873
4715.000344131034
4715.000344131034
4715.000344131034
4715.000344131034
4715.000344131034
4715.000344131034
4715.000344131034
4715.000344131034
4715.000344131034
17612.61781093325
10880.267523157989
5810.714435683003
5326.896628795496
4477.486899096693
4412.399747437297
4359.389772174729
4359.389772174729
3398.8139186928433
3398.8139186928433
2802.371573268567
2802.371573268567
2802.371573268567
2802.371573268567
2802.371573268567
2726.6123253671512
2726.6123253671512
2726.6123253671512
2726.6123253671512
2726.6123253671512
2726.6123253671512
2726.6123253671512
2726.6123253671512
2726.6123253671512
17612.61781093325
11744.097217571485
8409.413078720947
7245.388697046703
4774.903305915637
4774.903305915637
4209.467272225551
4209.467272225551
4209.467272225551
4209.467272225551
4088.6828042602024
4088.6828042602024
4088.6828042602024
3555.352537409014
3171.9612539747404
3055.595327287405
2986.234349376688
2986.234349376688
2962.0673486360756
2962.0673486360756
2793.595996504444
2373.8031913230816
2373.8031913230816
2373.8031913230816
2373.8031913230816
2373.8031913230816
2373.8031913230816
2373.8031913230816
2345.074708506412
2345.074708506412
2345.074708506412
2345.074708506412
2318.3945193792633
2318.3945193792633
2318.3945193792633
2318.3945193792633
2318.3945193792633
2318.3945193792633
2318.3945193792633
2318.3945193792633
2318.3945193792633
17612.61781093325
11299.054142290046
10107.249209322472
6153.723801429664
6153.723801429664
4510.109780312203
4510.109780312203
4510.109780312203
4510.109780312203
4510.109780312203
4510.109780312203
4510.109780312203
4510.109780312203
4510.109780312203
17612.61781093325
10427.258324964067
7533.527067698392
7533.527067698392
7033.422359645091
5569.376670796505
5569.376670796505
5569.376670796505
5569.376670796505
4344.906352513078
4344.906352513078
4344.906352513078
4344.906352513078
3397.2022568858606
3397.2022568858606
3397.2022568858606
3397.2022568858606
3397.2022568858606
3397.2022568858606
3397.2022568858606
3397.2022568858606
3397.2022568858606
17612.61781093325
13816.552415738473
10419.622504121759
5135.2830365020545
5045.799150167221
4543.8651645792725
4543.8651645792725
4268.454526612397
4068.648163553128
4068.648163553128
3736.399705490446
3736.399705490446
3736.399705490446
3736.399705490446
3489.786625305665
3489.786625305665
3489.786625305665
3489.786625305665
3489.786625305665
3489.786625305665
3489.786625305665
3489.786625305665
3489.786625305665
17874.210388457057
11533.910041336208
8775.726527080995
4100.175947401225
4100.175947401225
4067.7783681157
4067.7783681157
3382.371232503587
3137.307324397716
3137.307324397716
3137.307324397716
3130.4146919698346
2884.605620018059
2875.3530769659947
2875.3530769659947
2567.6982526250476
2567.6982526250476
2567.6982526250476
2567.6982526250476
2440.1320940318456
2241.8602038356976
2241.8602038356976
2241.8602038356976
2241.8602038356976
2241.8602038356976
2155.1363573426033
2072.629255465271
1936.0594569372759
1936.0594569372759
1936.0594569372759
1936.0594569372759
1879.852202754448
1615.4896690142878
1578.5896738852312
1578.5896738852312
1578.5896738852312
1578.5896738852312
1578.5896738852312
1578.5896738852312
1578.5896738852312
1565.425171220697
1565.425171220697
1565.425171220697
1565.425171220697
1565.425171220697
1565.425171220697
1565.425171220697
1565.425171220697
1565.425171220697
17874.210388457057
12046.48660545855
7444.724186860238
7444.724186860238
6389.6570185518585
5944.0478798769445
4603.412569464828
4454.0531064375455
4183.66320816714
4183.66320816714
3580.448742686865
3580.448742686865
3580.448742686865
3580.448742686865
3580.448742686865
3580.448742686865
3580.448742686865
3580.448742686865
3580.448742686865
17874.210388457057
9828.616770893912
8039.924736177608
6152.2978189918
5728.128993744652
4309.045444903617
4309.045444903617
4309.045444903617
4261.951929027557
4261.951929027557
4261.951929027557
4261.951929027557
4064.605294678706
4064.605294678706
4064.605294678706
4064.605294678706
4064.605294678706
3584.58234578478
3584.58234578478
3584.58234578478
3584.58234578478
3584.58234578478
3584.58234578478
3209.2427728301404
3209.2427728301404
3209.2427728301404
3209.2427728301404
3038.0050954416815
3038.0050954416815
3038.0050954416815
3038.0050954416815
3038.0050954416815
3028.9240157653126
3028.9240157653126
2867.2800647238037
2867.2800647238037
2867.2800647238037
2867.2800647238037
2867.2800647238037
2867.2800647238037
2867.2800647238037
2867.2800647238037
2867.2800647238037
17874.210388457057
11750.16786565257
6568.265233515022
6568.265233515022
6568.265233515022
6568.265233515022
5516.313829804886
5369.684074410089
3980.1856942377717
3863.437219272217
3863.437219272217
3770.949378784576
3587.658696233664
3094.5268290767526
3094.5268290767526
3094.5268290767526
3094.5268290767526
3094.5268290767526
2711.2468850747773
2711.2468850747773
2711.2468850747773
2711.2468850747773
2711.2468850747773
2711.2468850747773
2711.2468850747773
2711.2468850747773
2711.2468850747773
17874.210388457057
12907.319931501113
9575.057539333902
7844.836574054987
5893.143032821645
5178.803824118457
5178.803824118457
5178.803824118457
4828.980982863726
4399.8063617932075
4399.8063617932075
4399.8063617932075
4399.8063617932075
4399.8063617932075
4399.8063617932075
4383.892357014734
3822.0680177617974
3386.904533859369
3386.904533859369
3386.904533859369
3386.904533859369
3386.904533859369
3386.904533859369
3386.904533859369
3386.904533859369
3386.904533859369
17874.210388457057
8999.903027723714
8283.017610580417
5338.924603217324
4625.505618570101
3581.3005962108855
3264.873874679703
3264.873874679703
2668.263240248829
2668.263240248829
2668.263240248829
2668.263240248829
2668.263240248829
2668.263240248829
2668.263240248829
2668.263240248829
2668.263240248829
17874.210388457057
10991.698065339706
10582.615824172019
6976.337568547592
5441.244101755021
5441.244101755021
5071.825068977464
5071.825068977464
4385.314633849285
3358.2444694742503
3358.2444694742503
2905.898060656103
2411.8635734037175
2357.504302056328
2357.504302056328
2212.3078951726166
2212.3078951726166
2212.3078951726166
2212.3078951726166
1847.1766966114974
1847.1766966114974
1847.1766966114974
1847.1766966114974
1847.1766966114974
1847.1766966114974
1847.1766966114974
1847.1766966114974
1826.5412389588716
1804.0469144784363
1804.0469144784363
1803.1590421307742
1803.1590421307742
1673.5603517798006
1647.090779825669
1647.090779825669
1574.4473414146992
1472.8705741005526
1472.8705741005526
1472.8705741005526
1472.8705741005526
1465.530387241692
1464.031260086789
1430.0217485139153
1430.0217485139153
1413.5864523214937
1413.5864523214937
1413.5864523214937
1413.5864523214937
1413.5864523214937
1413.5864523214937
1413.5864523214937
1411.4345132634505
1411.4345132634505
1404.9822887352407
1404.6015830550664
1402.431824608876
1402.431824608876
1398.9440926231898
1392.266847937443
1392.266847937443
1381.0545220477775
1381.0545220477775
1381.0545220477775
1373.9891006756134
1371.404498470271
1367.6417909044226
1364.5392399653997
1364.5392399653997
1364.5392399653997
1355.9709175133314
1355.9709175133314
1355.9709175133314
1355.9709175133314
1355.9709175133314
1353.1303776717218
1353.1303776717218
1343.872944553861
1343.872944553861
1343.872944553861
1343.872944553861
1343.872944553861
1343.872944553861
1343.872944553861
1343.872944553861
1343.872944553861
17874.210388457057
10467.912899114997
8574.530275194193
7088.339122287549
5238.23506098684
5238.23506098684
5238.23506098684
5238.23506098684
5238.23506098684
5238.23506098684
5128.94621365984
5128.94621365984
5128.94621365984
5128.94621365984
4976.011197045027
4976.011197045027
4976.011197045027
4788.814890787992
4788.814890787992
4433.29185897306
4433.29185897306
4433.29185897306
4433.29185897306
4433.29185897306
4433.29185897306
4229.482137166164
4229.482137166164
4229.482137166164
4229.482137166164
4229.482137166164
4229.482137166164
4229.482137166164
4229.482137166164
4229.482137166164
17874.210388457057
10829.948648913341
7666.744902180933
7232.69859426269
7232.69859426269
5237.237148271176
5117.579407998635
5117.579407998635
5117.579407998635
5117.579407998635
5117.579407998635
4664.6172464985775
4404.273423517805
4169.954744125642
3381.930009283763
3381.930009283763
3381.930009283763
3381.930009283763
3381.930009283763
3381.930009283763
3352.8247748823906
3352.8247748823906
3352.8247748823906
3352.8247748823906
2971.501227138249
2971.501227138249
2971.501227138249
2971.501227138249
2971.501227138249
2971.501227138249
2971.501227138249
2971.501227138249
2971.501227138249
17874.210388457057
10919.664413109373
10298.264571701342
7634.33558867029
4958.935656853882
4958.935656853882
4958.935656853882
4958.935656853882
4958.935656853882
4958.935656853882
4958.935656853882
4958.935656853882
4649.396075738338
4649.396075738338
4649.396075738338
4649.396075738338
4649.396075738338
4649.396075738338
4649.396075738338
4649.396075738338
4649.396075738338
4282.685528355418
4282.685528355418
4282.685528355418
4282.685528355418
4282.685528355418
4282.685528355418
4228.647711223291
4228.647711223291
4079.321447102212
3785.972567956211
3662.4771524342787
3662.4771524342787
3662.4771524342787
3662.4771524342787
3596.762456072987
3537.361496235829
3382.6815050549058
3382.6815050549058
3382.6815050549058
3382.6815050549058
3382.6815050549058
3217.545975770582
3217.545975770582
3217.545975770582
3217.545975770582
3167.1258162015274
3122.148613114011
3122.148613114011
3122.148613114011
3031.7126883339897
3031.7126883339897
3031.7126883339897
3031.7126883339897
3031.7126883339897
3031.7126883339897
3031.7126883339897
3031.7126883339897
3031.7126883339897
17874.210388457057
15578.800347184
7457.126632866443
6170.792350599647
5985.9638683608755
4947.243480506059
4822.460813696951
3779.2180553343715
3779.2180553343715
3779.2180553343715
3779.2180553343715
3545.3510824386285
3442.301725444212
3442.301725444212
3442.301725444212
3190.2982064832263
3190.2982064832263
3031.1491286743385
3031.1491286743385
3031.1491286743385
3031.1491286743385
3031.1491286743385
3031.1491286743385
3031.1491286743385
3031.1491286743385
3031.1491286743385
17874.210388457057
13048.722930424974
9581.12822431881
4588.69020185877
4371.231144797084
4371.231144797084
4094.81709609951
3232.368851395243
3232.368851395243
2992.546346429622
2908.743992817244
2908.743992817244
2908.743992817244
2908.743992817244
2908.743992817244
2908.743992817244
2908.743992817244
2908.743992817244
2908.743992817244
17874.210388457057
12831.833854263548
8770.100668838839
5387.043135589822
5387.043135589822
3414.6218367295537
3414.6218367295537
3414.6218367295537
3414.6218367295537
3414.6218367295537
3414.6218367295537
3414.6218367295537
3414.6218367295537
3414.6218367295537
17874.210388457057
10595.319798799032
9044.803708004361
6249.217426015413
3376.1341087786227
3376.1341087786227
2535.69204498191
2535.69204498191
2328.085981561053
2328.085981561053
2328.085981561053
2328.085981561053
2328.085981561053
2328.085981561053
2328.085981561053
2328.085981561053
2288.6696228880464
2288.6696228880464
2216.660581390747
2216.660581390747
2194.8120104761956
2194.8120104761956
2194.8120104761956
2194.8120104761956
2189.805279330093
2189.805279330093
2180.4520386144095
2180.4520386144095
2169.6478176469645
2169.6478176469645
2144.0228496049576
2132.4308828521825
2035.7722785405608
1891.3282200284057
1891.3282200284057
1886.1313472518657
1882.171980930034
1788.8075856825083
1788.8075856825083
1777.0656535888688
1777.0656535888688
1725.1319802079795
1725.1319802079795
1725.1319802079795
1677.7862997192492
1671.7176904075136
1671.7176904075136
1671.7176904075136
1622.2589134284003
1614.2387235342837
1614.2387235342837
1614.2387235342837
1614.2387235342837
1595.7167686658468
1595.7167686658468
1583.2863179338658
1582.3800245192508
1582.1168189200866
1582.1168189200866
1582.1168189200866
1572.1482254076705
1555.8148977025924
1555.7425679180142
1555.7425679180142
1555.7425679180142
1555.7425679180142
1555.7425679180142
1536.4040722385012
1536.4040722385012
1536.4040722385012
1536.4040722385012
1536.4040722385012
1536.4040722385012
1533.1820828457899
1533.1820828457899
1527.8574127837978
1527.8574127837978
1527.8574127837978
1527.8574127837978
1517.7150803949362
1516.8602652273985
1516.8602652273985
1516.5096291373957
1516.5096291373957
1516.2081313422068
1516.2081313422068
1515.8276582753429
1512.9200402720403
1512.9200402720403
1512.9200402720403
1512.9200402720403
1508.599734460733
1506.6186173473975
1502.273353860979
1502.273353860979
1502.273353860979
1502.273353860979
1496.0167724546059
1496.0167724546059
1496.0167724546059
1496.0167724546059
1496.0167724546059
1496.0167724546059
1496.0167724546059
1493.865436397159
1493.865436397159
1493.865436397159
1493.865436397159
1493.865436397159
1493.865436397159
1493.865436397159
1493.865436397159
1493.865436397159
17874.210388457057
12026.996714144963
7174.82245422833
7174.82245422833
7174.82245422833
7174.82245422833
7174.82245422833
7174.82245422833
7174.82245422833
7174.82245422833
7174.82245422833
17874.210388457057
11016.002072716843
6908.2525137302855
5780.5753062226095
4854.44742466808
4405.073981409558
3797.33742899003
3797.33742899003
3797.33742899003
3220.703527687823
3220.703527687823
2677.4500261888084
2677.4500261888084
2615.833321448669
2615.833321448669
2615.833321448669
2615.833321448669
2615.833321448669
2450.445449137437
2450.445449137437
2309.324811999668
2309.324811999668
2085.172758391301
2085.172758391301
2085.172758391301
2085.172758391301
2085.172758391301
2085.172758391301
2085.172758391301
2085.172758391301
2085.172758391301
17874.210388457057
10884.385552747157
7923.507728626776
4831.935101110588
4307.054475648256
3406.996766334803
3406.996766334803
3406.996766334803
3151.9514860339423
3151.9514860339423
3151.9514860339423
3151.9514860339423
3151.9514860339423
3151.9514860339423
3129.2871237995396
3129.2871237995396
3129.2871237995396
3129.2871237995396
3129.2871237995396
3129.2871237995396
3129.2871237995396
2906.5444873181705
2906.5444873181705
2906.5444873181705
2906.5444873181705
2906.5444873181705
2906.5444873181705
2906.5444873181705
2906.5444873181705
2906.5444873181705
17874.210388457057
8672.961394320373
6295.5420384576655
6295.5420384576655
5567.482554551191
5567.482554551191
5567.482554551191
4747.2726964860285
4355.196451032928
4355.196451032928
3081.2237279912943
3081.2237279912943
3081.2237279912943
3081.2237279912943
3081.2237279912943
3081.2237279912943
3081.2237279912943
3081.2237279912943
3081.2237279912943
17874.210388457057
7894.801655318042
6792.5747033700245
6792.5747033700245
6792.5747033700245
6792.5747033700245
6792.5747033700245
6566.17182944103
5106.342243721282
5106.342243721282
5106.342243721282
5106.342243721282
5106.342243721282
5106.342243721282
5106.342243721282
5106.342243721282
5106.342243721282
17874.210388457057
10560.235077002624
8476.944714373414
6137.132035329506
6137.132035329506
6031.197037029994
6031.197037029994
6031.197037029994
6031.197037029994
6031.197037029994
6031.197037029994
6031.197037029994
6031.197037029994
6031.197037029994
17874.210388457057
14159.952485900698
7987.361250977639
5202.935642749105
3717.2699165959352
3717.2699165959352
3559.8874150982624
3559.8874150982624
3559.8874150982624
3551.980634138175
2934.9809862928564
2934.9809862928564
2876.3886896752965
2842.469675651356
2842.469675651356
2842.469675651356
2475.907825340307
2475.907825340307
2475.907825340307
2475.907825340307
2475.907825340307
2475.907825340307
2475.907825340307
2475.907825340307
2475.907825340307
17874.210388457057
10086.018460335554
6156.273160918321
6156.273160918321
6038.683197981283
5177.06066563279
5177.06066563279
5177.06066563279
5177.06066563279
5139.350756187782
5139.350756187782
5139.350756187782
5139.350756187782
5139.350756187782
5139.350756187782
5139.350756187782
5139.350756187782
5139.350756187782
17874.210388457057
12548.152441281434
6765.629133221027
6205.579600801181
4676.120132697684
4452.608881826958
3444.6490447889882
3444.6490447889882
2715.439040682309
2715.439040682309
2715.439040682309
2715.439040682309
2715.439040682309
2715.439040682309
2715.439040682309
2715.439040682309
2715.439040682309
2539.3785292606262
2532.473463026904
2532.473463026904
2519.9277267292473
2519.9277267292473
2519.9277267292473
2429.8545167287257
2412.1852874914475
2412.1852874914475
2412.1852874914475
2388.890724164833
2388.890724164833
2388.890724164833
2373.107425991199
2373.107425991199
2278.167252808206
2278.167252808206
2278.167252808206
2250.3333205192944
2243.4257603176316
2243.4257603176316
2243.4257603176316
2170.8227344105762
2101.528230591727
2101.528230591727
2091.4622634890666
2005.561092295231
2005.561092295231
2005.561092295231
1985.8770282284975
1985.8770282284975
1921.1790993814134
1891.9186137591523
1851.4944595458555
1824.5490303255071
