10116.105066852262
5769.742110653113
3756.397106949017
2402.5199449498723
2297.314609523745
2297.314609523745
2297.314609523745
2297.314609523745
2297.314609523745
2297.314609523745
2242.0597233453173
2242.0597233453173
2242.0597233453173
2036.5912958268627
2036.5912958268627
2009.0298617921178
2009.0298617921178
2009.0298617921178
2009.0298617921178
2009.0298617921178
2009.0298617921178
1993.593367512929
1993.593367512929
1993.593367512929
1993.593367512929
1993.593367512929
1993.593367512929
1993.593367512929
1993.593367512929
1993.593367512929
13908.60770266821
9985.806352914156
5212.209555031503
5212.209555031503
5097.989111353515
3921.798686957131
3921.798686957131
3609.78153121307
3609.78153121307
3609.78153121307
3609.78153121307
3609.78153121307
3609.78153121307
3609.78153121307
3609.78153121307
3439.3553519470415
3303.484421145682
3115.305664594436
2967.702582286874
2746.140936703804
2746.140936703804
2621.164869340929
2116.655671968925
1938.1622949501898
1938.1622949501898
1938.1622949501898
1840.1716667762473
1840.1716667762473
1754.7319484498817
1420.3159570386797
1393.958093205695
1393.958093205695
1393.958093205695
1393.958093205695
1393.958093205695
1393.958093205695
1393.958093205695
1393.958093205695
1393.958093205695
13908.60770266821
9096.715352850935
5844.875448555745
3476.191699584916
3476.191699584916
3476.191699584916
3476.191699584916
3476.191699584916
3476.191699584916
3351.4333086013908
2816.930341312497
2816.930341312497
2816.930341312497
2816.930341312497
2816.930341312497
2816.930341312497
2816.930341312497
2816.930341312497
2816.930341312497
13908.60770266821
7197.473104238392
7197.473104238392
4430.120502374462
3994.670378135953
3994.670378135953
3994.670378135953
3994.670378135953
3395.98328068832
3395.98328068832
3395.98328068832
3395.98328068832
3395.98328068832
3395.98328068832
3395.98328068832
3395.98328068832
2963.123972798268
2963.123972798268
2963.123972798268
2963.123972798268
2963.123972798268
2963.123972798268
2937.053372102599
2937.053372102599
2937.053372102599
2590.9893005932063
2590.9893005932063
2526.487672882679
2526.487672882679
2526.487672882679
2431.3837037746434
2431.3837037746434
2431.3837037746434
2431.3837037746434
2431.3837037746434
2412.9083771783157
2412.9083771783157
2412.9083771783157
2396.869745152253
2371.386278462229
2371.386278462229
2371.386278462229
2340.0681058609584
2340.0681058609584
2340.0681058609584
2340.0681058609584
2340.0681058609584
2319.194024631934
2319.194024631934
2295.4759922572857
2295.4759922572857
2295.4759922572857
2285.1901526919055
2280.4894387902023
2280.4894387902023
2264.094415296747
2262.880048273055
2262.09152464764
2262.09152464764
2262.09152464764
2262.09152464764
2262.09152464764
2262.09152464764
2242.4627554567387
2242.4627554567387
2242.4627554567387
2208.411098350309
2208.411098350309
2208.411098350309
2208.411098350309
2208.411098350309
2208.411098350309
2208.411098350309
2199.5428564809
2199.5428564809
2199.5428564809
2199.5428564809
2177.142377926104
2177.142377926104
2177.142377926104
2177.142377926104
2177.142377926104
2177.142377926104
2171.092900622072
2166.2567498132908
2166.2567498132908
2166.2567498132908
2166.2567498132908
2155.422615850547
2155.422615850547
2146.337725319616
2146.337725319616
2143.2008880960193
2143.2008880960193
2143.1733859181404
2132.947344919501
2108.752305194779
2108.752305194779
2108.752305194779
2108.752305194779
2108.752305194779
2108.752305194779
2095.6239807702295
2095.6239807702295
2095.6239807702295
2095.6239807702295
2095.6239807702295
2095.6239807702295
2093.001194536659
2087.348501235082
2087.348501235082
2087.348501235082
2087.348501235082
2087.348501235082
2087.348501235082
2082.5405263817042
2082.5405263817042
2082.5405263817042
2082.5405263817042
2081.505045057576
2081.505045057576
2081.505045057576
2081.505045057576
2081.505045057576
2081.505045057576
2081.505045057576
2081.505045057576
2081.505045057576
13908.60770266821
10393.082657215566
5147.256013656038
3750.029113776856
3271.500597899824
3197.8927820606887
2667.3264265918024
2222.7091617843575
2222.7091617843575
2222.7091617843575
2222.7091617843575
2222.7091617843575
2222.7091617843575
2222.7091617843575
2222.7091617843575
2222.7091617843575
13908.60770266821
6457.471272455868
5856.873187565739
4259.28445287339
4259.28445287339
3780.7746342648998
3780.7746342648998
3013.2849848836677
2466.8860795316014
2382.397749275426
2151.1839639309965
2147.4363792970335
2147.4363792970335
2147.4363792970335
1952.3863288795005
1936.2861674575176
1936.2861674575176
1936.2861674575176
1936.2861674575176
1936.2861674575176
1820.1978630353944
1767.9267899673482
1767.9267899673482
1767.9267899673482
1767.9267899673482
1767.9267899673482
1767.9267899673482
1767.9267899673482
1767.9267899673482
1767.9267899673482
13908.60770266821
8545.99078877562
5860.811101407539
4312.323980315277
3141.821012225881
3141.821012225881
3141.821012225881
3141.821012225881
3141.821012225881
3141.821012225881
3141.821012225881
3141.821012225881
3141.821012225881
13908.60770266821
10275.093404069978
6032.953660980804
4156.502641433464
4024.3170926187854
3783.1453700097622
2560.4731403812157
2560.4731403812157
2560.4731403812157
2419.0841742611
2193.5595490649584
2193.5595490649584
2193.5595490649584
1883.5130390054228
1837.2553282736153
1837.2553282736153
1837.2553282736153
1837.2553282736153
1837.2553282736153
1837.2553282736153
1694.5762814303296
1694.5762814303296
1694.5762814303296
1694.5762814303296
1694.5762814303296
1660.7909013922583
1660.7909013922583
1660.7909013922583
1533.3396220569603
1533.3396220569603
1533.3396220569603
1533.3396220569603
1533.3396220569603
1533.3396220569603
1533.3396220569603
1533.3396220569603
1480.9404519587636
1480.9404519587636
1480.9404519587636
1480.9404519587636
1480.9404519587636
1449.669665020861
1449.669665020861
1449.669665020861
1449.669665020861
1449.669665020861
1449.669665020861
1449.669665020861
1449.669665020861
1427.4762875280685
1427.4762875280685
1427.4762875280685
1409.3923712018675
1388.6859784717824
1388.6859784717824
1376.292745269897
1376.292745269897
1376.292745269897
1372.3604938117003
1371.2881509040087
1371.2881509040087
1369.2701101178695
1369.2701101178695
1365.7142003133213
1352.4586196210232
1352.4586196210232
1347.3464576383217
1335.5360891992918
1318.315551700327
1314.6181503189573
1314.6181503189573
1305.6509371480083
1305.6509371480083
1305.6509371480083
1305.2418559792209
1269.5502409004894
1269.0575677121658
1262.0120128526046
1238.4372689422669
1238.4372689422669
1238.4372689422669
1238.4372689422669
1229.5609707615752
1220.585465581188
1219.5075381793881
1218.6911970592776
1218.6911970592776
1217.6510919714033
1217.6510919714033
1213.2325095225178
1213.2325095225178
1213.2325095225178
1213.2325095225178
1213.2325095225178
1213.2325095225178
1210.4710276184408
1210.4710276184408
1210.4710276184408
1210.4710276184408
1210.4710276184408
1209.001289370999
1209.001289370999
1200.8748232482708
1198.6329757378521
1198.6329757378521
1198.5281151252943
1198.5281151252943
1197.3005528295425
1197.3005528295425
1197.3005528295425
1195.3650280314478
1195.3650280314478
1190.5468232083647
1190.5468232083647
1190.5468232083647
1190.5468232083647
1190.5468232083647
1190.5468232083647
1190.5468232083647
1190.5468232083647
1190.5468232083647
13908.60770266821
6663.898265309761
5681.337780254882
4725.278531935854
3829.8624927174455
3118.429805341611
3118.429805341611
3118.429805341611
3118.429805341611
2915.7392015586597
2765.159528707187
2438.5425289674563
2021.7805789020822
2021.7805789020822
2021.7805789020822
2021.7805789020822
2021.7805789020822
2021.7805789020822
2021.7805789020822
2021.7805789020822
2021.7805789020822
1926.6045562913664
1844.5816665398988
1671.6550958402436
1609.143489128465
1419.8865762349178
1419.8865762349178
1318.9025460553612
1318.9025460553612
1318.9025460553612
1318.9025460553612
1318.9025460553612
1318.9025460553612
1318.9025460553612
1308.5677763687424
1308.5677763687424
1297.9159870776807
1297.9159870776807
1297.9159870776807
1257.3966001463073
1257.3966001463073
1257.3966001463073
1257.3966001463073
1195.7367522737227
1195.7367522737227
1195.7367522737227
1195.7367522737227
1149.0995710480408
1149.0995710480408
1148.1976093359694
1128.2195420564472
1128.2195420564472
1128.2195420564472
1119.3231998543843
1119.3231998543843
1109.6201282915706
1109.6201282915706
1105.602684144812
1098.459079912618
1085.1278125414938
1064.345706265074
1055.0680232977013
1055.0680232977013
1055.0680232977013
1055.0680232977013
1055.0680232977013
1055.0680232977013
1055.0680232977013
1054.4758662497386
1052.530590964109
1052.530590964109
1052.530590964109
1051.4280852395734
1051.4280852395734
1049.0846249440665
1049.0846249440665
1048.7501039191632
1048.7501039191632
1048.7501039191632
1048.4443710294242
1048.4443710294242
1048.4443710294242
1048.4443710294242
1048.4443710294242
1048.4443710294242
1047.4536877800747
1047.4536877800747
1047.4536877800747
1047.4536877800747
1047.4536877800747
1047.1098105528706
1047.1098105528706
1047.1098105528706
1047.1098105528706
1047.1098105528706
1046.4553080952137
1046.4553080952137
1046.4553080952137
1046.4553080952137
1046.4553080952137
1046.4553080952137
1046.4553080952137
1046.4553080952137
1046.4553080952137
13908.60770266821
8622.165503443484
5596.131931050019
5055.03602748022
3969.923053148689
3417.864405285756
3048.0026129647326
2786.3184272148073
2580.6182964278933
2240.7178522177505
2203.5697434799386
1818.1268675524238
1796.1010353815227
1796.1010353815227
1643.7541059634304
1590.376372163057
1562.0622176091038
1492.0915073177484
1492.0915073177484
1492.0915073177484
1492.0915073177484
1407.5798138886787
1407.5798138886787
1407.5798138886787
1407.5798138886787
1407.5798138886787
1407.5798138886787
1407.5798138886787
1359.1067544079933
1359.1067544079933
1359.1067544079933
1297.653221995712
1255.0013417783045
1255.0013417783045
1255.0013417783045
1255.0013417783045
1171.9271212963804
1171.9271212963804
1171.9271212963804
1171.9271212963804
1171.9271212963804
1171.9271212963804
1171.9271212963804
1171.9271212963804
1171.9271212963804
13908.60770266821
9568.976821789893
6421.806285179837
4067.4781903377075
3085.172828277936
2037.564301430738
2037.564301430738
2037.564301430738
2037.564301430738
2037.564301430738
2037.564301430738
2011.0008717884925
2011.0008717884925
2011.0008717884925
2011.0008717884925
1884.9869100762896
1884.9869100762896
1884.9869100762896
1884.9869100762896
1852.2147928188933
1843.6927538409498
1751.1095705122232
1751.1095705122232
1751.1095705122232
1751.1095705122232
1704.7794443840198
1704.7794443840198
1704.7794443840198
1647.8869457991827
1636.1135077239535
1611.7272047307313
1537.036516252174
1537.036516252174
1537.036516252174
1537.036516252174
1537.036516252174
1537.036516252174
1537.036516252174
1521.4428869283843
1521.4428869283843
1520.5336190745318
1520.5336190745318
1508.4080947343002
1494.3542468129776
1494.3542468129776
1494.3542468129776
1489.4766106913967
1469.601315865862
1463.4346796977056
1463.4346796977056
1463.4346796977056
1451.7441508634688
1442.6549661907736
1442.6549661907736
1442.6549661907736
1427.0669668896605
1419.2572118748603
1419.2572118748603
1410.3281987565847
1410.3281987565847
1401.3609499450554
1401.3609499450554
1401.3609499450554
1401.3609499450554
1398.516606857183
1398.516606857183
1398.516606857183
1394.0506738302622
1391.584363855498
1390.874495530808
1390.874495530808
1390.874495530808
1390.874495530808
1388.8585134583996
1388.8585134583996
1388.8585134583996
1388.8585134583996
1388.8585134583996
1386.5409684086487
1386.5409684086487
1386.5409684086487
1386.5409684086487
1386.5409684086487
1386.5409684086487
1386.5409684086487
1386.5409684086487
1386.5409684086487
13908.60770266821
8629.764870116876
5784.811041346679
4381.650479775407
3096.517501777377
3011.0064450524856
1896.657873570617
1896.657873570617
1896.657873570617
1896.657873570617
1896.657873570617
1896.657873570617
1896.657873570617
1896.657873570617
1896.657873570617
1857.0525771197358
1857.0525771197358
1857.0525771197358
1857.0525771197358
1751.517734464754
1751.517734464754
1751.517734464754
1751.517734464754
1751.517734464754
1751.517734464754
1751.517734464754
1751.517734464754
1706.5505142397863
1706.5505142397863
1670.4894359823188
1670.4894359823188
1670.4894359823188
1588.8189618739375
1588.8189618739375
1588.8189618739375
1542.652266330162
1542.652266330162
1542.652266330162
1518.118659709171
1494.0407184708167
1494.0407184708167
1494.0407184708167
1494.0407184708167
1480.7401898382095
1480.7401898382095
1476.1619732079193
1476.1619732079193
1476.1619732079193
1458.3999437992632
1458.3999437992632
1455.35009198864
1437.8590151203257
1437.8590151203257
1437.8590151203257
1437.8590151203257
1421.7141901933783
1421.7141901933783
1401.729022553015
1401.729022553015
1401.729022553015
1401.729022553015
1396.7800923231023
1394.5906502625612
1388.3585323313278
1388.3585323313278
1388.3585323313278
1388.3585323313278
1388.3585323313278
1387.487907780124
1387.487907780124
1384.3153549541598
1384.3153549541598
1384.3153549541598
1384.3153549541598
1384.3153549541598
1384.3153549541598
1384.3153549541598
1384.3153549541598
1384.3153549541598
1380.296259849767
1380.296259849767
1380.296259849767
1377.358481520178
1377.358481520178
1377.358481520178
1377.358481520178
1377.358481520178
1377.358481520178
1377.358481520178
1377.358481520178
1377.358481520178
13908.60770266821
7821.446120585636
3776.272425984227
3776.272425984227
3471.6274319115755
3471.6274319115755
3471.6274319115755
3471.6274319115755
3471.6274319115755
3471.6274319115755
3200.6532747640745
3200.6532747640745
3200.6532747640745
2924.361434054522
2924.361434054522
2924.361434054522
2924.361434054522
2924.361434054522
2924.361434054522
2924.361434054522
2924.361434054522
2924.361434054522
13908.60770266821
7959.634044734142
5402.052058059114
3847.187642288864
2176.9573156532133
2176.9573156532133
2176.9573156532133
2176.9573156532133
2176.9573156532133
2176.9573156532133
2176.9573156532133
2176.9573156532133
2176.9573156532133
13908.60770266821
10016.703030754701
4522.279620177502
4522.279620177502
4386.127154463149
3585.5195843856777
3585.5195843856777
3585.5195843856777
3585.5195843856777
3585.5195843856777
3585.5195843856777
3585.5195843856777
3585.5195843856777
3142.2286184899676
3142.2286184899676
3142.2286184899676
2991.751978883063
2991.751978883063
2991.751978883063
2991.751978883063
2991.751978883063
2991.751978883063
2991.751978883063
2991.751978883063
2775.7482504700192
2775.7482504700192
2775.7482504700192
2775.7482504700192
2775.7482504700192
2639.0130302289244
2639.0130302289244
2639.0130302289244
2639.0130302289244
2639.0130302289244
2639.0130302289244
2570.974402407933
2570.974402407933
2532.968683640366
2532.968683640366
2532.968683640366
2530.979089109118
2530.979089109118
2489.8068947730653
2489.8068947730653
2489.8068947730653
2489.8068947730653
2489.8068947730653
2489.8068947730653
2489.8068947730653
2489.8068947730653
2489.8068947730653
13908.60770266821
11258.677574251738
6826.189353736578
6132.46629969159
4459.911507676006
3866.7147795543297
3866.7147795543297
3433.1910145049524
3143.8352991764878
3143.8352991764878
3143.8352991764878
3143.8352991764878
3143.8352991764878
3143.8352991764878
3143.8352991764878
3143.8352991764878
3143.8352991764878
3069.2763283234162
3069.2763283234162
3069.2763283234162
3069.2763283234162
3069.2763283234162
3069.2763283234162
3069.2763283234162
3062.816039006264
3062.816039006264
3062.816039006264
3044.430394207488
3044.430394207488
3044.430394207488
2875.119629311491
2875.119629311491
2875.119629311491
2861.5975255653416
2861.5975255653416
2861.5975255653416
2694.0422835917298
2689.858821224743
2584.3781524511496
2459.9431273431055
2416.1437703321026
2416.1437703321026
2398.488673750405
2398.488673750405
2372.8194092574913
2337.114726956527
2337.114726956527
2300.918138721107
2248.7633139366844
2248.7633139366844
2227.7190995751425
2227.7190995751425
2227.7190995751425
2208.410412280588
2180.5396059509476
2171.906377902539
2171.906377902539
2117.2161807452903
2117.2161807452903
2117.2161807452903
2107.4581279409385
2103.5039159440075
2095.4533435597823
2095.4533435597823
2095.4533435597823
2083.047194160172
2083.047194160172
2077.938540905075
2052.7657938492225
2052.7657938492225
2052.7657938492225
2052.7657938492225
2052.7657938492225
2048.8198025392794
2047.8711160488158
2016.8041017799383
2016.8041017799383
2016.8041017799383
2016.8041017799383
2001.2307515871623
2000.1091177790802
2000.1091177790802
1997.6917261481738
1997.6917261481738
1997.6917261481738
1997.6917261481738
1997.6917261481738
1991.76273750056
1986.947456091264
1986.947456091264
1980.7829783416817
1980.7829783416817
1975.3935930704808
1975.3935930704808
1975.3935930704808
1975.3935930704808
1975.3935930704808
1975.3935930704808
1975.3935930704808
1975.3935930704808
1975.3935930704808
13908.60770266821
8665.235136071244
5971.054879649724
4156.785096852798
3930.2642490755356
3309.4905673576523
3143.150832305913
2675.8003445197737
2675.8003445197737
2675.8003445197737
2640.585868148769
2640.585868148769
2640.585868148769
2568.5902169018314
2426.6309981816466
2426.6309981816466
2426.6309981816466
2267.6639521679417
2267.6639521679417
2267.6639521679417
2267.6639521679417
2267.6639521679417
2214.158115325838
2214.158115325838
2214.158115325838
2214.158115325838
2214.158115325838
2214.158115325838
1893.0192241995394
1893.0192241995394
1893.0192241995394
1893.0192241995394
1893.0192241995394
1893.0192241995394
1893.0192241995394
1893.0192241995394
1893.0192241995394
13908.60770266821
7383.392995244004
6259.350824720863
4046.3445943377346
4046.3445943377346
4046.3445943377346
3291.309866633509
3291.309866633509
3291.309866633509
3291.309866633509
3291.309866633509
3291.309866633509
3119.555498600952
3119.555498600952
3119.555498600952
3119.555498600952
2905.3305801981896
2905.3305801981896
2905.3305801981896
2905.3305801981896
2516.873738660949
2516.873738660949
2516.873738660949
2516.873738660949
2516.873738660949
2516.873738660949
2516.873738660949
2516.873738660949
2516.873738660949
13908.60770266821
9245.924544615873
5246.962143908132
4371.170398720333
4371.170398720333
4218.270159277393
2533.4930720102234
2533.4930720102234
2176.7826758321467
2176.7826758321467
2176.7826758321467
2096.2908602207362
2096.2908602207362
2096.2908602207362
1998.5657426334587
1998.5657426334587
1850.525935375194
1842.0219341713387
1723.2877872519748
1693.4425426811713
1593.7047308748795
1593.7047308748795
1593.7047308748795
1490.2540016992757
1476.5136485320145
