9129.375549951976
5955.651282353315
3708.543975544432
3708.543975544432
3708.543975544432
3708.543975544432
3708.543975544432
3708.543975544432
3708.543975544432
3708.543975544432
3708.543975544432
16366.422085338747
7936.297014990232
7422.787950667783
4745.647224803345
4097.582092420866
4097.582092420866
4097.582092420866
4097.582092420866
4097.582092420866
4097.582092420866
4097.582092420866
4097.582092420866
4097.582092420866
16366.422085338747
11339.526182546284
6578.130759867268
6278.01669741561
4007.9847758837404
4007.9847758837404
3136.7902561310207
3136.7902561310207
2848.8645145064474
2848.8645145064474
2848.8645145064474
2848.8645145064474
2848.8645145064474
2848.8645145064474
2752.3782136598193
2334.030571871904
2334.030571871904
2334.030571871904
2334.030571871904
2334.030571871904
2334.030571871904
2334.030571871904
2334.030571871904
2334.030571871904
16366.422085338747
10224.505184788288
6289.396411089627
6289.396411089627
4777.789412476906
4777.789412476906
4777.789412476906
4777.789412476906
4777.789412476906
4777.789412476906
4777.789412476906
4777.789412476906
4777.789412476906
16366.422085338747
8849.267507551456
6743.484715771118
6171.540624564425
5686.626794981786
4608.448229958211
4608.448229958211
3696.108301470537
3074.537965499368
2902.8350169980554
2803.062439065655
2061.815927980003
2061.815927980003
2061.815927980003
2061.815927980003
2061.815927980003
2061.815927980003
2061.815927980003
2061.815927980003
2061.815927980003
16366.422085338747
9389.461538716096
4646.616297836741
4646.616297836741
4646.616297836741
4646.616297836741
4411.916841908109
4411.916841908109
4194.777624091299
3621.605929416759
2844.30021258945
2844.30021258945
2844.30021258945
2565.8938868175123
2355.3709652181933
2236.293014694751
2236.293014694751
2236.293014694751
2236.293014694751
2236.293014694751
1919.8088068910915
1919.8088068910915
1919.8088068910915
1919.8088068910915
1919.8088068910915
1919.8088068910915
1919.8088068910915
1919.8088068910915
1919.8088068910915
1883.675647582406
1883.675647582406
1883.675647582406
1790.4458387549253
1790.4458387549253
1620.3849172679584
1620.3849172679584
1620.3849172679584
1620.3849172679584
1620.3849172679584
1620.3849172679584
1620.3849172679584
1620.3849172679584
1620.3849172679584
1594.522758187205
1594.522758187205
1594.522758187205
1517.5770306930856
1453.1451208188419
1453.0133869797155
1453.0133869797155
1426.6815963936926
1403.9721545869315
1403.9721545869315
1402.3548896220293
1398.6108313323157
1398.6108313323157
1398.6108313323157
1398.6108313323157
1389.703599679638
1389.703599679638
1389.703599679638
1389.703599679638
1389.703599679638
1387.2119287594269
1386.2996326294883
1386.2996326294883
1384.695190373746
1384.695190373746
1384.695190373746
1384.695190373746
1384.695190373746
1373.6867014321163
1373.6867014321163
1373.6867014321163
1373.6867014321163
1373.6867014321163
1373.6867014321163
1373.6867014321163
1373.6867014321163
1363.845149055303
1363.845149055303
1363.845149055303
1363.845149055303
1363.845149055303
1363.845149055303
1363.845149055303
1363.845149055303
1358.8744485767352
1358.8744485767352
1355.962669649658
1355.962669649658
1355.962669649658
1355.962669649658
1355.962669649658
1345.9190954422804
1345.9190954422804
1345.9190954422804
1342.7744892455366
1342.7744892455366
1342.7744892455366
1340.669881028907
1340.669881028907
1339.294030254517
1331.774151879338
1331.774151879338
1331.774151879338
1331.774151879338
1331.774151879338
1330.4977938024504
1330.4977938024504
1319.8906517275036
1319.8906517275036
1319.8906517275036
1319.8906517275036
1319.8906517275036
1319.8906517275036
1319.8906517275036
1319.8906517275036
1319.8906517275036
16366.422085338747
8530.661705622322
5203.754431636351
5040.127682184334
5013.662692499361
3854.3706919285128
3854.3706919285128
3736.2416117960643
2917.6691712138445
2702.653684329433
2041.7988877096122
1765.9998524132282
1765.9998524132282
1765.9998524132282
1643.0793809328902
1394.5796418297716
1394.5796418297716
1394.5796418297716
1394.5796418297716
1394.5796418297716
1394.5796418297716
1394.5796418297716
1394.5796418297716
1394.5796418297716
16366.422085338747
8581.037599672618
5820.125091502832
4626.033230448324
4099.293491679294
4099.293491679294
4099.293491679294
3826.0418824026237
3330.661679112787
3330.661679112787
3330.661679112787
3303.3134403245203
3303.3134403245203
3303.3134403245203
3303.3134403245203
3303.3134403245203
3303.3134403245203
3046.57704449432
3046.57704449432
2841.30530787157
2836.081429992442
2836.081429992442
2484.2144515708005
2484.2144515708005
2484.2144515708005
2484.2144515708005
2484.2144515708005
2429.622304834793
2409.827232779826
2409.827232779826
2409.827232779826
2173.3121305333993
2173.3121305333993
2173.3121305333993
2004.779187352374
2004.779187352374
2004.779187352374
2004.779187352374
1999.6880870653044
1794.8209851227343
1794.8209851227343
1794.8209851227343
1794.8209851227343
1794.8209851227343
1794.8209851227343
1794.8209851227343
1794.8209851227343
1794.8209851227343
16366.422085338747
7034.04505026695
5840.753919756796
4175.533585971545
4175.533585971545
4175.533585971545
4175.533585971545
4175.533585971545
4175.533585971545
4175.533585971545
3844.893082829942
3844.893082829942
3447.7738754322054
3447.7738754322054
3447.7738754322054
3106.920610190852
3106.920610190852
2343.47230491706
2343.47230491706
2343.47230491706
2343.47230491706
2343.47230491706
2343.47230491706
2343.47230491706
2343.47230491706
2343.47230491706
16366.422085338747
8622.306568397938
7350.85825179058
3770.2293985378737
3390.548260274747
3390.548260274747
3390.548260274747
3390.548260274747
3118.953852167673
3118.953852167673
3118.953852167673
3118.953852167673
3118.953852167673
3072.149569467735
2796.8367080099943
2796.8367080099943
2543.7840224148013
2522.4226064244376
2522.4226064244376
2522.4226064244376
2522.4226064244376
2522.4226064244376
2522.4226064244376
2522.4226064244376
2522.4226064244376
2522.4226064244376
16366.422085338747
7979.160741512481
6897.7310344302
5617.220588646565
4742.680066928441
4717.389529494005
4628.703726303828
3658.9769466253615
3658.9769466253615
3658.9769466253615
3658.9769466253615
3658.9769466253615
3658.9769466253615
3658.9769466253615
3658.9769466253615
3658.9769466253615
16366.422085338747
13350.306647998921
8082.581001867523
6675.204098138333
3981.682077241346
3495.651871503994
3495.651871503994
3265.0011727243436
3265.0011727243436
3265.0011727243436
3265.0011727243436
3265.0011727243436
3265.0011727243436
3091.44839204886
2990.0463539375473
2589.2155211947224
2535.7729182304256
2095.8253090385474
2095.8253090385474
2095.8253090385474
2095.8253090385474
2095.8253090385474
2095.8253090385474
2095.8253090385474
2095.8253090385474
2095.8253090385474
1949.2358606063842
1949.2358606063842
1949.2358606063842
1946.0026270833155
1946.0026270833155
1946.0026270833155
1946.0026270833155
1946.0026270833155
1944.4714622396807
1944.4714622396807
1944.4714622396807
1944.4714622396807
1939.7192104362473
1939.7192104362473
1939.7192104362473
1929.9534070265872
1929.9534070265872
1929.9534070265872
1929.9534070265872
1929.9534070265872
1929.9534070265872
1837.0512684073246
1783.9800652147346
1769.6112863611745
1769.6112863611745
1769.6112863611745
1711.4874036249462
1689.5693825357548
1680.748536055133
1631.5930417381924
1631.5930417381924
1608.2882754691327
1589.1115436014206
1589.1115436014206
1555.6574010626168
1555.6574010626168
1546.4661432099974
1546.4661432099974
1533.0812898019449
1532.9028670680295
1532.9028670680295
1489.3250223173243
1485.282428141752
1485.282428141752
1455.4968385694817
1438.9015997324054
1438.9015997324054
1438.9015997324054
1411.0456168166334
1411.0456168166334
1411.0456168166334
1411.0456168166334
1399.198014956037
1399.198014956037
1395.2378904766067
1395.2378904766067
1395.2378904766067
1395.2378904766067
1395.2378904766067
1395.2378904766067
1392.505933409308
1377.7261673469106
1377.7261673469106
1377.7261673469106
1377.7261673469106
1377.7261673469106
1377.7261673469106
1377.7261673469106
1377.7261673469106
1377.7261673469106
16366.422085338747
9346.119461769025
6241.548489904778
4167.163948411464
4167.163948411464
3356.5796823604396
3356.5796823604396
3356.5796823604396
3356.5796823604396
3356.5796823604396
3356.5796823604396
3042.801547844824
3042.801547844824
2782.8122451673603
2451.88674464575
2451.88674464575
2451.88674464575
2451.88674464575
2304.0476184083964
2304.0476184083964
2304.0476184083964
2304.0476184083964
2290.590818736994
2239.895591124463
2239.895591124463
2239.895591124463
2239.895591124463
2239.895591124463
2106.5538284845984
2086.8513520557563
2045.102250530104
1788.807555866571
1788.807555866571
1788.807555866571
1788.807555866571
1788.807555866571
1750.6868692998453
1750.6868692998453
1433.618977197174
1433.618977197174
1433.618977197174
1433.618977197174
1433.618977197174
1433.618977197174
1433.618977197174
1433.618977197174
1433.618977197174
16366.422085338747
10788.968142196658
6871.035594997266
3882.351376558749
3791.8672385964906
3538.917518673283
3158.7880934437208
2804.588932380206
2349.4975320364165
2349.4975320364165
2341.538079438181
2341.538079438181
2341.538079438181
2341.538079438181
2341.538079438181
2341.538079438181
2341.538079438181
2341.538079438181
2028.248723751179
2028.248723751179
2028.248723751179
2028.248723751179
2028.248723751179
2028.248723751179
2028.248723751179
2028.248723751179
2028.248723751179
16366.422085338747
9129.286373222552
6051.562856488604
4110.871355512354
4110.871355512354
4110.871355512354
3650.587546885175
3103.063904145973
3103.063904145973
3103.063904145973
3103.063904145973
3103.063904145973
3103.063904145973
3103.063904145973
3103.063904145973
3103.063904145973
16366.422085338747
9767.843612183073
5388.184587778338
4859.679464815327
4266.002700371091
4266.002700371091
4266.002700371091
2951.0349836338382
2951.0349836338382
2951.0349836338382
2951.0349836338382
2951.0349836338382
2951.0349836338382
2951.0349836338382
2951.0349836338382
2863.359108639478
2863.359108639478
2863.359108639478
2863.359108639478
2863.359108639478
2826.073013056384
2543.7044180420626
2543.7044180420626
2543.7044180420626
2543.7044180420626
2543.7044180420626
2543.7044180420626
2543.7044180420626
2543.7044180420626
2543.7044180420626
16366.422085338747
10484.137313971438
6602.170375876625
4094.7199363191844
3976.7401734253185
3047.277586788334
3018.510848915687
2878.5412672714065
2878.5412672714065
2878.5412672714065
2298.182878321648
2298.182878321648
2298.182878321648
2298.182878321648
2298.182878321648
2298.182878321648
2298.182878321648
2298.182878321648
2298.182878321648
16366.422085338747
8598.88326203819
7108.173981627082
5024.503333958613
4224.847324822815
3804.223781804763
3804.223781804763
3804.223781804763
3804.223781804763
3804.223781804763
3804.223781804763
3312.9139190043106
3180.9234001207333
3180.9234001207333
2868.5442176153347
2868.5442176153347
2868.5442176153347
2868.5442176153347
2701.5781774073166
2701.5781774073166
2701.5781774073166
2701.5781774073166
2701.5781774073166
2701.5781774073166
2701.5781774073166
2547.03778265221
2547.03778265221
2547.03778265221
2547.03778265221
2534.488432758588
2475.2413830205173
2475.2413830205173
2475.2413830205173
2475.2413830205173
2475.2413830205173
2475.2413830205173
2475.2413830205173
2431.7749734670497
2421.1571949713357
2262.2626698184804
2262.2626698184804
2262.2626698184804
2262.2626698184804
2262.2626698184804
2262.2626698184804
2262.2626698184804
2262.2626698184804
2262.2626698184804
16366.422085338747
4941.621431571804
4941.621431571804
4434.611184733939
3754.466549652755
3754.466549652755
3183.454621504169
3183.454621504169
2970.0270186140847
2904.8330137826356
2392.255241836253
2061.9204638987876
1851.563183845999
1689.0125592316435
1689.0125592316435
1611.3043628937505
1611.3043628937505
1611.3043628937505
1572.7307592356465
1572.7307592356465
1572.7307592356465
1572.7307592356465
1500.8806529640492
1437.277653769065
1437.277653769065
1396.8165067739103
1396.8165067739103
1396.8165067739103
1396.8165067739103
1396.8165067739103
1396.8165067739103
1396.8165067739103
1329.0282706735939
1329.0282706735939
1329.0282706735939
1329.0282706735939
1329.0282706735939
1329.0282706735939
1283.4668315467507
1283.4668315467507
1283.4668315467507
1283.4668315467507
1283.4668315467507
1283.4668315467507
1283.4668315467507
1283.4668315467507
1283.4668315467507
16366.422085338747
8920.086661588339
6202.8087105639315
5706.723685782457
4643.929496601347
4643.929496601347
4643.929496601347
3697.6623835404716
3697.6623835404716
3697.6623835404716
3697.6623835404716
3697.6623835404716
3697.6623835404716
3697.6623835404716
3697.6623835404716
3697.6623835404716
16366.422085338747
10260.283099338883
6090.828418252954
3816.395524433454
3816.395524433454
3816.395524433454
2842.9239735182214
2842.9239735182214
2826.1003767681204
2826.1003767681204
2685.3379420298934
2685.3379420298934
2685.3379420298934
2669.607423864585
2669.607423864585
2122.8193551861787
2122.8193551861787
2122.8193551861787
2122.8193551861787
2122.8193551861787
2122.8193551861787
2122.8193551861787
2122.8193551861787
2122.8193551861787
16366.422085338747
8174.458568935402
6025.624796728059
4913.934222145113
4620.832730256316
4119.8008330329685
3712.1244716154933
3712.1244716154933
3369.126613728534
2942.9990399247663
2673.0121719155986
2673.0121719155986
2437.1094895603783
2437.1094895603783
2437.1094895603783
2437.1094895603783
2245.414495461602
2245.414495461602
2245.414495461602
2245.414495461602
2245.414495461602
2245.414495461602
2045.1723353448276
2045.1723353448276
1975.7715640519314
1975.7715640519314
1975.7715640519314
1975.7715640519314
1931.680853858957
1931.680853858957
1926.1760572677156
1861.7911307412924
1817.6416719728472
1787.9027120354858
1774.8659732334017
1774.8659732334017
1774.8659732334017
1760.4072547143735
1736.3419175508632
1736.3039505085794
1736.3039505085794
1736.3039505085794
1645.0924130673707
1610.9949506693183
1592.6809461945868
1576.8980969393265
1574.5291256909618
1537.3378665643381
1537.3378665643381
1494.0304875820984
1494.0304875820984
1494.0304875820984
1494.0304875820984
1494.0304875820984
1478.2690988626719
1478.2690988626719
1474.0496639554804
1474.0496639554804
1474.0496639554804
1454.4489381128014
1454.4489381128014
1454.4489381128014
1454.4489381128014
1441.8678595937527
1441.8678595937527
1441.8678595937527
1441.8678595937527
1441.8678595937527
1441.8678595937527
1433.4181033205768
1433.4181033205768
1433.4181033205768
1433.4181033205768
1433.4181033205768
1425.2645551417359
1422.2451746436059
1422.2451746436059
1422.2451746436059
1422.2451746436059
1422.2451746436059
1422.2451746436059
1416.4540226007305
1416.4540226007305
1397.8277615372806
1397.8277615372806
1397.8277615372806
1387.9568068899916
1387.9568068899916
1387.9568068899916
1387.9568068899916
1387.9568068899916
1387.9568068899916
1385.26441691724
1366.8645041135298
1366.8645041135298
1366.8645041135298
1366.8645041135298
1363.0639844936172
1363.0639844936172
1363.0639844936172
1363.0639844936172
1363.0639844936172
1363.0639844936172
1363.0639844936172
1363.0639844936172
1363.0639844936172
16366.422085338747
11404.564061491243
5145.901688560826
3382.6967427709637
2846.2652376692495
2410.571445197625
2410.571445197625
1684.487266854569
1684.487266854569
1684.487266854569
1684.487266854569
1684.487266854569
1684.487266854569
1684.487266854569
1684.487266854569
1684.487266854569
16366.422085338747
9760.28426545423
4989.588022950216
4678.061627746881
4082.102113984163
3300.263346832254
2857.2751090809847
2769.366910776059
2612.1121152542755
2612.1121152542755
2461.487479015872
2021.918831937483
2021.918831937483
2021.918831937483
2021.918831937483
2021.918831937483
2021.918831937483
2021.918831937483
2021.918831937483
2021.918831937483
16366.422085338747
8488.728106091348
5756.5697571395185
5756.5697571395185
4131.530333338527
3917.036374246024
3590.4800363646686
2436.5396909418023
2436.5396909418023
2097.720007370012
1873.3940805028235
1812.1610856831962
1483.421276269642
1386.5907621959736
1302.885492624915
1302.885492624915
1302.885492624915
1196.4708274953089
1196.4708274953089
1196.4708274953089
1196.4708274953089
1177.663698321258
1177.663698321258
1151.7067114326858
1134.249304687687
1134.249304687687
1134.249304687687
1134.249304687687
1134.249304687687
1134.249304687687
1095.156544989702
1024.3333198400176
1024.3333198400176
1024.3333198400176
1024.3333198400176
1024.3333198400176
1024.3333198400176
1024.3333198400176
1024.3333198400176
1024.3333198400176
16366.422085338747
11412.714684333856
6257.396152806065
4151.468098094732
3512.257082057193
2262.0103059377957
2262.0103059377957
2262.0103059377957
2101.449648035095
2101.449648035095
2101.449648035095
2101.449648035095
2065.4386369476583
1795.4052561610615
1748.2909192439868
1692.781435542215
1687.6564092684066
1687.6564092684066
1453.5501501633414
1368.1709519901824
1368.1709519901824
1368.1709519901824
1368.1709519901824
1368.1709519901824
1368.1709519901824
1342.8308489170197
1342.8308489170197
1342.8308489170197
1342.8308489170197
1310.1791567998794
1310.1791567998794
1309.103226590818
1309.103226590818
1275.8347060460283
1275.8347060460283
1270.3431732812
1270.3431732812
1270.3431732812
1270.3431732812
1261.7095082276633
1258.3592247711535
1258.3592247711535
1251.2756653200643
1227.7561823685214
1227.7561823685214
1227.7561823685214
1227.7561823685214
1220.920995934385
1212.5066054083475
1207.6379527011754
1207.238973813047
1205.198430852859
1198.5261575985753
1198.5261575985753
1198.5261575985753
1194.7691347055402
1194.7691347055402
1194.7691347055402
1194.4072535847533
1194.4072535847533
1192.7115902920668
1190.4364183125824
1190.4364183125824
1190.4364183125824
1187.4724186308254
1187.4724186308254
1187.4724186308254
1187.4724186308254
1187.4724186308254
1185.7512664743585
1182.9230865856396
1182.9230865856396
1182.9230865856396
1182.9230865856396
1182.9230865856396
1182.9230865856396
1182.9230865856396
1182.9230865856396
1176.986645677428
1173.67621497738
1173.0566556096949
1173.0566556096949
1172.5038944312437
1172.5038944312437
1172.5038944312437
1172.5038944312437
1172.5038944312437
1172.5038944312437
1172.5038944312437
1172.5038944312437
1172.5038944312437
16366.422085338747
8501.991821507974
5624.199416432756
5160.503901202689
3644.7688740908075
3644.7688740908075
3644.7688740908075
3611.303568800235
3611.303568800235
3401.464595831111
3401.464595831111
2473.90487078522
2473.90487078522
2473.90487078522
2473.90487078522
2473.90487078522
2473.90487078522
2473.90487078522
