7309.566278507731
7309.566278507731
5660.309797413919
5460.442877409326
4149.632751521067
3987.431054393944
3836.060489228062
3836.060489228062
3836.060489228062
3836.060489228062
3655.6531636269815
3655.6531636269815
3655.6531636269815
3300.9923505628035
3300.9923505628035
3300.9923505628035
3300.9923505628035
3300.9923505628035
3300.9923505628035
3300.9923505628035
3300.9923505628035
3300.9923505628035
11382.79788337265
8881.247454962519
7623.001561489805
3561.6294985097807
3561.6294985097807
3127.6265614997246
3127.6265614997246
3064.8144236294925
2775.300439190567
2775.300439190567
2775.300439190567
2564.359117655136
2564.359117655136
2564.359117655136
2564.359117655136
2564.359117655136
2564.359117655136
2564.359117655136
2564.359117655136
2412.644049991824
2412.644049991824
2239.75020668905
2239.75020668905
2070.548873289994
2070.548873289994
2070.548873289994
2016.485040833139
2016.485040833139
1979.9339296187084
1979.9339296187084
1979.9339296187084
1979.9339296187084
1979.9339296187084
1868.413261603088
1868.413261603088
1868.413261603088
1808.0590333390721
1808.0590333390721
1808.0590333390721
1689.1802425943088
1677.3619343075202
1677.3619343075202
1677.3619343075202
1675.6789773531314
1605.4469979169032
1605.4469979169032
1604.192574602172
1583.0796659351558
1583.0796659351558
1570.3102435526841
1484.9087218193665
1484.9087218193665
1483.804900368253
1483.804900368253
1448.434007173371
1436.1116820464667
1436.1116820464667
1420.9209110598363
1420.9209110598363
1404.0541505906485
1404.0541505906485
1404.0541505906485
1399.097054524249
1398.6279167664582
1381.3021300661685
1381.3021300661685
1381.3021300661685
1378.221900680487
1378.221900680487
1370.1634293200957
1364.4120936996833
1364.4120936996833
1347.5601565676488
1347.5601565676488
1347.5601565676488
1347.5601565676488
1347.5601565676488
1347.5601565676488
1346.2906084932033
1346.2906084932033
1341.686130783337
1341.686130783337
1341.686130783337
1341.686130783337
1336.6319063529363
1336.6319063529363
1336.6319063529363
1336.6319063529363
1336.6319063529363
1336.6319063529363
1336.6319063529363
1334.3762103216777
1334.3762103216777
1334.3762103216777
1334.3762103216777
1334.3762103216777
1334.3762103216777
1334.3762103216777
1334.3762103216777
1334.3762103216777
11382.79788337265
8447.637667691302
6191.91998169674
5077.858902786182
3848.239094337395
3271.072731859603
3138.1193015278945
2073.0874964237246
2073.0874964237246
2073.0874964237246
2073.0874964237246
2073.0874964237246
2016.7697920989806
2016.7697920989806
2016.7697920989806
2016.7697920989806
2016.7697920989806
2016.7697920989806
2016.7697920989806
2016.7697920989806
2016.7697920989806
11382.79788337265
9604.069040963786
6820.013552834336
6336.633031265243
4388.345250697616
3784.900890731023
3784.900890731023
3739.259780590358
3739.259780590358
3595.7805775018574
3595.7805775018574
3595.7805775018574
3558.5334141497015
3558.5334141497015
3558.5334141497015
3168.695421472866
3168.695421472866
3168.695421472866
2906.994998763042
2906.994998763042
2906.994998763042
2777.3365708247643
2759.5399412190573
2759.5399412190573
2759.5399412190573
2759.5399412190573
2759.5399412190573
2704.9814885533337
2704.9814885533337
2704.9814885533337
2704.9814885533337
2704.9814885533337
2696.15619374571
2696.15619374571
2664.322224086676
2664.322224086676
2642.3986245749675
2622.3769255968446
2622.3769255968446
2622.3769255968446
2509.8057944456546
2509.8057944456546
2509.8057944456546
2454.7221516027353
2454.7221516027353
2394.8293318162787
2394.8293318162787
2394.8293318162787
2375.6831263460754
2375.6831263460754
2265.5065184701807
2265.5065184701807
2260.846301935366
2224.402725174337
2224.402725174337
2162.094311056632
2155.6613340331583
2155.6613340331583
2155.6613340331583
2136.474205513947
2115.7842910404916
2115.7842910404916
2115.7842910404916
2115.7842910404916
2115.7842910404916
2115.7842910404916
2115.7842910404916
2094.892678396991
2083.7320107429396
2083.7320107429396
2061.6577084287364
2061.6577084287364
2030.9209640451188
2030.0041481390892
2030.0041481390892
2004.9126537596617
2004.9126537596617
2004.9126537596617
1993.0926484650481
1993.0926484650481
1993.0926484650481
1963.5441688405324
1963.5441688405324
1951.3752999081657
1951.3752999081657
1951.3752999081657
1951.3752999081657
1951.3752999081657
1938.220082348408
1913.8270107319036
1913.8270107319036
1907.1839384437753
1907.1839384437753
1891.6800539194924
1891.6800539194924
1891.6800539194924
1891.6800539194924
1891.6800539194924
1888.9096005444526
1888.9096005444526
1888.9096005444526
1888.9096005444526
1880.3668379524797
1880.3668379524797
1879.0456771545785
1879.0456771545785
1879.0456771545785
1879.0456771545785
1879.0456771545785
1879.0456771545785
1879.0456771545785
1879.0456771545785
1879.0456771545785
1877.8137441471288
1874.7085278932589
1874.7085278932589
1872.11801311407
1872.11801311407
1872.11801311407
1872.11801311407
1872.11801311407
1872.11801311407
1872.11801311407
1872.11801311407
1871.0673073162861
1871.0673073162861
1871.0673073162861
1869.3351779091736
1869.3351779091736
1869.3351779091736
1869.3351779091736
1869.3351779091736
1869.3351779091736
1869.3351779091736
1869.3351779091736
1869.3351779091736
11382.79788337265
9902.619805178787
6148.698945453031
6148.698945453031
6148.698945453031
6148.698945453031
3939.7012404826446
3939.7012404826446
3939.7012404826446
3939.7012404826446
3939.7012404826446
3939.7012404826446
3939.7012404826446
3939.7012404826446
3939.7012404826446
11382.79788337265
9910.682726339208
6244.757261430167
6244.757261430167
5244.349641799419
5244.349641799419
5244.349641799419
4628.153320376676
4628.153320376676
4290.668791970136
4112.859692794571
4112.859692794571
3535.999387616552
3535.999387616552
3535.999387616552
3535.999387616552
3535.999387616552
3535.999387616552
3535.999387616552
3535.999387616552
3088.793699355198
3088.793699355198
3088.793699355198
3002.8129645640383
2912.1690929218876
2912.1690929218876
2912.1690929218876
2912.1690929218876
2869.683321353572
2869.683321353572
2861.2218599776743
2861.2218599776743
2861.2218599776743
2809.367544972849
2809.367544972849
2809.367544972849
2809.367544972849
2771.2903646040377
2771.2903646040377
2771.2903646040377
2771.2903646040377
2771.2903646040377
2771.2903646040377
2705.770321462456
2705.770321462456
2705.770321462456
2705.770321462456
2705.770321462456
2705.770321462456
2695.752711331988
2695.752711331988
2693.1234373338348
2693.1234373338348
2632.1558897390187
2632.1558897390187
2632.1558897390187
2587.7831964414636
2587.7831964414636
2563.8919650323996
2563.8919650323996
2543.2481421962507
2543.2481421962507
2543.2481421962507
2543.2481421962507
2523.1921390354396
2506.8514331606693
2506.8514331606693
2497.7360028798753
2477.0816969607013
2458.6180695522226
2458.6180695522226
2458.6180695522226
2441.364709705224
2365.3112672520992
2355.90318464355
2355.90318464355
2349.3317935152227
2345.317734093982
2345.317734093982
2285.9088744926767
2285.9088744926767
2285.9088744926767
2285.9088744926767
2285.9088744926767
2282.733781698151
2282.733781698151
2263.0882912594925
2263.0882912594925
2263.0882912594925
2257.495543426653
2215.121288834748
2215.121288834748
2215.121288834748
2215.121288834748
2215.121288834748
2215.121288834748
2210.2560426415866
2180.6986667406504
2180.6986667406504
2180.6986667406504
2180.6986667406504
2180.6986667406504
2180.6986667406504
2158.9629177827474
2158.9629177827474
2158.9629177827474
2127.1183100917524
2127.1183100917524
2127.1183100917524
2118.026323389469
2116.1063548954394
2116.1063548954394
2099.3724670894153
2099.3724670894153
2098.753839561038
2098.753839561038
2082.189315468683
2082.189315468683
2082.189315468683
2082.189315468683
2082.189315468683
2082.189315468683
2082.189315468683
2082.189315468683
2082.189315468683
11382.79788337265
9634.033570919086
6915.9939768339555
3941.327767115606
3941.327767115606
3805.6352729256405
3353.4550529195585
3277.838553401891
2827.8306735122446
2472.4593107499495
2472.4593107499495
2472.4593107499495
2080.4389358621074
2080.4389358621074
2080.4389358621074
2080.4389358621074
2080.4389358621074
2080.4389358621074
2080.4389358621074
2080.4389358621074
2080.4389358621074
13981.536788573221
9451.264915601743
7004.286718479101
4658.468469826619
4658.468469826619
3588.5120555610984
3500.946469704362
2846.7351369522275
2846.7351369522275
2846.7351369522275
2846.7351369522275
2846.7351369522275
2764.742552079873
2764.742552079873
2764.742552079873
2764.742552079873
2764.742552079873
2740.6392912231754
2671.9678233025015
2546.2072001408033
2441.023831912875
2441.023831912875
1951.1855193665092
1951.1855193665092
1951.1855193665092
1951.1855193665092
1951.1855193665092
1951.1855193665092
1951.1855193665092
1951.1855193665092
1951.1855193665092
1835.2518355174952
1835.2518355174952
1835.2518355174952
1835.2518355174952
1835.2518355174952
1835.2518355174952
1835.2518355174952
1835.2518355174952
1835.2518355174952
13981.536788573221
10304.508980880373
7099.870123790874
4938.474316862949
3036.4472073614124
2148.1211328145287
1813.376236182374
1813.376236182374
1813.376236182374
1813.376236182374
1747.485165975101
1747.485165975101
1609.5939480715995
1609.5939480715995
1609.5939480715995
1609.5939480715995
1609.5939480715995
1609.5939480715995
1609.5939480715995
1551.4704304259458
1551.4704304259458
1551.4704304259458
1515.603385682391
1515.603385682391
1515.603385682391
1515.603385682391
1515.603385682391
1515.603385682391
1419.0775971066892
1419.0775971066892
1398.5398738704519
1377.6213462571088
1377.6213462571088
1377.6213462571088
1377.6213462571088
1377.6213462571088
1377.6213462571088
1341.729296921314
1341.729296921314
1341.729296921314
1341.729296921314
1341.729296921314
1341.729296921314
1341.729296921314
1339.1337990547145
1301.646426198933
1301.646426198933
1301.646426198933
1278.8358482665997
1275.7790204174269
1275.7790204174269
1275.7790204174269
1265.5011384537713
1265.5011384537713
1265.5011384537713
1256.381869899064
1256.381869899064
1240.9793868824058
1240.9793868824058
1240.9793868824058
1228.9618140482116
1228.9618140482116
1224.6144150254806
1224.6144150254806
1224.6144150254806
1224.6144150254806
1224.6144150254806
1224.6144150254806
1224.6144150254806
1224.6144150254806
1224.6144150254806
1224.6091232926087
1224.6091232926087
1224.6091232926087
1224.6091232926087
1223.4664586861586
1223.4664586861586
1223.4664586861586
1223.4664586861586
1223.4664586861586
1223.4664586861586
1223.4664586861586
1221.5653213984253
1221.5653213984253
1221.5653213984253
1221.5653213984253
1221.5653213984253
1221.5653213984253
1221.5653213984253
1221.5653213984253
1219.7585878780965
1219.7585878780965
1219.7585878780965
1219.7585878780965
1219.7585878780965
1218.6683841511497
1218.6683841511497
1218.6683841511497
1218.6683841511497
1218.6683841511497
1218.6683841511497
1218.6683841511497
1218.6683841511497
1218.6683841511497
13981.536788573221
11844.288485667028
6977.417834733714
4902.8555384197125
3851.1002637365264
3851.1002637365264
3851.1002637365264
3851.1002637365264
3675.993015462054
3675.993015462054
3675.993015462054
3675.993015462054
3675.993015462054
3675.993015462054
3675.993015462054
3675.993015462054
3675.993015462054
13981.536788573221
10390.08948762377
5507.8879191672
5117.759959198397
4187.29459958416
3655.2914633797095
3137.3342215217754
3137.3342215217754
3120.5858657399885
3016.1476778388965
2562.50042456136
2562.50042456136
2562.50042456136
2318.6787988832893
2241.055561229323
1894.9369835999837
1447.0391710305162
1447.0391710305162
1447.0391710305162
1447.0391710305162
1447.0391710305162
1447.0391710305162
1447.0391710305162
1419.9040457942583
1419.9040457942583
1419.9040457942583
1395.3681937168035
1310.9611748434013
1310.9611748434013
1308.5469992029884
1257.6212908904115
1236.1296237912911
1236.1296237912911
1236.1296237912911
1181.373594186799
1181.373594186799
1181.373594186799
1181.373594186799
1181.373594186799
1181.373594186799
1181.373594186799
1181.373594186799
1181.373594186799
13981.536788573221
7091.6958023619845
7091.6958023619845
5095.3108886628725
4457.239449195898
3044.507462155888
3027.8369613825344
3008.3074199564635
2726.3067356540337
2276.689500721591
2276.689500721591
2276.689500721591
2276.689500721591
2276.689500721591
2276.689500721591
2276.689500721591
2064.167995650606
2064.167995650606
2064.167995650606
2064.167995650606
2064.167995650606
2064.167995650606
2064.167995650606
2064.167995650606
2064.167995650606
13981.536788573221
6623.4092124112285
6623.4092124112285
5440.998643673032
5387.502636320532
3567.7572411602296
2120.040987832726
2120.040987832726
2120.040987832726
2120.040987832726
2120.040987832726
2120.040987832726
2120.040987832726
1918.7445631582486
1918.7445631582486
1918.7445631582486
1918.7445631582486
1918.7445631582486
1918.7445631582486
1918.7445631582486
1860.9424601906953
1860.9424601906953
1860.9424601906953
1781.7386377267594
1781.7386377267594
1772.4870318585781
1772.4870318585781
1772.4870318585781
1712.2716614505657
1711.5965395761382
1711.5965395761382
1695.5917843990035
1688.3863147938105
1688.3863147938105
1682.566311796616
1682.566311796616
1682.566311796616
1677.23955251793
1677.23955251793
1655.264364475606
1655.264364475606
1643.948049535691
1643.948049535691
1643.948049535691
1643.948049535691
1643.948049535691
1643.948049535691
1643.948049535691
1643.948049535691
1629.442074536788
1629.442074536788
1629.442074536788
1629.4178054634817
1625.780238759552
1625.780238759552
1625.780238759552
1625.780238759552
1625.780238759552
1613.3769268360495
1601.009944248157
1598.2398743632095
1598.2398743632095
1598.2398743632095
1598.2398743632095
1590.08523664163
1583.9524482343777
1583.9524482343777
1583.9524482343777
1565.5752688829389
1565.5752688829389
1537.5726178774548
1537.5726178774548
1530.3783294714246
1530.3783294714246
1530.3783294714246
1530.3783294714246
1529.056774944726
1529.056774944726
1529.056774944726
1529.056774944726
1521.6726910738312
1521.6726910738312
1521.6726910738312
1521.6726910738312
1514.7716334079532
1514.7716334079532
1514.7716334079532
1514.7716334079532
1513.6530988319537
1513.6530988319537
1513.6530988319537
1513.6530988319537
1513.6530988319537
1513.6530988319537
1513.6530988319537
1513.6530988319537
1513.5287251923814
1513.5287251923814
1513.4075570078621
1513.4075570078621
1513.4075570078621
1513.4075570078621
1510.9485988444633
1510.9485988444633
1510.9485988444633
1510.9485988444633
1510.9485988444633
1510.9485988444633
1510.9485988444633
1510.9485988444633
1510.9485988444633
13981.536788573221
11293.925181488377
5269.434473987741
4796.303688102679
4088.4361702190436
3289.603644755938
2915.555148534749
2766.03571365808
2733.441480090788
2733.441480090788
2733.441480090788
2700.2174429141223
2700.2174429141223
2700.2174429141223
2534.5344178574305
2391.9029163222262
2391.9029163222262
2352.790581094142
1640.4238371194606
1640.4238371194606
1640.4238371194606
1640.4238371194606
1640.4238371194606
1640.4238371194606
1640.4238371194606
1640.4238371194606
1640.4238371194606
13981.536788573221
10118.045489859212
6412.06739508578
6412.06739508578
6057.713768466812
6057.713768466812
6057.713768466812
5434.022681910825
5434.022681910825
5434.022681910825
5434.022681910825
5434.022681910825
5434.022681910825
5434.022681910825
5434.022681910825
5434.022681910825
13981.536788573221
12890.764436915317
8940.277109833694
6959.2403856042065
5985.9652566682535
5368.404348495939
5115.580037853692
4304.120756069413
4304.120756069413
4304.120756069413
4304.120756069413
4112.239611484953
4112.239611484953
3383.2341867161304
3383.2341867161304
3383.2341867161304
3383.2341867161304
3383.2341867161304
3383.2341867161304
3357.741497617166
3357.741497617166
3357.741497617166
3357.741497617166
3357.741497617166
3357.741497617166
3357.741497617166
3221.2543095546744
3221.2543095546744
2794.7427875551293
2794.7427875551293
2794.7427875551293
2794.7427875551293
2794.7427875551293
2794.7427875551293
2794.7427875551293
2794.7427875551293
2794.7427875551293
13981.536788573221
11547.82025269328
9819.506457965412
4870.584322958173
4870.584322958173
4870.584322958173
4870.584322958173
3844.2820951159038
3844.2820951159038
3844.2820951159038
3844.2820951159038
3844.2820951159038
3844.2820951159038
3844.2820951159038
3844.2820951159038
3844.2820951159038
13981.536788573221
10846.60436370331
6541.646964062328
6160.4574441289615
6051.928509785866
6051.928509785866
6051.928509785866
6051.928509785866
5818.548030466329
5804.419170360816
5776.167622925792
3856.399607985104
3856.399607985104
3856.399607985104
3856.399607985104
3856.399607985104
3856.399607985104
3856.399607985104
3856.399607985104
3856.399607985104
13981.536788573221
12019.23171435777
9366.00248462126
7756.983691363655
5366.042913008037
4644.110814690774
3768.838379668754
3768.838379668754
3768.838379668754
3768.838379668754
3566.230294318295
3566.230294318295
3566.230294318295
3566.230294318295
3566.230294318295
3566.230294318295
3566.230294318295
3491.519465041532
3437.238078277405
3437.238078277405
3437.238078277405
3437.238078277405
3065.3858024939714
2832.9381276602744
2832.9381276602744
2832.9381276602744
2832.9381276602744
2832.9381276602744
2832.9381276602744
2832.9381276602744
2832.9381276602744
2832.9381276602744
13981.536788573221
11101.922948982894
9096.092040061176
7299.132380450636
4773.425481194057
3768.4837015647754
3712.6624980067995
3655.0358043701895
2361.277557887849
2361.277557887849
2361.277557887849
2361.277557887849
2361.277557887849
2361.277557887849
2361.277557887849
2361.277557887849
2314.8445038491736
2314.8445038491736
2314.8445038491736
2314.8445038491736
2314.8445038491736
2314.8445038491736
2314.8445038491736
2314.8445038491736
1917.6458956019812
1917.6458956019812
1917.6458956019812
1864.485627492386
1864.1815196479138
1864.1815196479138
1817.2954478641059
1760.2073318523858
1753.0697507641366
1753.0697507641366
1753.0697507641366
1753.0697507641366
1753.0697507641366
1727.347343481538
1727.347343481538
1727.347343481538
1693.012006736771
1674.9882301280763
1674.9882301280763
1674.9882301280763
1650.3527756626509
1650.3527756626509
1641.9256031946807
1641.9256031946807
1616.7356890967878
1616.7356890967878
1616.7356890967878
1613.453630490893
1611.4169209290671
1608.7841937422213
1600.9256959345416
1600.9256959345416
1600.9256959345416
1600.9256959345416
1600.9256959345416
1600.9256959345416
1594.2935870713948
1588.3484384085946
1588.3484384085946
1588.3484384085946
1588.3484384085946
1588.3484384085946
1588.3484384085946
1586.2660003491628
1565.765747942348
1565.765747942348
1565.765747942348
1562.8581717385623
1562.8581717385623
