11366.497078659086
6679.309789890773
6679.28151222166
3698.913621039825
3698.913621039825
3698.913621039825
3698.913621039825
3549.2461380606906
3549.2461380606906
3549.2461380606906
3549.2461380606906
3222.895072489455
3222.895072489455
3222.895072489455
3222.895072489455
3222.895072489455
3222.895072489455
3222.895072489455
3222.895072489455
3222.895072489455
13472.835142167525
11930.62085108828
7665.38116366798
5717.1594304414275
4191.6959389804515
4191.6959389804515
3303.598361830456
3303.598361830456
3303.598361830456
3303.598361830456
3303.598361830456
3303.598361830456
3303.598361830456
3303.598361830456
3303.598361830456
13472.835142167525
9926.546434758848
5729.825179231764
4386.274548054711
4386.274548054711
3617.923327360738
3617.923327360738
3617.923327360738
3617.923327360738
3617.923327360738
3617.923327360738
3617.923327360738
3617.923327360738
3617.923327360738
13472.835142167525
10186.996361826596
9197.41011962942
5211.901175280771
5211.901175280771
4500.930327129854
4054.2188488578854
4054.2188488578854
4054.2188488578854
4054.2188488578854
4054.2188488578854
4054.2188488578854
4054.2188488578854
4054.2188488578854
4054.2188488578854
3951.694800897704
3951.694800897704
3951.694800897704
3951.694800897704
3951.694800897704
3951.694800897704
3951.694800897704
3951.694800897704
3951.694800897704
13472.835142167525
11460.646428388269
8400.684885870876
6947.079311193295
4504.084971740197
4504.084971740197
4504.084971740197
4504.084971740197
4284.294040744366
4284.294040744366
4284.294040744366
4284.294040744366
4284.294040744366
4284.294040744366
3745.2750238559165
3745.2750238559165
3745.2750238559165
3745.2750238559165
3745.2750238559165
3745.2750238559165
3745.2750238559165
3745.2750238559165
3745.2750238559165
13472.835142167525
10689.426020256215
5375.1257822795715
5375.1257822795715
4210.335955265897
4210.335955265897
4210.335955265897
4210.335955265897
4210.335955265897
4210.335955265897
4210.335955265897
4210.335955265897
4210.335955265897
13472.835142167525
11101.06601298818
8533.770876172639
8385.480093608703
7913.185288926898
7913.185288926898
7913.185288926898
7523.819956466865
7305.764658716124
4151.566674366207
4151.566674366207
3505.0860754286696
3505.0860754286696
3505.0860754286696
3505.0860754286696
3505.0860754286696
3505.0860754286696
3505.0860754286696
3505.0860754286696
3505.0860754286696
16207.478816364754
11877.5904752586
7836.617852594654
5736.256305309493
4393.341706343374
3770.323923251421
3770.323923251421
3770.323923251421
3770.323923251421
3770.323923251421
3770.323923251421
3770.323923251421
3770.323923251421
3770.323923251421
16207.478816364754
12375.216336788906
7244.3454672894295
7034.115256497914
5725.716177833803
4357.899185996264
3847.4222166555282
3663.236204231069
3663.236204231069
3173.6727018450697
3173.6727018450697
3128.824855460789
2680.345627434145
2680.345627434145
2630.9808175028993
2630.9808175028993
2630.9808175028993
2569.1382459367214
2414.880958490071
2398.6663563294633
2398.6663563294633
2365.840441822226
2365.840441822226
2365.840441822226
2258.5392681061076
2084.241720322731
2084.241720322731
1997.7319356440164
1997.7319356440164
1997.7319356440164
1997.7319356440164
1997.7319356440164
1997.7319356440164
1997.7319356440164
1997.7319356440164
1997.7319356440164
16207.478816364754
12463.083329969328
9112.70613050884
6505.418227847853
4534.680958826803
4534.680958826803
4381.433106584129
4381.433106584129
3701.4248359490307
3154.071575300624
3154.071575300624
3154.071575300624
3154.071575300624
3154.071575300624
3154.071575300624
3154.071575300624
3154.071575300624
2976.4571547111614
2976.4571547111614
2976.4571547111614
2976.4571547111614
2976.4571547111614
2976.4571547111614
2976.4571547111614
2976.4571547111614
2931.623191298098
2931.623191298098
2802.098138327634
2802.098138327634
2802.098138327634
2802.098138327634
2802.098138327634
2802.098138327634
2699.3799528151008
2606.5998507245185
2520.102745953577
2476.627327513528
2476.627327513528
2476.627327513528
2476.627327513528
2476.627327513528
2371.058375930111
2371.058375930111
2368.4600825501375
2291.378725639018
2291.378725639018
2200.7225246151766
2129.7201003824766
2129.7201003824766
2129.7201003824766
2064.652460257866
2064.652460257866
2039.1924367915315
2039.1924367915315
2039.1924367915315
2039.1924367915315
2039.1924367915315
2039.1924367915315
2009.5719259269292
2009.5719259269292
2009.5719259269292
2006.86155387196
2006.86155387196
2006.86155387196
2006.86155387196
2006.86155387196
2006.86155387196
2005.401562020054
2005.401562020054
1994.0480999275455
1994.0480999275455
1983.9576125640433
1983.9576125640433
1983.9576125640433
1973.8565016170433
1973.8565016170433
1971.279864368041
1971.279864368041
1971.279864368041
1971.279864368041
1971.279864368041
1971.279864368041
1964.9462061881638
1964.9462061881638
1960.320208225185
1960.320208225185
1960.320208225185
1960.320208225185
1942.3821141180963
1942.3821141180963
1942.3821141180963
1936.4732574937661
1936.4732574937661
1926.4376663464666
1921.472948931073
1921.472948931073
1921.472948931073
1921.472948931073
1921.472948931073
1910.8058400109335
1910.8058400109335
1910.8058400109335
1910.8058400109335
1910.8058400109335
1910.8058400109335
1904.599164736926
1904.599164736926
1904.5721769922843
1904.5721769922843
1901.381049635153
1901.381049635153
1901.381049635153
1901.381049635153
1901.381049635153
1901.381049635153
1901.381049635153
1901.381049635153
1901.381049635153
16207.478816364754
9776.989732513124
5588.758746927255
5536.585606626971
4132.249165927211
3142.8223950013585
2775.9233668287015
2775.9233668287015
2775.9233668287015
2775.9233668287015
2775.9233668287015
2775.9233668287015
2727.1179288093726
2727.1179288093726
2727.1179288093726
2727.1179288093726
2727.1179288093726
2727.1179288093726
2727.1179288093726
2727.1179288093726
2727.1179288093726
16207.478816364754
13529.050082271879
7249.918187260941
6532.137397697188
5481.876694475199
4336.323423623202
4336.323423623202
4336.323423623202
4336.323423623202
4224.834260156167
3742.813092984215
3472.1295278026937
3472.1295278026937
3472.1295278026937
3472.1295278026937
3472.1295278026937
3472.1295278026937
3472.1295278026937
3472.1295278026937
3472.1295278026937
16207.478816364754
10481.47746995052
9560.614449991797
7494.669724722699
5996.049446955683
5471.465722385046
5471.465722385046
5156.4394010886035
4928.439003839749
4723.888106422386
3699.480860927206
3699.480860927206
3699.480860927206
3699.480860927206
3699.480860927206
3699.480860927206
3699.480860927206
3699.480860927206
3699.480860927206
16207.478816364754
12130.045987399446
6210.401514645708
6210.401514645708
5356.53385425197
4786.418817199858
4521.342741990895
4174.021058999697
4026.6541079748886
3570.318961418179
3570.318961418179
3570.318961418179
3570.318961418179
3537.186402757444
3537.186402757444
3537.186402757444
3537.186402757444
3537.186402757444
3537.186402757444
3537.186402757444
3191.870338622436
3191.870338622436
3191.870338622436
3191.870338622436
3191.870338622436
3191.870338622436
3191.870338622436
3191.870338622436
3153.8845602982233
3153.8845602982233
2977.0359895988527
2977.0359895988527
2977.0359895988527
2977.0359895988527
2977.0359895988527
2977.0359895988527
2977.0359895988527
2834.681889077634
2834.681889077634
2834.681889077634
2834.681889077634
2834.681889077634
2834.681889077634
2834.681889077634
2834.681889077634
2834.681889077634
16207.478816364754
8503.698206805944
6826.488077391717
5362.626149075521
5146.1908913013385
5146.1908913013385
5146.1908913013385
5146.1908913013385
4461.988457103085
4461.988457103085
4461.988457103085
4461.988457103085
4461.988457103085
4461.988457103085
4461.988457103085
4461.988457103085
4461.988457103085
16207.478816364754
12593.570505635475
7377.175452002032
4648.120103527442
4648.120103527442
4648.120103527442
3876.5802930435552
3876.5802930435552
3876.5802930435552
3876.5802930435552
3621.0908726435136
3235.8828470168414
3235.8828470168414
3200.3786737820997
3200.3786737820997
3078.0765624294254
3078.0765624294254
2789.608736825122
2789.608736825122
2789.608736825122
2789.608736825122
2789.608736825122
2789.608736825122
2789.608736825122
2789.608736825122
2789.608736825122
16207.478816364754
12290.16712051059
8167.306563679351
5403.13130439423
5403.13130439423
4242.226817461424
4192.6929593271725
4192.6929593271725
4192.6929593271725
4192.6929593271725
4150.824597490369
4103.416789405725
3467.748113214093
3467.748113214093
3467.748113214093
3467.748113214093
3467.748113214093
2764.960368576852
2764.960368576852
2764.960368576852
2764.960368576852
2764.960368576852
2764.960368576852
2764.960368576852
2764.960368576852
2723.0860104173616
2723.0860104173616
2396.836752503817
2396.836752503817
2396.836752503817
2396.836752503817
2396.836752503817
2396.836752503817
2396.836752503817
2396.836752503817
2396.836752503817
2383.6302794557323
2383.6302794557323
2342.8299992416532
2342.8299992416532
2342.8299992416532
2342.8299992416532
2342.8299992416532
2342.8299992416532
2342.8299992416532
2280.9609099590534
2280.9609099590534
2280.9609099590534
2231.6020089815647
2231.6020089815647
2231.6020089815647
2181.4998966780113
2181.4998966780113
2181.4998966780113
2181.4998966780113
2181.4998966780113
2168.0105717048355
2168.0105717048355
2144.0848370014864
2144.0848370014864
2139.0694383710033
2130.736538265456
2130.736538265456
2130.736538265456
2121.496811543209
2121.496811543209
2087.177263946671
2087.177263946671
2087.177263946671
2087.177263946671
2087.177263946671
2087.177263946671
2087.177263946671
2087.177263946671
2078.0168851271283
2078.0168851271283
2078.0168851271283
2078.0168851271283
2074.024370808002
2057.836066691084
2049.3614253640085
2049.3614253640085
2043.6580706666516
2043.6580706666516
2043.6580706666516
2040.717861707063
2040.717861707063
2040.717861707063
2040.717861707063
2040.717861707063
2040.717861707063
2034.0117236434571
2034.0117236434571
2034.0117236434571
2034.0117236434571
2034.0117236434571
2034.0117236434571
2034.0117236434571
2034.0117236434571
2027.2800481225336
2027.2800481225336
2027.2800481225336
2027.2800481225336
2027.2800481225336
2027.2800481225336
2027.2800481225336
2018.8941149662164
2018.8941149662164
2018.8941149662164
2018.8941149662164
2018.8941149662164
2017.3033867838665
2017.3033867838665
2014.3404544650114
1996.5089130545614
1996.5089130545614
1996.5089130545614
1996.5089130545614
1996.5089130545614
1996.5089130545614
1992.3222751720245
1992.3222751720245
1992.3222751720245
1992.3222751720245
1992.3222751720245
1992.3222751720245
1992.3222751720245
1992.3222751720245
1992.3222751720245
16207.478816364754
12725.226011791063
7071.055520146391
6295.546183494388
5275.250687841316
5275.250687841316
5275.250687841316
5275.250687841316
5275.250687841316
5275.250687841316
5275.250687841316
4498.960379428142
4498.960379428142
4498.960379428142
4498.960379428142
4498.960379428142
4498.960379428142
4498.960379428142
4498.960379428142
4498.960379428142
4420.969904920716
3844.7736814474824
3844.7736814474824
3844.7736814474824
3844.7736814474824
3844.7736814474824
3844.7736814474824
3844.7736814474824
3844.7736814474824
3617.542504439531
3617.542504439531
3617.542504439531
3617.542504439531
3617.542504439531
3617.542504439531
3617.542504439531
3617.542504439531
3617.542504439531
16207.478816364754
10738.110590981989
7807.076919470326
5876.0881828381525
5429.1690751211345
4384.469110396285
3878.618964931549
3740.979424265241
3576.469868050452
3352.1857118214675
2598.239831818921
2598.239831818921
2598.239831818921
2029.4863018910603
2029.4863018910603
2029.4863018910603
2029.4863018910603
2029.4863018910603
2029.4863018910603
2029.4863018910603
2029.4863018910603
2029.4863018910603
16207.478816364754
9985.027946389911
6389.026471040791
5999.19697803011
4454.114863833045
3557.136308402468
3082.415435133565
3082.415435133565
2559.71136860017
2419.126398090064
2279.3213185017917
2279.3213185017917
2279.3213185017917
2279.3213185017917
2279.3213185017917
2279.3213185017917
2074.923692125531
2074.923692125531
2074.923692125531
2074.923692125531
2074.923692125531
2074.923692125531
2074.923692125531
2074.923692125531
2074.923692125531
16207.478816364754
11274.258893217018
9278.673862457366
6199.24783724256
5202.007182905485
5202.007182905485
3698.760018429361
3698.760018429361
3698.760018429361
3698.760018429361
3698.760018429361
3698.760018429361
3698.760018429361
3698.760018429361
3698.760018429361
16207.478816364754
7326.480821794802
6494.467746121435
6494.467746121435
4333.164205977675
4225.433869021825
4065.2963929924
4065.2963929924
3893.5292642259446
3893.5292642259446
3893.5292642259446
3893.5292642259446
3893.5292642259446
3342.4594895355367
3342.4594895355367
3342.4594895355367
3208.567726617857
3125.6339310758194
3076.3788794046513
3076.3788794046513
3076.3788794046513
3076.3788794046513
2756.4420440077774
2756.4420440077774
2756.4420440077774
2756.4420440077774
2756.4420440077774
2756.4420440077774
2756.4420440077774
2573.843035178894
2573.843035178894
2573.843035178894
2573.843035178894
2486.5742857679256
2486.5742857679256
2400.9759843799757
2354.8701750868386
2354.8701750868386
2354.8701750868386
2354.8701750868386
2297.452417509282
2297.452417509282
2297.452417509282
2297.452417509282
2297.452417509282
2297.452417509282
2297.452417509282
2297.452417509282
2297.452417509282
2290.434468778755
2290.434468778755
2198.3325407271586
2146.4737966393304
2146.4737966393304
2146.4737966393304
2138.16997483654
2135.648971288305
2135.648971288305
2132.0183271146507
2070.318378764562
2038.1408802403778
2038.1408802403778
2038.1408802403778
2038.1408802403778
2038.1408802403778
2038.1408802403778
2038.1408802403778
2038.1408802403778
1981.2330679114468
1840.953338897489
1840.953338897489
1840.953338897489
1777.7343960875291
1777.7343960875291
1777.7343960875291
1777.7343960875291
1757.3047346218173
1750.1053732271748
1738.7425597816905
1738.7425597816905
1727.753460892211
1727.753460892211
1721.1863242996337
1721.1863242996337
1714.9178226046672
1714.9178226046672
1714.9178226046672
1714.9178226046672
1714.2451038397533
1714.2451038397533
1714.2451038397533
1714.2451038397533
1714.2451038397533
1714.2451038397533
1713.5758168841057
1710.0090704161662
1710.0090704161662
1704.253130850096
1698.9957518487483
1696.466960606337
1696.466960606337
1696.466960606337
1696.466960606337
1696.466960606337
1696.466960606337
1696.466960606337
1696.466960606337
1696.466960606337
17494.026453529394
10559.619113733777
6225.458803076896
3897.0291262465007
3384.045552884851
3384.045552884851
2431.5334131151376
2200.6090748721763
2200.6090748721763
2019.4066174587742
1644.7121502734524
1644.7121502734524
1644.7121502734524
1644.7121502734524
1644.7121502734524
1644.7121502734524
1644.7121502734524
1644.7121502734524
1644.7121502734524
1592.501577083527
1592.501577083527
1592.501577083527
1563.9947353841817
1563.9947353841817
1499.9123942985639
1492.5106410091976
1492.5106410091976
1453.5488399909063
1453.5488399909063
1453.5488399909063
1453.5488399909063
1453.5488399909063
1449.588317397493
1449.588317397493
1449.588317397493
1449.588317397493
1428.1085579161518
1381.5473957985453
1381.5473957985453
1381.5473957985453
1376.7407685492308
1329.2796655347593
1329.2796655347593
1300.8450506074978
1300.8450506074978
1286.6788087730029
1283.2753425881901
1283.2753425881901
1270.7888660126278
1270.7888660126278
1255.2965870119267
1255.2965870119267
1255.2965870119267
1255.2965870119267
1239.7188627395076
1239.7188627395076
1238.2719722244317
1238.2719722244317
1229.8917958984384
1212.2463627740365
1212.2463627740365
1207.7413718033736
1185.9141031618892
1185.9141031618892
1185.9141031618892
1183.1862076707994
1176.9465954826276
1176.9465954826276
1170.1646083578714
1167.5248755816153
1167.5248755816153
1167.5248755816153
1162.5842248110134
1162.5842248110134
1160.6426724369944
1156.56726760447
1156.56726760447
1154.6460961637872
1154.6460961637872
1153.8154649690644
1142.693771543316
1142.693771543316
1142.693771543316
1142.693771543316
1142.693771543316
1142.693771543316
1142.693771543316
1142.693771543316
1142.693771543316
17494.026453529394
8757.267886589434
6806.186146259615
6550.305858773253
5878.079192808537
5878.079192808537
5878.079192808537
5103.93761109681
4958.710138127075
3663.0808073352578
3616.494693174386
3038.8215175257683
3038.8215175257683
2996.831837631238
2479.4545721136483
2479.4545721136483
2479.4545721136483
2479.4545721136483
2479.4545721136483
2479.4545721136483
2479.4545721136483
2479.4545721136483
2438.956107130187
2438.956107130187
2438.956107130187
2438.956107130187
2126.5935649470694
2126.5935649470694
2126.5935649470694
2126.5935649470694
2126.5935649470694
2126.5935649470694
2126.5935649470694
2126.5935649470694
2126.5935649470694
2020.601670210813
2020.601670210813
2020.601670210813
2020.601670210813
1864.9604643157827
1864.9604643157827
1864.9604643157827
1864.9604643157827
1864.9604643157827
1864.9604643157827
1864.9604643157827
1849.5128928110353
1849.5128928110353
1849.5128928110353
1831.8773457281595
1831.8773457281595
1831.8773457281595
1743.2790683605535
1743.2790683605535
1743.2790683605535
1679.4986799138792
1672.2451367751132
1672.2451367751132
1652.3555609602522
1652.3555609602522
1652.3555609602522
1622.8237415255844
1622.8237415255844
1622.8237415255844
1613.4117531186996
1613.4117531186996
1609.896690778703
1609.896690778703
1596.8305533699722
1596.8305533699722
1581.6956766207795
1572.2031888118386
1572.2031888118386
1572.2031888118386
1572.2031888118386
1550.7684682839558
1550.7684682839558
1550.7684682839558
1538.6796875617713
1524.052948483668
1524.052948483668
1524.052948483668
1524.052948483668
1519.4827512825266
1519.4827512825266
1519.4827512825266
1519.4827512825266
1519.4827512825266
1519.4827512825266
1519.4827512825266
1516.5789243135216
1516.5789243135216
1516.5789243135216
1515.2334798892693
1509.6050865284706
1509.6050865284706
1509.6050865284706
1509.6050865284706
1509.6050865284706
1508.9280401721744
1508.9280401721744
1508.9280401721744
1508.9280401721744
1508.9280401721744
1508.9280401721744
1505.8589748203794
1505.8589748203794
1505.8589748203794
1505.8589748203794
1505.8589748203794
1505.8589748203794
1502.032749253306
1502.032749253306
1502.032749253306
1502.032749253306
1497.5513596767455
1497.5513596767455
1497.5513596767455
1497.5513596767455
1494.2448059893954
1494.2448059893954
1494.2448059893954
1494.2448059893954
1494.2448059893954
1494.2448059893954
1494.2448059893954
1494.2448059893954
1494.2448059893954
17494.026453529394
