11302.457116146432
6507.46641125063
4341.716039352114
4341.716039352114
4341.716039352114
4341.716039352114
3980.7693973480805
3980.7693973480805
3980.7693973480805
3980.7693973480805
3980.7693973480805
3980.7693973480805
3980.7693973480805
3980.7693973480805
3980.7693973480805
3942.159900135326
3942.159900135326
3942.159900135326
3942.159900135326
3942.159900135326
3942.159900135326
3470.800972681152
3470.800972681152
3470.800972681152
3470.800972681152
3470.800972681152
3470.800972681152
3470.800972681152
3470.800972681152
3470.800972681152
14975.773606583707
11815.652708968488
6935.571550802924
6935.571550802924
6829.688597611652
3998.0600259357975
3998.0600259357975
3785.830101095782
3621.813806136256
3434.8919168398024
3434.8919168398024
3434.8919168398024
3134.4916717876567
3134.4916717876567
2947.1740959832437
2947.1740959832437
2947.1740959832437
2947.1740959832437
2947.1740959832437
2650.0346453806296
2650.0346453806296
2650.0346453806296
2650.0346453806296
2616.990228201226
2616.990228201226
2616.990228201226
2616.990228201226
2453.145368419367
2453.145368419367
2413.224360592172
2413.224360592172
2413.224360592172
2413.224360592172
2413.224360592172
2413.224360592172
2374.725831279418
2374.725831279418
2374.725831279418
2374.725831279418
2330.7045091411087
2330.7045091411087
2330.7045091411087
2330.7045091411087
2330.7045091411087
2330.7045091411087
2310.764479951202
2089.9508623087413
2089.9508623087413
2089.9508623087413
2089.9508623087413
2089.9508623087413
2089.9508623087413
2089.9508623087413
2089.9508623087413
1917.0142970432107
1917.0142970432107
1853.987220215733
1853.987220215733
1853.987220215733
1853.987220215733
1839.4815801825898
1839.4815801825898
1839.4815801825898
1839.4815801825898
1839.4815801825898
1839.4815801825898
1839.4815801825898
1839.4815801825898
1839.4815801825898
14975.773606583707
9780.915622828114
5583.925603435955
3909.9304826389384
3909.9304826389384
3625.1509653601024
3308.5441430879946
2958.6684534817127
2958.6684534817127
2958.6684534817127
2958.6684534817127
2958.6684534817127
2759.816539748371
2759.816539748371
2692.028433459828
2692.028433459828
2692.028433459828
2486.0065671371676
2330.480040223926
2330.480040223926
2330.480040223926
2330.480040223926
2330.480040223926
2199.577989920281
2199.577989920281
2199.577989920281
2199.577989920281
2199.577989920281
2199.577989920281
2199.577989920281
2199.577989920281
2199.577989920281
14975.773606583707
9950.346635231255
6267.006436663413
5940.522903609745
5231.142600897689
4098.968727773925
4098.968727773925
4054.062671101375
3987.65112130894
3958.127619433124
2752.806655518526
2752.806655518526
2752.806655518526
2752.806655518526
2752.806655518526
2689.342185252325
2689.342185252325
2689.342185252325
2689.342185252325
2657.942102064855
2196.6236104143354
2196.6236104143354
2106.9552898782053
2106.9552898782053
2106.9552898782053
2106.9552898782053
2106.9552898782053
2106.9552898782053
2106.9552898782053
2106.9552898782053
2106.9552898782053
14975.773606583707
9538.724299368087
7140.974059689787
5211.570577106645
3017.326425170991
3017.326425170991
3017.326425170991
3004.4050587860106
2564.0180503794545
2295.258097019455
2295.258097019455
2215.244524795733
2215.244524795733
2215.244524795733
2215.244524795733
2181.86365170318
2181.86365170318
2181.86365170318
2181.86365170318
1902.477037386807
1902.477037386807
1902.477037386807
1902.477037386807
1815.776547606147
1815.776547606147
1815.776547606147
1815.776547606147
1815.776547606147
1815.776547606147
1815.776547606147
1795.2854269654767
1734.6439733241912
1682.258968657881
1682.258968657881
1682.258968657881
1682.258968657881
1682.258968657881
1682.258968657881
1682.258968657881
1682.258968657881
1682.258968657881
14975.773606583707
7542.660720534773
7430.756018089843
4484.350301395784
4484.350301395784
4484.350301395784
4484.350301395784
3726.459782547531
3726.459782547531
3726.459782547531
3613.5249396932745
2732.1278371501276
2490.182273338669
2490.182273338669
2490.182273338669
2467.874726773898
2273.469320723915
2273.469320723915
2132.247064707546
1957.1720742602927
1957.1720742602927
1957.1720742602927
1957.1720742602927
1957.1720742602927
1879.085899681576
1723.9499885010534
1711.8910087911986
1711.8910087911986
1711.8910087911986
1662.419894246249
1644.5474543422026
1644.5474543422026
1644.5474543422026
1644.5474543422026
1625.7687241195958
1625.7687241195958
1625.7687241195958
1625.7687241195958
1600.2222677617378
1600.2222677617378
1542.0259290936965
1529.241294635251
1529.241294635251
1510.6476140118352
1510.6476140118352
1510.6476140118352
1503.4862257023428
1473.5947930744458
1473.5947930744458
1454.6911245895635
1454.6911245895635
1453.109268704975
1430.1722956528617
1425.4969535565392
1425.4969535565392
1407.2638567893055
1402.8626416180964
1402.8626416180964
1386.4119746480578
1386.4119746480578
1386.4119746480578
1381.3639652856627
1381.3639652856627
1376.7223160748422
1376.7223160748422
1372.4572001293143
1372.4572001293143
1372.4572001293143
1372.4572001293143
1372.4350500053065
1372.4350500053065
1363.9081028575033
1363.9081028575033
1363.9081028575033
1363.9081028575033
1363.9081028575033
1363.9081028575033
1363.9081028575033
1363.9081028575033
1363.9081028575033
14975.773606583707
7010.011591346936
7010.011591346936
4830.749023723001
4449.93192248624
4449.93192248624
3182.747072122819
3182.747072122819
3178.0022452994126
3178.0022452994126
3178.0022452994126
3178.0022452994126
3178.0022452994126
2885.388501886314
2885.388501886314
2885.388501886314
2813.9212633899406
2813.9212633899406
2813.9212633899406
2813.9212633899406
2813.9212633899406
2813.9212633899406
2813.9212633899406
2690.139367691605
2690.139367691605
2690.139367691605
2690.139367691605
2690.139367691605
2690.139367691605
2663.99106515887
2663.99106515887
2663.99106515887
2663.99106515887
2561.635733139665
2561.635733139665
2561.635733139665
2561.635733139665
2561.635733139665
2520.1130398776695
2520.1130398776695
2520.1130398776695
2469.4183594956266
2469.4183594956266
2469.4183594956266
2469.4183594956266
2469.4183594956266
2457.838517404194
2277.9706924923444
2277.9706924923444
2277.9706924923444
2254.5316043197618
2254.5316043197618
2125.472373466724
2125.472373466724
2125.472373466724
2125.472373466724
2125.472373466724
2125.472373466724
2125.472373466724
2125.472373466724
2125.472373466724
14975.773606583707
8264.647192698736
7516.231726774275
4738.764207670951
4512.74265397315
4051.713397394552
3363.1382718070654
2564.038002035202
2564.038002035202
2564.038002035202
2564.038002035202
2564.038002035202
2564.038002035202
2564.038002035202
2564.038002035202
2564.038002035202
14975.773606583707
12035.798717620743
5987.133176664997
4935.349584970963
4168.328150588079
4168.328150588079
4168.328150588079
4168.328150588079
4168.328150588079
4168.328150588079
4168.328150588079
3576.281895136449
3489.0217861036617
3489.0217861036617
3329.529482868569
3329.529482868569
3329.529482868569
3329.529482868569
3329.529482868569
3329.529482868569
3329.529482868569
3329.529482868569
3329.529482868569
14975.773606583707
9493.059179838354
6662.183206620237
4723.094793141661
4723.094793141661
4391.91649417396
3657.505833890499
3657.505833890499
3657.505833890499
3657.505833890499
3657.505833890499
3657.505833890499
3657.505833890499
3657.505833890499
3657.505833890499
14975.773606583707
10208.927541747258
4623.464254686087
4623.464254686087
4623.464254686087
3633.4219875458975
3226.790278967524
3226.790278967524
3226.790278967524
3226.790278967524
3226.790278967524
3226.790278967524
3226.790278967524
3099.83079102053
3017.7497803387523
3017.7497803387523
3017.7497803387523
3017.7497803387523
3017.7497803387523
3017.7497803387523
3017.7497803387523
3017.7497803387523
3017.7497803387523
14975.773606583707
9994.793600170487
8451.900525150726
6074.641616310285
3542.4265097644447
3016.701969694522
3016.701969694522
3016.701969694522
3016.701969694522
3016.701969694522
3016.701969694522
3016.701969694522
3016.701969694522
3016.701969694522
14975.773606583707
9645.147006981357
5625.449026620749
5625.449026620749
4350.6185462362755
4350.6185462362755
4350.6185462362755
4350.6185462362755
4350.6185462362755
4350.6185462362755
4350.6185462362755
4350.6185462362755
4350.6185462362755
14975.773606583707
10028.385075729493
5705.695580528182
4053.0538373810105
4053.0538373810105
4053.0538373810105
4053.0538373810105
4053.0538373810105
4053.0538373810105
4053.0538373810105
4053.0538373810105
3781.183163738588
3170.4233199761848
3100.8033320541563
3100.8033320541563
3100.8033320541563
3100.8033320541563
3100.8033320541563
3100.8033320541563
3100.8033320541563
3100.8033320541563
2958.743786490032
2958.743786490032
2706.8921361443026
2706.8921361443026
2706.8921361443026
2706.8921361443026
2706.8921361443026
2553.3422297295065
2553.3422297295065
2553.3422297295065
2553.3422297295065
2553.3422297295065
2553.3422297295065
2553.3422297295065
2553.3422297295065
2485.7289339565004
2485.7289339565004
2485.7289339565004
2485.7289339565004
2485.7289339565004
2485.7289339565004
2485.7289339565004
2485.7289339565004
2321.2238139514366
2321.2238139514366
2321.2238139514366
2321.2238139514366
2302.195568680597
2253.974347215856
2253.974347215856
2190.581706105115
2093.8929215482976
2093.8929215482976
2093.3974079676013
2073.971951515334
2068.78056367066
2068.78056367066
2068.78056367066
2068.78056367066
2068.78056367066
2068.78056367066
2068.78056367066
2068.78056367066
2068.78056367066
14975.773606583707
11180.215766993979
6914.020896894195
6247.593876767764
4797.178265437472
4235.3286467214275
3099.416801803642
2902.685970319798
2493.600752350886
2493.600752350886
2493.600752350886
2493.600752350886
2493.600752350886
2493.600752350886
2493.600752350886
2493.600752350886
2493.600752350886
14975.773606583707
7718.222218307649
6907.33524748726
6069.087575221318
5333.617825596771
4171.837771114322
3051.7266933376404
2567.5465375899407
2567.5465375899407
2567.5465375899407
2567.5465375899407
2567.5465375899407
2567.5465375899407
2567.5465375899407
2567.5465375899407
2567.5434632372258
2567.5434632372258
2567.5434632372258
2567.5434632372258
2567.5434632372258
2567.5434632372258
2567.5434632372258
2567.5434632372258
2567.5434632372258
14975.773606583707
10061.277343035756
8322.209207017451
2820.1355060635638
2820.1355060635638
2820.1355060635638
2820.1355060635638
2565.6040428071237
2565.6040428071237
2565.6040428071237
2401.960067893279
2183.4656931300105
2183.4656931300105
2183.4656931300105
2183.4656931300105
2183.4656931300105
2183.4656931300105
2183.4656931300105
2183.4656931300105
2049.1796119420032
1909.3160720418596
1769.2871359001142
1769.2871359001142
1769.2871359001142
1769.2871359001142
1769.2871359001142
1769.2871359001142
1769.2871359001142
1769.2871359001142
1769.2871359001142
14975.773606583707
7085.030110320529
4980.344419256549
4980.344419256549
4980.344419256549
4852.860655769273
4020.1685992123826
2979.861394177242
2979.861394177242
2979.861394177242
2979.861394177242
2979.861394177242
2979.861394177242
2979.861394177242
2796.900986814941
2796.900986814941
2796.900986814941
2796.900986814941
2796.900986814941
2565.989645980884
2565.989645980884
2454.7957871834296
2368.283834633467
2368.283834633467
2368.283834633467
2368.283834633467
2216.1682497050942
2216.1682497050942
2139.015483230669
2139.015483230669
2117.5739571099803
2117.5739571099803
2117.5739571099803
2113.5133351605205
2113.5133351605205
2084.6114283881934
2084.6114283881934
2082.982050074759
2082.982050074759
1934.9139789023604
1923.8872654934303
1923.8872654934303
1918.701729642023
1918.701729642023
1918.701729642023
1917.8743146573415
1914.8665574406482
1896.2399932069682
1873.8844696505175
1839.3354891314289
1784.6075189246947
1784.6075189246947
1769.146464128563
1767.388766697509
1757.2219944203778
1757.2219944203778
1736.2936396210937
1736.2936396210937
1736.2936396210937
1736.2936396210937
1729.1072297796472
1729.1072297796472
1729.1072297796472
1729.1072297796472
1718.4802290573664
1718.4802290573664
1718.4802290573664
1718.4802290573664
1710.86783716763
1703.831690401398
1693.0225171813045
1693.0225171813045
1693.0225171813045
1693.0225171813045
1693.0225171813045
1693.0225171813045
1691.344205949956
1691.344205949956
1691.344205949956
1691.344205949956
1684.948582303447
1684.948582303447
1684.948582303447
1684.948582303447
1684.948582303447
1684.948582303447
1682.777714822345
1680.078156718014
1680.078156718014
1680.078156718014
1680.078156718014
1680.078156718014
1680.078156718014
1680.078156718014
1665.6545633385763
1665.6545633385763
1665.6545633385763
1665.6545633385763
1665.6545633385763
1665.6545633385763
1665.6545633385763
1665.6545633385763
1665.6545633385763
14975.773606583707
10211.260037184013
6992.83972469087
5640.273873225294
4668.8332602612445
4668.8332602612445
4668.8332602612445
4668.8332602612445
4554.603801815843
4554.603801815843
4554.603801815843
4030.67383753623
3430.7207108858133
3363.581767929743
3363.581767929743
2978.8683776347266
2978.8683776347266
2280.840613772165
2280.840613772165
2280.840613772165
2280.840613772165
2280.840613772165
2280.840613772165
2280.840613772165
2280.840613772165
2280.840613772165
14975.773606583707
9245.164848431672
6319.967341049379
4276.831290636883
3712.616635177933
3702.3536480779508
3702.3536480779508
3702.3536480779508
3702.3536480779508
3702.3536480779508
3648.691925298883
3231.583253952159
2375.801978734983
2375.801978734983
2375.801978734983
2375.801978734983
2375.801978734983
2375.801978734983
2375.801978734983
2352.253251271187
2352.253251271187
2352.253251271187
2352.253251271187
2352.253251271187
2102.665191488203
2102.665191488203
2102.665191488203
2102.665191488203
2102.665191488203
2102.665191488203
2102.665191488203
2102.665191488203
2102.665191488203
14975.773606583707
7385.966736089896
5427.6123788612995
4899.1766731786
3620.233315574839
3620.233315574839
3620.233315574839
3248.679742710016
2573.5758874316634
2573.5758874316634
2280.716514390098
2280.716514390098
2280.716514390098
2280.716514390098
2280.716514390098
2280.716514390098
2280.716514390098
2280.716514390098
2280.716514390098
14975.773606583707
11521.735816066062
8603.883473180955
6398.058735609488
6398.058735609488
4725.31036117511
4154.996340291917
4051.1928077801667
4051.1928077801667
2298.7168214820967
2298.7168214820967
2298.7168214820967
2298.7168214820967
2298.7168214820967
2298.7168214820967
2298.7168214820967
2149.4672510124365
2149.4672510124365
2149.4672510124365
2149.4672510124365
2149.4672510124365
2149.4672510124365
2149.4672510124365
2149.4672510124365
2149.4672510124365
14975.773606583707
12434.875533650713
6169.143229610459
4726.0784518212
4664.825889815671
2829.513507164912
2757.4366744073272
2582.268112907706
2318.1077036744355
2318.1077036744355
2157.9539979388474
2135.9251503277837
2135.9251503277837
2135.9251503277837
1882.7872880006712
1882.7872880006712
1882.7872880006712
1882.7872880006712
1882.7872880006712
1882.7872880006712
1837.7220195990594
1837.7220195990594
1837.7220195990594
1837.7220195990594
1747.4728770826996
1689.1630459853795
1575.3958707800944
1575.3958707800944
1512.738074063353
1512.738074063353
1495.2518949577857
1495.2518949577857
1495.2518949577857
1495.2518949577857
1495.2518949577857
1495.2518949577857
1495.2518949577857
1467.3381998869677
1467.3381998869677
1467.3381998869677
1467.3381998869677
1467.3381998869677
1433.4493259783749
1433.4493259783749
1433.4493259783749
1433.4493259783749
1433.4493259783749
1433.4493259783749
1394.4221562929574
1394.4221562929574
1348.4296417808573
1348.4296417808573
1348.4296417808573
1348.4296417808573
1348.4296417808573
1348.4296417808573
1348.4296417808573
1282.9810292115562
1282.9810292115562
1282.9810292115562
1266.5147229998452
1266.5147229998452
1266.5147229998452
1257.3638388788477
1257.3638388788477
1244.5748259645102
1244.5748259645102
1244.5748259645102
1244.5748259645102
1244.5748259645102
1236.3583526189445
1236.3583526189445
1228.458620452517
1228.458620452517
1227.5744269372944
1227.5744269372944
1227.5744269372944
1224.987970707236
1224.987970707236
1224.987970707236
1224.987970707236
1224.7024327131937
1222.6181033274845
1222.6181033274845
1222.0866456664296
1222.0866456664296
1214.3949150988567
1214.3949150988567
1211.0720135759793
1211.0720135759793
1211.0720135759793
1211.0720135759793
1211.0720135759793
1207.8278615292957
1207.8278615292957
1207.8278615292957
1207.8278615292957
1207.8278615292957
1207.6680392603494
1207.6680392603494
1207.6680392603494
1206.2926535608356
1202.4586337554156
1196.9836323434788
1192.8711936402706
1192.8711936402706
1192.8711936402706
1192.8711936402706
1192.8711936402706
1192.8711936402706
1192.8711936402706
1192.8711936402706
1192.8711936402706
16559.321414391798
14773.787670487662
7053.786487660478
4428.77544202352
3999.717418578988
3999.717418578988
3090.838429221688
3090.838429221688
3090.838429221688
2865.694325974264
2865.694325974264
2865.694325974264
2506.277008729535
2398.641059082121
2398.641059082121
2398.641059082121
2398.641059082121
2398.641059082121
2398.641059082121
2231.1632923567645
1982.9427481534578
1656.4991068914874
1656.4991068914874
1656.4991068914874
1656.4991068914874
1656.4991068914874
1656.4991068914874
1656.4991068914874
1584.1044444852153
1584.1044444852153
1584.1044444852153
1584.1044444852153
1582.1440076600948
1582.1440076600948
1578.6928776065092
1578.6928776065092
1540.1627109952847
1529.425253200499
1527.923268633635
1527.923268633635
1527.923268633635
1521.463548279368
1521.463548279368
1520.6833094138558
1520.6833094138558
1520.6833094138558
1515.8643878481628
1515.8643878481628
1515.8643878481628
1514.064888671348
1511.6816080245812
1511.6816080245812
1511.6816080245812
1504.3363561514138
1504.3363561514138
1497.337879205255
1494.1946000054077
1481.3394487932833
1481.3394487932833
1481.3394487932833
1481.3394487932833
1481.3394487932833
1481.3394487932833
1481.3394487932833
1478.1614976562564
1478.1614976562564
1478.1614976562564
1478.1614976562564
1478.1614976562564
1474.9313643425307
1467.9544456765975
1467.9544456765975
1467.9544456765975
1466.1502914543307
1461.772928328576
1461.772928328576
1461.772928328576
1456.0229235161542
1456.0229235161542
1455.077199896382
1455.077199896382
1455.077199896382
1455.077199896382
1455.077199896382
1455.077199896382
1455.077199896382
1455.077199896382
1455.077199896382
16559.321414391798
13424.648206127795
8847.287080546415
5005.047020142563
4771.708179590962
4346.60476110303
4341.788835805799
4158.270022065697
3329.614434586267
3329.614434586267
