11895.04207121653
8508.552719679295
6325.217109452266
5318.635412158572
5318.635412158572
5218.305768037517
5166.736718267957
4016.552004737142
4016.552004737142
3891.609201887009
3766.4071248719238
3451.6935933432956
3451.6935933432956
3451.6935933432956
3451.6935933432956
3451.6935933432956
3451.6935933432956
3451.6935933432956
3451.6935933432956
3451.6935933432956
12103.248292732678
8469.739833074476
6766.748621281945
6004.6650316090045
4192.203097604976
3317.5672141946256
2890.2923344222086
2890.2923344222086
2653.5404001685783
2112.783797376795
1750.1813826581736
1750.1813826581736
1750.1813826581736
1750.1813826581736
1750.1813826581736
1750.1813826581736
1750.1813826581736
1750.1813826581736
1510.5473051299955
1510.5473051299955
1510.5473051299955
1510.5473051299955
1510.5473051299955
1510.5473051299955
1510.5473051299955
1510.5473051299955
1467.9262073109894
1467.9262073109894
1467.9262073109894
1429.026978550346
1429.026978550346
1418.5665916211922
1398.1817286835808
1398.1817286835808
1398.1817286835808
1388.9169663608934
1373.3320842600356
1363.3418129708898
1361.4151189941845
1361.4151189941845
1354.543894112067
1350.5838080895978
1340.1382181939891
1290.082518394172
1290.082518394172
1264.2254466198435
1264.2254466198435
1264.2254466198435
1264.2254466198435
1264.2254466198435
1263.5846899656071
1243.1759224929706
1243.1759224929706
1243.1759224929706
1243.1759224929706
1237.1092613869394
1221.7967862446287
1221.7967862446287
1221.7967862446287
1215.6273102043217
1205.6606936193987
1202.469168759928
1194.6942629074429
1194.6942629074429
1190.6992709387168
1190.6992709387168
1190.6992709387168
1190.6992709387168
1190.6992709387168
1190.6992709387168
1190.6992709387168
1190.6992709387168
1190.6992709387168
12103.248292732678
8631.525156779593
7964.087750265947
3808.0572807757985
3808.0572807757985
3808.0572807757985
3808.0572807757985
3808.0572807757985
3808.0572807757985
3586.291152859038
3586.291152859038
3361.859150576479
3155.188921011289
3155.188921011289
3155.188921011289
3155.188921011289
2842.3986453453663
2779.6348373731357
2779.6348373731357
2573.5842747521374
2573.5842747521374
2573.5842747521374
2573.5842747521374
2556.147167276341
2556.147167276341
2556.147167276341
2556.147167276341
2556.147167276341
2556.147167276341
2556.147167276341
2556.147167276341
2394.59408044077
2393.640927129358
2393.640927129358
2201.6624287596933
2201.6624287596933
2201.6624287596933
2201.6624287596933
2201.6624287596933
2095.1141147546987
2095.1141147546987
2095.1141147546987
2095.1141147546987
2095.1141147546987
2095.1141147546987
2095.1141147546987
2060.6222912604853
2060.6222912604853
2060.6222912604853
2060.6222912604853
2060.6222912604853
2016.3790215114373
1992.1268384906768
1992.1268384906768
1992.1268384906768
1946.6513990723986
1946.6513990723986
1913.2632988342623
1825.1981697232507
1777.0762023485313
1727.6927858330741
1727.6927858330741
1718.9170208714843
1688.502238875949
1619.253702147265
1615.022790115072
1615.022790115072
1601.5167810471553
1601.5167810471553
1571.7292823015184
1571.7292823015184
1569.6294748137657
1569.6294748137657
1569.6294748137657
1569.6294748137657
1561.7424376650106
1561.7424376650106
1561.7424376650106
1561.7424376650106
1561.7424376650106
1561.7424376650106
1561.7424376650106
1561.7424376650106
1545.6382018309346
1545.6382018309346
1539.3106137876775
1539.3106137876775
1536.114033545704
1521.4403849111843
1521.4403849111843
1521.4403849111843
1521.4403849111843
1521.4403849111843
1521.4403849111843
1521.4403849111843
1521.4403849111843
1521.4403849111843
12103.248292732678
8925.047812222234
7038.6211240055145
5248.8032267899325
5248.8032267899325
5248.8032267899325
5248.8032267899325
5248.8032267899325
5248.8032267899325
5248.8032267899325
5248.8032267899325
5248.8032267899325
12103.248292732678
11895.04207121653
6342.825269811369
5021.949202773539
5021.949202773539
5003.261418341627
4697.457622171178
4697.457622171178
4697.457622171178
4697.457622171178
4348.441399168962
4348.441399168962
4348.441399168962
4058.7661791681303
3421.795193875806
3421.795193875806
3421.795193875806
3421.795193875806
3421.795193875806
3421.795193875806
3099.7902404680603
3099.7902404680603
3099.7902404680603
3099.7902404680603
3099.7902404680603
3099.7902404680603
2852.4528210265507
2852.4528210265507
2852.4528210265507
2852.4528210265507
2696.5939677910947
2696.5939677910947
2696.5939677910947
2696.5939677910947
2696.5939677910947
2696.5939677910947
2696.5939677910947
2659.124871519116
2586.6433892718696
2586.6433892718696
2586.6433892718696
2509.450565211665
2443.5725073170915
2443.5725073170915
2432.148960392222
2432.148960392222
2426.86117359511
2295.4357956114636
2295.4357956114636
2295.4357956114636
2194.260202969998
2150.3912855024855
2150.3912855024855
2134.942734232306
2134.942734232306
2134.942734232306
2018.8105228105385
2018.8105228105385
2018.8105228105385
2009.7869640599577
1979.0302970175735
1979.0302970175735
1948.4504418999193
1948.4504418999193
1948.4504418999193
1948.4504418999193
1931.5491219059156
1931.5491219059156
1931.5491219059156
1873.1564921301326
1862.6403229807356
1862.6403229807356
1850.6744915716504
1850.6744915716504
1830.7239988481665
1830.7239988481665
1830.7239988481665
1826.4660616812614
1826.4660616812614
1824.982456502316
1824.982456502316
1822.1006803996938
1797.1596247917842
1797.1596247917842
1797.1596247917842
1797.1596247917842
1797.1596247917842
1797.1596247917842
1797.1596247917842
1797.1596247917842
1797.1596247917842
12103.248292732678
7925.926223422916
7816.057588032395
5900.353932208144
4488.89717685439
4488.89717685439
4488.89717685439
4488.89717685439
4488.89717685439
4488.89717685439
4163.783792457179
4163.783792457179
4163.783792457179
4163.783792457179
4163.783792457179
4163.783792457179
4163.783792457179
4163.783792457179
3999.663070945462
3999.663070945462
3545.1298445016796
3545.1298445016796
3545.1298445016796
3545.1298445016796
3545.1298445016796
3545.1298445016796
3545.1298445016796
3067.607363677494
3067.607363677494
3067.607363677494
3067.607363677494
3067.607363677494
3067.607363677494
3067.607363677494
3067.607363677494
3067.607363677494
12103.248292732678
11895.04207121653
7773.065894381146
6337.389826079613
6337.389826079613
5393.0452769415815
3389.669428885398
3389.669428885398
3389.669428885398
3058.5036804015626
3058.5036804015626
3058.5036804015626
3058.5036804015626
3058.5036804015626
3058.5036804015626
3058.5036804015626
3058.5036804015626
2884.8446682685253
2884.8446682685253
2884.8446682685253
2884.8446682685253
2884.8446682685253
2884.8446682685253
2884.8446682685253
2884.8446682685253
2884.8446682685253
12103.248292732678
10642.217601006576
9362.246122975801
6593.443919331374
5303.984449656492
4700.232514279031
4206.457558837329
4206.457558837329
4206.457558837329
4206.457558837329
4206.457558837329
3874.0678059661195
3874.0678059661195
3874.0678059661195
3874.0678059661195
3869.169811550216
3776.0162505117664
3767.385321785122
3767.385321785122
3767.385321785122
3767.385321785122
3767.385321785122
3767.385321785122
3557.8746304157416
3362.257890410137
3362.257890410137
3362.257890410137
2988.2234252676935
2988.2234252676935
2988.2234252676935
2988.2234252676935
2768.4708522914925
2768.4708522914925
2768.4708522914925
2768.4708522914925
2768.4708522914925
2768.4708522914925
2768.4708522914925
2768.4708522914925
2768.4708522914925
12103.248292732678
8338.432551478574
6064.185320511709
4859.889955949031
4859.889955949031
4859.889955949031
4859.889955949031
4859.889955949031
4859.889955949031
4859.889955949031
4859.889955949031
4859.889955949031
12103.248292732678
9746.601903352766
6593.092549090329
6453.010734051611
5678.248377772838
3874.136756800697
3874.136756800697
3874.136756800697
3874.136756800697
3874.136756800697
3874.136756800697
3526.5466730099943
3526.5466730099943
3526.5466730099943
3526.5466730099943
3526.5466730099943
3526.5466730099943
3526.5466730099943
3526.5466730099943
3526.5466730099943
12103.248292732678
11895.04207121653
8351.192459133967
8135.916790859357
5087.83421616432
5087.83421616432
5087.83421616432
4866.907717893337
4866.907717893337
4866.907717893337
4866.907717893337
4866.907717893337
4866.907717893337
4866.907717893337
4866.907717893337
4866.907717893337
12103.248292732678
11895.04207121653
5014.824211859087
4885.583584640855
3831.223056101671
3831.223056101671
2621.4958004795953
2621.4958004795953
2621.4958004795953
2621.4958004795953
2621.4958004795953
2621.4958004795953
2621.4958004795953
2621.4958004795953
2621.4958004795953
12103.248292732678
11895.04207121653
8499.402203522211
8168.352818409411
6190.1861022040775
6190.1861022040775
6190.1861022040775
6052.890228334138
5994.2646987602375
5994.2646987602375
5705.530367339999
4773.818191534794
4773.818191534794
4773.818191534794
4773.818191534794
4773.818191534794
4773.818191534794
4773.818191534794
4539.043977373536
4539.043977373536
4539.043977373536
4539.043977373536
4539.043977373536
4539.043977373536
4404.257802468492
4404.257802468492
4404.257802468492
4282.858231696298
4282.858231696298
4282.858231696298
3741.948613724705
3437.515462164558
3437.515462164558
3437.515462164558
3437.515462164558
3437.515462164558
3437.515462164558
3049.450163524737
3049.450163524737
3049.450163524737
3049.450163524737
3049.450163524737
3049.450163524737
3049.450163524737
3049.450163524737
3049.450163524737
12103.248292732678
10642.574403150702
6204.828410911721
5027.256453711301
5027.256453711301
5023.150493720048
4275.591606195925
3981.186989888366
3128.060409750763
3067.892021285017
3067.892021285017
2514.891209540252
2514.891209540252
2514.891209540252
2514.891209540252
2514.891209540252
2514.891209540252
2514.891209540252
2514.891209540252
2459.773904369613
2459.773904369613
2390.3265347502056
2390.3265347502056
2390.3265347502056
2283.6409607219484
2235.384431888709
2202.4956226527975
2202.4956226527975
2187.1227947326242
2122.0409125901188
2122.0409125901188
2091.2559259818754
2043.8275845599007
2022.6165157332832
2022.6165157332832
2022.6165157332832
2015.1578847253163
2015.1578847253163
2003.0535650854035
1943.4807582771746
1935.022404013257
1930.3791779694566
1930.3791779694566
1898.2822723480554
1898.2822723480554
1898.2822723480554
1886.2830702757983
1848.198535778837
1840.0271525958653
1829.487390964698
1829.487390964698
1829.487390964698
1812.3040084733393
1812.3040084733393
1787.4802795423466
1779.8544455587519
1751.8893638872519
1751.8893638872519
1751.8893638872519
1751.8893638872519
1723.645083925741
1723.645083925741
1707.221100055503
1707.221100055503
1707.221100055503
1697.0147135078996
1693.2293085457136
1679.1368271094325
1679.1368271094325
1679.1368271094325
1679.1368271094325
1679.1368271094325
1679.1368271094325
1674.516316057166
1674.2011488213816
1674.2011488213816
1668.9402428144692
1668.9402428144692
1668.9402428144692
1668.9402428144692
1656.8890545416866
1656.8890545416866
1656.8890545416866
1656.8890545416866
1656.8890545416866
1656.8890545416866
1656.8890545416866
1656.8890545416866
1656.8890545416866
12103.248292732678
8881.358978213975
8141.291797023911
5264.737280087295
4181.533511196317
3868.7055328330534
3868.7055328330534
3868.7055328330534
3868.7055328330534
3868.7055328330534
3868.7055328330534
3868.7055328330534
3363.747027704729
2914.9905537701143
2806.287044928891
2806.287044928891
2806.287044928891
2463.192752146454
2463.192752146454
2463.192752146454
2463.192752146454
2463.192752146454
2463.192752146454
2380.5117986405207
2380.5117986405207
2315.0294081236343
2315.0294081236343
2315.0294081236343
2315.0294081236343
2315.0294081236343
2315.0294081236343
2315.0294081236343
2315.0294081236343
2315.0294081236343
12103.248292732678
11488.177654270245
9273.635050919549
4333.693753578116
4186.722968336955
4186.722968336955
4186.722968336955
3416.028279817506
2541.921794339948
2541.921794339948
2541.921794339948
2313.362355350485
2313.362355350485
2313.362355350485
2313.362355350485
2313.362355350485
2305.4292815836734
2225.33955295383
1948.2741773742173
1948.2741773742173
1947.8840143568714
1947.8840143568714
1947.8840143568714
1947.8840143568714
1947.8840143568714
1947.8840143568714
1947.8840143568714
1947.8840143568714
1947.8840143568714
12103.248292732678
11895.04207121653
8984.205990224431
5886.180044773713
5886.180044773713
5886.180044773713
5542.630862985186
4214.573404337447
4214.573404337447
4214.573404337447
4214.573404337447
4214.573404337447
4214.573404337447
4214.573404337447
4214.573404337447
4214.573404337447
4171.359422241358
4171.359422241358
4171.359422241358
4171.359422241358
3901.9727600523274
3901.9727600523274
3806.382584880882
3806.382584880882
3766.7911679264366
3766.7911679264366
3766.7911679264366
3716.183045332903
3716.183045332903
3633.6091118470285
3633.6091118470285
3574.979159808526
3574.979159808526
3574.977604795959
3574.977604795959
3499.193182192047
3380.7616555704767
3380.7616555704767
3367.757670504472
3367.757670504472
3312.649450661184
3267.538252807743
3267.538252807743
3232.3520623007425
3060.5359906560593
3021.0575012345103
3021.0575012345103
2984.1743426312146
2984.1743426312146
2914.19550957082
2909.598525036421
2700.621814717787
2695.5253697975904
2695.5253697975904
2695.5253697975904
2633.808543875003
2633.808543875003
2633.808543875003
2633.808543875003
2633.808543875003
2633.808543875003
2582.8928690372327
2582.8928690372327
2547.0423468691115
2547.0423468691115
2523.1457559568353
2503.7741513598776
2465.9557391062576
2465.9557391062576
2465.9557391062576
2454.275090916235
2431.717645215759
2431.717645215759
2414.769109138494
2414.769109138494
2414.769109138494
2414.769109138494
2414.769109138494
2411.0126724523907
2411.0126724523907
2411.0126724523907
2411.0126724523907
2411.0126724523907
2411.0126724523907
2411.0126724523907
2411.0126724523907
2411.0126724523907
12103.248292732678
8576.487300504212
8576.487300504212
7654.620737683898
6671.405037267012
6102.757477075165
5732.202514143445
4525.330278143854
4525.330278143854
4525.330278143854
4525.330278143854
4525.330278143854
4525.330278143854
4525.330278143854
4525.330278143854
4525.330278143854
4098.152195999136
4098.152195999136
4098.152195999136
4098.152195999136
4098.152195999136
4008.136430741504
4008.136430741504
4008.136430741504
3899.1859968289245
3885.960115748347
3885.960115748347
3885.960115748347
3869.1960692951984
3869.1960692951984
3869.1960692951984
3869.1960692951984
3844.334623893202
3844.334623893202
3844.334623893202
3786.8064630268864
3786.8064630268864
3786.8064630268864
3786.8064630268864
3783.102328639512
3613.7409950025517
3613.7409950025517
3613.7409950025517
3572.7253893419443
3572.7253893419443
3572.7253893419443
3572.7253893419443
3560.197445119143
3523.6861472954565
3523.6861472954565
3519.180815546687
3519.180815546687
3492.9835306188534
3492.9835306188534
3484.1458272211635
3440.6967168719516
3440.6967168719516
3328.331442906795
3328.331442906795
3328.331442906795
3328.331442906795
3318.3477833760144
3280.221153500962
3280.221153500962
3223.8024562446462
3223.8024562446462
3157.4601947647993
3157.4601947647993
3110.79344659643
3110.79344659643
3110.79344659643
3110.79344659643
3000.5975707521147
2932.0321599130943
2880.635150651336
2880.635150651336
2832.0022025064955
2796.0771822160214
2796.0771822160214
2796.0771822160214
2786.892269106206
2786.892269106206
2687.5132837672763
2687.5132837672763
2687.5132837672763
2644.4640192846473
2644.4640192846473
2644.4640192846473
2644.4640192846473
2644.4640192846473
2641.771056606932
2641.771056606932
2640.9661162052653
2640.9661162052653
2640.9661162052653
2640.9661162052653
2640.9661162052653
2640.9661162052653
2640.9661162052653
2624.221964979726
2624.221964979726
2624.221964979726
2624.221964979726
2624.221964979726
2624.221964979726
2624.221964979726
2624.221964979726
2622.4667592985606
2622.4667592985606
2622.4667592985606
2596.5211275008596
2596.5211275008596
2596.3503779286784
2596.3503779286784
2596.3503779286784
2596.3503779286784
2596.3503779286784
2596.3503779286784
2596.3503779286784
2596.3503779286784
2596.3503779286784
12103.248292732678
11895.04207121653
8061.753315031476
5493.846644503698
4479.840034980264
4479.840034980264
4479.840034980264
4479.840034980264
4479.840034980264
4479.840034980264
4479.840034980264
4479.840034980264
4479.840034980264
12103.248292732678
9605.340783302958
7687.088671551413
4782.142285231029
4189.747547667072
2626.422974359866
2626.422974359866
2626.422974359866
2626.422974359866
2626.422974359866
2626.422974359866
2626.422974359866
2626.422974359866
2626.422974359866
2461.1434164798125
2461.1434164798125
2461.1434164798125
2461.1434164798125
2461.1434164798125
2461.1434164798125
2461.1434164798125
2461.1434164798125
2461.1434164798125
12103.248292732678
11895.04207121653
8691.399892271655
6292.7800787621345
5842.241716009155
4326.0908395985625
3707.069415966963
2827.0680872777284
2516.225493408582
2516.225493408582
2516.225493408582
2390.9440044401636
2390.9440044401636
2390.9440044401636
2390.9440044401636
2390.9440044401636
2390.9440044401636
2390.9440044401636
2390.9440044401636
2390.9440044401636
12103.248292732678
11895.04207121653
6805.034258646692
6323.665465587677
4321.26078342702
4188.679334463221
2675.7152360555547
2516.3911421299517
2516.3911421299517
2516.3911421299517
2372.696797483717
2372.696797483717
2372.696797483717
2372.696797483717
2372.696797483717
2372.696797483717
2372.696797483717
2372.696797483717
2246.1096086088723
2187.568455632873
1933.9658292441993
1933.9658292441993
1933.9658292441993
1933.9658292441993
1884.6289768326906
1884.6289768326906
1762.6707279589737
1762.6707279589737
1762.6707279589737
1762.6707279589737
1762.6707279589737
1762.6707279589737
1724.1979551064226
1724.1979551064226
1724.1979551064226
1724.1979551064226
1724.1979551064226
1609.5416009145897
1609.5416009145897
1609.5416009145897
1609.5416009145897
1609.5416009145897
1411.5068891715352
1411.5068891715352
1411.5068891715352
1411.5068891715352
1411.5068891715352
1411.5068891715352
1411.5068891715352
1411.5068891715352
1411.5068891715352
12103.248292732678
10699.577169863043
7738.841207576126
5742.066629707406
5742.066629707406
5046.917258686342
4797.843711941769
4717.529150711403
4084.9357610078714
3976.712751251062
3976.712751251062
3976.712751251062
3976.712751251062
3849.8746155611598
3849.8746155611598
2981.8486259655906
2981.8486259655906
2981.8486259655906
2981.8486259655906
2981.8486259655906
2981.8486259655906
2981.8486259655906
2981.8486259655906
2981.8486259655906
12103.248292732678
11520.780628899429
7775.026587840375
4301.689148625806
3366.987455741226
3366.987455741226
