8826.29636301455
7022.026943462172
4489.885152362573
3846.9938100041313
3260.820436434096
2650.991715773246
2650.991715773246
2479.9775268814624
2442.2582459362156
2369.7823841804184
2085.2305995129327
2041.9364072418557
1646.0966779115986
1646.0966779115986
1646.0966779115986
1646.0966779115986
1532.0939128846148
1522.4484431121766
1522.4484431121766
1522.4484431121766
1522.4484431121766
1522.4484431121766
1442.8179468124918
1442.8179468124918
1442.8179468124918
1442.8179468124918
1442.8179468124918
1419.1799859036519
1403.3502418234566
1387.0590953027886
1374.4309360622367
1374.4309360622367
1361.1302709925026
1351.4473727845088
1351.4473727845088
1351.4473727845088
1351.4473727845088
1351.4473727845088
1351.4473727845088
1351.4473727845088
1351.4473727845088
1345.1484005441696
1345.1484005441696
1341.3135090365674
1341.3135090365674
1335.6497281872983
1325.1068804538718
1325.1068804538718
1325.1068804538718
1325.1068804538718
1324.0878690014265
1324.0878690014265
1324.0878690014265
1322.1904668118746
1322.1904668118746
1321.4560177020314
1321.4560177020314
1319.0724081796052
1314.986152793097
1314.986152793097
1314.986152793097
1311.8024253317928
1311.8024253317928
1311.8024253317928
1309.2726425211133
1309.1446843892681
1301.8707903987329
1301.8707903987329
1300.1454333023562
1300.1454333023562
1300.1454333023562
1300.1454333023562
1300.1454333023562
1298.4928633587415
1298.4928633587415
1298.4928633587415
1298.4928633587415
1298.4928633587415
1295.364405309982
1290.8614777355024
1290.5882603911368
1290.5882603911368
1290.5882603911368
1290.5882603911368
1290.5882603911368
1290.5882603911368
1290.5882603911368
1290.5882603911368
1290.5882603911368
17707.89663058293
8524.213317020865
5327.795104328991
2909.6756867744807
2909.6756867744807
2909.6756867744807
2909.6756867744807
2909.6756867744807
2909.6756867744807
2909.6756867744807
2909.6756867744807
2909.6756867744807
17707.89663058293
9439.710292943106
5584.069709486989
3336.82126356937
2483.677149693494
2483.677149693494
2483.677149693494
2483.677149693494
2483.677149693494
2450.1254963593883
1899.5349309741073
1704.3973083112091
1704.3973083112091
1704.3973083112091
1704.3973083112091
1704.3973083112091
1704.3973083112091
1704.3973083112091
1704.0246787739986
1704.0246787739986
1704.0246787739986
1704.0246787739986
1704.0246787739986
1704.0246787739986
1704.0246787739986
1679.1186328855772
1679.1186328855772
1679.1186328855772
1679.1186328855772
1637.737860154152
1637.737860154152
1637.737860154152
1637.737860154152
1632.5862567508846
1632.5862567508846
1613.9192150503427
1613.9192150503427
1613.9192150503427
1589.9129783939916
1589.9129783939916
1579.8725394162993
1579.8725394162993
1565.010418790532
1539.0951490662515
1539.0951490662515
1536.0022632711207
1536.0022632711207
1536.0022632711207
1536.0022632711207
1519.5546090147834
1509.9057700349513
1499.440479854096
1487.3859557125518
1487.3859557125518
1487.3859557125518
1487.3859557125518
1485.5071987423971
1482.6253131899382
1482.6253131899382
1474.319841668239
1472.4121608240696
1472.4121608240696
1472.4121608240696
1442.1321910641427
1442.1321910641427
1442.1321910641427
1442.1321910641427
1442.1321910641427
1442.1321910641427
1442.1321910641427
1442.1321910641427
1440.7349337190524
1440.7349337190524
1440.7349337190524
1440.7349337190524
1433.9108532885475
1431.0254235402906
1431.0254235402906
1431.0254235402906
1418.4866152649802
1418.4866152649802
1418.4866152649802
1418.4866152649802
1418.4866152649802
1418.4866152649802
1418.4866152649802
1418.4866152649802
1416.9653199773456
1416.9653199773456
1416.9653199773456
1416.9653199773456
1416.9653199773456
1416.9653199773456
1416.9653199773456
1416.9653199773456
1416.1111944044983
1413.8756707467323
1413.2467230131463
1413.2467230131463
1407.0665485709967
1401.9324787136316
1401.9324787136316
1401.9324787136316
1399.0904013607524
1399.0904013607524
1399.0904013607524
1399.0904013607524
1399.0904013607524
1399.0904013607524
1399.0904013607524
1390.191761908476
1390.191761908476
1390.191761908476
1390.191761908476
1390.191761908476
1390.191761908476
1390.191761908476
1389.8342793473707
1388.7520582372304
1388.7520582372304
1387.1143648081977
1386.979296569634
1386.979296569634
1386.979296569634
1386.979296569634
1386.979296569634
1386.979296569634
1386.979296569634
1386.979296569634
1385.4505432403798
1385.4505432403798
1385.4505432403798
1385.4505432403798
1385.4505432403798
1385.4505432403798
1385.4505432403798
1382.296973221271
1382.296973221271
1378.5757525117656
1378.5757525117656
1378.5757525117656
1378.5757525117656
1378.5757525117656
1378.5757525117656
1378.5757525117656
1378.5757525117656
1378.5757525117656
17707.89663058293
6435.925095500797
6435.925095500797
5507.153293196615
5507.153293196615
3248.4521103711254
3248.4521103711254
3248.4521103711254
3248.4521103711254
3248.4521103711254
3248.4521103711254
3248.4521103711254
3248.4521103711254
3248.4521103711254
3212.1088702274433
3212.1088702274433
3212.1088702274433
3212.1088702274433
3212.1088702274433
3074.726633258811
2450.134097817625
2450.134097817625
2450.134097817625
2450.134097817625
2450.134097817625
2450.134097817625
2450.134097817625
2450.134097817625
2450.134097817625
2264.5229200129897
2264.5229200129897
2264.5229200129897
2264.5229200129897
2264.5229200129897
2264.5229200129897
2264.5229200129897
2248.514414690111
2248.514414690111
2248.514414690111
2248.514414690111
2248.514414690111
2248.514414690111
2248.514414690111
2248.514414690111
2248.514414690111
2217.6409345349703
2217.6409345349703
2175.36712072707
2154.275613777413
2099.981782779956
2099.981782779956
2099.981782779956
2019.6243400524388
2018.0858384825633
2018.0858384825633
2014.3414733942075
2014.3414733942075
2014.3414733942075
2008.626416707944
2005.9252443156636
2005.9252443156636
2005.9252443156636
1988.6683976818395
1988.6683976818395
1988.6683976818395
1949.6645504958037
1949.6645504958037
1924.572949293153
1900.6443795176
1886.3157164162646
1886.3157164162646
1886.3157164162646
1886.3157164162646
1886.3157164162646
1886.3157164162646
1867.7110481003967
1867.7110481003967
1863.0133658187028
1860.3890202749203
1836.9925878157603
1836.9925878157603
1836.9925878157603
1836.9925878157603
1836.9925878157603
1836.9925878157603
1836.9925878157603
1825.1013778982997
1823.7973764182816
1823.7973764182816
1823.7973764182816
1823.023175517464
1823.023175517464
1823.023175517464
1807.0341615571497
1807.0341615571497
1807.0341615571497
1807.0341615571497
1807.0341615571497
1807.0341615571497
1807.0341615571497
1807.0341615571497
1798.5022546839862
1798.5022546839862
1798.5022546839862
1798.5022546839862
1798.5022546839862
1798.5022546839862
1798.5022546839862
1798.5022546839862
1795.9352973557507
1793.4089256715688
1793.4089256715688
1793.4089256715688
1790.4069347962995
1790.4069347962995
1790.4069347962995
1787.3568723285916
1787.3568723285916
1787.3568723285916
1787.3568723285916
1787.3568723285916
1787.3568723285916
1787.3568723285916
1787.3568723285916
1787.3568723285916
17707.89663058293
5476.569044435126
4456.190251419312
4068.672720477042
2948.021446839403
2851.542875231549
2851.542875231549
2621.207226527571
2497.023941030041
2190.711847434628
2190.711847434628
1835.5844028916408
1600.2451999353912
1600.2451999353912
1600.2451999353912
1600.2451999353912
1537.7362453787052
1537.7362453787052
1537.7362453787052
1537.7362453787052
1537.7362453787052
1537.7362453787052
1537.7362453787052
1527.7602568231473
1527.7602568231473
1527.7602568231473
1527.7602568231473
1527.7602568231473
1527.7602568231473
1527.7602568231473
1527.7602568231473
1527.7602568231473
1442.0604422056595
1442.0604422056595
1442.0604422056595
1442.0604422056595
1442.0604422056595
1372.8577300715142
1372.8577300715142
1372.8577300715142
1371.1211982399977
1371.1211982399977
1359.9961341902317
1359.9961341902317
1350.4234380871164
1344.5552557928195
1344.5552557928195
1337.9604785819572
1329.6658127268183
1329.6658127268183
1322.2609203437569
1312.9348574381963
1310.5801405587483
1297.1388039048763
1292.5535296610642
1292.5535296610642
1281.6130356287506
1267.702101314307
1267.702101314307
1267.702101314307
1267.702101314307
1267.702101314307
1265.9422402842251
1264.138286195449
1264.138286195449
1264.138286195449
1253.62345078413
1253.62345078413
1253.62345078413
1253.62345078413
1253.62345078413
1253.62345078413
1253.62345078413
1253.62345078413
1249.1187496239227
1249.1187496239227
1249.1187496239227
1249.1187496239227
1249.1187496239227
1238.4363294119462
1238.4363294119462
1238.4363294119462
1238.4363294119462
1238.4363294119462
1238.4363294119462
1238.4363294119462
1238.4363294119462
1238.4363294119462
17707.89663058293
9915.905242196206
7242.445546738394
6700.762290692604
6240.2602620502275
4684.4591286332925
4684.4591286332925
4185.746951557392
4185.746951557392
4185.746951557392
4185.746951557392
3803.589086796239
3803.589086796239
3803.589086796239
3803.589086796239
3500.7561296843105
3500.7561296843105
3119.101995393501
3119.101995393501
3119.101995393501
3119.101995393501
2953.128653752478
2953.128653752478
2932.573181650033
2932.573181650033
2932.573181650033
2885.1039474798945
2885.1039474798945
2804.691736329157
2804.691736329157
2793.5896841267827
2788.544051687556
2788.544051687556
2679.954292384333
2602.266458736599
2544.6997222874297
2544.6997222874297
2525.8560336225255
2525.8560336225255
2517.273690730028
2477.8396919726515
2435.529690134854
2423.176989146403
2423.176989146403
2408.1164554649085
2402.5095710317028
2369.7566455626657
2369.7566455626657
2369.7566455626657
2369.7566455626657
2353.6582341442645
2323.006046419742
2323.006046419742
2286.5342739370067
2256.9418229472994
2256.9418229472994
2256.9418229472994
2256.9418229472994
2256.9418229472994
2256.9418229472994
2256.9418229472994
2245.15395963423
2245.15395963423
2245.15395963423
2245.15395963423
2245.15395963423
2227.226678371346
2227.226678371346
2227.226678371346
2227.226678371346
2227.226678371346
2193.454076275324
2192.215603160346
2192.215603160346
2192.215603160346
2192.215603160346
2192.215603160346
2192.215603160346
2192.215603160346
2192.215603160346
2192.215603160346
2168.10685170467
2168.10685170467
2168.10685170467
2168.10685170467
2148.4275619241976
2148.4275619241976
2144.5400486708713
2144.5400486708713
2144.5400486708713
2144.5400486708713
2144.5400486708713
2144.5400486708713
2144.5400486708713
2144.5400486708713
2144.5400486708713
17707.89663058293
6778.799006469994
4732.764769645801
3644.123311053192
3644.123311053192
3495.8861068527003
2662.8840955073983
2662.8840955073983
2203.1528080727385
1670.6539577982644
1670.6539577982644
1615.7030702026127
1615.7030702026127
1615.7030702026127
1615.7030702026127
1604.4768934956735
1518.7745303462134
1518.7745303462134
1449.8724253290675
1449.8724253290675
1449.8724253290675
1449.8724253290675
1449.8724253290675
1403.539347186974
1403.539347186974
1403.539347186974
1403.539347186974
1354.1608350072534
1354.1608350072534
1344.814420099032
1344.814420099032
1344.814420099032
1344.814420099032
1308.6810637368894
1296.2357008537156
1296.2357008537156
1296.2357008537156
1283.030248643053
1276.6331303217048
1276.6331303217048
1271.34774999962
1271.34774999962
1271.34774999962
1271.34774999962
1271.34774999962
1271.34774999962
1271.34774999962
1271.34774999962
1269.8573479548065
1269.8573479548065
1269.8573479548065
1269.8573479548065
1269.8573479548065
1269.8573479548065
1269.8573479548065
1269.8573479548065
1269.8573479548065
17707.89663058293
7224.498239648522
6587.20127619988
5589.684298699118
4146.712694381107
3318.473797782438
3318.473797782438
3318.473797782438
3318.473797782438
3318.473797782438
2880.3096147012784
2880.3096147012784
2880.3096147012784
2880.3096147012784
2880.3096147012784
2880.3096147012784
2526.870280512093
2526.870280512093
2526.870280512093
2526.870280512093
2526.870280512093
2526.870280512093
2205.31159757937
2205.31159757937
2205.31159757937
2205.31159757937
2205.31159757937
2205.31159757937
2093.268717374023
2093.268717374023
2093.268717374023
2093.268717374023
2093.268717374023
2093.268717374023
2025.715961851207
2017.2791222153828
2017.2791222153828
2017.2791222153828
2017.2791222153828
2017.2791222153828
1998.2854965128997
1998.2854965128997
1998.2854965128997
1958.5945870140665
1875.0283924782916
1800.3308807910344
1779.8619709825575
1779.8619709825575
1737.4337819648385
1737.4337819648385
1737.4337819648385
1737.4337819648385
1702.9522168962512
1702.9522168962512
1649.0590844530734
1649.0590844530734
1649.0590844530734
1643.0885992144786
1643.0885992144786
1643.0885992144786
1630.5785992718984
1630.5785992718984
1605.5109669390656
1605.5109669390656
1605.5109669390656
1605.4810107853
1605.4810107853
1596.2510493579196
1596.2510493579196
1596.2510493579196
1596.2510493579196
1596.2510493579196
1596.2510493579196
1592.2760792029535
1592.2760792029535
1579.4748403050025
1579.4748403050025
1568.0010075605062
1568.0010075605062
1560.8268670435255
1548.7127202901381
1548.7127202901381
1548.7127202901381
1541.0575101491115
1541.0575101491115
1535.9612585978962
1535.9612585978962
1535.9612585978962
1535.5024529334535
1535.5024529334535
1535.5024529334535
1535.5024529334535
1535.5024529334535
1533.54561115043
1533.54561115043
1533.54561115043
1533.54561115043
1533.54561115043
1533.54561115043
1533.54561115043
1533.54561115043
1531.0347418429546
1531.0347418429546
1531.0347418429546
1531.0347418429546
1531.0347418429546
1531.0347418429546
1531.0347418429546
1531.0347418429546
1531.0347418429546
17707.89663058293
7437.506587818803
6621.362313268743
4424.860263608243
3201.8724036923313
3201.8724036923313
3201.8724036923313
2994.141739231536
2994.141739231536
2994.141739231536
2994.141739231536
2994.141739231536
2994.141739231536
2994.141739231536
2994.141739231536
2613.7736618804192
2613.7736618804192
2613.7736618804192
2613.7736618804192
2613.7736618804192
2613.7736618804192
2613.7736618804192
2613.7736618804192
2241.985352647741
2241.985352647741
2241.985352647741
2182.6881683781203
2182.6881683781203
2182.6881683781203
2148.081964025195
2127.97998275152
2127.97998275152
2127.97998275152
2105.6755343407312
2105.6755343407312
2087.361638912992
2087.361638912992
2087.361638912992
1922.6539628647433
1922.6539628647433
1867.6979237595147
1867.6979237595147
1867.6979237595147
1867.6979237595147
1867.6979237595147
1835.6527716630126
1817.944329360013
1817.944329360013
1774.6178583391415
1774.6178583391415
1774.6178583391415
1774.6178583391415
1774.6178583391415
1774.6178583391415
1774.6178583391415
1774.6178583391415
1774.6178583391415
1772.680468909206
1772.680468909206
1769.989721185404
1769.989721185404
1769.989721185404
1769.989721185404
1769.5842490776286
1769.5842490776286
1769.5842490776286
1769.5842490776286
1762.1964424627013
1762.1964424627013
1762.1964424627013
1757.0953830275514
1756.4888307233336
1756.4888307233336
1730.6475312638388
1730.6475312638388
1730.6475312638388
1730.6475312638388
1730.6475312638388
1730.6475312638388
1730.6475312638388
1730.6475312638388
1730.3174876920448
1730.3174876920448
1730.3174876920448
1711.7231723974455
1711.7231723974455
1711.7231723974455
1711.7231723974455
1711.0115119746108
1711.0115119746108
1705.2392267535613
1705.2392267535613
1705.2392267535613
1705.2392267535613
1705.2392267535613
1705.2392267535613
1705.2392267535613
1705.2392267535613
1705.2392267535613
17707.89663058293
8845.560908490497
4301.11214639965
4301.11214639965
4301.11214639965
3770.640825039512
3770.640825039512
3770.640825039512
3770.640825039512
3770.640825039512
3770.640825039512
3770.640825039512
3770.640825039512
3770.640825039512
17707.89663058293
6511.085009609147
4980.090304167477
3864.472971518196
3864.472971518196
3107.633992907308
3107.633992907308
3107.633992907308
3107.633992907308
3107.633992907308
3107.633992907308
2804.183595939741
2665.572661365665
2624.477302656821
2223.6265065167845
2223.6265065167845
2197.126673235056
2197.126673235056
2197.126673235056
2077.598313308104
1920.8856314698855
1920.851000412662
1734.808074364585
1734.808074364585
1734.808074364585
1734.808074364585
1734.808074364585
1734.808074364585
1734.808074364585
1734.808074364585
1734.808074364585
17707.89663058293
11761.025694840935
6562.620039948288
4200.170547469132
3282.4716909062513
3282.4716909062513
2668.9976737232373
2668.9976737232373
2668.9976737232373
2668.9976737232373
2573.5732091048303
2532.3723570131842
2498.199475009954
1420.9858747187177
1420.9858747187177
1420.9858747187177
1420.9858747187177
1420.9858747187177
1420.9858747187177
1420.9858747187177
1420.9858747187177
1420.9858747187177
17707.89663058293
9704.105193263364
8764.356295195605
5998.488991111585
3725.342382336881
3597.968876079961
3597.968876079961
3277.030910994611
3102.5300328796993
3102.5300328796993
2945.8979605934273
2945.8979605934273
2905.153840570223
2750.8390925529984
2495.7771453909
2495.7771453909
2495.7771453909
2495.7771453909
2495.7771453909
2495.7771453909
2495.7771453909
2495.7771453909
2495.7771453909
17707.89663058293
7195.59157231177
3975.725864400142
3449.465179042558
2439.246680700824
2439.246680700824
2161.978987773454
2161.978987773454
2161.978987773454
2161.978987773454
2161.978987773454
2161.978987773454
2161.978987773454
2161.978987773454
2161.978987773454
17707.89663058293
11062.496820813676
6873.288396780793
4265.977110467464
3923.5014501880974
2874.7880191156996
2574.8641385941237
2574.8641385941237
2403.883490633636
2403.883490633636
2229.9297482174275
2022.8570845228253
1918.7959971021053
1612.051045526444
1612.051045526444
1612.051045526444
1612.051045526444
1591.7204081930988
1564.130287707395
1564.130287707395
1529.1832541216102
1529.1832541216102
1529.1832541216102
1329.036207295122
1329.036207295122
1329.036207295122
1329.036207295122
1329.036207295122
1329.036207295122
1329.036207295122
1329.036207295122
1329.036207295122
17707.89663058293
7084.764039839951
6245.581771369711
5833.5144007099225
4200.918053556123
3228.4422451335213
3228.4422451335213
3228.4422451335213
3228.4422451335213
3228.4422451335213
3228.4422451335213
3228.4422451335213
3139.8359735818162
3115.325330411359
3115.325330411359
3115.325330411359
3115.325330411359
3020.7494353267475
3020.7494353267475
3020.7494353267475
3020.7494353267475
2909.6652588435136
2909.6652588435136
2909.6652588435136
2909.6652588435136
2909.6652588435136
2909.6652588435136
2909.6652588435136
2909.6652588435136
2909.6652588435136
2904.107819324272
2904.107819324272
2904.107819324272
2904.107819324272
2904.107819324272
2904.107819324272
2904.107819324272
2904.107819324272
2904.107819324272
17707.89663058293
7883.800779633473
