12451.589942867198
8820.036063139469
6821.2563162850565
4485.740462218837
3858.1467000298117
3858.1467000298117
3808.0094259991743
3808.0094259991743
3717.214271180644
3717.214271180644
3508.55944381834
3508.55944381834
3508.55944381834
3153.500591606008
3153.500591606008
3153.500591606008
3023.7472899009
3023.7472899009
3023.7472899009
3023.7472899009
2833.4296969584484
2833.4296969584484
2579.890559488539
2579.890559488539
2579.890559488539
2579.890559488539
2579.890559488539
2553.66902915802
1968.2590595042595
1968.2590595042595
1968.2590595042595
1968.2590595042595
1782.0223249021021
1782.0223249021021
1782.0223249021021
1782.0223249021021
1695.169641867426
1695.169641867426
1695.169641867426
1695.169641867426
1695.169641867426
1695.169641867426
1695.169641867426
1695.169641867426
1695.169641867426
15304.243301124294
9580.94362805216
8342.12905051029
5505.2535282007375
4231.236746708056
4157.619597741612
2935.341560901963
2935.341560901963
2935.341560901963
2935.341560901963
2888.0520612890323
2888.0520612890323
2888.0520612890323
2888.0520612890323
2239.364997065658
2239.364997065658
2239.364997065658
2239.364997065658
2239.364997065658
2239.364997065658
2239.364997065658
2239.364997065658
2239.364997065658
15304.243301124294
12553.415610880049
7781.531179781955
6674.786567397089
4868.494804427573
4666.236816376901
3458.603169949846
3046.096550205653
3046.096550205653
3046.096550205653
3046.096550205653
3046.096550205653
3046.096550205653
2994.0460166053986
2506.1487853249773
2506.1487853249773
2506.1487853249773
2506.1487853249773
2506.1487853249773
2506.1487853249773
2506.1487853249773
2506.1487853249773
2506.1487853249773
15304.243301124294
10235.03215750707
7048.242708251586
7048.242708251586
5248.83671320941
4903.853810464233
4903.853810464233
4903.853810464233
4400.086023537238
4400.086023537238
4290.438248326035
4035.9564958988553
3632.392579169461
3632.392579169461
3632.392579169461
3632.392579169461
3632.392579169461
3632.392579169461
3173.9172208070217
3173.9172208070217
3173.9172208070217
3173.9172208070217
3173.9172208070217
3173.9172208070217
3173.9172208070217
3173.9172208070217
3173.9172208070217
15304.243301124294
11437.28088489042
8998.351873114585
7501.972571704532
6668.045577842695
5462.584420562887
5451.055286825873
5017.584016468183
5017.584016468183
5017.584016468183
4221.432642166499
4221.432642166499
4221.432642166499
4221.432642166499
4221.432642166499
4221.432642166499
4221.432642166499
4221.432642166499
4221.432642166499
15304.243301124294
11081.522068667025
8194.582662097573
6908.241418756156
5868.0268024896095
4499.995344812956
4499.995344812956
4499.995344812956
4499.995344812956
4499.995344812956
4499.995344812956
4499.995344812956
4499.995344812956
4499.995344812956
15304.243301124294
12781.653518327816
7253.871120836356
4655.059973024641
4655.059973024641
4655.059973024641
4655.059973024641
4655.059973024641
4478.370145730954
4478.370145730954
4478.370145730954
4478.370145730954
4478.370145730954
4478.370145730954
4478.370145730954
4478.370145730954
4478.370145730954
15304.243301124294
11291.841350292229
9652.85756455524
7649.746125125922
7649.746125125922
5711.467320449818
5711.467320449818
5711.467320449818
5711.467320449818
5711.467320449818
5711.467320449818
5711.467320449818
5711.467320449818
5711.467320449818
5410.444052544705
5410.444052544705
5410.444052544705
5410.444052544705
5130.756169022056
5130.756169022056
5130.756169022056
5130.756169022056
5130.756169022056
5130.756169022056
5130.756169022056
5130.756169022056
5130.756169022056
15304.243301124294
11049.860070900539
7355.425745187044
6317.43377866465
6015.770977342997
4256.594392268442
4256.497580772306
3566.615434479149
3288.940281660317
3288.940281660317
3288.940281660317
3288.940281660317
3288.940281660317
3288.940281660317
3288.940281660317
3288.940281660317
3288.940281660317
15304.243301124294
12560.376144301128
8575.476577903533
7557.158789777107
5310.8574701253765
4847.46163212287
3311.6451532386536
3311.6451532386536
3311.6451532386536
3311.6451532386536
3311.6451532386536
3311.6451532386536
3311.6451532386536
3311.6451532386536
3238.5455517268447
3238.5455517268447
3238.5455517268447
3142.5155333174134
3142.5155333174134
3142.5155333174134
3142.5155333174134
3142.5155333174134
3142.5155333174134
3142.5155333174134
3142.5155333174134
3130.6019030836305
3130.6019030836305
3130.6019030836305
3130.6019030836305
3130.6019030836305
3130.6019030836305
3130.6019030836305
3130.6019030836305
3130.6019030836305
2969.9756883928526
2969.9756883928526
2936.948687106552
2936.948687106552
2921.4357270696196
2921.4357270696196
2921.4357270696196
2846.3982965365285
2836.814784844415
2836.814784844415
2818.852557922405
2818.852557922405
2708.7501347090874
2708.7501347090874
2640.670184155295
2578.222388474126
2561.901903422096
2531.513235538365
2531.513235538365
2531.513235538365
2531.513235538365
2531.513235538365
2531.513235538365
2531.513235538365
2531.513235538365
2531.513235538365
15304.243301124294
11065.803615113131
6694.129032149807
5438.772337633404
5087.261708827595
3459.9716473459252
3459.9716473459252
3459.9716473459252
3459.9716473459252
3459.9716473459252
3459.9716473459252
3459.9716473459252
3459.9716473459252
3459.9716473459252
15304.243301124294
10765.942412009112
7955.845523791232
7953.146562538608
7953.146562538608
7953.146562538608
7292.795655204534
7292.795655204534
6424.533651741505
6169.782970830007
4976.864355146246
3271.4352039913133
3271.4352039913133
3271.4352039913133
3271.4352039913133
3271.4352039913133
3271.4352039913133
3271.4352039913133
3271.4352039913133
3271.4352039913133
15304.243301124294
10038.095101692783
7153.36113854588
6175.432030047991
6128.293476372467
6128.293476372467
5882.224967868409
5882.224967868409
5167.390993379737
5167.390993379737
5021.854203832341
5021.854203832341
4954.854938929296
4954.854938929296
4622.325531269558
3469.347530218336
3469.347530218336
3469.347530218336
3469.347530218336
3469.347530218336
3469.347530218336
3469.347530218336
3469.347530218336
3469.347530218336
15304.243301124294
10429.826998873887
5680.468798731668
5679.4789898085
5236.409039351932
5236.409039351932
5236.409039351932
5236.409039351932
5236.409039351932
5047.380087021479
5047.380087021479
5047.380087021479
5047.380087021479
4798.653034163579
4798.653034163579
4373.370021148612
4373.370021148612
4373.370021148612
4373.370021148612
3935.3354344240092
3935.3354344240092
3935.3354344240092
3935.3354344240092
3935.3354344240092
3935.3354344240092
3460.1814275149186
3267.9763637130995
3118.995046835719
3118.995046835719
3073.051723175221
2824.1439790070126
2479.728297702524
2479.728297702524
2479.728297702524
2479.728297702524
2479.728297702524
2479.728297702524
2479.728297702524
2479.728297702524
2479.728297702524
15304.243301124294
10630.670156233049
7607.085476078298
5966.160276504159
5966.160276504159
5059.735993811059
5059.735993811059
5059.735993811059
5059.735993811059
5059.735993811059
5059.735993811059
5059.735993811059
4868.107675006453
4613.684978635718
4613.684978635718
4613.684978635718
4512.545141594859
4337.720858620407
4226.214320616653
4226.214320616653
4226.214320616653
4226.214320616653
4226.214320616653
4226.214320616653
4226.214320616653
4226.214320616653
4226.214320616653
15304.243301124294
12067.362472120229
9171.056628760942
6580.172683438271
5134.6751906515865
4794.230312355356
4180.431989384735
4180.431989384735
4158.349915424274
3522.5850665865837
3522.5850665865837
3522.5850665865837
3522.5850665865837
3522.5850665865837
3492.913254462938
3492.913254462938
3492.913254462938
3409.821557355198
3409.821557355198
3409.821557355198
3409.821557355198
2953.64449607851
2953.64449607851
2953.64449607851
2953.64449607851
2953.64449607851
2953.64449607851
2953.64449607851
2953.64449607851
2953.64449607851
15304.243301124294
13207.44954596435
6896.742833927439
5042.896056053371
5042.896056053371
5042.896056053371
5042.896056053371
4589.543510669368
4589.543510669368
4589.543510669368
4589.543510669368
4589.543510669368
4589.543510669368
4589.543510669368
4589.543510669368
4589.543510669368
15304.243301124294
10341.82283257416
8388.110887858371
7866.788234933947
4769.874991606678
4769.874991606678
4769.874991606678
4769.874991606678
4769.874991606678
4769.874991606678
4769.874991606678
4319.467479170231
4319.467479170231
4156.871754461523
4156.871754461523
4156.871754461523
4156.871754461523
4088.782908077915
3941.5373368400305
3941.5373368400305
3941.5373368400305
3697.095603090953
2814.166581976744
2814.166581976744
2814.166581976744
2814.166581976744
2814.166581976744
2814.166581976744
2814.166581976744
2814.166581976744
2814.166581976744
2639.675661091949
2639.675661091949
2639.675661091949
2639.675661091949
2639.675661091949
2622.6214185771514
2622.6214185771514
2606.342306286786
2499.6789501403887
2499.6789501403887
2499.6789501403887
2492.8407722482775
2492.8407722482775
2440.9339060144216
2418.9182243754376
2400.9856092672962
2324.402972758123
2324.402972758123
2324.402972758123
2324.402972758123
2252.4628527929463
2183.545105114018
2183.545105114018
2183.545105114018
2183.545105114018
2183.545105114018
2183.545105114018
2183.545105114018
2183.545105114018
2137.288187042691
2073.8016010616284
2073.8016010616284
2067.4374244530113
2067.4374244530113
2067.4374244530113
2067.4374244530113
2067.4374244530113
1994.1750225178928
1994.1750225178928
1994.1750225178928
1994.1750225178928
1994.1750225178928
1994.1750225178928
1994.1750225178928
1994.1750225178928
1967.885071087972
1967.885071087972
1967.885071087972
1955.429844981624
1954.1456655190402
1954.1456655190402
1925.999492510023
1925.999492510023
1925.999492510023
1925.999492510023
1925.999492510023
1925.999492510023
1925.999492510023
1924.0837670059755
1924.0837670059755
1924.0837670059755
1924.0837670059755
1924.0837670059755
1911.7892444474842
1911.7892444474842
1896.8446597488596
1896.8446597488596
1894.4852131572381
1894.4852131572381
1879.8245544068463
1879.8245544068463
1879.8245544068463
1879.8245544068463
1879.8245544068463
1867.1736898473093
1867.1736898473093
1867.1736898473093
1857.6193930069935
1838.981450776888
1838.981450776888
1838.981450776888
1838.981450776888
1838.981450776888
1838.981450776888
1838.981450776888
1838.981450776888
1838.981450776888
15304.243301124294
12682.063337877124
6133.328799471427
5596.845379107409
3462.730008476557
3462.730008476557
3462.730008476557
3462.730008476557
3462.730008476557
3462.730008476557
3462.730008476557
3409.7022952269026
3409.7022952269026
3409.7022952269026
3409.7022952269026
3409.7022952269026
3409.7022952269026
3409.7022952269026
3409.7022952269026
3409.7022952269026
3260.1297635461337
3260.1297635461337
3111.4090257514886
3111.4090257514886
2908.9702333963587
2908.9702333963587
2734.5629805264066
2734.5629805264066
2734.5629805264066
2734.5629805264066
2734.5629805264066
2734.5629805264066
2734.5629805264066
2734.5629805264066
2734.5629805264066
15304.243301124294
9773.558887132307
7624.944073121486
6379.112638050594
4903.227490116674
3865.1102522926462
3865.1102522926462
3865.1102522926462
3865.1102522926462
3865.1102522926462
3865.1102522926462
3865.1102522926462
3308.096805202285
3308.096805202285
3308.096805202285
3147.0028290125542
3101.9407605084634
3101.9407605084634
3101.9407605084634
2679.7197311647237
2679.7197311647237
2679.7197311647237
2679.7197311647237
2679.7197311647237
2679.7197311647237
2679.7197311647237
2679.7197311647237
2679.7197311647237
15304.243301124294
9441.213313143515
6627.239813541603
6570.561258959184
4635.68418045289
4060.0746007511434
3723.808830657739
3379.5250797931435
2746.801760996008
2597.597915948998
2518.9409521959583
2342.604939497118
2342.604939497118
2342.604939497118
2342.604939497118
2342.604939497118
2153.2601839333784
2132.962046935754
1775.5955039120458
1775.5955039120458
1775.5955039120458
1775.5955039120458
1775.5955039120458
1775.5955039120458
1775.5955039120458
1618.1238410889866
1618.1238410889866
1618.1238410889866
1618.1238410889866
1618.1238410889866
1618.1238410889866
1618.1238410889866
1618.1238410889866
1618.1238410889866
15304.243301124294
12063.71629951921
9402.538030806953
5580.267659848475
5580.267659848475
5580.267659848475
4999.975975396318
4268.0069429152845
4268.0069429152845
4268.0069429152845
4268.0069429152845
3794.1194191367595
3794.1194191367595
3794.1194191367595
3794.1194191367595
3794.1194191367595
3794.1194191367595
3794.1194191367595
3794.1194191367595
3794.1194191367595
15304.243301124294
9167.64396029238
8158.8280956560775
5260.883201254449
4866.766784470046
4866.766784470046
4866.766784470046
4695.241346452303
4695.241346452303
4695.241346452303
4695.241346452303
4695.241346452303
4353.320084992965
4264.795302457994
4264.795302457994
4264.795302457994
3818.785203922669
3818.785203922669
3818.785203922669
3818.785203922669
3818.785203922669
3153.5928665803613
3153.5928665803613
3153.5928665803613
3153.5928665803613
3153.5928665803613
3153.5928665803613
3153.5928665803613
2902.1027817785794
2902.1027817785794
2607.566231647276
2607.566231647276
2607.566231647276
2589.4886111558717
2589.4886111558717
2589.4886111558717
2580.7641480500197
2580.7641480500197
2543.8731386452073
2543.8731386452073
2543.8731386452073
2543.8731386452073
2543.8731386452073
2543.8731386452073
2543.8731386452073
2543.8731386452073
2543.2918073643687
2543.2918073643687
2543.2918073643687
2543.2918073643687
2543.2918073643687
2543.2918073643687
2543.2918073643687
2543.2918073643687
2543.2918073643687
16360.858686175638
10755.06729739802
6757.192783575561
5664.6208308127625
4189.464891531639
3204.610713370285
3204.610713370285
3204.610713370285
2785.1495723367143
2785.1495723367143
2785.1495723367143
2785.1495723367143
2705.340611384469
2705.340611384469
2603.6474990104516
2603.6474990104516
2492.1813355222694
2492.1813355222694
2492.1813355222694
2490.097306161968
2490.097306161968
2490.097306161968
2297.958170490934
2297.958170490934
2275.7833163241544
2275.7833163241544
2275.7833163241544
2275.7833163241544
2275.7833163241544
2275.7833163241544
2275.7833163241544
2275.7833163241544
2045.2517586586996
1922.6039577423535
1879.4997557897905
1866.5267069580646
1830.068285941048
1830.068285941048
1794.3135190855828
1794.3135190855828
1794.3135190855828
1778.326129449449
1778.326129449449
1778.326129449449
1778.326129449449
1759.7476018496982
1759.7476018496982
1750.9816577825163
1750.9816577825163
1750.9816577825163
1725.8509421647582
1725.8509421647582
1725.8509421647582
1719.2632303215837
1719.2632303215837
1719.2632303215837
1689.7390955377164
1689.7390955377164
1681.1448424078383
1681.1448424078383
1671.7794511713314
1659.2833685342196
1635.446294865169
1635.446294865169
1635.446294865169
1626.4672464421988
1626.4672464421988
1626.4672464421988
1626.4672464421988
1626.4672464421988
1626.4672464421988
1626.4672464421988
1620.1260453781967
1620.1260453781967
1620.1260453781967
1620.1260453781967
1620.1260453781967
1620.1260453781967
1620.1260453781967
1620.1260453781967
1620.1260453781967
16360.858686175638
8578.795567921354
6129.8523997722505
4800.548587360438
4800.548587360438
4295.57830532064
4146.992291058534
3978.6633642782404
3675.6546017953506
2990.221176170649
2619.104517421746
2619.104517421746
2315.5148650305077
2315.5148650305077
2315.5148650305077
2315.5148650305077
2315.5148650305077
2315.5148650305077
2315.5148650305077
2315.5148650305077
2315.5148650305077
16360.858686175638
10996.72350134427
7155.315369920807
5749.616657942452
5475.243603412898
4587.031230860892
4322.821726688558
4220.630541644112
3818.627134575073
3221.5554427246993
2923.2601165274336
2923.2601165274336
2923.2601165274336
2923.2601165274336
2826.0874878552795
2702.9853029054316
2702.9853029054316
2702.9853029054316
2162.679639733582
2162.679639733582
2162.679639733582
2162.679639733582
2162.679639733582
2162.679639733582
1999.3761939667615
1999.3761939667615
1999.3761939667615
1999.3761939667615
1999.3761939667615
1999.3761939667615
1999.3761939667615
1999.3761939667615
1846.8477025496268
1846.8477025496268
1846.8477025496268
1846.8477025496268
1776.5943296546193
1732.842088311966
1732.842088311966
1732.842088311966
1732.842088311966
1703.4580922222885
1703.4580922222885
1703.4580922222885
1658.1568633463853
1658.1568633463853
1618.6152253007403
1618.6152253007403
1616.4212774917958
1616.4212774917958
1614.03179640204
1614.03179640204
1614.03179640204
1610.2936920091365
1608.4927864349645
1608.4927864349645
1608.4927864349645
1608.4927864349645
1608.4927864349645
1596.4307512631458
1596.4307512631458
1596.4307512631458
1596.4307512631458
1596.4307512631458
1596.4307512631458
1596.4307512631458
1596.4307512631458
1596.4307512631458
16360.858686175638
13333.872944710385
8041.202489267609
8041.202489267609
7127.568940630912
4952.142037755284
4755.532168916974
4755.532168916974
4755.532168916974
4755.532168916974
4755.532168916974
4755.532168916974
4755.532168916974
4755.532168916974
4755.532168916974
16360.858686175638
11318.477961666866
6300.8513514484775
5014.982782529417
4405.375543215945
4405.375543215945
4375.584134761724
3747.8970713062045
3747.8970713062045
3747.8970713062045
3747.8970713062045
3747.8970713062045
3747.8970713062045
3323.482209134861
3078.354027815509
3078.354027815509
3078.354027815509
3078.354027815509
3078.354027815509
3078.354027815509
3078.354027815509
3078.354027815509
3078.354027815509
16360.858686175638
11211.02481648431
6664.265608147474
6630.918237330126
5942.183938331307
4418.745203542272
4418.745203542272
4418.745203542272
4418.745203542272
4418.745203542272
4418.745203542272
4418.745203542272
4418.745203542272
4418.745203542272
16360.858686175638
9719.2892326011
6190.961644772711
5003.471401578142
4469.372905244869
4469.372905244869
4469.372905244869
4413.989664799203
4413.989664799203
3935.275031240332
3364.762232083754
3364.762232083754
3364.762232083754
3364.762232083754
3364.762232083754
3364.762232083754
3364.762232083754
3364.762232083754
3364.762232083754
3241.9469689962157
3241.9469689962157
3241.9469689962157
2899.02580778459
2892.1742187577447
2892.1742187577447
2867.239077293491
2867.239077293491
2781.019002370169
2781.019002370169
2781.019002370169
2781.019002370169
2781.019002370169
2781.019002370169
2733.733201598765
2632.009494522815
2530.9184587732216
2404.1229616020705
2404.1229616020705
2390.6655528682986
2390.6655528682986
2390.6655528682986
2362.5656296680045
2362.5656296680045
2286.3281377861585
2286.3281377861585
2255.6207789859563
