10357.925595450011
10357.925595450011
9073.861048778926
7239.3669112519165
7239.3669112519165
6012.218377445834
6012.218377445834
6012.218377445834
5770.021388812689
5770.021388812689
5369.108426424122
4857.0774411822385
4857.0774411822385
4857.0774411822385
4857.0774411822385
4857.0774411822385
4577.482305358233
4577.482305358233
4119.549764530497
4119.549764530497
4119.549764530497
4119.549764530497
4119.549764530497
4119.549764530497
4119.549764530497
4119.549764530497
4119.549764530497
10357.925595450011
10153.906356296811
6935.218104782046
4532.807223131264
3918.7410362054534
3918.7410362054534
3761.987278235941
3761.987278235941
3414.9821522827797
3414.9821522827797
3212.676515541947
3212.676515541947
3212.676515541947
3212.676515541947
3212.676515541947
3129.5170344972603
3129.5170344972603
3129.5170344972603
3032.5727695478886
3032.5727695478886
3032.5727695478886
3032.5727695478886
3032.5727695478886
3032.5727695478886
2778.698645518971
2778.698645518971
2778.698645518971
2776.686308661795
2776.686308661795
2776.686308661795
2776.686308661795
2776.686308661795
2532.262926429977
2532.262926429977
2532.262926429977
2532.262926429977
2532.262926429977
2532.262926429977
2532.262926429977
2532.262926429977
2532.262926429977
10357.925595450011
10357.925595450011
9864.324260127882
8158.98457413444
5323.966962768696
4334.948799498714
2955.272226876517
2955.272226876517
2955.272226876517
2955.272226876517
2955.272226876517
2955.272226876517
2955.272226876517
2955.272226876517
2955.272226876517
10357.925595450011
10186.640040514629
6982.855521228528
5222.315085686231
4385.941160872633
4280.007491826907
3336.1180609047874
3336.1180609047874
3336.1180609047874
3132.683458293123
3132.683458293123
3132.683458293123
3132.683458293123
3132.683458293123
3132.683458293123
3132.683458293123
3132.683458293123
3132.683458293123
10357.925595450011
10357.925595450011
5587.4282871054975
5587.4282871054975
3682.9922826325005
3436.0188181544054
3436.0188181544054
2960.149414240907
2960.149414240907
2960.149414240907
2960.149414240907
2960.149414240907
2960.149414240907
2960.149414240907
2960.149414240907
2960.149414240907
10357.925595450011
9655.507816952791
7365.174449688632
5670.326314637659
3901.551285474449
3098.5033213776437
2447.5872628768348
2157.5601742719377
2157.5601742719377
2157.5601742719377
2157.5601742719377
2157.5601742719377
2157.5601742719377
2157.5601742719377
1977.422360787197
1705.8521155600479
1616.9723854445456
1536.2359010613648
1454.8554159905934
1411.2332700103073
1411.2332700103073
1411.2332700103073
1402.2802624006483
1402.2802624006483
1401.862825825117
1332.6942078542302
1281.5386356162153
1281.5386356162153
1281.5386356162153
1278.7417660043848
1278.7417660043848
1278.7417660043848
1263.814855790767
1263.814855790767
1263.814855790767
1263.814855790767
1263.814855790767
1263.814855790767
1263.814855790767
1237.215799517076
1237.215799517076
1237.215799517076
1237.215799517076
1237.215799517076
1218.6803874426878
1144.1584630485943
1144.1584630485943
1144.1584630485943
1144.1584630485943
1144.1584630485943
1144.1584630485943
1144.1584630485943
1144.1584630485943
1144.1584630485943
10357.925595450011
8122.86073993717
5914.935940034895
5316.069259008461
3724.781655671567
3724.781655671567
3724.781655671567
3156.1976790645235
2915.174456381996
2915.174456381996
2915.174456381996
2915.174456381996
2915.174456381996
2915.174456381996
2915.174456381996
2915.174456381996
2915.174456381996
10357.925595450011
10357.925595450011
8465.434802291797
8065.014699178625
5806.803704096302
5225.320961183104
3305.8849499824014
3305.8849499824014
3087.4565902055897
2763.997673682435
2763.997673682435
2763.997673682435
2763.997673682435
2763.997673682435
2763.997673682435
2763.997673682435
2763.997673682435
2763.997673682435
10357.925595450011
10357.925595450011
10290.909938196286
6959.494669676476
4355.384346927547
4115.770544608487
3737.05560833971
3737.05560833971
3737.05560833971
3131.961367092763
3050.8755933162442
3050.8755933162442
3031.1633545791888
2873.126105099408
2558.4102552267295
2389.130799448744
1757.6176364628095
1757.6176364628095
1757.6176364628095
1677.593353817871
1625.0492167478253
1513.0903528539884
1513.0903528539884
1513.0903528539884
1513.0903528539884
1482.8774954677308
1482.8774954677308
1482.8774954677308
1371.5556581665085
1371.5556581665085
1336.0950649182223
1336.0950649182223
1309.478886267541
1303.6081340142332
1249.456189563411
1249.456189563411
1233.8912555775632
1198.6670875566128
1198.6670875566128
1144.7809424553582
1144.7809424553582
1125.4911846997313
1119.9022022157553
1093.8449075453668
1080.4425252809776
1080.4425252809776
1080.4425252809776
1072.9616786728625
999.2320040423008
999.2320040423008
999.2320040423008
995.9985354768982
995.9985354768982
995.9985354768982
995.9985354768982
990.4988810394531
990.4988810394531
990.4988810394531
990.4988810394531
986.6057052947999
986.6057052947999
980.5391336023305
972.9183561208079
971.7467087699138
971.7467087699138
967.9844953308102
966.7415054716716
966.7415054716716
966.7415054716716
966.7415054716716
966.7415054716716
966.7415054716716
964.2846760516484
963.9081241151669
963.4123544052889
963.2567722716251
960.1762162285536
960.1762162285536
957.4779102207916
957.4779102207916
954.0194988259975
954.0194988259975
953.4769337972277
953.4769337972277
953.4769337972277
953.373160005924
952.8049962554917
950.0992795676694
950.0992795676694
950.0992795676694
950.0992795676694
949.4023042975988
949.4023042975988
949.4023042975988
949.4023042975988
949.0678057625811
949.0678057625811
948.2759319249053
948.2759319249053
948.2759319249053
947.8572807232762
947.7433470253534
947.7433470253534
946.8598311411603
946.8598311411603
946.8598311411603
946.2367098925321
946.2367098925321
946.2367098925321
945.7187269842025
945.7187269842025
945.7187269842025
945.7187269842025
945.6489544060373
945.5800082406635
945.5800082406635
945.5800082406635
945.5800082406635
945.5800082406635
945.5800082406635
945.572939575828
945.572939575828
945.3522022123958
945.3522022123958
945.3522022123958
945.3522022123958
945.3522022123958
945.3522022123958
945.2674445456031
945.2674445456031
945.2674445456031
945.2674445456031
945.2674445456031
945.2674445456031
945.2674445456031
945.2674445456031
945.2674445456031
10357.925595450011
10357.925595450011
8214.09480266248
6109.208294809314
5245.334013729966
4868.09044036645
4868.09044036645
3874.5014497577354
3838.83001125495
3838.83001125495
3838.83001125495
3838.83001125495
3838.83001125495
3838.83001125495
3838.83001125495
3838.83001125495
3838.83001125495
10357.925595450011
10357.925595450011
6164.392775503876
6164.392775503876
6164.392775503876
6164.392775503876
6164.392775503876
6164.392775503876
6164.392775503876
6164.392775503876
6164.392775503876
10357.925595450011
7552.223981357224
6498.526720530996
4351.284452906444
4351.284452906444
4351.284452906444
4313.929093963723
3738.904448664176
3656.744159325418
3656.744159325418
3625.6244074861256
3326.051135967165
3326.051135967165
2940.9295840545656
2940.9295840545656
2940.9295840545656
2823.946365390981
2823.946365390981
2823.946365390981
2823.946365390981
2637.9028314711454
2637.9028314711454
2637.9028314711454
2637.9028314711454
2637.9028314711454
2637.9028314711454
2637.9028314711454
2637.9028314711454
2637.9028314711454
2494.081022864486
2494.081022864486
2494.081022864486
2494.081022864486
2494.081022864486
2494.081022864486
2494.081022864486
2494.081022864486
2494.081022864486
10357.925595450011
10357.925595450011
7843.005637747138
6498.6618344469225
4008.2600282120857
4008.2600282120857
3670.832159444042
2984.324726822239
2984.324726822239
2984.324726822239
2984.324726822239
2984.324726822239
2984.324726822239
2984.324726822239
2984.324726822239
2984.324726822239
10357.925595450011
10357.925595450011
8362.922640109704
5745.542160586652
4459.610286270425
4162.952611915443
3379.0095606117634
2732.5530100072033
2732.5530100072033
2732.5530100072033
2732.5530100072033
2732.5530100072033
2732.5530100072033
2732.5530100072033
2732.5530100072033
2732.5530100072033
10357.925595450011
10357.925595450011
9585.245753567006
6920.40410307136
6303.80132687665
6057.662396196534
5795.049147210184
4937.006073260849
4937.006073260849
4628.528723858775
4305.965843555812
4256.346918765657
4256.346918765657
4256.346918765657
3546.608440921974
3546.608440921974
3449.4107341399194
3449.4107341399194
3449.4107341399194
3449.4107341399194
3449.4107341399194
3449.4107341399194
3449.4107341399194
3449.4107341399194
3449.4107341399194
10357.925595450011
9759.413265926165
6920.405670018572
6225.009271632316
6225.009271632316
4288.7441435287365
4049.9672875997267
4049.9672875997267
4049.9672875997267
3947.066344103429
3711.8689247198017
3711.8689247198017
3373.186477972094
3373.186477972094
3337.196070141698
3337.196070141698
3246.145991770883
3246.145991770883
3246.145991770883
3246.145991770883
3246.145991770883
3246.145991770883
3246.145991770883
3246.145991770883
3055.8982426756074
3055.8982426756074
2637.9184088011234
2637.9184088011234
2637.9184088011234
2637.9184088011234
2637.9184088011234
2637.9184088011234
2637.9184088011234
2637.9184088011234
2637.9184088011234
2532.1897274222574
2532.1897274222574
2493.6365172268524
2493.6365172268524
2400.292228557777
2400.292228557777
2400.292228557777
2400.292228557777
2380.3663547584574
2380.3663547584574
2380.3663547584574
2380.3663547584574
2380.3663547584574
2380.3663547584574
2380.3663547584574
2289.926821732466
2289.926821732466
2214.8196121300734
2030.2405835590207
2030.2405835590207
2030.2405835590207
2030.2405835590207
2030.2405835590207
2005.6084503091497
2005.6084503091497
2005.6084503091497
1973.208456832526
1973.208456832526
1973.208456832526
1973.208456832526
1973.208456832526
1973.208456832526
1973.208456832526
1973.208456832526
1973.208456832526
10357.925595450011
10357.925595450011
9713.347540907624
8901.70963525678
6652.628918734065
6224.216299990466
3675.1959635718663
3675.1959635718663
3675.1959635718663
3675.1959635718663
3675.1959635718663
3675.1959635718663
3675.1959635718663
3675.1959635718663
3675.1959635718663
10357.925595450011
10357.925595450011
8772.421104299676
5785.673458541041
3786.1941863942907
3786.1941863942907
3786.1941863942907
3574.222697436621
3574.222697436621
3574.222697436621
3204.295769630905
3204.295769630905
3204.295769630905
3204.295769630905
3204.295769630905
2803.319691410259
2646.2943907146587
2646.2943907146587
2471.9180036564694
2471.9180036564694
2471.9180036564694
2471.9180036564694
2471.9180036564694
2471.9180036564694
2471.9180036564694
2471.9180036564694
2471.9180036564694
2256.7702739471024
2256.7702739471024
2256.7702739471024
2256.7702739471024
2256.7702739471024
2256.7702739471024
2244.5370256689303
2244.5370256689303
2244.5370256689303
2242.7965401187357
2242.7965401187357
2242.7965401187357
2175.5023286829064
2175.5023286829064
2157.5463466641695
2157.5463466641695
2126.833696635826
2126.833696635826
2126.833696635826
2073.5566579907454
2073.5566579907454
2073.5566579907454
2071.7158373170823
2071.7158373170823
2034.2101893091317
2034.2101893091317
2034.2101893091317
2034.2101893091317
2034.2101893091317
2012.25764289354
2008.54594741333
2008.54594741333
2008.54594741333
2004.9882763074565
1939.9833790590924
1939.9833790590924
1939.9833790590924
1936.5231323418473
1869.075918391422
1869.075918391422
1869.075918391422
1869.075918391422
1866.7122162910982
1864.1387908077656
1864.1387908077656
1857.6083062857729
1837.5716428586247
1837.5716428586247
1837.5716428586247
1837.5716428586247
1837.5716428586247
1818.8508656439926
1818.8508656439926
1818.8508656439926
1818.8508656439926
1818.8508656439926
1818.8508656439926
1818.8508656439926
1807.3152126322461
1807.3152126322461
1807.3152126322461
1807.3152126322461
1805.7014409462063
1803.5558720043846
1803.5558720043846
1803.5558720043846
1803.5558720043846
1803.5558720043846
1800.892575642551
1800.892575642551
1800.892575642551
1793.093982759298
1793.093982759298
1793.093982759298
1790.8112179170907
1790.8112179170907
1790.8112179170907
1790.8112179170907
1790.8112179170907
1790.8112179170907
1790.8112179170907
1790.8112179170907
1790.8112179170907
1788.1774358869275
1788.1774358869275
1788.1774358869275
1788.1774358869275
1788.1774358869275
1788.1774358869275
1780.8808758635166
1780.8808758635166
1780.8808758635166
1780.8808758635166
1780.8808758635166
1780.8808758635166
1780.8808758635166
1780.8808758635166
1779.2896129961305
1769.5761636487396
1769.5761636487396
1769.5761636487396
1769.5761636487396
1769.5761636487396
1769.5761636487396
1769.5761636487396
1769.5761636487396
1769.5761636487396
10357.925595450011
10357.925595450011
10236.110270852592
8319.719006910855
5809.812648441261
4691.322662158371
4691.322662158371
4691.322662158371
4691.322662158371
4691.322662158371
4691.322662158371
4562.469464926948
4562.469464926948
4562.469464926948
4562.469464926948
4562.469464926948
4562.469464926948
4370.431558191101
4370.431558191101
4370.431558191101
4370.431558191101
4370.431558191101
4370.431558191101
4370.431558191101
4370.431558191101
4370.431558191101
10357.925595450011
10357.925595450011
9487.393782998068
8797.823050437
7285.986318637609
5828.492591302288
5075.017429906027
5075.017429906027
5075.017429906027
5075.017429906027
5075.017429906027
5075.017429906027
5075.017429906027
5075.017429906027
5075.017429906027
4985.100354622582
4985.100354622582
4985.100354622582
3909.8595100648963
3909.8595100648963
3909.8595100648963
3909.8595100648963
3909.8595100648963
3909.8595100648963
3909.8595100648963
3909.8595100648963
3909.8595100648963
10357.925595450011
10357.925595450011
7873.015787953537
6844.489699523954
5844.942603115546
4991.13874873322
3985.5114597754036
3985.5114597754036
3985.5114597754036
3922.755011755555
3922.755011755555
3375.6205406099866
3375.6205406099866
3375.6205406099866
3375.6205406099866
3375.6205406099866
3375.6205406099866
3375.6205406099866
3375.6205406099866
3375.6205406099866
10357.925595450011
10357.925595450011
10226.123129868303
9710.334741900251
8310.610634266326
5849.8740754302235
5849.8740754302235
5440.108526385121
5245.398488698073
5245.398488698073
5245.398488698073
5245.398488698073
4644.708674435376
4644.708674435376
4644.708674435376
4644.708674435376
4644.708674435376
4644.708674435376
4644.708674435376
4644.708674435376
4644.708674435376
4414.871399127325
4414.871399127325
4414.871399127325
4414.871399127325
4414.871399127325
4414.871399127325
4414.871399127325
4414.871399127325
4414.871399127325
10357.925595450011
10357.925595450011
8581.223412275664
7642.03741365424
4652.870993159766
3941.2827771105453
3941.2827771105453
3941.2827771105453
3941.2827771105453
3491.295687690722
3491.295687690722
3288.354300254051
3288.354300254051
2525.5571067371056
2525.5571067371056
2525.5571067371056
2525.5571067371056
2525.5571067371056
2525.5571067371056
2476.981758998451
2476.981758998451
2476.981758998451
2476.981758998451
2476.981758998451
2476.981758998451
2476.981758998451
2357.3665415374094
2357.3665415374094
2357.3665415374094
2078.8083774743045
2040.6030901958256
2040.6030901958256
2040.6030901958256
2040.6030901958256
2040.6030901958256
1956.3199920374736
1956.3199920374736
1956.3199920374736
1956.3199920374736
1956.3199920374736
1956.3199920374736
1956.3199920374736
1956.3199920374736
1956.3199920374736
10357.925595450011
10357.925595450011
10357.925595450011
10258.579190559225
7756.550493314697
5585.947445940268
5308.241939106359
5308.241939106359
4977.319236042213
3977.398979598824
3132.366625995786
2723.57331603715
2603.991190577508
2603.991190577508
2603.991190577508
2603.991190577508
2603.991190577508
2603.991190577508
2603.991190577508
2429.5192608698394
2429.5192608698394
2429.5192608698394
2429.5192608698394
2429.5192608698394
2429.5192608698394
2358.889720883093
2239.2719000769257
2115.325042462784
2115.325042462784
2115.325042462784
2115.325042462784
1928.624987853191
1928.624987853191
1928.624987853191
1928.624987853191
1928.624987853191
1928.624987853191
1928.624987853191
1912.3899107140444
1912.3899107140444
1912.3899107140444
1912.3899107140444
1912.3899107140444
1912.3899107140444
1912.3899107140444
1912.3899107140444
1912.3899107140444
1908.6200301825515
1899.7538582981879
1894.6720387910057
1894.6720387910057
1890.0414128931538
1890.0414128931538
1887.2901775793648
1887.2901775793648
1887.2901775793648
1874.3345325500027
1874.3345325500027
1868.7468344504578
1868.7468344504578
1868.7468344504578
1861.4768612184412
1840.0555317256071
1797.1685760132395
1769.4236763041376
1769.4236763041376
1769.4236763041376
1747.1828570162959
1747.1828570162959
1747.1828570162959
1747.1828570162959
1745.1769527553038
1745.1769527553038
1745.1769527553038
1715.6119857320061
1715.6119857320061
1715.6119857320061
1686.738862810026
1681.9278179123999
1681.9278179123999
1681.9278179123999
1671.2049295426561
1669.59529777569
1669.59529777569
1665.4540336044222
1665.4540336044222
1665.4540336044222
1665.4540336044222
1665.4540336044222
1659.0477863823053
1659.0477863823053
1659.0477863823053
1652.6369463011072
1647.1200524331714
1647.1200524331714
1647.1200524331714
1647.1200524331714
1647.1200524331714
1647.1200524331714
1647.1200524331714
1645.1411912055692
1645.1411912055692
1644.1762741573157
1644.1762741573157
1644.1762741573157
1644.1762741573157
1644.1762741573157
1644.1762741573157
1634.982295061664
1634.982295061664
1634.3493053146194
1626.8759262271067
1626.8759262271067
1620.175928776841
1620.175928776841
1620.175928776841
1620.175928776841
1613.9084693730335
1613.9084693730335
1613.9084693730335
1608.7021083131317
1608.2704098925074
1608.2704098925074
1608.2704098925074
1608.2704098925074
1605.2213859731244
1605.2213859731244
1605.2213859731244
1605.2213859731244
1605.2213859731244
1605.2213859731244
1602.5028413075938
1601.6993509880108
1599.8552969768489
1599.8552969768489
1599.8552969768489
1599.8552969768489
1594.8391568933462
1594.8391568933462
1594.8391568933462
1587.2164779994068
1587.2164779994068
1587.2164779994068
1587.2164779994068
1587.2164779994068
1587.2164779994068
1587.2164779994068
1581.851731008287
1581.851731008287
1579.6158439559858
1576.56309447533
1576.56309447533
1576.56309447533
1576.56309447533
1576.56309447533
1574.8172079362907
1566.3661282164617
1566.3661282164617
1566.3661282164617
1566.3661282164617
1566.3661282164617
1566.3661282164617
1550.60871963834
1550.60871963834
1550.60871963834
1550.60871963834
1550.60871963834
1550.60871963834
1550.60871963834
