7798.088198239976
7511.654865615997
5420.053412766213
4072.821573837732
3358.3300369821063
3358.3300369821063
3358.3300369821063
3256.291676499747
3256.291676499747
3256.291676499747
3150.7436614382495
2718.5849698492975
2718.5849698492975
2718.5849698492975
2718.5849698492975
2718.5849698492975
2718.5849698492975
2627.202713730996
2627.202713730996
2627.202713730996
2627.202713730996
2627.202713730996
2627.202713730996
2627.202713730996
2627.202713730996
2627.202713730996
11643.477556119486
8141.809872471522
6410.886109891023
4651.45733147659
4151.523326430481
4151.523326430481
3709.399959913553
3270.051747445585
3044.907683195951
3044.907683195951
3044.907683195951
3044.907683195951
3044.907683195951
3044.907683195951
3044.907683195951
2980.5899878419323
2980.5899878419323
2980.5899878419323
2980.5899878419323
2980.5899878419323
2685.9835484288515
2685.9835484288515
2685.9835484288515
2685.9835484288515
2685.9835484288515
2685.9835484288515
2685.9835484288515
2655.797887209585
2655.797887209585
2655.797887209585
2655.797887209585
2598.1365444231465
2432.6249596265043
2432.6249596265043
2432.6249596265043
2432.6249596265043
2432.6249596265043
2432.6249596265043
2423.7868004055504
2423.7868004055504
2182.442975519103
2182.442975519103
2182.442975519103
2072.4191466614293
2072.4191466614293
2072.4191466614293
2072.4191466614293
2072.4191466614293
2072.4191466614293
2072.4191466614293
2072.4191466614293
2040.744456098231
2040.744456098231
2040.744456098231
1989.3343128190616
1989.3343128190616
1989.3343128190616
1989.3343128190616
1989.3343128190616
1989.3343128190616
1989.3343128190616
1989.3343128190616
1989.3343128190616
11643.477556119486
9084.707089575433
4243.928825450479
3620.8636310995894
2840.079921377246
2422.202169642549
2422.202169642549
2187.4791644695015
2121.4066852926826
2121.4066852926826
1745.372244303529
1745.372244303529
1745.372244303529
1745.372244303529
1745.372244303529
1745.372244303529
1745.372244303529
1705.7599906802998
1584.6719601524019
1584.6719601524019
1584.6719601524019
1584.6719601524019
1584.6719601524019
1584.6719601524019
1584.6719601524019
1552.5468540210059
1552.5468540210059
1552.5468540210059
1552.5468540210059
1552.5468540210059
1552.5468540210059
1552.5468540210059
1552.5468540210059
1552.5468540210059
1514.8491106791162
1514.8491106791162
1514.8491106791162
1488.2887583279987
1467.521305544754
1467.521305544754
1467.521305544754
1467.521305544754
1467.521305544754
1467.521305544754
1467.521305544754
1467.521305544754
1445.3742190056287
1445.3742190056287
1445.3742190056287
1444.1066829188517
1444.1066829188517
1442.601584499711
1442.601584499711
1413.864266965514
1413.864266965514
1413.864266965514
1412.2643490039022
1375.42293619355
1375.42293619355
1374.2598232430128
1374.2598232430128
1358.6479212197469
1346.4664585220876
1346.4664585220876
1342.7435914143455
1342.7435914143455
1342.7435914143455
1338.610912911427
1312.0260355934552
1291.4269716790564
1283.2474978528005
1283.2474978528005
1283.2474978528005
1266.9014948761005
1266.9014948761005
1252.8464727683029
1252.8464727683029
1244.9276272693469
1244.9276272693469
1244.9276272693469
1244.9276272693469
1239.0361102829206
1239.0361102829206
1238.6435062262522
1228.4487926632714
1228.4487926632714
1220.0579778782885
1214.1162922018498
1214.1162922018498
1209.8082956766311
1209.8082956766311
1201.272736749101
1193.4194222389
1193.4194222389
1193.4194222389
1193.4194222389
1186.8831596082077
1186.8831596082077
1186.8831596082077
1186.8831596082077
1186.8831596082077
1186.8831596082077
1186.8831596082077
1186.8831596082077
1186.8831596082077
11643.477556119486
6202.107122328075
6202.107122328075
6089.24905596052
4898.99726541698
3856.535736972406
3856.535736972406
3856.535736972406
3856.535736972406
3856.535736972406
3856.535736972406
3856.535736972406
3856.535736972406
3856.535736972406
11643.477556119486
6150.147447897833
5587.750224035946
3174.4275385668698
2666.5766030968925
2448.4236620740967
1898.5094352779
1898.5094352779
1898.5094352779
1898.5094352779
1898.5094352779
1898.5094352779
1898.5094352779
1898.5094352779
1776.1457394882807
1776.1457394882807
1776.1457394882807
1776.1457394882807
1669.2186799856293
1554.9332511034145
1494.8945348653742
1488.492650614809
1488.492650614809
1478.2242152451681
1478.2242152451681
1458.2545587352593
1444.2643588493565
1444.2643588493565
1392.6910552057698
1367.0488500814254
1367.0488500814254
1363.2101599434334
1362.9127668399826
1362.9127668399826
1357.1136470405415
1357.1136470405415
1357.1136470405415
1357.1136470405415
1352.5062116298245
1352.5062116298245
1352.5062116298245
1352.5062116298245
1352.5062116298245
1352.5062116298245
1350.2771711522646
1350.2771711522646
1350.2771711522646
1350.2771711522646
1350.2771711522646
1350.2771711522646
1350.2771711522646
1350.2771711522646
1346.0610385549212
1346.0610385549212
1345.5328177698832
1345.5328177698832
1342.0965657728566
1342.0965657728566
1342.0965657728566
1342.0965657728566
1342.0965657728566
1337.8172901877547
1334.3969496524423
1328.4388142988691
1328.4388142988691
1328.4388142988691
1328.4388142988691
1328.4388142988691
1325.2911861587238
1325.2911861587238
1325.2911861587238
1325.2911861587238
1320.8029852771901
1320.8029852771901
1314.3660512917284
1314.3660512917284
1314.3660512917284
1314.3660512917284
1314.3660512917284
1314.3660512917284
1314.3660512917284
1314.3660512917284
1314.3660512917284
11643.477556119486
10009.707823196899
5064.024478504894
4496.219618878946
3538.938420578935
2863.239980134853
2863.239980134853
2435.2660478817206
2435.2660478817206
2435.2660478817206
2435.2660478817206
2427.1851933568532
2127.355820173886
2127.355820173886
2127.355820173886
2083.8799859355204
2083.8799859355204
2083.8799859355204
2049.4291559099474
2049.4291559099474
2049.4291559099474
2047.6367734739506
2047.6367734739506
1809.1698478706917
1809.1698478706917
1809.1698478706917
1809.1698478706917
1809.1698478706917
1809.1698478706917
1809.1698478706917
1586.3545052852187
1586.3545052852187
1586.3545052852187
1586.3545052852187
1586.3545052852187
1586.3545052852187
1586.3545052852187
1510.0965832596225
1510.0965832596225
1510.0965832596225
1502.7065908320526
1502.7065908320526
1482.0486301381577
1482.0486301381577
1457.6383759030457
1413.5533293883723
1413.5533293883723
1413.5533293883723
1413.5533293883723
1413.5533293883723
1413.0761016934814
1413.0761016934814
1413.0761016934814
1385.4839775503929
1385.4839775503929
1385.4839775503929
1385.4839775503929
1385.4839775503929
1385.4839775503929
1354.836560387487
1354.836560387487
1354.836560387487
1349.3903649497074
1343.4768496544682
1328.3246882625263
1328.3246882625263
1328.3246882625263
1318.4266620144726
1303.5397431038655
1298.9394837875132
1298.9394837875132
1298.9394837875132
1298.9394837875132
1298.9394837875132
1298.9394837875132
1298.9394837875132
1298.9394837875132
1298.9394837875132
11643.477556119486
8922.819552466619
6421.576044164129
5109.232520306473
3695.596259352342
3282.0597891579732
3282.0597891579732
3282.0597891579732
3282.0597891579732
3282.0597891579732
3282.0597891579732
3282.0597891579732
3282.0597891579732
3229.304242605431
3229.304242605431
3229.304242605431
3229.304242605431
3229.304242605431
3229.304242605431
3229.304242605431
3229.304242605431
3083.410246635315
3083.410246635315
3083.410246635315
2962.7238382445867
2962.7238382445867
2962.7238382445867
2905.378113102205
2792.0720110230473
2792.0720110230473
2698.866758759835
2520.481370009077
2520.481370009077
2520.481370009077
2520.481370009077
2520.481370009077
2381.3938520718348
2268.5666591904633
2268.5666591904633
2185.1296105614997
2185.1296105614997
2185.1296105614997
2171.679522008585
2171.679522008585
2171.679522008585
2171.679522008585
2140.7251951555168
2127.3936119176583
2127.3936119176583
2127.3936119176583
2127.3936119176583
1936.2414497552606
1936.2414497552606
1936.2414497552606
1936.2414497552606
1936.2414497552606
1936.2414497552606
1936.2414497552606
1936.2414497552606
1907.4643554316567
1907.4643554316567
1907.4643554316567
1805.1718956869395
1805.1718956869395
1805.1718956869395
1730.926368103512
1730.926368103512
1730.926368103512
1728.4134152289234
1654.410016586867
1617.924035607573
1617.924035607573
1617.924035607573
1617.924035607573
1579.582610468433
1544.5336401617287
1544.5336401617287
1544.5336401617287
1544.5336401617287
1526.4092002047182
1526.4092002047182
1519.2631088124172
1491.1405527379084
1491.1405527379084
1491.1405527379084
1477.5496647469627
1477.3239066965257
1477.3239066965257
1469.5337214372494
1469.5337214372494
1469.5337214372494
1467.7337217265479
1467.7337217265479
1467.7337217265479
1467.7337217265479
1463.920686324431
1463.920686324431
1463.920686324431
1463.920686324431
1463.920686324431
1462.821463915446
1462.821463915446
1457.3598700131329
1457.3598700131329
1457.3598700131329
1456.0997255905318
1456.0997255905318
1440.2960749066542
1440.2960749066542
1440.2960749066542
1440.2960749066542
1440.2960749066542
1426.0721770764953
1426.0721770764953
1425.5145227607109
1425.5145227607109
1425.5145227607109
1425.5145227607109
1425.5145227607109
1425.5145227607109
1425.5145227607109
1425.5145227607109
1425.5145227607109
11643.477556119486
9631.187880608291
6993.884413129912
4859.219551461691
2892.133814288104
2287.0241260735256
1875.936111192559
1867.2700072413818
1867.2700072413818
1856.5515310848923
1777.5794538554605
1564.640492161549
1564.640492161549
1564.640492161549
1444.6605041414646
1444.6605041414646
1444.6605041414646
1444.6605041414646
1444.6605041414646
1444.6605041414646
1444.6605041414646
1330.395180104211
1330.395180104211
1330.395180104211
1330.395180104211
1330.395180104211
1330.395180104211
1330.395180104211
1330.395180104211
1330.395180104211
11643.477556119486
7743.026960814173
7255.097090386074
5334.730288331178
4352.877462522662
2891.1475122635666
2596.465748860476
1916.4263275340954
1882.0081368658452
1816.416497115719
1469.1356959425398
1301.1209099467183
1106.67184862837
1106.67184862837
1106.67184862837
1090.413070242738
1090.413070242738
1090.413070242738
1090.413070242738
1090.413070242738
1069.5356861110276
1069.5356861110276
1038.167922725357
1017.5350993532511
1017.5350993532511
1010.3298287867641
1010.3298287867641
1000.2710142148827
985.1513598916375
985.1513598916375
985.1513598916375
984.3865530565781
982.8921346165588
978.0800703641019
978.0800703641019
978.0800703641019
977.579143277276
977.579143277276
968.6134128332075
968.6134128332075
968.6134128332075
968.6134128332075
965.9561825761978
965.0091181399242
964.8832296138028
964.8832296138028
962.7544370728514
959.8588880506885
958.7695315499956
958.7695315499956
958.7695315499956
957.639516866863
957.639516866863
957.639516866863
957.639516866863
957.639516866863
957.639516866863
957.639516866863
957.0704181847407
956.9567719870793
956.9567719870793
956.3337357688888
956.3337357688888
956.3337357688888
956.3337357688888
956.3337357688888
956.3337357688888
955.8572410816123
955.7727019143877
955.5750188698573
955.5750188698573
955.5750188698573
955.5700303245529
955.5700303245529
955.4667026166267
954.9962607669662
954.9962607669662
954.9962607669662
953.9862131362576
953.9862131362576
953.9211150995503
953.9211150995503
953.6347888090841
953.6347888090841
953.081236222263
953.081236222263
953.081236222263
953.081236222263
953.081236222263
953.081236222263
952.8124868748151
952.8124868748151
952.4274782806173
952.4274782806173
952.4274782806173
952.4274782806173
952.4274782806173
952.4274782806173
952.4274782806173
952.4274782806173
952.4274782806173
11643.477556119486
8094.578164746134
5723.565278211877
3815.8938801132076
3815.8938801132076
3815.8938801132076
3508.7788123518817
2970.6054390063423
2970.6054390063423
2970.6054390063423
2970.6054390063423
2970.6054390063423
2970.6054390063423
2917.476152820992
2723.813369592078
2723.813369592078
2723.813369592078
2723.813369592078
2723.813369592078
2723.813369592078
2723.813369592078
2541.002900812704
2045.082124182944
2045.082124182944
2045.082124182944
2045.082124182944
2045.082124182944
2045.082124182944
2045.082124182944
2045.082124182944
2045.082124182944
11643.477556119486
10620.126117832948
6630.280097813875
4624.508839132107
3008.3036046603825
2781.7890961087505
2628.6161193473763
2628.6161193473763
2628.6161193473763
2337.056022936826
2151.1041895105504
2151.1041895105504
2144.375598871794
2144.375598871794
2144.375598871794
2144.375598871794
2144.375598871794
2144.375598871794
1899.5332768071312
1899.5332768071312
1899.5332768071312
1899.5332768071312
1899.5332768071312
1899.5332768071312
1899.5332768071312
1899.5332768071312
1899.5332768071312
11643.477556119486
9003.088998247458
4750.320110296156
4437.129496828582
4437.129496828582
4437.129496828582
4437.129496828582
4381.843304636359
3796.6011634775346
3796.6011634775346
3796.6011634775346
3796.6011634775346
3796.6011634775346
3410.534257847671
3299.629312570465
3263.903269554221
2799.103456320133
2799.103456320133
2799.103456320133
2702.622662713089
2596.94093886097
2151.8417704322774
2151.8417704322774
2151.8417704322774
2151.8417704322774
2052.1188533687136
2052.1188533687136
2052.1188533687136
1981.8986297772344
1981.8986297772344
1712.23218685741
1712.23218685741
1712.23218685741
1712.23218685741
1712.23218685741
1712.23218685741
1712.23218685741
1712.23218685741
1662.0022546918722
1662.0022546918722
1662.0022546918722
1585.0773258893894
1585.0773258893894
1574.1599993434706
1544.6187301190635
1544.6187301190635
1544.6187301190635
1544.6187301190635
1544.6187301190635
1544.6187301190635
1517.3776631735027
1517.3776631735027
1517.3776631735027
1517.3776631735027
1496.8677567803422
1496.8677567803422
1496.8677567803422
1496.8677567803422
1496.8677567803422
1493.4308318201565
1479.9494716148643
1479.9494716148643
1479.9494716148643
1479.9494716148643
1479.9494716148643
1473.0011612781161
1462.6061416641878
1458.045026628345
1458.045026628345
1458.045026628345
1454.203620281175
1454.203620281175
1454.203620281175
1454.203620281175
1442.2963897706945
1442.2963897706945
1434.7568512359744
1434.7568512359744
1434.6978620057298
1434.6978620057298
1427.2001770959553
1427.2001770959553
1417.960778184859
1417.960778184859
1411.202651492094
1411.202651492094
1411.202651492094
1411.202651492094
1411.202651492094
1411.202651492094
1409.6320296819645
1409.6320296819645
1403.0346246623515
1402.1716472090393
1382.485492532168
1382.485492532168
1373.3088938131602
1373.3088938131602
1373.3088938131602
1373.3088938131602
1369.8665644841994
1367.370031509301
1367.370031509301
1361.6265331904067
1361.6265331904067
1361.6265331904067
1361.3689471377377
1361.3689471377377
1360.996770033752
1350.8871536440402
1350.8871536440402
1350.8871536440402
1350.8871536440402
1350.8871536440402
1349.1327718041466
1349.1327718041466
1349.1327718041466
1348.4861031178152
1348.4861031178152
1348.4861031178152
1347.628403258222
1347.628403258222
1347.628403258222
1346.3905676594202
1346.3905676594202
1346.3905676594202
1346.3905676594202
1346.3905676594202
1344.7997476364922
1344.7997476364922
1344.7997476364922
1344.7997476364922
1344.7997476364922
1344.204544954694
1344.204544954694
1344.204544954694
1344.204544954694
1344.204544954694
1338.8237929484999
1338.8237929484999
1338.8237929484999
1338.8237929484999
1338.8237929484999
1338.8237929484999
1338.8237929484999
1338.8237929484999
1338.8237929484999
11643.477556119486
10025.761253952809
4859.603286632444
3829.201261453736
3829.201261453736
3529.2569427247436
3203.025092086245
3203.025092086245
3126.7319018193184
3126.7319018193184
3126.7319018193184
3126.7319018193184
3126.7319018193184
3126.7319018193184
3126.7319018193184
3126.7319018193184
2697.963258435774
2697.963258435774
2697.963258435774
2697.963258435774
2697.963258435774
2697.963258435774
2697.963258435774
2697.963258435774
2697.963258435774
11643.477556119486
7996.647946094852
4226.296379272293
3734.09629423399
3734.09629423399
3734.09629423399
3165.3879624487913
2779.9039192100117
2393.420169231623
2329.3756068796497
2329.3756068796497
2329.3756068796497
2329.3756068796497
2329.3756068796497
2329.3756068796497
2329.3756068796497
2329.3756068796497
2329.3756068796497
11643.477556119486
7761.2430448518635
4487.544759203043
4126.844321055396
3111.043707403512
3111.043707403512
2817.3024994896455
2724.597894738596
2724.597894738596
2648.4781484753357
2546.830961825754
2546.830961825754
2546.830961825754
2546.830961825754
2546.830961825754
2546.830961825754
2546.830961825754
2546.830961825754
2546.830961825754
11643.477556119486
8669.624076989887
5457.1152899331255
5189.703272475127
3669.1176982462744
3417.8435371027253
2872.3280278053226
2642.08048369674
2567.980954059103
2186.757002317137
2186.757002317137
2186.757002317137
2186.757002317137
2186.757002317137
2186.757002317137
2186.757002317137
2186.757002317137
2186.757002317137
11643.477556119486
9145.146107767176
4299.399934350762
4064.462819438693
3267.3123015379256
3267.3123015379256
3267.3123015379256
3267.3123015379256
3211.2107169046144
3211.2107169046144
3211.2107169046144
3211.2107169046144
3211.2107169046144
3211.2107169046144
3211.2107169046144
3211.2107169046144
3211.2107169046144
11643.477556119486
6836.057507744575
6710.769019685506
4278.107476686897
2301.88656797325
2233.1948212412635
2233.1948212412635
2233.1948212412635
2233.1948212412635
2233.1948212412635
2233.1948212412635
2233.1948212412635
2233.1948212412635
2233.1948212412635
11643.477556119486
5409.949556212831
5409.949556212831
5409.949556212831
4061.7729000316936
3411.030065544631
3219.810443415078
2991.2081564201185
2388.4699637739723
1883.2700907134713
1883.2700907134713
1850.6680004412005
1850.6680004412005
1772.8883233285837
1707.7484650390343
1569.768045208561
1488.2471561376633
1483.5448923811136
1445.296688380356
1318.7073636198545
1125.6215027408207
1125.6215027408207
1124.867738467351
1124.867738467351
1124.867738467351
1121.9323417865623
1121.9323417865623
1095.515898542788
1073.3285835487027
1073.3285835487027
1073.3285835487027
1073.3285835487027
1073.3285835487027
1073.3285835487027
1073.3285835487027
1073.3285835487027
1073.3285835487027
1070.4320019299641
1066.5264983896645
1066.5264983896645
1063.8222501183748
1063.8222501183748
1057.5056351004234
1054.3111724944047
1054.2436465345586
1054.2436465345586
1046.0092923597235
1046.0092923597235
1044.2492754735986
1044.2492754735986
1044.2492754735986
1031.9320866955502
1022.9778792685105
1012.4079573280472
1004.4269783895762
1004.4269783895762
1004.4269783895762
997.850932515029
997.850932515029
997.850932515029
997.0710102267595
993.5663594487472
