7746.698628584979
5643.4089504020485
3169.0052146214707
2793.0851505763717
2619.517509295387
2081.8680225490143
1947.639981597319
1870.4828665078153
1870.4828665078153
1870.4828665078153
1870.4828665078153
1798.936144521109
1769.1698528271827
1769.1698528271827
1699.7746482610264
1699.7746482610264
1699.7746482610264
1699.7746482610264
1699.7746482610264
1699.7746482610264
1699.7746482610264
1665.702234730529
1665.702234730529
1654.776082621085
1490.7599606687616
1490.7599606687616
1490.7599606687616
1490.7599606687616
1490.7599606687616
1480.8515619482794
1480.8515619482794
1480.8515619482794
1480.8515619482794
1472.152654263805
1472.152654263805
1472.152654263805
1455.9218209839355
1443.4133943903294
1395.488652801809
1395.488652801809
1395.488652801809
1395.488652801809
1395.488652801809
1395.488652801809
1395.488652801809
1395.488652801809
1395.488652801809
9246.824991135134
8069.484208814776
5829.201740465467
4036.8463198334325
2652.7154285830998
2417.0473159709736
2113.210194925965
2113.210194925965
2027.0122658084367
1661.8849145599843
1310.7348455981985
1310.7348455981985
1310.7348455981985
1245.4594029700713
1245.4594029700713
1245.4594029700713
1245.4594029700713
1245.4594029700713
1245.4594029700713
1245.4594029700713
1245.4594029700713
1245.4594029700713
9246.824991135134
5595.451084556219
3789.9539122312744
3706.6273470212773
2508.5976164133317
2217.2152444701833
2217.2152444701833
2217.2152444701833
2052.218884697309
1664.1000759631836
1664.1000759631836
1664.1000759631836
1664.1000759631836
1664.1000759631836
1664.1000759631836
1664.1000759631836
1664.1000759631836
1664.1000759631836
9246.824991135134
6181.559041629842
3681.576087953418
3675.0715373229377
2760.1185402136925
1703.5260086895714
1703.5260086895714
1703.5260086895714
1703.5260086895714
1703.5260086895714
1703.5260086895714
1703.5260086895714
1703.5260086895714
1703.5260086895714
9246.824991135134
5303.825853675788
5224.614927852422
3531.961055599214
2361.9128293007725
2361.9128293007725
2005.9235564416776
2005.9235564416776
2005.9235564416776
1897.6838927204244
1725.109875695783
1725.109875695783
1725.109875695783
1695.4642744003568
1690.5912550866913
1629.58240082073
1629.58240082073
1629.58240082073
1629.58240082073
1567.456455884516
1567.456455884516
1567.456455884516
1567.456455884516
1567.456455884516
1567.456455884516
1533.654331627727
1533.654331627727
1533.654331627727
1433.9486124516948
1433.9486124516948
1433.9486124516948
1433.9486124516948
1404.354191024052
1404.354191024052
1404.354191024052
1404.354191024052
1404.354191024052
1404.354191024052
1404.354191024052
1404.354191024052
1404.354191024052
9246.824991135134
4889.081646605169
3199.3700565090076
2543.400732804628
2316.1834681558475
2150.242122816709
2072.017277603748
2072.017277603748
2037.1802013522636
1926.3258924350416
1926.3258924350416
1810.4666074261347
1712.1053674881607
1448.0113427175243
1324.93523820214
1324.93523820214
1324.93523820214
1324.93523820214
1268.7077562088787
1156.1603724559845
1156.1603724559845
1156.1603724559845
1156.1603724559845
1156.1603724559845
1103.0406484957916
1103.0406484957916
1103.0406484957916
1103.0406484957916
1103.0406484957916
1103.0406484957916
1074.5362922368586
1074.5362922368586
1074.5362922368586
1074.5362922368586
1074.5362922368586
1074.5362922368586
1074.5362922368586
1074.5362922368586
1074.5362922368586
9246.824991135134
8864.692247922838
6115.312586319718
4097.07398718999
2927.8810255512226
2465.3938028646107
2065.2942310842936
2065.2942310842936
1649.3860839477093
1649.3860839477093
1625.4503512937888
1607.4854494106348
1607.4854494106348
1546.209280077158
1546.209280077158
1546.209280077158
1546.209280077158
1546.209280077158
1546.209280077158
1546.209280077158
1546.209280077158
1542.8005699664104
1415.0602254984249
1403.9570217904636
1403.9570217904636
1403.9570217904636
1403.9570217904636
1403.9570217904636
1403.9570217904636
1403.9570217904636
1403.9570217904636
1403.9570217904636
9246.824991135134
7601.8645571933375
3747.570631872161
2934.398244266029
2434.748495170901
2033.0593484867477
2033.0593484867477
1724.7631798830841
1686.074769074553
1473.2046082232844
1377.9807428663617
1359.5597002861507
1359.5597002861507
1359.5597002861507
1359.5597002861507
1359.5597002861507
1250.756607450745
1250.756607450745
1250.756607450745
1250.756607450745
1141.7211789903042
1141.7211789903042
1141.7211789903042
1141.7211789903042
1141.7211789903042
1141.7211789903042
1141.7211789903042
1141.7211789903042
1141.7211789903042
9246.824991135134
6604.3765355339465
3834.7702738001417
3343.560132486779
2396.756105523832
2211.6504402517144
2211.6504402517144
2211.6504402517144
1862.2196485485542
1732.2721981071518
1732.2721981071518
1732.2721981071518
1732.2721981071518
1714.362898284395
1714.362898284395
1714.362898284395
1714.362898284395
1714.362898284395
1699.2389214902068
1669.3508890491357
1669.3508890491357
1635.3348510668457
1500.440421381234
1500.440421381234
1500.440421381234
1500.440421381234
1470.69967976708
1470.69967976708
1412.4999252201528
1412.4999252201528
1412.4999252201528
1412.4999252201528
1412.4999252201528
1400.946512966894
1270.8767825845948
1270.8767825845948
1270.8767825845948
1270.8767825845948
1270.8767825845948
1270.8767825845948
1270.8767825845948
1270.8767825845948
1270.8767825845948
1265.4915612482819
1265.4915612482819
1265.4915612482819
1261.5027541939294
1247.2058255229363
1240.5882974409542
1239.403113870842
1239.403113870842
1239.403113870842
1239.403113870842
1238.0621489354821
1238.0621489354821
1233.5498674798682
1232.206705189477
1232.206705189477
1230.7115401847627
1230.7115401847627
1221.0578465945848
1199.4928302231697
1199.3946085499801
1199.3946085499801
1195.351229919669
1190.1085070734584
1190.0405773500852
1180.3538577065904
1179.0967318661365
1179.0967318661365
1177.6248051577406
1177.6248051577406
1177.6248051577406
1177.6248051577406
1177.6248051577406
1176.6493501255475
1174.8609456216968
1155.6825943020733
1155.5715473744913
1155.5715473744913
1155.5244234171116
1155.468490829213
1155.468490829213
1155.468490829213
1155.468490829213
1152.773259029597
1152.773259029597
1150.2033867584405
1150.2033867584405
1150.2033867584405
1150.2033867584405
1150.2033867584405
1150.2033867584405
1148.605998251074
1148.484881956578
1147.3649195023136
1147.3649195023136
1147.2899920500538
1147.2899920500538
1145.1657332878779
1145.1657332878779
1145.1657332878779
1145.1657332878779
1138.467655060609
1137.5793594845409
1137.5793594845409
1137.5793594845409
1133.330888087615
1133.0344838779824
1133.0344838779824
1133.0344838779824
1133.0344838779824
1133.0344838779824
1132.6581572120258
1131.8170321738273
1131.8170321738273
1131.8170321738273
1131.8170321738273
1131.8170321738273
1130.9920558968388
1130.9920558968388
1130.9920558968388
1130.9920558968388
1130.9920558968388
1130.9920558968388
1130.9920558968388
1128.6405894358231
1128.6405894358231
1128.6405894358231
1127.041690529823
1127.041690529823
1123.950305539
1123.950305539
1123.950305539
1123.950305539
1123.950305539
1122.471397408442
1122.471397408442
1122.0844946394927
1119.8981682553285
1119.8981682553285
1119.8981682553285
1118.0525717034845
1118.0525717034845
1118.0525717034845
1118.0525717034845
1117.7140155758768
1117.7140155758768
1117.5598741957679
1117.5598741957679
1117.5598741957679
1117.5598741957679
1117.5598741957679
1117.5598741957679
1117.5598741957679
1116.8909256783131
1116.8909256783131
1116.8909256783131
1116.3110864478033
1116.3110864478033
1116.3110864478033
1116.3110864478033
1116.3110864478033
1116.3110864478033
1116.3110864478033
1116.3110864478033
1116.3110864478033
9246.824991135134
8001.554166282262
6848.998824078312
3431.831482646551
2682.776724145322
2682.776724145322
2682.776724145322
2682.776724145322
2682.776724145322
2682.776724145322
2524.2192376517396
2509.3075289397934
2120.372949204717
2120.372949204717
1963.413396158147
1941.0371151051497
1941.0371151051497
1723.696999797934
1723.696999797934
1723.696999797934
1723.696999797934
1723.696999797934
1723.4578296717193
1723.4578296717193
1723.4578296717193
1664.572603258261
1664.572603258261
1577.7992326571343
1577.7992326571343
1507.7392830093168
1507.7392830093168
1507.7392830093168
1477.539394252223
1477.539394252223
1477.539394252223
1477.539394252223
1477.539394252223
1477.539394252223
1477.539394252223
1477.539394252223
1436.463186971
1436.463186971
1405.356766984543
1405.356766984543
1405.356766984543
1405.356766984543
1405.356766984543
1405.356766984543
1405.356766984543
1389.2928370902255
1389.2928370902255
1368.415016783175
1368.415016783175
1350.966477715183
1343.977148821541
1343.977148821541
1311.8099200684705
1297.5916433235454
1284.8250549111538
1284.8250549111538
1284.8250549111538
1280.9039543522695
1279.8952357825078
1279.8952357825078
1276.3089131078164
1276.3089131078164
1276.3089131078164
1271.9847083401323
1271.9847083401323
1271.9847083401323
1270.4903547938616
1270.4903547938616
1270.4903547938616
1270.4903547938616
1270.4903547938616
1270.4903547938616
1270.4903547938616
1270.4903547938616
1270.4903547938616
1266.4398100475828
1264.5710988340134
1264.5710988340134
1264.5710988340134
1260.5331669185246
1260.5025007356198
1260.5025007356198
1259.223645668421
1259.223645668421
1255.9680644757373
1255.9680644757373
1245.914666694482
1245.914666694482
1245.914666694482
1238.2630797506279
1238.2630797506279
1238.2630797506279
1237.390757955313
1237.390757955313
1237.390757955313
1237.390757955313
1234.1744215202211
1229.4741723805591
1223.128111974987
1223.128111974987
1223.128111974987
1223.128111974987
1223.128111974987
1223.128111974987
1223.128111974987
1223.128111974987
1223.128111974987
15633.813355030396
9710.862123880961
4569.421524875186
4569.421524875186
3849.780784038908
3271.568597270553
3271.568597270553
3187.003691824121
2731.150361328617
2632.844976929081
2438.2119878160106
2438.2119878160106
2367.153408961916
2367.153408961916
2367.153408961916
2367.153408961916
2251.45893405244
2117.3617899223227
2117.3617899223227
2117.3617899223227
2117.3617899223227
2117.3617899223227
2117.3617899223227
2022.965542809199
2022.965542809199
1699.985928793887
1699.985928793887
1699.985928793887
1699.985928793887
1699.985928793887
1657.4658328920104
1657.4658328920104
1657.4658328920104
1657.4658328920104
1657.4658328920104
1657.4658328920104
1657.4658328920104
1657.4658328920104
1657.4658328920104
1640.7335751788137
1640.7335751788137
1640.7335751788137
1640.7335751788137
1640.7335751788137
1563.138972073889
1563.138972073889
1563.138972073889
1563.138972073889
1563.138972073889
1563.138972073889
1475.623799381946
1475.623799381946
1475.623799381946
1475.623799381946
1475.623799381946
1464.7850555124492
1464.7850555124492
1464.7850555124492
1464.7850555124492
1464.7850555124492
1461.8454767956537
1461.8454767956537
1461.8454767956537
1459.152189279544
1446.9363254135073
1446.9363254135073
1446.9363254135073
1446.6235922582769
1446.6235922582769
1439.262733874664
1439.262733874664
1439.262733874664
1439.262733874664
1435.8986958485825
1435.8986958485825
1432.0617315254128
1432.0617315254128
1432.0617315254128
1423.7918181017722
1423.7918181017722
1423.7918181017722
1408.8195813724064
1408.8195813724064
1408.8195813724064
1404.5012107583725
1404.5012107583725
1396.1901319537633
1385.8803062213656
1385.8803062213656
1385.8803062213656
1385.8803062213656
1385.8803062213656
1382.039519531095
1382.039519531095
1373.6431834826567
1364.568958807084
1357.7786566837815
1357.7786566837815
1357.7786566837815
1357.7786566837815
1357.7786566837815
1357.7786566837815
1356.6125202771545
1356.6125202771545
1356.6125202771545
1354.7840313002869
1354.7840313002869
1354.7840313002869
1354.7840313002869
1354.7840313002869
1351.9610188059135
1351.9610188059135
1351.9610188059135
1351.9610188059135
1351.9610188059135
1348.8730121652068
1343.1745745489259
1334.5700349269478
1334.5700349269478
1329.2227988856107
1329.2227988856107
1329.2227988856107
1329.2227988856107
1329.2227988856107
1329.2227988856107
1329.2227988856107
1329.2227988856107
1329.2227988856107
15633.813355030396
8600.853224137498
7483.513772044192
4774.636011584047
3868.0247896401424
2722.173635195535
2176.2795041907443
1985.7376295107865
1647.448472142527
1606.6753652846085
1606.6753652846085
1606.6753652846085
1601.0630158079111
1462.5624479689977
1376.0376102595133
1311.6751959072926
1311.6751959072926
1218.7547534572386
1218.7547534572386
1218.7547534572386
1218.7547534572386
1170.7801016005642
1170.7801016005642
1170.7801016005642
1170.7801016005642
1170.7801016005642
1170.7801016005642
1170.7801016005642
1170.7801016005642
1170.7801016005642
15633.813355030396
8615.010851552583
4645.344544491587
4591.068630919877
4591.068630919877
4173.081891954478
3389.371428878114
3389.371428878114
3235.2041258633576
3235.2041258633576
2838.853664214354
2838.853664214354
2838.853664214354
2473.349624677905
2473.349624677905
2473.349624677905
2473.349624677905
2473.349624677905
2473.349624677905
2473.349624677905
2473.349624677905
2361.0750540115387
2361.0750540115387
2361.0750540115387
2361.0750540115387
2361.0750540115387
2361.0750540115387
2361.0750540115387
2361.0750540115387
2314.7180745913306
2172.16702322915
2136.118602005384
2136.118602005384
2135.6560763666835
2134.182758067595
2109.4305332899385
2109.4305332899385
2109.4305332899385
2109.4305332899385
2109.4305332899385
2109.4305332899385
2109.4305332899385
2072.6225777606746
2072.6225777606746
2072.6225777606746
2072.6225777606746
2012.6529786456636
1956.9877124226516
1942.291537180402
1942.291537180402
1942.291537180402
1942.291537180402
1935.5439981910226
1935.5439981910226
1933.3942961818534
1912.169176210022
1895.1994896178412
1895.1994896178412
1880.4949248637736
1866.003847358953
1850.369433776477
1850.369433776477
1840.762652148977
1840.762652148977
1833.2149254224173
1833.2149254224173
1833.2149254224173
1831.4806927028912
1820.1330827493089
1820.1330827493089
1815.992288548194
1815.992288548194
1815.992288548194
1815.992288548194
1809.2715876997695
1809.2715876997695
1800.133845603454
1800.133845603454
1800.133845603454
1788.9021099657411
1788.9021099657411
1787.9197586642688
1787.9197586642688
1787.9197586642688
1787.9197586642688
1787.9197586642688
1787.9197586642688
1776.2655742221002
1774.0825594004318
1774.0825594004318
1774.0825594004318
1774.0825594004318
1774.0825594004318
1763.6431064741516
1763.6431064741516
1759.2487128994467
1759.2487128994467
1759.2487128994467
1759.2487128994467
1759.2487128994467
1753.8145234243702
1753.8145234243702
1753.8145234243702
1753.8145234243702
1753.8145234243702
1753.8145234243702
1753.8145234243702
1753.8145234243702
1753.8145234243702
15633.813355030396
10042.757073880344
6914.033075322689
4751.86614104094
4751.86614104094
4432.435379389031
3859.1877861274857
2496.9442768003
2178.596003688494
1857.6879941370719
1473.9811450547863
1473.9811450547863
1473.9811450547863
1473.9811450547863
1473.9811450547863
1473.9811450547863
1473.9811450547863
1473.9811450547863
1473.9811450547863
15633.813355030396
9321.074111176227
6754.17444707934
5916.7389683636375
3273.6675874079974
3273.6675874079974
2989.027973173342
2989.027973173342
2989.027973173342
2989.027973173342
2989.027973173342
2772.0527899170947
2772.0527899170947
2772.0527899170947
2772.0527899170947
2772.0527899170947
2772.0527899170947
2772.0527899170947
2772.0527899170947
2657.903351171618
2657.903351171618
2657.903351171618
2657.903351171618
2657.903351171618
2617.0192043557117
2558.4526795076054
2556.8216590974043
2556.8216590974043
2556.8216590974043
2463.6340294351144
2447.709605822564
2447.709605822564
2390.7941230262986
2390.7941230262986
2390.7941230262986
2346.3837356051054
2346.3837356051054
2294.226018880528
2270.510600089038
2207.2403457856008
2186.0105947348497
2186.0105947348497
2186.0105947348497
2186.0105947348497
2186.0105947348497
2118.681091266808
2118.681091266808
2118.681091266808
2104.560507707867
2104.560507707867
2072.324147203756
2072.324147203756
2072.324147203756
2034.6103545838089
2032.8793488188062
2015.2423909746446
2015.2423909746446
1946.5727354092617
1946.5727354092617
1946.5727354092617
1923.59051980626
1923.59051980626
1918.419480489103
1906.7860995888652
1906.7860995888652
1895.9004067058704
1879.9593500816895
1879.9593500816895
1879.9593500816895
1879.9593500816895
1879.9593500816895
1874.6512299479723
1874.6512299479723
1874.6512299479723
1859.7150062993067
1856.5199026384519
1856.5199026384519
1856.5199026384519
1856.5199026384519
1856.5199026384519
1856.5199026384519
1849.1223917111174
1849.1223917111174
1849.1223917111174
1842.579764443904
1842.579764443904
1842.579764443904
1842.579764443904
1840.2221110835585
1840.2221110835585
1827.9147706528192
1827.9147706528192
1827.9147706528192
1827.9147706528192
1827.9147706528192
1827.9147706528192
1827.9147706528192
1827.9147706528192
1827.9147706528192
15633.813355030396
9362.82015148988
7193.727201404588
4616.159322305857
4616.159322305857
4616.159322305857
4616.159322305857
4616.159322305857
4616.159322305857
4616.159322305857
4616.159322305857
4616.159322305857
15633.813355030396
9032.315612829232
6597.59184023133
3989.1854056427132
3439.590672754408
2655.8907648157697
1836.1736562648898
1836.1736562648898
1836.1736562648898
1836.1736562648898
1773.5089536693158
1773.5089536693158
1773.5089536693158
1733.122706973264
1571.7094771791374
1571.7094771791374
1571.7094771791374
1571.7094771791374
1571.7094771791374
1571.7094771791374
1562.6351822953197
1562.6351822953197
1492.50720034218
1354.7364538944116
1354.7364538944116
1354.7364538944116
1354.7364538944116
1354.7364538944116
1354.7364538944116
1354.7364538944116
1354.7364538944116
1354.0172750926076
1293.8892713398754
1293.8892713398754
1293.8892713398754
1293.8892713398754
1293.8892713398754
1293.8892713398754
1293.8892713398754
1293.8892713398754
1293.8892713398754
15633.813355030396
8907.23604779087
4064.951694762265
3800.8209796474553
2214.5538277948517
2143.08540602437
2143.08540602437
1938.230894004553
1938.230894004553
1938.230894004553
1938.230894004553
1866.7906483206898
1866.7906483206898
1866.7906483206898
1866.7906483206898
1866.7906483206898
1866.7906483206898
1866.7906483206898
1866.7906483206898
1866.7906483206898
15633.813355030396
8718.338533056252
5354.66009449911
2786.5989605122177
2786.5989605122177
2786.5989605122177
2371.827024633138
2284.8991342968407
2284.8991342968407
2284.8991342968407
2128.1341368546337
2128.1341368546337
2128.1341368546337
2128.1341368546337
2094.7646323221616
2024.2238705871218
1699.361322239996
1664.599880809274
1664.599880809274
1664.599880809274
1664.599880809274
1646.310312829965
1631.0477643551726
