7403.9787741609125
7403.9787741609125
6964.604655460494
6152.353695089096
4248.502880758496
3617.1616484612446
3617.1616484612446
3272.664998708546
3272.664998708546
3272.664998708546
3272.664998708546
3272.664998708546
3272.664998708546
2926.555554323315
2780.73046022999
2780.73046022999
2780.73046022999
2780.73046022999
2780.73046022999
2780.73046022999
2780.73046022999
2780.73046022999
2780.73046022999
9470.603317727688
9128.501196775875
7336.44717652334
4508.531505538989
3860.7702570929046
3529.7378791005253
3464.0375204818074
3200.8602044851937
3075.864009747581
2912.0878805522325
2735.547673559857
2735.547673559857
2588.9185857876946
2588.9185857876946
2517.3788904497615
2179.6952142394302
1749.7468569500054
1749.7468569500054
1749.7468569500054
1749.7468569500054
1749.7468569500054
1749.7468569500054
1749.7468569500054
1749.7468569500054
1503.760876732933
1503.760876732933
1503.760876732933
1430.0859767226266
1430.0859767226266
1430.0859767226266
1430.0859767226266
1430.0859767226266
1430.0859767226266
1430.0859767226266
1430.0859767226266
1430.0859767226266
9470.603317727688
8960.303202318
5419.761034342747
4102.802653780027
2393.0105006728536
2393.0105006728536
2393.0105006728536
2084.814739901034
2084.814739901034
2084.814739901034
2084.814739901034
2084.814739901034
1915.526756332319
1915.526756332319
1915.526756332319
1915.526756332319
1915.526756332319
1911.3535054748327
1911.3535054748327
1911.3535054748327
1911.3535054748327
1911.3535054748327
1911.3535054748327
1911.3535054748327
1911.3535054748327
1911.3535054748327
1900.6731589536764
1809.9507793032221
1809.9507793032221
1809.9507793032221
1809.9507793032221
1691.831379224052
1691.831379224052
1584.693863456122
1584.693863456122
1584.693863456122
1484.2019718028926
1484.2019718028926
1484.2019718028926
1484.2019718028926
1484.2019718028926
1484.2019718028926
1484.2019718028926
1484.2019718028926
1484.2019718028926
9470.603317727688
8939.687657686265
6332.747666369865
3404.360258192036
2978.5616833788213
2664.8816814576785
2370.701113753914
2320.2700072902535
2320.2700072902535
2320.2700072902535
2320.2700072902535
2320.2700072902535
2320.2700072902535
2320.2700072902535
2320.2700072902535
2143.8528971703204
1975.7765685499432
1779.8339544174353
1702.7433931877588
1702.7433931877588
1702.7433931877588
1702.7433931877588
1702.7433931877588
1702.7433931877588
1702.7433931877588
1702.7433931877588
1702.7433931877588
9470.603317727688
8558.849637829839
5252.4121035469325
3807.977876073726
2889.3801812164393
2398.549908168381
2380.3664386620285
2278.0975839812863
2091.488091349077
2091.488091349077
2016.808664470272
1878.5919876533285
1715.586633531038
1557.4226760419008
1446.1608143021094
1446.1608143021094
1446.1608143021094
1446.1608143021094
1430.3886219592573
1430.3886219592573
1353.7367511650118
1268.8590666605578
1268.8590666605578
1268.8590666605578
1268.8590666605578
1268.8590666605578
1268.8590666605578
1268.8590666605578
1268.8590666605578
1268.8590666605578
9470.603317727688
9128.501196775875
7044.558910940729
5367.774156186536
3947.288039988655
3438.535903898218
2362.9718762393945
2353.3841943887287
2141.098411798545
1782.0486488043637
1558.2237481271886
1558.2237481271886
1558.2237481271886
1520.2733287001965
1520.2733287001965
1520.2733287001965
1520.2733287001965
1520.2733287001965
1520.2733287001965
1520.2733287001965
1519.395606203528
1478.6785575501012
1478.6785575501012
1478.6785575501012
1478.6785575501012
1334.219008113295
1334.219008113295
1334.219008113295
1334.219008113295
1334.219008113295
1301.1556565765663
1270.458987165911
1270.458987165911
1268.406037481435
1268.406037481435
1268.406037481435
1262.8049193409836
1262.8049193409836
1253.7461803877486
1209.8658023911764
1206.6519327783071
1193.3625893761223
1182.4722572206344
1169.1660545781785
1169.1660545781785
1161.8708610488266
1157.7753619824803
1157.7753619824803
1157.7379980644985
1143.7704984272027
1143.7704984272027
1143.7704984272027
1142.440012255804
1129.7579460661236
1129.7579460661236
1129.7579460661236
1129.7579460661236
1129.7579460661236
1129.7579460661236
1129.7579460661236
1128.298873550706
1120.1030264735746
1116.0152867102888
1116.0152867102888
1116.0152867102888
1116.0152867102888
1116.0152867102888
1116.0152867102888
1116.0152867102888
1116.0152867102888
1116.0152867102888
1110.9836068439977
1110.9836068439977
1110.9836068439977
1110.9836068439977
1110.9836068439977
1110.7321321685768
1107.7499458407476
1107.7499458407476
1107.7499458407476
1106.3307512976755
1106.3307512976755
1105.1531412519328
1105.1531412519328
1105.1531412519328
1103.5662841831056
1103.5662841831056
1103.5662841831056
1103.5662841831056
1103.5662841831056
1103.5662841831056
1103.5662841831056
1103.5662841831056
1103.5662841831056
9470.603317727688
9128.501196775875
7264.264798761699
5525.7557963397685
3432.4646597621363
3432.4646597621363
3432.4646597621363
3320.7864273399746
3320.7864273399746
3107.198731859161
2926.3851691139216
2926.3851691139216
2926.3851691139216
2501.7904431779293
2501.7904431779293
2501.7904431779293
2490.9643803503604
2278.6639662675666
2015.9373549723034
2015.9373549723034
2015.9373549723034
2015.9373549723034
1929.5488370501394
1929.5488370501394
1929.5488370501394
1929.5488370501394
1929.5488370501394
1887.0098319017502
1887.0098319017502
1887.0098319017502
1887.0098319017502
1887.0098319017502
1887.0098319017502
1887.0098319017502
1887.0098319017502
1887.0098319017502
9470.603317727688
9128.501196775875
7342.435763477442
4925.214130238287
4539.303717036706
4526.3963348204925
4150.694896417564
3302.655215347702
3302.655215347702
3302.655215347702
3168.0857236038783
3168.0857236038783
3168.0857236038783
3168.0857236038783
3168.0857236038783
3168.0857236038783
3108.107824089078
3108.107824089078
3108.107824089078
2813.5912645270664
2749.8512138569067
2163.927831946372
2163.927831946372
2163.927831946372
2163.927831946372
2163.927831946372
2163.927831946372
2163.927831946372
2068.0075837305594
2068.0075837305594
2068.0075837305594
2059.249789492155
2048.032574686639
2000.6690680341574
2000.6690680341574
2000.6690680341574
1982.3407245278272
1982.3407245278272
1982.3407245278272
1982.3407245278272
1982.3407245278272
1895.7872699619684
1843.7666546500946
1804.5109815738558
1784.672448020168
1646.0389887407437
1646.0389887407437
1646.0389887407437
1626.4401104341923
1619.189529379259
1619.189529379259
1614.7664588287532
1614.7664588287532
1614.7664588287532
1614.7664588287532
1592.8228026961563
1592.8228026961563
1592.8228026961563
1592.8228026961563
1590.1305904749752
1564.9792769365386
1564.9792769365386
1564.9792769365386
1564.9792769365386
1564.9792769365386
1564.9792769365386
1564.833721842755
1564.833721842755
1564.833721842755
1551.5876328036559
1551.5876328036559
1541.32874818758
1538.10625863864
1538.10625863864
1532.580624156431
1532.580624156431
1532.580624156431
1527.391602388887
1522.5203887483017
1519.007214316131
1519.007214316131
1515.782545268129
1515.782545268129
1514.5412941541024
1514.5412941541024
1512.0604355720332
1512.0604355720332
1512.0604355720332
1494.1463848131914
1494.1463848131914
1494.1463848131914
1494.1463848131914
1494.1463848131914
1494.1463848131914
1494.1463848131914
1492.1985587181005
1485.7954739698998
1485.7954739698998
1485.7954739698998
1481.8839105791799
1474.3561116996582
1474.3561116996582
1471.6770311257535
1471.6770311257535
1471.6770311257535
1471.6770311257535
1471.6770311257535
1471.6770311257535
1471.6770311257535
1471.6770311257535
1471.6770311257535
9470.603317727688
9128.501196775875
6987.334942895853
5272.923146801866
4773.768041074194
4035.458588928706
4035.458588928706
3617.6574384089163
2931.2877669384416
2718.425139296135
2718.425139296135
2718.425139296135
2718.425139296135
2638.1874469022646
2638.1874469022646
2638.1874469022646
2318.724543431826
2318.724543431826
2170.2732100341027
2170.2732100341027
2170.2732100341027
2170.2732100341027
2170.2732100341027
2035.3124582020055
2035.3124582020055
2035.3124582020055
2013.9070389075
2013.9070389075
1798.996544540289
1772.0224903535636
1728.9202402312476
1728.9202402312476
1728.9202402312476
1728.9202402312476
1659.3082536037505
1659.3082536037505
1653.6675778411272
1653.6675778411272
1649.034638489663
1649.034638489663
1649.034638489663
1567.9193233876092
1549.7558023862366
1549.7558023862366
1547.879708999108
1547.879708999108
1494.9990008373297
1494.9990008373297
1490.7613307418692
1484.7635645030164
1484.7635645030164
1474.8572870173796
1474.8572870173796
1471.78036690399
1462.7842507972896
1462.7842507972896
1462.7842507972896
1462.7842507972896
1441.7027067878753
1441.7027067878753
1433.056134492202
1433.056134492202
1433.056134492202
1433.056134492202
1433.056134492202
1428.6686914059194
1428.3484853230636
1428.3330100915448
1427.7999314913782
1427.7999314913782
1427.7999314913782
1427.7999314913782
1425.2269980591873
1425.2269980591873
1425.2269980591873
1416.7298794909811
1416.7298794909811
1414.4809276674837
1414.4809276674837
1414.4809276674837
1414.4809276674837
1414.4809276674837
1412.8557345310512
1412.8557345310512
1412.8557345310512
1412.8557345310512
1411.2217820671262
1411.2217820671262
1411.2217820671262
1411.2217820671262
1411.2217820671262
1411.2217820671262
1411.2217820671262
1411.2217820671262
1411.2217820671262
9470.603317727688
9128.501196775875
5236.826308605311
5007.633628327703
5007.633628327703
5007.633628327703
4874.298625271078
4430.495769566538
4081.6944250889146
3245.643095416076
2640.827455909983
2640.827455909983
2640.827455909983
2640.827455909983
2640.827455909983
2640.827455909983
2640.827455909983
2640.827455909983
2640.827455909983
9470.603317727688
7204.50600828767
5093.661302180347
4547.847330858132
3467.3508810027206
2631.9847332920112
2227.5829844816253
2129.008640964382
1828.1961157205956
1828.1961157205956
1765.322948819403
1765.322948819403
1765.322948819403
1765.322948819403
1762.3454886070776
1714.5661349620548
1536.3276660230736
1452.6413481232285
1405.3225564328473
1405.3225564328473
1405.3225564328473
1405.3225564328473
1340.7130929408581
1191.0492030598225
1191.0492030598225
1191.0492030598225
1191.0492030598225
1191.0492030598225
1191.0492030598225
1191.0492030598225
1191.0492030598225
1191.0492030598225
9470.603317727688
9128.501196775875
8037.979111513311
4900.431938780878
4242.420446769341
2772.659970637448
2772.659970637448
2772.659970637448
2772.659970637448
2772.659970637448
2772.659970637448
2772.659970637448
2772.659970637448
2772.659970637448
9470.603317727688
8840.19128923396
5948.177531469521
5948.177531469521
4841.638501809018
4841.638501809018
4841.638501809018
4567.797594279598
4567.797594279598
4567.797594279598
4567.797594279598
4567.797594279598
4567.797594279598
4567.797594279598
4567.797594279598
4567.797594279598
9470.603317727688
9128.501196775875
5757.263356566406
3973.2156781775902
3535.0785496437375
3271.9854264243772
3198.4398084296226
3198.4398084296226
3198.4398084296226
3198.4398084296226
3198.4398084296226
3198.4398084296226
3030.720511187675
2524.453970201581
2203.4411362507917
2203.4411362507917
2203.4411362507917
1972.1293480424429
1910.7657352335905
1910.7657352335905
1733.439147488338
1733.439147488338
1717.224545457042
1708.3251295064097
1505.4418530377502
1326.810843019306
1326.810843019306
1216.0930593546016
1216.0930593546016
1196.5375935240284
1196.5375935240284
1196.5375935240284
1181.0321616610206
1137.2626467475006
1137.2626467475006
1104.555334177002
1073.1903494082317
1073.1903494082317
1073.1903494082317
1072.1407807640574
1067.916565769009
1028.8224869987132
1028.8224869987132
1028.8224869987132
1028.8224869987132
1028.8224869987132
1022.9510556472959
1016.3203348111574
1002.3198502962623
1002.3198502962623
1002.3198502962623
998.1853933424225
998.1853933424225
998.1853933424225
998.1853933424225
998.1853933424225
998.1853933424225
998.1853933424225
998.1853933424225
994.8546257222749
989.4572168291767
989.4572168291767
989.4572168291767
988.2460635828668
988.2460635828668
988.2460635828668
983.8348625686292
983.8348625686292
982.23851710327
974.2394465988535
971.2578302290501
970.1935942735532
970.1935942735532
970.1935942735532
968.9764531620946
964.0526597804277
963.4902018728051
963.4902018728051
963.4902018728051
963.4902018728051
962.4650985756426
961.4868286583467
961.4868286583467
961.4868286583467
960.7208295499527
960.7208295499527
959.6433126692899
959.6433126692899
959.6433126692899
959.0052661630714
958.0024446835695
956.6591229849136
955.3003984596974
955.3003984596974
955.3003984596974
955.3003984596974
955.1331491720102
955.1331491720102
955.0214064949214
955.0214064949214
955.0214064949214
954.8200951206807
954.8200951206807
954.8200951206807
954.8200951206807
954.8200951206807
954.8200951206807
954.7989728019594
954.7989728019594
954.2233535054639
954.1672466959125
954.1672466959125
954.1672466959125
954.1672466959125
953.552029996412
953.552029996412
953.552029996412
953.552029996412
953.552029996412
953.552029996412
953.552029996412
953.4865959924722
953.4865959924722
953.4865959924722
953.4865959924722
953.4865959924722
953.4865959924722
953.2469119913009
953.2469119913009
953.2469119913009
953.2469119913009
953.2469119913009
953.2469119913009
953.2469119913009
953.2469119913009
953.2469119913009
953.1063234138925
953.1063234138925
953.1063234138925
953.1063234138925
953.1063234138925
953.1063234138925
953.1063234138925
953.1063234138925
953.1063234138925
9470.603317727688
8369.217747795992
6669.459126019714
3885.1994295743525
3879.8656740618376
3879.8656740618376
3879.8656740618376
3598.666782097644
2744.032007009002
2264.182501412307
2264.182501412307
2264.182501412307
2264.182501412307
2264.182501412307
2264.182501412307
2197.68956692182
2197.68956692182
2197.68956692182
2197.68956692182
2197.68956692182
2197.68956692182
2197.68956692182
2197.68956692182
2197.68956692182
9470.603317727688
9128.501196775875
7935.723819998385
6357.104519598238
4567.205047646267
4567.205047646267
3946.368388121038
3550.5390248611193
3135.380968263179
3135.380968263179
3135.380968263179
3135.380968263179
3135.380968263179
3135.380968263179
3094.4324356617
3094.4324356617
3094.4324356617
3094.4324356617
3094.4324356617
3094.4324356617
3094.4324356617
3094.4324356617
3094.4324356617
13111.618398948298
8215.02433089115
4428.324963039003
4428.324963039003
4428.324963039003
4057.4459551619484
4057.4459551619484
4057.4459551619484
4057.4459551619484
4057.4459551619484
4040.163238808443
3948.8366215660617
3948.8366215660617
3791.12490273227
3791.12490273227
3791.12490273227
3791.12490273227
3791.12490273227
3791.12490273227
3791.12490273227
3791.12490273227
3791.12490273227
3528.169529439889
3528.169529439889
3528.169529439889
3528.169529439889
3528.169529439889
3528.169529439889
3528.169529439889
3528.169529439889
3528.169529439889
13111.618398948298
9198.891239722423
6581.575393779901
5605.581149368285
4225.4483080707305
3586.0003969527215
3548.1008030899816
2862.435321690613
2609.4624422198312
1905.9792074938725
1905.9792074938725
1905.9792074938725
1905.9792074938725
1905.9792074938725
1905.9792074938725
1905.9792074938725
1905.9792074938725
1905.9792074938725
13111.618398948298
7998.692226162964
6757.720014955889
4860.9904064030925
3666.6596295661698
3618.7728474635182
3618.7728474635182
2716.95377145126
2569.8241109953306
2245.9126191874802
2245.9126191874802
2245.9126191874802
2245.9126191874802
2175.2446441714105
2137.5099886162134
2137.5099886162134
2053.5757824009543
2053.5757824009543
2053.5757824009543
1715.301784239196
1715.301784239196
1715.301784239196
1715.301784239196
1715.301784239196
1715.301784239196
1715.301784239196
1647.9382452282018
1647.9382452282018
1647.9382452282018
1592.4754780267162
1592.4754780267162
1589.1340710107465
1589.1340710107465
1567.946177295082
1567.946177295082
1563.3488262680266
1539.9895628553004
1537.5624828027971
1537.5624828027971
1518.3681118022773
1473.286001111602
1457.9767463141309
1454.6838716188222
1437.4073362556053
1413.200158783688
1366.0564720220002
1366.0564720220002
1366.0564720220002
1366.0564720220002
1366.0564720220002
1364.23087585776
1343.8504256022206
1343.8504256022206
1335.6955502891688
1329.69441897912
1329.69441897912
1329.69441897912
1327.9151640492223
1327.9151640492223
1327.9151640492223
1327.9151640492223
1327.0481922235053
1317.2459317324951
1317.2459317324951
1317.2459317324951
1313.6894493141103
1313.6894493141103
1311.5896582913938
1311.5896582913938
1309.496319631965
1309.496319631965
1302.768317450716
1302.768317450716
1302.768317450716
1302.768317450716
1302.768317450716
1302.768317450716
1302.768317450716
1302.768317450716
1302.0478820269877
1302.0478820269877
1302.0478820269877
1301.866708013587
1298.4800303930147
1298.4800303930147
1298.4800303930147
1298.043627502896
1298.043627502896
1296.8445648678085
1296.8445648678085
1296.8445648678085
1294.1001469904218
1293.9431743595853
1293.9431743595853
1292.4463244458616
1292.4463244458616
1292.4463244458616
1292.4463244458616
1292.4463244458616
1292.4463244458616
1292.4463244458616
1288.2510931184092
1288.2510931184092
1288.2510931184092
1288.2510931184092
1286.5575691393872
1286.5575691393872
1286.5575691393872
1286.5575691393872
1285.7907763715543
1285.7907763715543
1285.7907763715543
1285.7907763715543
1285.7907763715543
1285.7907763715543
1285.7907763715543
1285.7907763715543
1285.7907763715543
13111.618398948298
12164.374375314594
8973.960169177852
3967.9176523309234
3808.956192930233
3537.355384575115
3537.355384575115
3185.177440138261
2871.2574436063533
2871.2574436063533
2871.2574436063533
2871.2574436063533
2677.851059346944
2654.035285086906
2528.4756246783727
2164.1790492905557
1890.4041942311642
1890.4041942311642
1890.4041942311642
1890.4041942311642
1890.4041942311642
1890.4041942311642
1890.4041942311642
1890.4041942311642
1890.4041942311642
13111.618398948298
12039.553415720047
5686.142808337091
4244.84395536927
4244.84395536927
4244.84395536927
4244.84395536927
4150.272961685036
4150.272961685036
4150.272961685036
4150.272961685036
4150.272961685036
4150.272961685036
4150.272961685036
4150.272961685036
4150.272961685036
13111.618398948298
8718.385590407077
7019.964583654613
5227.687175295904
3406.155448226409
3406.155448226409
3406.155448226409
2971.5791778423636
2971.5791778423636
2971.5791778423636
2962.401086232362
2962.401086232362
2962.401086232362
2947.635978564769
2947.635978564769
2947.635978564769
2889.646762862662
2727.6931572583626
2679.067071089312
2631.7446522503433
2585.42473316617
2553.283186566017
2399.708349551708
