11830.519007595269
7630.295192002642
5422.873522727114
3733.7656226554086
3733.7656226554086
3686.4868148132728
2772.792125903755
2397.0060798461473
2247.265128859497
2247.265128859497
2247.265128859497
2247.265128859497
2241.14864740186
2241.14864740186
2003.052316527734
1946.6832985006752
1946.6832985006752
1946.6832985006752
1946.6832985006752
1946.6832985006752
1946.6832985006752
1946.6832985006752
1946.6832985006752
1946.6832985006752
17592.682178438936
11734.213839593902
8711.44501171925
7013.004605181307
5928.816118685548
4666.859238982359
4409.248028161465
3908.171507532524
3908.171507532524
3729.974470160795
3729.974470160795
3729.974470160795
3450.587251515259
3450.587251515259
3450.587251515259
3450.587251515259
3450.587251515259
3450.587251515259
3450.587251515259
3450.587251515259
3131.5334951163063
3131.5334951163063
3131.5334951163063
3131.5334951163063
3131.5334951163063
3029.265937405669
3029.265937405669
2936.77119817781
2936.77119817781
2936.77119817781
2936.77119817781
2911.5437684940443
2911.5437684940443
2911.5437684940443
2642.8934508298635
2486.516446798534
2471.7948060817876
2471.7948060817876
2471.7948060817876
2455.5536891352363
2455.5536891352363
2455.5536891352363
2455.5536891352363
2455.5536891352363
2455.5536891352363
2443.7087338846186
2409.7109916120507
2409.7109916120507
2359.0579676919083
2359.0579676919083
2359.0579676919083
2303.5895850173165
2303.5895850173165
2193.697314319422
2188.7662972536664
2188.7662972536664
2188.7662972536664
2178.671551169243
2178.671551169243
2177.7948543058037
2177.7948543058037
2177.7948543058037
2121.8589687608337
2121.8589687608337
2121.8589687608337
2121.8589687608337
2121.8589687608337
2121.8589687608337
2113.1081464209337
2113.1081464209337
2113.1081464209337
2113.1081464209337
2113.1081464209337
2113.1081464209337
2113.1081464209337
2083.300833165643
2083.300833165643
2083.300833165643
2083.300833165643
2083.300833165643
2083.300833165643
2083.300833165643
2083.300833165643
2083.300833165643
17592.682178438936
10440.675322261979
7882.36975991439
5273.514928955912
4131.719028040481
3068.988403312625
3042.9627145476475
2548.0493945392163
2548.0493945392163
2548.0493945392163
2548.0493945392163
2548.0493945392163
2548.0493945392163
2417.9791834065477
2417.9791834065477
2417.9791834065477
2417.9791834065477
2417.9791834065477
2417.9791834065477
2417.9791834065477
2417.9791834065477
2302.518247486502
2302.518247486502
2256.404584798619
2140.030689312106
2112.9608084470688
2112.9608084470688
2112.9608084470688
2101.7788855694926
2101.7788855694926
2101.7788855694926
2101.7788855694926
2101.7788855694926
2101.7788855694926
2017.2727543036283
1964.3483235739166
1960.1082215770637
1960.1082215770637
1960.1082215770637
1935.281733559622
1897.1210217635876
1897.1210217635876
1896.6768320653125
1896.6768320653125
1896.6768320653125
1876.3016719751754
1856.4214403874116
1856.4214403874116
1804.0773419228935
1766.3017307873579
1738.9061096141952
1738.9061096141952
1738.9061096141952
1738.9061096141952
1738.9061096141952
1715.9483256952271
1715.9483256952271
1692.9239893166246
1676.838724971644
1654.080254333866
1654.080254333866
1614.8459336075884
1614.8459336075884
1614.3990084847794
1594.1122384763005
1594.1122384763005
1578.6848519273494
1578.6848519273494
1561.7373990335404
1559.204885979344
1559.204885979344
1559.204885979344
1559.204885979344
1559.204885979344
1559.204885979344
1559.204885979344
1559.204885979344
1557.2796998941647
1548.1868525447055
1548.1868525447055
1546.8608779115834
1546.3551111636662
1546.3551111636662
1546.0297725433832
1539.5506961154802
1539.5506961154802
1539.5506961154802
1539.5506961154802
1539.5506961154802
1539.5506961154802
1539.5506961154802
1539.5506961154802
1531.1321555132106
1531.1321555132106
1531.1321555132106
1527.3313396038607
1527.3313396038607
1527.3313396038607
1527.3313396038607
1520.2735619141204
1520.2735619141204
1520.2735619141204
1520.2735619141204
1520.2735619141204
1520.2735619141204
1520.2735619141204
1513.0614432324148
1513.0614432324148
1509.6648356816154
1509.6648356816154
1509.6648356816154
1509.6648356816154
1509.6648356816154
1509.6648356816154
1508.5213552273103
1507.179214094573
1507.179214094573
1507.179214094573
1507.179214094573
1507.179214094573
1507.179214094573
1507.179214094573
1507.179214094573
1507.179214094573
1499.6662333410366
1499.6662333410366
1499.6662333410366
1499.6662333410366
1498.11884487393
1498.11884487393
1495.191907005
1495.191907005
1495.191907005
1495.191907005
1495.191907005
1495.191907005
1495.191907005
1495.191907005
1495.191907005
1494.0701906304162
1494.0701906304162
1494.0701906304162
1494.0701906304162
1494.0701906304162
1494.0701906304162
1494.0701906304162
1494.0701906304162
1493.748303117277
1493.748303117277
1493.748303117277
1493.748303117277
1493.2923529564523
1493.2923529564523
1493.2923529564523
1493.2923529564523
1493.2923529564523
1493.2923529564523
1493.2923529564523
1493.2923529564523
1493.2923529564523
17592.682178438936
8727.877617353399
7675.93641615942
6922.396173814041
5365.252826375406
5365.252826375406
5365.252826375406
5365.252826375406
5147.019850918201
5147.019850918201
5147.019850918201
4847.64041433141
4847.64041433141
4847.64041433141
4847.64041433141
3772.9475522978173
3772.9475522978173
3422.5735502650737
2719.4831073054
2538.522765424873
2538.522765424873
2538.522765424873
2538.522765424873
2538.522765424873
2538.522765424873
2434.717095642374
2434.717095642374
2362.096210632935
2294.268571445011
2294.268571445011
2294.268571445011
2294.268571445011
2294.268571445011
2294.268571445011
2294.268571445011
2294.268571445011
2294.268571445011
17592.682178438936
9424.9519045984
6339.0935872418395
6235.02198166178
6107.430563571917
5391.505820077987
4318.740492227882
3804.6490663775103
3804.6490663775103
3372.5337707175254
2871.6871025576884
2871.6871025576884
2871.6871025576884
2871.6871025576884
2871.6871025576884
2871.6871025576884
2871.6871025576884
2871.6871025576884
2871.6871025576884
17592.682178438936
9935.57006949609
7443.9596519618335
5817.24883121809
4506.5870299223525
4345.277853368809
3501.4542456983454
3489.5777048161103
3489.5777048161103
3454.1456117999164
3454.1456117999164
3454.1456117999164
2949.1008492272495
2949.1008492272495
2767.61813099216
2767.61813099216
2529.6407945719784
2529.6407945719784
2529.6407945719784
2529.6407945719784
2529.6407945719784
2529.6407945719784
2529.6407945719784
2529.6407945719784
2529.6407945719784
17592.682178438936
12793.411480432766
7514.419923261659
7190.273233266201
4096.460464879494
3816.30632194273
3816.30632194273
2935.0003705640856
2935.0003705640856
2935.0003705640856
2935.0003705640856
2935.0003705640856
2935.0003705640856
2935.0003705640856
2935.0003705640856
2935.0003705640856
17592.682178438936
13350.93941062316
8105.604159409033
6628.507172739769
4136.131955597408
4136.131955597408
3681.000711945427
3681.000711945427
3143.6327400989026
3143.6327400989026
3143.6327400989026
3143.6327400989026
3143.6327400989026
3143.6327400989026
3143.6327400989026
3143.6327400989026
3143.6327400989026
17592.682178438936
12014.137371399334
9029.149590060575
6306.832353316188
3979.3766367192056
2649.589821605531
2570.460368261779
2086.1734379130703
2086.1734379130703
1853.6070863874206
1797.1357603637464
1797.1357603637464
1797.1357603637464
1797.1357603637464
1797.1357603637464
1797.1357603637464
1797.1357603637464
1797.1357603637464
1752.0516868365426
1752.0516868365426
1752.0516868365426
1752.0516868365426
1752.0516868365426
1752.0516868365426
1752.0516868365426
1752.0516868365426
1752.0516868365426
17592.682178438936
10861.833331924714
9394.474407977576
6192.461341981482
3726.2928224858424
3726.2928224858424
3726.2928224858424
3726.2928224858424
3726.2928224858424
3726.2928224858424
3726.2928224858424
3726.2928224858424
3726.2928224858424
17592.682178438936
12397.98976542862
7124.1213205447375
4633.372550359751
3760.9350639335776
3685.903016736642
3685.903016736642
3685.903016736642
3685.903016736642
3370.872794406352
3370.872794406352
3370.872794406352
3370.872794406352
3370.872794406352
3370.872794406352
3370.872794406352
3370.872794406352
3370.872794406352
17592.682178438936
11855.750591151447
6070.97749679324
5036.461550692113
5036.461550692113
3228.6145069309723
3228.6145069309723
3161.974328698607
2856.8260038496664
2326.6752336143145
2326.6752336143145
2326.6752336143145
2326.6752336143145
2326.6752336143145
2326.6752336143145
2304.2719122360704
1895.170739735998
1895.170739735998
1895.170739735998
1895.170739735998
1895.170739735998
1895.170739735998
1895.170739735998
1895.170739735998
1895.170739735998
17592.682178438936
11422.045160943067
7990.065822300239
5378.059539477629
5378.059539477629
5378.059539477629
4778.449536031265
4570.157858727482
4070.082954018345
3692.8225471440815
2872.305857837645
2872.305857837645
2791.6034301987543
2571.162243716981
2397.2746621949427
2170.135756860414
1949.0372105180845
1690.397299930849
1560.728036368104
1560.728036368104
1560.728036368104
1560.728036368104
1560.728036368104
1560.728036368104
1542.878570383019
1542.878570383019
1542.878570383019
1542.878570383019
1542.878570383019
1541.805064037228
1541.805064037228
1541.805064037228
1541.805064037228
1299.9485473643072
1299.9485473643072
1299.9485473643072
1299.9485473643072
1299.9485473643072
1299.9485473643072
1296.9488778612447
1296.9488778612447
1296.9488778612447
1296.9488778612447
1296.9488778612447
1294.3814044946262
1294.3814044946262
1294.3814044946262
1294.3814044946262
1294.3814044946262
1293.375424165873
1293.375424165873
1284.3458733185807
1280.8112205025286
1268.1736364097455
1268.1736364097455
1268.1736364097455
1268.1736364097455
1262.1934368133375
1252.9800577905628
1245.895087423762
1245.7762225236802
1245.7762225236802
1245.7762225236802
1244.1529736126095
1244.1529736126095
1234.580342711186
1233.8661665558332
1233.8661665558332
1225.674248605243
1225.674248605243
1217.1543107615341
1217.1543107615341
1217.1543107615341
1212.1752325643215
1201.5389616999605
1197.2359753086992
1197.2359753086992
1193.6056523262573
1193.6056523262573
1191.3499229026693
1191.3499229026693
1191.3499229026693
1191.3499229026693
1191.3499229026693
1191.3499229026693
1191.3499229026693
1191.3499229026693
1188.938137669728
1188.938137669728
1188.938137669728
1188.938137669728
1188.938137669728
1188.938137669728
1187.645568741646
1187.645568741646
1187.645568741646
1187.645568741646
1187.645568741646
1187.645568741646
1187.645568741646
1187.645568741646
1187.645568741646
1187.0169210856818
1187.0169210856818
1187.0169210856818
1187.0169210856818
1186.8965063548108
1186.0279046830472
1186.0279046830472
1186.0279046830472
1186.0279046830472
1186.0279046830472
1186.0279046830472
1186.0279046830472
1185.5554789910723
1185.5554789910723
1185.0441703303543
1185.0441703303543
1185.0441703303543
1185.0441703303543
1185.0441703303543
1185.0441703303543
1185.0441703303543
1185.0441703303543
1185.0441703303543
1184.6907889830513
1184.6907889830513
1184.6907889830513
1184.6907889830513
1184.6907889830513
1184.6907889830513
1184.6907889830513
1184.6907889830513
1184.6907889830513
17592.682178438936
12022.907113533338
9096.033272271496
5758.141782876424
5289.37149312682
4470.897047999042
3861.53390868848
3861.53390868848
3645.3119397591263
3541.568651762284
3541.568651762284
3541.568651762284
3533.5652957457028
3154.496189367462
2775.6174070542334
2775.6174070542334
2775.6174070542334
2775.6174070542334
2775.6174070542334
2775.6174070542334
2775.6174070542334
2775.6174070542334
2775.6174070542334
17592.682178438936
12191.305794174346
8045.927629354222
6681.5308546871265
6072.583408388136
5316.435386966071
3918.3954720112465
3918.3954720112465
3918.3954720112465
3918.3954720112465
3918.3954720112465
3762.4740416631967
3547.8243992854646
3268.3386094620123
3142.3313246364655
3142.3313246364655
3142.3313246364655
2730.8934032071384
2730.8934032071384
2657.363760284201
2643.472896197296
2643.472896197296
2643.472896197296
2643.472896197296
2643.472896197296
2643.472896197296
2643.472896197296
2643.472896197296
2643.472896197296
17592.682178438936
8289.300099361746
6195.820538811592
3715.34688715568
2840.5494041306556
2840.5494041306556
2840.5494041306556
2304.597935565623
2304.597935565623
2304.597935565623
2304.597935565623
2304.597935565623
2304.597935565623
2056.8442845525783
2056.8442845525783
2056.8442845525783
2056.8442845525783
2036.6919243104935
2036.6919243104935
2036.6919243104935
2036.6919243104935
2036.6919243104935
2036.6919243104935
1965.9380526396578
1965.9380526396578
1926.3841045939091
1926.3841045939091
1926.3841045939091
1926.3841045939091
1883.7020621713336
1883.7020621713336
1883.7020621713336
1883.7020621713336
1883.7020621713336
1857.1260491952041
1830.5028814245907
1830.5028814245907
1830.5028814245907
1830.5028814245907
1765.4241413381628
1765.4241413381628
1664.9876609142361
1664.9876609142361
1664.9876609142361
1664.9876609142361
1661.2246031222662
1661.2246031222662
1659.3023720814745
1659.3023720814745
1610.960655542418
1591.4936906671192
1591.4936906671192
1557.0590027476496
1557.0590027476496
1544.1902280163517
1544.1902280163517
1544.1902280163517
1544.1902280163517
1544.1902280163517
1528.9662842488374
1528.9662842488374
1528.9662842488374
1528.9662842488374
1528.9662842488374
1528.9662842488374
1528.9662842488374
1528.9662842488374
1528.9662842488374
17592.682178438936
9645.120118247689
7320.948953084216
6205.10711432796
6022.465350094232
4782.301924573986
2826.5427024392648
2826.5427024392648
2638.853548456299
2280.9405698577248
2280.9405698577248
2280.9405698577248
2280.9405698577248
2280.9405698577248
2280.9405698577248
2280.9405698577248
2280.9405698577248
2280.9405698577248
17592.682178438936
10537.651333741609
8450.483148041552
6133.634960604531
4158.792584271852
3872.4892003401333
3872.4892003401333
3872.4892003401333
3832.8749395728178
3395.5471183154955
3395.5471183154955
3041.4889794640444
3041.4889794640444
2526.439866314223
2526.439866314223
2526.439866314223
2420.3859463543545
2420.3859463543545
2280.6459197151685
2280.6459197151685
2280.6459197151685
2280.6459197151685
2280.6459197151685
2280.6459197151685
2280.6459197151685
2254.950199689383
2231.817051349575
2231.817051349575
1958.0600930810929
1958.0600930810929
1958.0600930810929
1958.0600930810929
1958.0600930810929
1958.0600930810929
1958.0600930810929
1958.0600930810929
1958.0600930810929
17592.682178438936
10342.972666264042
8559.953525641946
5314.975381649602
4992.381398954227
3998.9211513457835
3447.283348728841
3447.283348728841
3251.646653484322
3159.027848638071
3159.027848638071
3159.027848638071
3159.027848638071
3159.027848638071
3123.7220234944025
3092.670144406003
3017.2207128700043
3012.1384679569765
2498.4156349064906
2039.6086827364509
2039.6086827364509
2039.6086827364509
2039.6086827364509
2039.6086827364509
2039.6086827364509
2039.6086827364509
2039.6086827364509
2039.6086827364509
17592.682178438936
11795.513906973802
7565.240079512849
6785.114540631228
5357.232345803026
4616.625334706483
4123.028793173447
3547.0395767136533
3547.0395767136533
3547.0395767136533
3547.0395767136533
3352.2462262581403
3352.2462262581403
3259.988634438372
3259.988634438372
3259.988634438372
3227.2473948533743
3227.2473948533743
3227.2473948533743
3227.2473948533743
2877.4105329018566
2728.588800768754
2465.80472422612
2102.2172208137736
1768.3309066463062
1768.3309066463062
1768.3309066463062
1768.3309066463062
1768.3309066463062
1768.3309066463062
1768.3309066463062
1768.3309066463062
1768.3309066463062
17592.682178438936
12468.866769490603
6199.116568056944
3552.784031383699
3552.784031383699
3047.8853990876987
2924.4360298218226
2792.1765867605377
2774.1391167604315
2514.5641789291885
2514.5641789291885
2442.303366281888
2442.303366281888
1915.329721010759
1915.329721010759
1833.6949659213228
1715.2352266433313
1715.2352266433313
1715.2352266433313
1715.2352266433313
1715.2352266433313
1663.1201693679168
1663.1201693679168
1663.1201693679168
1663.1201693679168
1663.1201693679168
1663.1201693679168
1663.1201693679168
1663.1201693679168
1602.7438138836478
1530.3038960734843
1530.3038960734843
1530.3038960734843
1530.3038960734843
1530.3038960734843
1530.3038960734843
1530.3038960734843
1530.3038960734843
1422.2118749804902
1422.2118749804902
1422.2118749804902
1422.2118749804902
1407.9668742840113
1402.2375204314221
1402.2375204314221
1389.0103267809973
1389.0103267809973
1389.0103267809973
1389.0103267809973
1378.2348454110197
1378.2348454110197
1378.2348454110197
1378.2348454110197
1378.2348454110197
1378.2348454110197
1378.2348454110197
1378.2348454110197
1378.2348454110197
1374.233991867341
1374.233991867341
1363.0893957865658
1363.0893957865658
1363.0893957865658
1356.6183977920427
1356.6183977920427
1356.6183977920427
1344.0871827515857
1341.8019180683232
1331.0843272638037
1328.3157450606532
1328.3157450606532
1328.3157450606532
1328.3157450606532
1326.7744396760963
1326.7744396760963
1326.7744396760963
1326.7744396760963
1326.7744396760963
1326.7744396760963
1326.7744396760963
1326.7744396760963
1326.7744396760963
17592.682178438936
9676.47074272399
6858.248990486136
6074.505705955567
5484.99502492138
4893.113127656604
4439.870290316321
4285.627575639162
4239.104699366355
4026.498235786921
3616.888663858669
3380.9391033425322
2777.8392252048516
2621.5319576720794
2076.002835159057
1634.8392968596677
1634.8392968596677
1634.8392968596677
1626.6458014176853
1385.149289349671
1340.639829609891
1340.639829609891
1340.639829609891
1340.639829609891
1329.9308112899744
1329.9308112899744
1258.869036488514
1258.869036488514
1258.869036488514
1258.869036488514
1258.869036488514
1252.2305755580187
1252.2305755580187
1252.2305755580187
1244.5467453165816
1244.5467453165816
1244.5467453165816
1244.5467453165816
1244.5467453165816
1244.5467453165816
1244.5467453165816
1200.3400282199573
1200.3400282199573
1199.7017480743161
1199.7017480743161
1199.7017480743161
1189.1034093234923
1187.1641273761272
1187.1641273761272
1187.1641273761272
1187.1641273761272
1187.1641273761272
1183.8250381204377
1177.935209068447
1177.935209068447
1177.935209068447
1177.935209068447
1177.935209068447
1177.935209068447
1170.2901056953954
1163.841030672934
1155.6457194421962
1155.6457194421962
1155.6457194421962
1144.5283353232207
1144.5283353232207
1144.5283353232207
1144.5283353232207
1141.94743106915
1138.3013290513534
1138.3013290513534
1135.130554388567
1135.130554388567
1133.9713578941742
1133.9713578941742
1133.9713578941742
1133.9713578941742
1130.1368266689133
1130.1368266689133
1126.7940803598967
1125.1287625811992
1124.316887888512
1124.316887888512
1124.316887888512
