10905.03861791592
8148.359443232044
6994.480088920976
4280.601219933782
3436.56970892853
3436.56970892853
3436.56970892853
3318.4276194413696
3318.4276194413696
3106.0532781432307
3006.420934722987
3006.420934722987
3006.420934722987
3006.420934722987
3006.420934722987
3006.420934722987
3006.420934722987
3006.420934722987
3006.420934722987
10905.03861791592
9634.385200719942
7699.328021622173
5161.665684107165
3621.7191900644725
3621.7191900644725
3125.2873251406218
2680.501231529648
2325.039013602036
1791.8880452669125
1791.8880452669125
1791.8880452669125
1791.8880452669125
1791.8880452669125
1791.8880452669125
1791.8880452669125
1791.8880452669125
1791.8880452669125
10905.03861791592
10905.03861791592
7928.5357231882945
4897.6439310639835
3147.8930046375663
3147.8930046375663
3147.8930046375663
2929.086342500363
2746.627835775389
2615.771334310527
2340.629473180268
2125.9098480570588
2125.9098480570588
2079.383416907366
2079.383416907366
2079.383416907366
2079.383416907366
2079.383416907366
2079.383416907366
1972.92112035369
1972.92112035369
1681.811151264971
1681.811151264971
1681.811151264971
1581.8300521447607
1581.8300521447607
1581.8300521447607
1581.8300521447607
1581.8300521447607
1581.8300521447607
1581.8300521447607
1580.9152268683256
1580.9152268683256
1563.5157410982856
1563.5157410982856
1563.5157410982856
1561.7088680920442
1550.088846754043
1550.088846754043
1540.2593541913066
1532.407621566365
1532.407621566365
1532.407621566365
1532.407621566365
1520.6460846453942
1509.2206752434818
1505.5607454440278
1503.1965865456732
1482.5236313795199
1476.6630533434598
1476.6630533434598
1476.6630533434598
1476.6630533434598
1476.6630533434598
1476.6630533434598
1470.8636497613852
1470.8636497613852
1463.2112194195229
1463.2112194195229
1463.2112194195229
1457.0578912152787
1450.6464531457661
1450.6464531457661
1450.6464531457661
1446.4074123832445
1443.9016150757084
1443.9016150757084
1443.9016150757084
1443.9016150757084
1443.9016150757084
1439.010119050579
1439.010119050579
1439.010119050579
1435.7514259077266
1426.5687871816976
1426.5687871816976
1426.5687871816976
1422.5141212769906
1422.5141212769906
1422.5141212769906
1422.042950135338
1422.042950135338
1422.042950135338
1422.042950135338
1422.042950135338
1422.042950135338
1418.89273749008
1415.6442396195957
1412.4792700569778
1412.4792700569778
1404.4930069471407
1404.4930069471407
1404.4930069471407
1404.4930069471407
1404.4930069471407
1404.4930069471407
1404.4930069471407
1404.4930069471407
1404.4930069471407
10905.03861791592
8305.423367098934
6807.39114420771
4918.541531659912
4167.630011401221
4167.630011401221
4167.630011401221
4167.630011401221
3584.6401522013657
3584.6401522013657
3584.6401522013657
3584.6401522013657
3584.6401522013657
3555.631460483556
3404.0125202174363
3222.8269047775343
3222.8269047775343
3222.8269047775343
3222.8269047775343
3222.8269047775343
3222.8269047775343
3222.8269047775343
3222.8269047775343
2886.252544728332
2886.252544728332
2742.681139993654
2742.681139993654
2742.681139993654
2742.681139993654
2742.681139993654
2742.681139993654
2742.681139993654
2742.681139993654
2742.681139993654
10905.03861791592
8164.605589061849
5615.624868062592
5016.049555299065
4169.766716770946
3686.611437455524
3080.5774317884884
2999.44890872773
2999.44890872773
2999.44890872773
2999.44890872773
2999.44890872773
2999.44890872773
2999.44890872773
2999.44890872773
2999.44890872773
13902.641363264896
10314.947659429807
8384.850325275602
6077.398015926366
5566.325870833286
5160.931204956748
4472.482038375141
3894.073821484281
3516.237731297291
2973.9319679699447
2491.553952100397
2491.553952100397
2331.9832572366777
2331.9832572366777
2062.371366589615
2062.371366589615
1888.1623087854769
1888.1623087854769
1833.6796865455772
1833.6796865455772
1728.6165835646275
1728.6165835646275
1728.6165835646275
1728.6165835646275
1728.6165835646275
1717.0816255239615
1717.0816255239615
1717.0816255239615
1717.0816255239615
1717.0816255239615
1601.305278868641
1601.305278868641
1601.305278868641
1601.305278868641
1601.305278868641
1535.8618417892687
1535.8618417892687
1533.2354433021976
1533.2354433021976
1488.9029349004304
1488.9029349004304
1466.6621913861545
1466.6621913861545
1455.1064709612042
1455.1064709612042
1455.1064709612042
1449.3818185869986
1439.9951895579577
1439.9951895579577
1439.9951895579577
1439.9951895579577
1431.447253836739
1431.447253836739
1431.447253836739
1399.0701865849123
1393.2759052425233
1384.4598130019133
1384.4598130019133
1384.2940262124546
1379.3586307400649
1379.3586307400649
1379.3586307400649
1379.3586307400649
1371.5894143925698
1371.5894143925698
1340.746875902068
1340.746875902068
1340.746875902068
1331.015223371476
1331.015223371476
1329.1583943075775
1326.683220620444
1325.6139784141503
1325.6139784141503
1323.825335928088
1323.825335928088
1317.4318349814462
1317.4318349814462
1298.8128613496312
1298.8128613496312
1298.8128613496312
1298.8128613496312
1298.8128613496312
1297.427006405604
1297.427006405604
1287.8112710894138
1286.6593669605838
1286.6593669605838
1286.6266721831616
1286.6266721831616
1286.6266721831616
1286.6266721831616
1281.8344203276033
1281.8344203276033
1281.8344203276033
1281.8344203276033
1281.8344203276033
1281.748242240105
1275.0308030828303
1275.0308030828303
1272.6477655821839
1272.3888848410431
1272.3888848410431
1272.3888848410431
1267.8383191132164
1267.8383191132164
1267.5027942492602
1267.5027942492602
1267.5027942492602
1267.5027942492602
1267.5027942492602
1267.1630079974248
1267.1630079974248
1267.1630079974248
1267.1630079974248
1264.8927558744322
1264.8927558744322
1259.804629503944
1259.804629503944
1258.9105723421976
1258.9105723421976
1258.9105723421976
1258.9105723421976
1258.9105723421976
1258.9105723421976
1258.9105723421976
1258.9105723421976
1258.9105723421976
13902.641363264896
8743.760581369035
5954.895837632087
3934.0866747267937
3522.016876123765
2466.798886532829
2466.798886532829
2466.798886532829
2056.3666948450627
2056.3666948450627
2056.3666948450627
2056.3666948450627
2056.3666948450627
2056.3666948450627
2056.3666948450627
2056.3666948450627
2056.3666948450627
1791.609917783377
1791.609917783377
1791.609917783377
1791.609917783377
1752.3389223217696
1752.3389223217696
1679.2563300274674
1679.2563300274674
1679.2563300274674
1679.2563300274674
1679.2563300274674
1672.5690150990724
1672.5690150990724
1672.5690150990724
1666.6274783861454
1666.6274783861454
1659.163495026491
1651.9839256363528
1651.9839256363528
1651.9839256363528
1651.9839256363528
1651.9839256363528
1651.9839256363528
1651.9839256363528
1639.11464598916
1639.102004191025
1638.0937474899663
1638.0937474899663
1600.8252884903225
1600.8252884903225
1573.4891120795917
1573.4891120795917
1573.4891120795917
1573.4891120795917
1573.4891120795917
1573.4891120795917
1561.214823250803
1561.214823250803
1548.1869834681092
1548.1869834681092
1546.5682742533063
1523.5927713828955
1523.5927713828955
1523.5927713828955
1523.5927713828955
1523.5927713828955
1512.04548328
1512.04548328
1508.4457153384733
1508.4457153384733
1493.4824270242125
1493.4824270242125
1492.6849942903063
1485.6329310101464
1485.6329310101464
1460.931403345025
1460.931403345025
1460.931403345025
1460.931403345025
1460.931403345025
1455.7643496621104
1455.7643496621104
1451.298408107706
1451.298408107706
1449.1371294434205
1449.1371294434205
1449.1371294434205
1447.194575376127
1447.194575376127
1447.194575376127
1442.1522243822717
1442.1522243822717
1439.9433830545374
1439.9433830545374
1439.9433830545374
1439.9433830545374
1435.5846029078311
1435.5846029078311
1435.5846029078311
1435.5846029078311
1435.5846029078311
1435.5846029078311
1435.5846029078311
1435.5846029078311
1435.5846029078311
1434.7417340682523
1434.7417340682523
1434.7417340682523
1434.7417340682523
1434.7417340682523
1434.7417340682523
1433.9144888245812
1433.9144888245812
1433.9144888245812
1433.9144888245812
1433.9144888245812
1433.9144888245812
1431.9886239315629
1431.9886239315629
1431.9886239315629
1431.9886239315629
1431.9886239315629
1431.9886239315629
1431.7035375397636
1431.7035375397636
1431.7035375397636
1431.7035375397636
1431.7035375397636
1431.7035375397636
1426.3478268455135
1426.3478268455135
1426.3478268455135
1426.3478268455135
1426.3478268455135
1426.3478268455135
1426.3478268455135
1426.3478268455135
1426.3478268455135
13902.641363264896
11419.32749708299
7603.626672120139
4694.2453960149705
4558.51625959704
3861.5352908759687
3861.5352908759687
3861.5352908759687
3733.480817960475
3733.480817960475
3733.480817960475
3733.480817960475
3733.480817960475
3733.480817960475
3733.480817960475
3733.480817960475
3159.896173362951
3159.896173362951
3159.896173362951
3159.896173362951
3159.896173362951
3159.896173362951
3159.896173362951
3159.896173362951
3159.896173362951
13902.641363264896
9587.536750760311
6882.132448821741
4512.4571226956405
4512.4571226956405
4512.4571226956405
4512.4571226956405
4512.4571226956405
4512.4571226956405
4449.574546263882
4449.574546263882
4449.574546263882
4081.870919974511
4081.870919974511
4081.870919974511
4081.870919974511
4081.870919974511
4081.870919974511
3674.8817543589976
3674.8817543589976
3542.803145631333
3542.803145631333
3401.499143819493
3345.5394812241047
3345.5394812241047
3282.7838184628645
3282.7838184628645
3282.7838184628645
3282.7838184628645
3135.5534554723968
3135.5534554723968
3135.5534554723968
3135.5534554723968
3135.5534554723968
3135.5534554723968
3135.5534554723968
3135.5534554723968
3135.5534554723968
13902.641363264896
9097.147271283544
6250.132386797005
5583.819805623204
4523.5726932328835
4523.5726932328835
4523.5726932328835
4523.5726932328835
4523.5726932328835
4523.5726932328835
4523.5726932328835
4336.079218548137
4336.079218548137
4336.079218548137
4336.079218548137
4336.079218548137
4336.079218548137
4336.079218548137
4336.079218548137
4336.079218548137
13902.641363264896
9936.287017590845
6733.701903293647
5620.836101953729
4832.865548983218
4214.355982047769
3620.9191590693417
2769.6173086900426
2592.0320427693046
2318.170025446747
2214.4722208877924
1705.3287249576615
1705.3287249576615
1705.3287249576615
1705.3287249576615
1705.3287249576615
1705.3287249576615
1705.3287249576615
1705.3287249576615
1705.3287249576615
13902.641363264896
11598.03007508431
6261.680846535274
5698.7327665077
5056.263981761691
3337.093222046286
3337.093222046286
2760.9932305943344
2760.9932305943344
2212.570799567863
2212.570799567863
2212.570799567863
2212.570799567863
2198.6419237873624
2198.6419237873624
2198.6419237873624
2198.6419237873624
2198.6419237873624
2198.6419237873624
2186.622588589606
2184.9936299861697
2184.9936299861697
2184.9936299861697
2184.9936299861697
2184.9936299861697
2184.9936299861697
2184.9936299861697
2184.9936299861697
2184.9936299861697
13902.641363264896
11864.873570748054
5658.214359205408
4796.80370566163
3470.074709488786
2907.991160939823
2457.7896895717595
1788.6002801838074
1742.918482838909
1742.918482838909
1742.918482838909
1742.918482838909
1732.706841954523
1732.706841954523
1489.1317875226537
1404.6335526517207
1404.6335526517207
1404.6335526517207
1385.0884779950104
1288.0838013402226
1213.2026049859553
1213.2026049859553
1172.4196709915755
1172.4196709915755
1171.2687183242472
1106.9199483334974
1106.9199483334974
1085.0188482910123
1071.1351608665536
1008.7951452561394
1008.7951452561394
1008.7951452561394
1008.7951452561394
1008.7951452561394
995.061039014096
995.061039014096
972.3358492270322
972.3358492270322
972.3358492270322
972.3358492270322
972.3358492270322
966.3942618900659
966.3942618900659
963.39017124117
963.39017124117
963.39017124117
961.1350901719097
956.6337702849422
955.4804832765377
955.4804832765377
953.794511524683
953.794511524683
950.9506120625423
950.9506120625423
949.1327461059602
948.5769841619906
948.3334783636385
946.1205983609068
946.1205983609068
946.1205983609068
946.1205983609068
945.9214427330535
945.9214427330535
944.761580621776
944.761580621776
944.761580621776
944.761580621776
944.7028817138906
944.0818257993014
944.0818257993014
943.7009438275779
943.7009438275779
943.532095184967
943.532095184967
943.532095184967
943.2177731255531
942.8904483976296
942.8904483976296
942.8904483976296
942.8904483976296
942.7575550459003
942.2474990143801
942.16741091752
942.16741091752
942.16741091752
942.16741091752
942.1651093925719
942.1651093925719
941.4568661819322
941.4568661819322
941.4568661819322
941.4568661819322
941.4568661819322
941.4568661819322
941.4568661819322
941.4568661819322
941.4568661819322
13902.641363264896
11968.134018578343
6035.891842539783
4071.074774412504
3925.7611120971974
2713.501025060511
2713.501025060511
2669.913780893421
2201.37696960442
1841.7317150806662
1841.7317150806662
1841.7317150806662
1841.7317150806662
1841.7317150806662
1663.9810289092984
1663.9810289092984
1663.9810289092984
1663.9810289092984
1663.9810289092984
1663.9810289092984
1663.9810289092984
1663.9810289092984
1663.9810289092984
13902.641363264896
10580.163610810376
7180.396702557947
4068.6220975106635
3056.3347756876988
2475.5858848263924
2099.4030075848077
2025.6292410830672
1758.4392100836149
1758.4392100836149
1758.4392100836149
1560.0931419133165
1528.05837289837
1528.05837289837
1528.05837289837
1528.05837289837
1528.05837289837
1528.05837289837
1528.05837289837
1528.05837289837
1528.05837289837
1519.076377736469
1435.5653034469174
1435.5653034469174
1435.5653034469174
1435.5653034469174
1435.5653034469174
1435.5653034469174
1373.082845493002
1373.082845493002
1373.082845493002
1373.082845493002
1373.082845493002
1373.082845493002
1364.0489927750398
1364.0489927750398
1316.1162101460754
1316.1162101460754
1264.3315032123567
1250.8659161366088
1250.8659161366088
1250.8659161366088
1250.8659161366088
1250.8659161366088
1250.8659161366088
1228.0356879058365
1228.0356879058365
1205.3016327517212
1205.3016327517212
1196.868754679152
1172.3451302863652
1160.4693387262525
1160.4693387262525
1152.1509583991426
1125.704566204876
1117.5589485805
1112.65875430075
1105.7105735806304
1105.7105735806304
1097.5257450038491
1094.226368961015
1094.226368961015
1085.3696624754623
1068.160291550375
1068.160291550375
1051.313758657655
1051.313758657655
1051.313758657655
1045.6384162151894
1038.069591038413
1038.069591038413
1030.6657066289802
1030.6657066289802
1030.6657066289802
1030.6657066289802
1030.4381868162031
1029.621509788643
1029.621509788643
1027.9355282691022
1027.9355282691022
1027.9355282691022
1025.6325583634784
1025.316630960972
1025.316630960972
1025.316630960972
1024.0799036347798
1024.0799036347798
1024.0463885757945
1024.0463885757945
1024.0463885757945
1024.0463885757945
1024.0463885757945
1023.6641528378161
1023.6641528378161
1023.6641528378161
1023.6641528378161
1021.9784413738512
1021.937965543365
1021.937965543365
1021.937965543365
1021.4022147665347
1021.4022147665347
1021.4022147665347
1019.4843664168881
1019.4843664168881
1019.4843664168881
1019.4843664168881
1019.4843664168881
1019.4843664168881
1019.4843664168881
1019.4843664168881
1019.4843664168881
13902.641363264896
7891.846736437871
7002.31613708276
5559.219921033316
5165.811140655268
4927.482736939695
4428.445235994301
4428.445235994301
4428.445235994301
4428.445235994301
3586.657121723349
3586.657121723349
3256.5380209704235
3256.5380209704235
3256.5380209704235
3256.5380209704235
3256.5380209704235
3256.5380209704235
3256.5380209704235
3256.5380209704235
3256.5380209704235
13902.641363264896
11531.51425978748
6743.466667383705
5275.2425664528155
5124.312503524473
4048.067709933378
3926.9670391585596
3376.810694046812
2642.0663952491454
2642.0663952491454
2642.0663952491454
2642.0663952491454
2642.0663952491454
2642.0663952491454
2642.0663952491454
2642.0663952491454
2642.0663952491454
2570.319971651823
2450.534103966263
2450.534103966263
2075.4268398402505
2075.4268398402505
2075.4268398402505
2075.4268398402505
2075.4268398402505
2075.4268398402505
2075.4268398402505
2075.4268398402505
2075.4268398402505
1873.475775240574
1873.475775240574
1873.475775240574
1873.475775240574
1743.5253389122327
1679.2070609016444
1679.2070609016444
1679.2070609016444
1647.3916394710086
1647.3916394710086
1647.3916394710086
1647.3916394710086
1647.3916394710086
1647.3916394710086
1647.3916394710086
1647.3916394710086
1645.0125035695096
1641.354686939287
1613.9130699961925
1613.9130699961925
1610.4527807577483
1610.4527807577483
1607.7347781174426
1607.7347781174426
1607.7347781174426
1598.7416183773134
1598.7416183773134
1598.7416183773134
1598.7416183773134
1598.7416183773134
1591.1970929477668
1591.1970929477668
1591.1970929477668
1567.7999664508643
1567.7999664508643
1567.7999664508643
1567.7999664508643
1567.7999664508643
1567.7999664508643
1566.8309878319212
1562.1232971888694
1561.3193849509144
1561.3193849509144
1561.3193849509144
1561.3193849509144
1561.3193849509144
1561.3193849509144
1561.3193849509144
1561.3193849509144
1561.3193849509144
13902.641363264896
10231.649728042385
7753.272218055595
5507.8950298401605
3399.9311194992692
3399.9311194992692
3399.9311194992692
3399.9311194992692
3399.9311194992692
3399.9311194992692
3399.9311194992692
3399.9311194992692
3399.9311194992692
3309.1884280533122
3309.1884280533122
3309.1884280533122
3309.1884280533122
3309.1884280533122
2994.6575306355444
2994.6575306355444
2994.6575306355444
2700.7303009090506
2700.7303009090506
2700.7303009090506
2700.7303009090506
2700.7303009090506
2700.7303009090506
2261.766943386333
2261.766943386333
2261.766943386333
2261.766943386333
2261.766943386333
2261.766943386333
2261.766943386333
2261.766943386333
2261.766943386333
13902.641363264896
11267.778967849446
6399.749150123108
4396.109224038555
2805.951637785013
2463.379820929831
2160.476731284414
2160.476731284414
2160.476731284414
2160.476731284414
2160.476731284414
2160.476731284414
2160.476731284414
2160.476731284414
2160.476731284414
13902.641363264896
10625.301285904316
8417.908739646406
4308.2506539094065
3680.635555155142
3255.243122085973
2296.140069530392
2296.140069530392
2296.140069530392
2296.140069530392
2296.140069530392
2074.2108929032747
2074.2108929032747
2067.6540671579296
2021.3875085925354
1627.654936539187
1627.654936539187
1627.654936539187
1627.654936539187
1627.654936539187
1627.654936539187
1627.654936539187
1627.654936539187
1627.654936539187
13902.641363264896
12524.878097993982
7596.338837989949
6400.292590111489
4124.399958374144
4124.399958374144
4124.399958374144
3675.0822580886893
3675.0822580886893
3675.0822580886893
3675.0822580886893
3618.1427565593162
2855.528031152347
