9899.609462632427
8110.035276961038
3808.4312384511322
3808.4312384511322
2939.385787006244
2939.385787006244
2939.385787006244
2939.385787006244
2939.385787006244
2939.385787006244
2838.7965083892045
2838.7965083892045
2838.7965083892045
2838.7965083892045
2752.1795121444875
2752.1795121444875
2646.6129133332743
2646.6129133332743
2646.6129133332743
2646.6129133332743
2592.4724971578216
2592.4724971578216
2592.4724971578216
2561.507076702316
2552.7255597485746
2552.7255597485746
2485.2779424516875
2485.2779424516875
2485.2779424516875
2464.690436494201
2464.690436494201
2464.690436494201
2464.690436494201
2464.690436494201
2439.418274469772
2407.650180525248
2407.650180525248
2372.9684616811464
2372.9684616811464
2363.420998789979
2249.8571101189727
2243.336696507737
2185.473994946712
2185.473994946712
2147.46030073635
2126.6285416433448
2126.6285416433448
2120.9771901498502
2120.9771901498502
2087.352350261687
2041.1099840758384
1986.098903716831
1986.098903716831
1986.098903716831
1938.4132696431711
1885.1770136256096
1885.1770136256096
1885.1770136256096
1885.1770136256096
1885.1770136256096
1885.1770136256096
1885.1770136256096
1884.6687137873673
1884.6687137873673
1884.6687137873673
1874.6349564386926
1865.6134515635138
1865.6134515635138
1865.6134515635138
1854.6169281147122
1854.6169281147122
1854.3622405803023
1846.474782313766
1846.474782313766
1846.474782313766
1846.474782313766
1846.474782313766
1846.474782313766
1846.474782313766
1844.216216178972
1844.216216178972
1818.0566009138734
1818.0566009138734
1818.0566009138734
1818.0566009138734
1818.0566009138734
1818.0566009138734
1818.0566009138734
1811.4671069453743
1811.4671069453743
1806.2660581511332
1806.2660581511332
1797.5623719321936
1797.5623719321936
1797.5623719321936
1787.6864429142997
1787.6864429142997
1787.6864429142997
1787.6864429142997
1787.6864429142997
1787.6864429142997
1787.6864429142997
1787.6864429142997
1787.6864429142997
22884.51867794061
10533.696463099106
6561.977018871129
6456.616686220474
3406.873179775735
3406.873179775735
3406.873179775735
3406.873179775735
3406.873179775735
3406.873179775735
3406.873179775735
3406.873179775735
3406.873179775735
22884.51867794061
13485.360604059553
8208.058707246162
8208.058707246162
5684.996020603622
4077.1201319460365
3836.772284193772
3717.3778654709895
3717.3778654709895
2885.5900806810196
2692.1048432117723
2562.1233200735896
2562.1233200735896
2562.1233200735896
2384.492169508868
2337.809050001024
2337.809050001024
2337.809050001024
2337.809050001024
2337.809050001024
2337.809050001024
1945.1949936594845
1945.1949936594845
1945.1949936594845
1945.1949936594845
1945.1949936594845
1945.1949936594845
1945.1949936594845
1945.1949936594845
1945.1949936594845
22884.51867794061
12884.93824701677
9190.263412723873
7719.192305244278
7157.971585561982
4813.074310924654
4813.074310924654
4044.9347103913587
4044.9347103913587
3967.108087356557
3967.108087356557
3967.108087356557
3967.108087356557
3967.108087356557
3284.010023075902
3284.010023075902
3284.010023075902
3284.010023075902
3284.010023075902
3284.010023075902
3284.010023075902
3284.010023075902
3284.010023075902
22884.51867794061
11299.053846282744
6254.61537207395
6254.61537207395
6254.61537207395
6254.61537207395
6254.61537207395
6254.61537207395
6254.61537207395
6254.61537207395
6254.61537207395
22884.51867794061
11136.888877118905
7682.650551169172
4516.927047044192
4125.9378206702195
4125.9378206702195
4125.9378206702195
4125.9378206702195
3369.826975094025
3369.826975094025
3369.826975094025
3369.826975094025
3369.826975094025
3369.826975094025
3369.826975094025
3369.826975094025
3369.826975094025
22884.51867794061
11293.537629824978
7267.069887233818
5652.343026505102
5652.343026505102
4819.418855044449
4812.985380239263
4776.863863911861
3650.8066406495786
3650.8066406495786
3650.8066406495786
3542.0386812692896
3542.0386812692896
3542.0386812692896
3542.0386812692896
3542.0386812692896
3486.715527847875
3486.715527847875
3486.715527847875
3486.715527847875
3486.715527847875
3296.2008776553157
3296.2008776553157
3296.2008776553157
3296.2008776553157
3296.2008776553157
3037.150878985449
3037.150878985449
3037.150878985449
2771.315356707457
2771.315356707457
2181.1620505152673
2181.1620505152673
2181.1620505152673
2181.1620505152673
2181.1620505152673
2181.1620505152673
2181.1620505152673
2181.1620505152673
2181.1620505152673
22884.51867794061
10681.2509789299
5921.798069812336
4573.797458472063
4573.797458472063
4573.797458472063
4573.797458472063
4551.010521241053
4549.594999066202
3235.723532226516
3235.723532226516
3235.723532226516
3235.723532226516
3235.723532226516
2907.4036554002896
2907.4036554002896
2907.4036554002896
2735.9844992818153
2735.9844992818153
2735.9844992818153
2735.9844992818153
2735.9844992818153
2513.9934019412813
2513.9934019412813
2379.227588007192
2379.227588007192
2379.227588007192
2379.227588007192
2379.227588007192
2379.227588007192
2379.227588007192
2341.0331732006234
2337.206137666318
2337.206137666318
2269.816891582827
2269.816891582827
2269.816891582827
2250.129291002344
2250.129291002344
2244.0839119311086
2244.0839119311086
2244.0839119311086
2244.0839119311086
2243.5939508072233
2243.5939508072233
2187.070957942432
2187.070957942432
2186.3535827900832
2186.3535827900832
2186.3535827900832
2177.376109719675
2177.376109719675
2177.376109719675
2177.376109719675
2177.376109719675
2177.376109719675
2177.376109719675
2177.376109719675
2177.376109719675
2170.0760467381133
2163.3140052664753
2163.3140052664753
2163.3140052664753
2163.3140052664753
2147.465337086853
2147.465337086853
2117.3748460666475
2107.285134694808
2099.9437432834993
2099.9437432834993
2003.7964113144772
1957.2495402330749
1957.2495402330749
1930.1692935730705
1930.1692935730705
1930.1692935730705
1930.1692935730705
1930.1692935730705
1891.919966467292
1891.919966467292
1891.919966467292
1891.919966467292
1891.919966467292
1891.919966467292
1891.4600968346244
1891.4600968346244
1891.4600968346244
1891.4600968346244
1891.4600968346244
1891.4600968346244
1873.5040588973598
1873.5040588973598
1873.5040588973598
1873.5040588973598
1873.5040588973598
1873.5040588973598
1873.5040588973598
1873.5040588973598
1873.5040588973598
22884.51867794061
11564.160749427005
9980.978652626887
7187.366783172344
4392.496945145134
4261.837848370824
4261.837848370824
3998.963413566659
3998.963413566659
3998.963413566659
3998.963413566659
3881.436634266487
3881.436634266487
3881.436634266487
3881.436634266487
3881.436634266487
3881.436634266487
3881.436634266487
3881.436634266487
3881.436634266487
22884.51867794061
11327.560782502815
6998.21832413225
6998.21832413225
5757.5877883533785
5757.5877883533785
5757.5877883533785
5757.5877883533785
5065.401987524499
4874.966850156157
4874.966850156157
4874.966850156157
4719.766888969038
4370.23373030382
4354.550088254915
4154.24102113628
4154.24102113628
3778.7742943779276
3778.7742943779276
3479.31183609455
3389.689115640377
3389.689115640377
3389.689115640377
3389.689115640377
3230.751640311476
3230.751640311476
3230.751640311476
3230.751640311476
3230.751640311476
3055.4551502748495
3055.4551502748495
3055.4551502748495
2947.1479168920064
2947.1479168920064
2947.1479168920064
2947.1479168920064
2947.1479168920064
2947.1479168920064
2947.1479168920064
2947.1479168920064
2947.1479168920064
22884.51867794061
14134.732365047626
10350.787405879057
6759.571134269397
6759.571134269397
6759.571134269397
6759.571134269397
6759.571134269397
6759.571134269397
6459.116248963542
6459.116248963542
6375.741108427836
6375.741108427836
6375.741108427836
6375.741108427836
6375.741108427836
6375.741108427836
6375.741108427836
6101.297811077571
6101.297811077571
6101.297811077571
6101.297811077571
6101.297811077571
6101.297811077571
6101.297811077571
6101.297811077571
6101.297811077571
22884.51867794061
11928.1881010312
8311.854666905327
5926.458789611378
5355.084288293252
5355.084288293252
4718.520474082421
4718.520474082421
4675.765421354245
4417.723233455734
4187.199540457082
3481.0754172338998
3481.0754172338998
3113.367833507882
3113.367833507882
3113.367833507882
3113.367833507882
3113.367833507882
3113.367833507882
3113.367833507882
3101.4912732078296
3101.4912732078296
3101.4912732078296
3101.4912732078296
2853.421105809945
2853.421105809945
2853.421105809945
2853.421105809945
2853.421105809945
2853.421105809945
2853.421105809945
2853.421105809945
2815.4285796521526
2815.4285796521526
2815.4285796521526
2806.2190183895154
2806.2190183895154
2806.2190183895154
2806.2190183895154
2753.717483748068
2753.717483748068
2753.717483748068
2753.717483748068
2567.8383529525263
2567.8383529525263
2368.498233849084
2362.1699022266666
2362.1699022266666
2362.1699022266666
2362.1699022266666
2312.3396579890905
2312.3396579890905
2227.0337085157234
2227.0337085157234
2227.0337085157234
2227.0337085157234
2227.0337085157234
2227.0337085157234
2227.0337085157234
2227.0337085157234
2227.0337085157234
22884.51867794061
14176.755633263587
9135.286455572206
6642.793638086945
5989.193156088611
4257.587762863941
4257.587762863941
4257.587762863941
4257.587762863941
4206.961398968064
4206.961398968064
4168.231589069968
4168.231589069968
4168.231589069968
4168.231589069968
4168.231589069968
4168.231589069968
4168.231589069968
4168.231589069968
4041.5076537061645
4041.5076537061645
4041.5076537061645
4041.5076537061645
4041.5076537061645
4041.5076537061645
4041.5076537061645
4041.5076537061645
4041.5076537061645
3842.9501139782797
3842.9501139782797
3842.9501139782797
3842.9501139782797
3842.9501139782797
3842.9501139782797
3842.9501139782797
3842.9501139782797
3773.0546371267124
3773.0546371267124
3773.0546371267124
3773.0546371267124
3773.0546371267124
3773.0546371267124
3773.0546371267124
3773.0546371267124
3773.0546371267124
22884.51867794061
13196.542392748328
8943.84596245203
7841.268415975746
6165.434115379649
3349.6067643107767
3349.6067643107767
3349.6067643107767
3199.4981824042634
3199.4981824042634
3169.5752887808417
3169.5752887808417
3169.5752887808417
3169.5752887808417
3169.5752887808417
3169.5752887808417
3169.5752887808417
3169.5752887808417
3169.5752887808417
2392.186968250503
2392.186968250503
2392.186968250503
2392.186968250503
2392.186968250503
2392.186968250503
2392.186968250503
2392.186968250503
2392.186968250503
22884.51867794061
12253.498375421359
8922.276844130658
6228.320279244924
6228.320279244924
6228.320279244924
5394.693248735985
5394.693248735985
5394.693248735985
5394.693248735985
5394.693248735985
5394.693248735985
5394.693248735985
5394.693248735985
5394.693248735985
4039.072596768812
4039.072596768812
4039.072596768812
3985.4294980508375
3985.4294980508375
3985.4294980508375
3817.3176115058463
3666.6543040741044
3666.6543040741044
3666.6543040741044
3623.0690868227634
3617.5763286220617
3616.1734841905454
3616.1734841905454
3574.361793230537
3574.361793230537
3574.361793230537
3574.361793230537
3574.361793230537
3574.361793230537
3574.361793230537
3540.9346582968674
3540.9346582968674
3405.728344108169
3405.728344108169
3405.728344108169
3405.728344108169
3405.728344108169
3405.728344108169
3405.728344108169
3405.728344108169
3405.728344108169
22884.51867794061
15375.306737591844
9083.132065182732
9083.132065182732
5942.516740612032
4735.187337301966
4735.187337301966
4735.187337301966
4735.187337301966
4735.187337301966
4735.187337301966
4656.931360130047
4656.931360130047
4656.931360130047
4656.931360130047
4656.931360130047
4656.931360130047
4656.931360130047
4656.931360130047
4656.931360130047
22884.51867794061
8649.018590422149
8649.018590422149
8649.018590422149
8649.018590422149
8649.018590422149
8649.018590422149
8649.018590422149
8649.018590422149
8649.018590422149
8497.144213499847
8448.816489132041
5952.002685891364
5952.002685891364
5952.002685891364
5952.002685891364
5952.002685891364
5952.002685891364
5952.002685891364
5952.002685891364
5952.002685891364
22884.51867794061
9736.316858053837
6595.213441335407
6595.213441335407
6595.213441335407
5492.870637129562
5492.870637129562
5492.870637129562
5492.870637129562
5492.870637129562
5492.870637129562
5492.870637129562
5492.870637129562
5492.870637129562
22884.51867794061
15206.137509585664
9653.802440518428
6642.483996409032
5065.964509842518
5065.964509842518
5065.964509842518
4797.419603243933
4797.419603243933
3956.374468567385
3956.374468567385
3716.411009663287
3111.0352463009995
2956.9291850673435
2956.9291850673435
2956.9291850673435
2956.9291850673435
2730.827677796796
2694.564480615564
2694.564480615564
2694.564480615564
2694.564480615564
2589.426795832728
2589.426795832728
2589.426795832728
2589.426795832728
2589.426795832728
2589.426795832728
2589.426795832728
2589.426795832728
2589.426795832728
22884.51867794061
12945.41673955491
6629.748322990144
6406.652303882412
4218.837051465833
4218.837051465833
4190.801949786013
3964.975130918102
3964.975130918102
3953.077526696636
3953.077526696636
3953.077526696636
2632.0713338680252
2632.0713338680252
2632.0713338680252
2632.0713338680252
2632.0713338680252
2632.0713338680252
2159.53196042165
2159.53196042165
2159.53196042165
2159.53196042165
2140.137480801878
2140.137480801878
2072.3590670328185
2072.3590670328185
2072.3590670328185
2072.3590670328185
2072.3590670328185
2072.3590670328185
2072.3590670328185
2072.3590670328185
2072.3590670328185
22884.51867794061
14836.01398516255
10220.690242418399
5632.319099421118
5632.319099421118
3841.831690637374
3841.831690637374
3817.277042218278
3817.277042218278
3817.277042218278
3193.679519434854
3193.679519434854
3193.679519434854
3193.679519434854
3193.679519434854
3193.679519434854
3193.679519434854
3193.679519434854
3193.679519434854
22884.51867794061
13907.702471451996
10385.35294946573
5157.585012837214
5157.585012837214
5157.585012837214
5157.585012837214
4865.012052923143
4133.065308314539
4133.065308314539
4133.065308314539
4133.065308314539
4133.065308314539
4133.065308314539
4133.065308314539
4133.065308314539
4133.065308314539
22884.51867794061
10825.552922871811
10825.552922871811
9099.966396027647
5733.523723529154
5733.523723529154
5733.523723529154
5733.523723529154
5422.438944002863
5422.438944002863
5422.438944002863
5422.438944002863
5422.438944002863
5422.438944002863
5422.438944002863
5422.438944002863
5422.438944002863
22884.51867794061
12618.825959798993
8267.27863099394
8267.27863099394
6729.957720147263
6395.72422643634
4499.924385385333
4499.924385385333
4499.924385385333
4499.924385385333
3902.588420021561
3792.791772315783
3792.791772315783
3792.791772315783
3792.791772315783
3792.791772315783
3792.791772315783
3605.2808643643953
3605.2808643643953
3605.2808643643953
3605.2808643643953
3605.2808643643953
3228.270774309966
3228.270774309966
3116.2201608906626
2968.2990736538086
2968.2990736538086
2968.2990736538086
2968.2990736538086
2968.2990736538086
2968.2990736538086
2968.2990736538086
2840.443603149434
2840.443603149434
2827.0884194957152
2827.0884194957152
2827.0884194957152
2827.0884194957152
2827.0884194957152
2827.0884194957152
2818.158544606061
2818.158544606061
2818.158544606061
2813.980485010297
2813.980485010297
2792.1364665049823
2792.1364665049823
2626.906522504107
2626.906522504107
2626.906522504107
2626.906522504107
2626.906522504107
2626.906522504107
2626.906522504107
2626.906522504107
2626.906522504107
22884.51867794061
16316.66560530041
9937.589103760101
5836.645671790147
5691.018701691192
5691.018701691192
5691.018701691192
5078.946444961906
5078.946444961906
5078.946444961906
5078.946444961906
3866.221175312322
3866.221175312322
3866.221175312322
3866.221175312322
3866.221175312322
3866.221175312322
3866.221175312322
3866.221175312322
3866.221175312322
22884.51867794061
14796.790839943378
9015.94549039186
6859.227331695885
5950.930447465923
5273.85920244728
4821.760089320337
3563.0409157505537
3563.0409157505537
3246.973531993484
3233.4623462091886
3233.4623462091886
3233.4623462091886
3233.4623462091886
3233.4623462091886
3233.4623462091886
3233.4623462091886
3115.9198796538226
2893.2193223901513
2893.2193223901513
2826.8659759186944
2826.8659759186944
2826.8659759186944
2731.1289929510685
2731.1289929510685
2731.1289929510685
2731.1289929510685
2731.1289929510685
2731.1289929510685
2731.1289929510685
2731.1289929510685
2731.1289929510685
2581.1081258687764
2581.1081258687764
2581.1081258687764
2581.1081258687764
2563.216516068638
2487.1718530307207
2447.8551082096055
2447.8551082096055
2447.8551082096055
2447.8551082096055
2397.769130186083
2397.769130186083
2397.769130186083
2397.769130186083
2371.5528854701706
2371.5528854701706
2351.340006623881
2328.269215789601
2307.550923558733
2307.550923558733
2307.550923558733
2307.550923558733
2286.02708960188
2286.02708960188
2281.2583482805753
2281.2583482805753
2281.2583482805753
2281.2583482805753
2269.584468551638
2269.584468551638
2227.735750790347
2216.2252301385133
2216.2252301385133
2216.2252301385133
2206.0523937268636
2206.0523937268636
2206.0523937268636
2206.0523937268636
2206.0523937268636
2178.4046347035837
2178.4046347035837
2143.9084009209705
2102.653809763734
2102.653809763734
2073.217059329854
2014.1993634011171
2014.1993634011171
2000.815823510009
2000.815823510009
2000.815823510009
2000.1267247325234
2000.1267247325234
2000.1267247325234
1979.5323813516384
1979.5323813516384
1979.5323813516384
1979.5323813516384
1976.6325836739334
1976.6325836739334
1976.6325836739334
1976.6325836739334
1976.6325836739334
1954.7621154584428
1950.7838915729153
1950.7838915729153
1950.7838915729153
1950.7838915729153
1950.7838915729153
1942.4385819249787
1942.4385819249787
1942.4385819249787
1942.4385819249787
1942.4385819249787
1942.4385819249787
1942.4385819249787
1942.4385819249787
1942.4385819249787
22884.51867794061
12314.361254678191
8133.778927474989
7434.431506687756
4514.204495997072
4514.204495997072
4514.204495997072
4514.204495997072
4192.914205084908
4192.914205084908
4192.914205084908
4192.914205084908
4192.914205084908
4192.914205084908
4192.914205084908
4192.914205084908
4192.914205084908
22884.51867794061
16140.608362856785
9114.408416062874
8479.433891232904
7514.57140219943
7514.57140219943
7514.57140219943
7514.57140219943
7514.57140219943
7445.271983867806
7445.271983867806
7445.271983867806
7445.271983867806
7445.271983867806
6271.975828553106
6271.975828553106
5986.846520935119
5986.846520935119
5986.846520935119
5986.846520935119
5306.240426814607
