8215.591518263423
6705.1672964355885
3564.097026079527
2935.4253235249416
2935.4253235249416
2762.2377778778837
2610.1084541344267
2610.1084541344267
2610.1084541344267
1938.6206188472013
1938.6206188472013
1938.6206188472013
1938.6206188472013
1938.6206188472013
1938.6206188472013
1938.6206188472013
1938.6206188472013
1938.6206188472013
8215.591518263423
7462.371932472021
5063.180456596994
4257.439477539286
3146.1571213231346
2084.3568533344815
2084.3568533344815
2083.3194991232667
2083.3194991232667
1931.2388142817244
1931.2388142817244
1931.2388142817244
1931.2388142817244
1780.9512305900003
1651.4426875569648
1651.4426875569648
1651.4426875569648
1651.4426875569648
1651.4426875569648
1651.4426875569648
1651.4426875569648
1651.4426875569648
1651.4426875569648
8215.591518263423
8215.591518263423
5582.028320898486
5164.688131773211
4484.683185011877
4484.683185011877
4484.683185011877
4484.683185011877
4484.683185011877
4484.683185011877
4484.683185011877
4484.683185011877
4484.683185011877
8215.591518263423
8215.591518263423
6138.18007102024
3920.2267897488236
2046.341713826306
2046.341713826306
1474.8760585308942
1474.8760585308942
1474.8760585308942
1398.3075936622831
1367.2722404225547
1229.928473429942
1229.928473429942
1217.584202685442
1216.5389605219693
1169.927755648701
1113.6839991517559
1113.6839991517559
1113.6839991517559
1113.6839991517559
1113.6839991517559
1113.6839991517559
1081.4163573020394
1081.4163573020394
1081.4163573020394
1072.8714498364943
1067.0786693273924
1060.3297641931401
1059.487323501352
1059.487323501352
1051.31475293194
1051.31475293194
1050.2554297751494
1041.730485057609
1041.730485057609
1041.730485057609
1034.705843129819
1028.2250004172981
1025.7722709483999
1025.7722709483999
1024.2600631602263
1024.2600631602263
1018.8996391633245
1018.8996391633245
1018.138932210781
1018.138932210781
1017.0127582022051
1017.0127582022051
1015.9124874474725
1015.9124874474725
1015.8742609061927
1015.8742609061927
1014.6693925431847
1014.6693925431847
1014.6693925431847
1013.0348962285296
1013.0348962285296
1011.5009826402595
1009.8930071174492
1009.8930071174492
1008.9872648768
1008.9872648768
1008.9872648768
1007.971704349262
1007.971704349262
1005.5070786938401
1004.1083045997266
1004.1083045997266
1004.1083045997266
1004.1083045997266
1004.1083045997266
1003.5996130935928
1003.5996130935928
1003.5996130935928
1003.5996130935928
1002.578206236785
1002.578206236785
1002.578206236785
1001.5538661927263
1001.5538661927263
1000.4091394020966
1000.4091394020966
1000.4091394020966
1000.1602624054835
1000.0141981844754
1000.0141981844754
1000.0141981844754
1000.0141981844754
1000.0141981844754
1000.0141981844754
1000.0141981844754
1000.0141981844754
1000.0141981844754
999.856971395827
999.856971395827
999.0251487529002
998.5437468336986
998.5437468336986
997.7407548159135
997.7407548159135
997.360477494627
997.360477494627
997.0587520643908
997.0587520643908
997.0587520643908
996.7663170403974
996.7663170403974
996.7663170403974
996.7663170403974
995.8224515573661
995.8224515573661
995.8224515573661
995.8224515573661
995.8224515573661
995.8224515573661
995.8224515573661
995.8224515573661
995.8224515573661
8215.591518263423
8200.905374534928
5005.559343737817
5005.559343737817
4037.8056307143534
2502.1703496942296
2502.1703496942296
2502.1703496942296
2502.1703496942296
2502.1703496942296
2502.1703496942296
2502.1703496942296
2502.1703496942296
2502.1703496942296
8215.591518263423
8215.591518263423
6913.923489417011
4757.451538998042
2854.040089566899
2854.040089566899
2839.772671524871
2839.772671524871
2839.772671524871
2839.772671524871
2564.119047954383
2448.478606255584
2345.96024342823
2345.96024342823
2051.5489866563366
2051.5489866563366
2051.5489866563366
2051.5489866563366
2051.5489866563366
2051.5489866563366
2051.5489866563366
2051.5489866563366
2051.5489866563366
8215.591518263423
6443.914286872262
4115.552942325411
3186.263272256192
2621.667368057576
2421.9240217597016
2184.703330449879
2017.274075389353
1693.0303726960933
1693.0303726960933
1604.5287759919586
1529.0978380472552
1529.0978380472552
1529.0978380472552
1529.0978380472552
1529.0978380472552
1349.350689941813
1349.350689941813
1349.350689941813
1349.350689941813
1349.350689941813
1349.350689941813
1348.2650919131727
1338.7042836917813
1338.7042836917813
1314.7830789045447
1314.7830789045447
1307.9099629313062
1307.9099629313062
1243.8283618054575
1243.8283618054575
1243.8283618054575
1243.8283618054575
1243.8283618054575
1216.4226408644836
1216.4226408644836
1216.4226408644836
1208.847517989222
1208.847517989222
1192.0083950397348
1192.0083950397348
1192.0083950397348
1192.0083950397348
1171.687986417923
1161.276610215124
1161.276610215124
1161.276610215124
1160.1565858743195
1160.1565858743195
1159.5334985386955
1151.5567227226957
1143.4190741705959
1137.8728765798764
1137.8728765798764
1137.8728765798764
1131.968346448972
1131.968346448972
1131.047431241876
1131.047431241876
1131.047431241876
1130.470592570989
1130.470592570989
1130.470592570989
1130.1613599183665
1130.1613599183665
1124.881765483485
1123.377148080876
1123.377148080876
1123.363027554977
1123.363027554977
1123.363027554977
1118.6897420431535
1118.6897420431535
1116.2243483481968
1116.2243483481968
1116.2243483481968
1112.020904349083
1110.8562917168786
1110.48034290908
1110.48034290908
1110.48034290908
1110.304131773446
1110.304131773446
1110.304131773446
1110.304131773446
1105.5163514269032
1103.265888044916
1103.265888044916
1103.265888044916
1103.265888044916
1103.265888044916
1103.265888044916
1102.9106263108538
1102.9106263108538
1102.9106263108538
1099.8551375090879
1099.8551375090879
1096.2535058011806
1096.2535058011806
1096.2535058011806
1096.2535058011806
1096.2535058011806
1096.2535058011806
1094.0617109154975
1094.0617109154975
1094.0617109154975
1094.0617109154975
1093.6342044541498
1092.78873543964
1092.78873543964
1092.78873543964
1092.78873543964
1092.78873543964
1092.78873543964
1091.1766765795999
1091.1766765795999
1091.1766765795999
1091.1766765795999
1089.8901208047885
1089.8901208047885
1089.8901208047885
1089.8901208047885
1089.8901208047885
1088.940318328814
1088.940318328814
1088.940318328814
1088.940318328814
1088.940318328814
1088.940318328814
1088.940318328814
1088.7026661881164
1088.7026661881164
1088.7026661881164
1088.7026661881164
1088.7026661881164
1088.7026661881164
1088.7026661881164
1088.7026661881164
1088.7026661881164
8215.591518263423
8215.591518263423
6076.968971082776
3477.069983497151
3477.069983497151
3199.7665717560785
3199.7665717560785
3199.7665717560785
2995.8084077811204
2802.5389594593553
2786.3504292209936
2653.1242884727544
2653.1242884727544
2653.1242884727544
2653.1242884727544
2653.1242884727544
2653.1242884727544
2043.9503500587966
2043.9503500587966
2043.9503500587966
2043.9503500587966
2043.9503500587966
2043.9503500587966
2043.9503500587966
2043.9503500587966
2043.9503500587966
8215.591518263423
8215.591518263423
6189.703300440233
3015.944256089166
3015.944256089166
2761.953146689462
2100.3925541642307
1937.282942966802
1585.6629865036048
1550.4926356744606
1550.4926356744606
1436.9771218852604
1331.610597573071
1331.610597573071
1331.610597573071
1331.610597573071
1331.610597573071
1331.610597573071
1309.013138825812
1309.013138825812
1309.013138825812
1309.013138825812
1309.013138825812
1297.138798399354
1297.138798399354
1297.138798399354
1288.8218497625307
1288.8218497625307
1219.8295117362775
1213.310839652781
1213.310839652781
1213.310839652781
1200.3084404129308
1200.3084404129308
1198.6047921125546
1198.6047921125546
1198.6047921125546
1198.6047921125546
1196.7033903228403
1196.7033903228403
1189.3131643009217
1179.6092176844274
1179.6092176844274
1179.6092176844274
1179.6092176844274
1172.412493340698
1172.412493340698
1172.412493340698
1172.412493340698
1172.412493340698
1171.3733169794227
1170.8644907776813
1170.8644907776813
1170.8644907776813
1170.8644907776813
1170.8644907776813
1166.2818133194332
1158.154184896434
1158.154184896434
1158.154184896434
1158.154184896434
1158.154184896434
1154.7674279006208
1154.7674279006208
1154.5710962734026
1153.684519493625
1153.684519493625
1153.684519493625
1153.684519493625
1153.684519493625
1153.684519493625
1153.684519493625
1153.684519493625
1153.684519493625
8215.591518263423
8215.591518263423
5264.621295921123
3704.686277860825
3493.4857178640677
3355.37270869577
3006.6326019632575
2384.813472406057
2384.813472406057
2384.813472406057
2384.813472406057
2384.813472406057
2141.5775821080015
2141.5775821080015
1981.8947519853295
1911.2926689380006
1911.2926689380006
1911.2926689380006
1911.2926689380006
1911.2926689380006
1911.2926689380006
1911.2926689380006
1911.2926689380006
1911.2926689380006
8215.591518263423
8215.591518263423
7173.998820340003
3801.546980997647
3199.7710498419137
2077.440579364726
1818.3314959224572
1570.636630424773
1545.3391535513267
1498.3135771512216
1377.900012376608
1377.900012376608
1369.6319204700653
1250.1831632585245
1250.1831632585245
1250.1831632585245
1250.1831632585245
1250.1831632585245
1250.1831632585245
1182.4035538308808
1171.88329413628
1171.88329413628
1171.88329413628
1092.6483276658785
1092.6483276658785
1088.3757417111083
1088.3757417111083
1088.3757417111083
1081.674956249675
1070.3015383032591
1062.2516687725893
1040.8535188739204
1040.2405442879779
1027.489274149788
1009.6035398476924
1009.6035398476924
1009.6035398476924
1006.1031776696462
1003.5370092463633
1003.5370092463633
1003.5370092463633
989.0956102458134
985.4696182493503
963.6397922095734
963.6397922095734
963.6397922095734
958.8155803895334
958.8155803895334
958.8155803895334
955.2686540418341
953.4460485540276
953.4460485540276
951.2354163313794
946.7707271654987
946.3859936527617
946.3859936527617
946.3859936527617
946.3859936527617
934.947935257629
931.8490197737314
931.8490197737314
931.8490197737314
928.1646912613118
928.1646912613118
928.1646912613118
926.0825315888823
924.5953074052906
924.5953074052906
922.8642704349877
922.8642704349877
922.076440726375
921.0566564960832
921.0566564960832
921.0566564960832
920.5868588348466
920.5868588348466
919.8488751706898
919.6631052983917
919.1071481908214
918.9274278094372
918.6092222599775
917.4735635306776
917.4735635306776
917.2581253566716
917.2581253566716
917.1626358884055
917.1626358884055
916.5121594833028
916.5121594833028
916.3854002867151
915.9380548019083
915.9380548019083
915.9285661171381
915.6135479221525
915.6135479221525
915.6135479221525
915.6135479221525
915.6135479221525
915.6022108794232
915.5756474045859
915.54493964662
915.51378993339
915.4899803893329
915.4899803893329
915.4899803893329
915.4899803893329
915.4438926624842
915.4438926624842
915.4438926624842
915.4061489202641
915.4061489202641
915.4061489202641
915.4061489202641
915.4061489202641
915.4061489202641
915.4061489202641
915.4061489202641
915.4061489202641
8215.591518263423
7295.249866850678
6473.508683188545
4256.532121225597
2327.343705393768
1959.6432571845346
1583.7389223370053
1583.7389223370053
1583.7389223370053
1583.7389223370053
1583.7389223370053
1583.7389223370053
1583.7389223370053
1519.812507323638
1519.812507323638
1446.4148717938133
1446.4148717938133
1446.4148717938133
1446.4148717938133
1446.4148717938133
1446.4148717938133
1427.3911988116656
1427.3911988116656
1427.3911988116656
1427.3911988116656
1427.3911988116656
1398.8507013947062
1398.8507013947062
1398.8507013947062
1389.7941955028077
1342.4326967508887
1299.5231076731097
1299.5231076731097
1299.5231076731097
1299.5231076731097
1299.5231076731097
1299.5231076731097
1299.5231076731097
1299.5231076731097
1280.857366576587
1280.857366576587
1261.803177971501
1261.803177971501
1261.803177971501
1219.7568926284075
1219.7568926284075
1201.318561760047
1124.2832628575134
1110.7637899749654
1110.7637899749654
1078.7218396673588
1078.7218396673588
1078.7218396673588
1078.7218396673588
1078.7218396673588
1078.7218396673588
1073.3173369330575
1071.0726183118159
1071.0726183118159
1071.0726183118159
1066.9407660346294
1066.9407660346294
1066.9407660346294
1064.2852964133708
1061.740924371287
1061.740924371287
1061.740924371287
1061.740924371287
1061.740924371287
1061.740924371287
1061.740924371287
1061.740924371287
1061.740924371287
1061.3820929494314
1061.3820929494314
1061.3820929494314
1055.9890661356042
1055.9890661356042
1055.7963831218947
1055.7963831218947
1055.7963831218947
1055.3353532452147
1055.3353532452147
1055.3353532452147
1055.3353532452147
1055.3353532452147
1055.3353532452147
1055.3353532452147
1054.2519154285123
1052.5696288604818
1051.382481701232
1049.4680740745475
1049.4680740745475
1046.5895086784096
1046.5895086784096
1045.8812720215558
1045.8812720215558
1045.7906459526707
1045.7906459526707
1045.7906459526707
1045.7906459526707
1045.7906459526707
1045.7906459526707
1045.1606656491308
1045.1606656491308
1045.1606656491308
1045.1606656491308
1043.7236900701555
1043.7236900701555
1043.7236900701555
1042.211842067388
1042.211842067388
1042.211842067388
1042.211842067388
1042.211842067388
1042.211842067388
1042.211842067388
1042.211842067388
1042.211842067388
8215.591518263423
7994.441410307816
5179.348469641527
3084.0743282102953
3084.0743282102953
3084.0743282102953
3084.0743282102953
2967.1487380146914
2967.1487380146914
2692.568418868139
2639.823614989958
1960.0112170992643
1870.4100324555286
1756.2161683596037
1756.2161683596037
1756.2161683596037
1756.2161683596037
1707.1868512372703
1644.4559907914818
1560.8421031568096
1529.9028313657764
1529.9028313657764
1529.9028313657764
1529.9028313657764
1360.6442844236362
1360.6442844236362
1360.6442844236362
1360.6442844236362
1360.6442844236362
1357.3037909517204
1291.2136342472854
1291.2136342472854
1291.2136342472854
1291.2136342472854
1291.2136342472854
1291.2136342472854
1291.2136342472854
1280.4642035873826
1280.4642035873826
1280.4642035873826
1276.7387327904871
1276.7387327904871
1272.1495925922482
1272.1495925922482
1246.9870287126278
1246.9870287126278
1246.9870287126278
1220.253481587541
1196.8219196398652
1192.2908080236684
1192.2908080236684
1185.2278435941785
1185.2278435941785
1183.0851730683605
1183.0851730683605
1183.0851730683605
1179.7675048369829
1177.607830858291
1177.607830858291
1165.8897644358553
1162.444890625856
1162.444890625856
1158.340044477999
1158.340044477999
1158.340044477999
1158.340044477999
1158.340044477999
1158.340044477999
1158.340044477999
1156.110092366786
1156.110092366786
1156.110092366786
1156.110092366786
1156.110092366786
1156.110092366786
1156.110092366786
1156.110092366786
1156.110092366786
1153.6599089703304
1153.6599089703304
1153.6599089703304
1153.510269912306
1153.510269912306
1147.6050894870045
1147.6050894870045
1147.6050894870045
1147.6050894870045
1147.6050894870045
1147.6050894870045
1147.6050894870045
1147.4165554807205
1146.7878245572056
1146.7878245572056
1146.7878245572056
1144.7845547181369
1144.7845547181369
1144.7845547181369
1142.2695247891922
1142.2695247891922
1142.2695247891922
1142.2695247891922
1142.2695247891922
1142.2695247891922
1142.2695247891922
1140.1950506403728
1140.1950506403728
1140.1950506403728
1140.1950506403728
1139.9528590257523
1139.9528590257523
1138.820187905405
1138.820187905405
1138.820187905405
1138.820187905405
1138.820187905405
1138.820187905405
1138.820187905405
1137.9588873324751
1137.9588873324751
1137.9588873324751
1137.9588873324751
1137.9588873324751
1137.9588873324751
1137.220636423612
1137.220636423612
1137.220636423612
1137.1824104926825
1137.1824104926825
1137.1824104926825
1136.7012319302803
1136.7012319302803
1136.7012319302803
1136.7012319302803
1136.7012319302803
1136.7012319302803
1136.7012319302803
1136.7012319302803
1136.7012319302803
8215.591518263423
8215.591518263423
5175.979802781711
3586.6693834430444
3431.8155897928727
3095.4364129595856
3095.4364129595856
3095.4364129595856
2933.476020816841
2370.3872502963827
1918.971125064228
1918.971125064228
1918.971125064228
1918.971125064228
1918.971125064228
1918.971125064228
1918.971125064228
1804.6282680116992
1804.6282680116992
1804.6282680116992
1804.6282680116992
1804.6282680116992
1797.100425872898
1797.100425872898
1797.100425872898
1797.100425872898
1797.100425872898
1797.100425872898
1797.100425872898
1797.100425872898
1797.100425872898
8215.591518263423
8215.591518263423
5973.957145404339
2717.020224721494
2121.3356968610674
2043.9981296059163
2043.9981296059163
1864.6351747971423
1832.093713979954
1373.484924292452
1264.5691312645797
1264.5691312645797
1199.0968950104773
1199.0968950104773
1181.282790044742
1099.835047127732
1099.835047127732
1099.835047127732
1099.835047127732
1099.835047127732
1099.835047127732
1099.835047127732
1099.835047127732
1062.1960948364738
1062.053166254869
1062.053166254869
1060.2072677276803
1060.2072677276803
1060.2072677276803
1053.6981459280175
1053.6981459280175
1045.6310108739492
1045.6310108739492
1045.6310108739492
1029.278905547053
1029.278905547053
1017.1614957850152
1017.1614957850152
1017.1614957850152
1013.2049614078013
1013.2049614078013
1009.6213222254883
1009.6213222254883
1003.5769281391485
1003.5769281391485
1003.5769281391485
1003.5769281391485
980.6246033603708
980.6246033603708
980.6246033603708
980.6246033603708
980.6246033603708
980.6246033603708
968.7271024143911
968.7271024143911
968.7271024143911
967.1390063847642
967.1390063847642
967.1390063847642
966.4385138248706
966.4385138248706
966.10663659944
964.3755016926394
964.3755016926394
962.7405099126777
957.2195995731936
957.2195995731936
957.2195995731936
956.9317100316376
956.9317100316376
954.7733327028706
954.7733327028706
954.6771918732693
953.590104126818
953.590104126818
953.4482219411284
953.4482219411284
951.6785534118945
951.3251996992799
949.9861170709313
948.0671898970708
948.0671898970708
947.7644784375084
945.5490814422535
945.5490814422535
944.922280042649
944.0743422840235
942.4818528184932
942.0137906910202
942.0137906910202
942.0137906910202
941.8605576872621
941.8605576872621
941.8605576872621
941.8605576872621
941.1437994776463
940.1266178146027
940.1266178146027
940.1266178146027
939.2506218508998
939.2506218508998
939.2506218508998
939.2506218508998
939.2506218508998
939.2506218508998
939.2506218508998
939.2506218508998
939.2506218508998
939.0394449240839
939.0394449240839
938.8922694743725
938.8922694743725
938.8922694743725
938.8922694743725
938.8922694743725
938.8922694743725
938.5062744396583
938.5062744396583
938.5062744396583
938.5062744396583
938.5062744396583
938.5062744396583
938.5062744396583
