15286.981248834527
7095.853147574126
7095.853147574126
6728.261027751497
4384.040593895166
4384.040593895166
4384.040593895166
4384.040593895166
4384.040593895166
4384.040593895166
4384.040593895166
4384.040593895166
4384.040593895166
16372.141799587787
12046.227014350097
8939.819181617153
7282.690395538165
6296.726896981154
5838.404838988151
5838.404838988151
5780.192898913828
5664.591241492666
4589.1511021774895
4589.1511021774895
4589.1511021774895
4496.688440634425
4398.548116220509
4017.8519242031066
3950.6193963376104
3950.6193963376104
3926.583310295226
3926.583310295226
3926.583310295226
3926.583310295226
3926.583310295226
3769.5358251646344
3769.5358251646344
3642.1082177821445
3340.523979203158
3340.523979203158
3340.523979203158
3340.523979203158
3340.523979203158
3340.523979203158
3157.023513585162
3157.023513585162
3157.023513585162
3157.023513585162
2627.527327253427
2627.527327253427
2627.527327253427
2627.527327253427
2627.527327253427
2627.527327253427
2627.527327253427
2627.527327253427
2627.527327253427
16372.141799587787
15091.459677756597
9291.133347902713
8284.635760139256
7707.683359477338
5812.711357179606
5812.711357179606
5349.934969288244
4908.470110096272
4662.173008023692
4662.173008023692
4275.881812430596
4169.226128042419
4169.226128042419
4169.226128042419
4169.226128042419
4169.226128042419
4169.226128042419
4039.203584494527
4039.203584494527
4039.203584494527
4039.203584494527
4039.203584494527
4039.203584494527
4039.203584494527
4039.203584494527
4039.203584494527
16372.141799587787
10150.302449889034
9670.30958087144
7367.46528953416
7367.46528953416
6904.497705271436
6904.497705271436
6794.165547699535
6794.165547699535
6374.724850840863
6374.724850840863
6374.724850840863
6374.724850840863
5867.082683513862
4658.476583188956
4658.476583188956
4658.476583188956
4658.476583188956
4658.476583188956
4658.476583188956
4658.476583188956
4550.268739317819
4550.268739317819
4404.979243784383
4404.979243784383
4404.979243784383
4404.979243784383
3537.6137780217814
3537.6137780217814
3537.6137780217814
3537.6137780217814
3537.6137780217814
3537.6137780217814
3537.6137780217814
3537.6137780217814
3537.6137780217814
16372.141799587787
13025.894447303084
6642.309724763412
3724.584586079108
3724.584586079108
3724.584586079108
3724.584586079108
3724.584586079108
3724.584586079108
3435.5789260527954
3435.5789260527954
3383.5988304939106
3374.889225750698
3374.889225750698
3374.889225750698
3374.889225750698
3374.889225750698
3292.861170412839
3292.861170412839
3243.8996302663027
3243.8996302663027
3076.0098438672076
2930.934212690965
2900.2628084912017
2900.2628084912017
2900.2628084912017
2900.2628084912017
2900.2628084912017
2768.5376986998253
2768.5376986998253
2768.5376986998253
2637.8020184196484
2637.8020184196484
2637.8020184196484
2637.8020184196484
2637.8020184196484
2637.8020184196484
2637.8020184196484
2637.8020184196484
2373.100068569933
2373.100068569933
2373.100068569933
2373.100068569933
2373.100068569933
2373.100068569933
2373.100068569933
2373.100068569933
2373.100068569933
16372.141799587787
10098.001901988013
7245.231504194815
6879.108406936255
4182.70756217066
4182.70756217066
4182.70756217066
3981.2346797410546
3981.2346797410546
3981.2346797410546
3981.2346797410546
3981.2346797410546
3887.648462882316
3887.648462882316
3887.648462882316
3887.648462882316
3887.648462882316
3887.648462882316
3887.648462882316
3887.648462882316
3887.648462882316
16372.141799587787
10213.476423947717
8295.373182580914
6952.93754757758
6005.528261870078
6005.528261870078
5664.73698834415
4641.293133760551
4641.293133760551
4641.293133760551
4641.293133760551
4641.293133760551
3946.553517438613
3946.553517438613
3946.553517438613
3946.553517438613
3946.553517438613
3946.553517438613
3946.553517438613
3946.553517438613
3946.553517438613
16372.141799587787
12579.089893545706
6153.666060586481
6153.666060586481
6153.666060586481
6153.666060586481
6153.666060586481
6153.666060586481
6153.666060586481
5941.244511103874
5941.244511103874
5941.244511103874
5941.244511103874
5941.244511103874
5941.244511103874
5941.244511103874
5941.244511103874
5941.244511103874
4788.561854511845
4788.561854511845
4788.561854511845
4788.561854511845
4788.561854511845
4788.561854511845
4788.561854511845
4788.561854511845
4788.561854511845
16372.141799587787
12738.866602830634
9969.637185922455
6629.0339864251555
4470.866928491061
4470.866928491061
4470.866928491061
4470.866928491061
4470.866928491061
4470.866928491061
4470.866928491061
4470.866928491061
4470.866928491061
16372.141799587787
13270.50700561807
9227.732074885675
8363.92276280617
6656.2316807248
5623.126251097834
5415.235420261134
5415.235420261134
5415.235420261134
5345.114371729637
5265.930674515589
4010.667563236811
4010.667563236811
4010.667563236811
4010.667563236811
4010.667563236811
4010.667563236811
3650.841077238739
3505.1700434830973
3505.1700434830973
3505.1700434830973
3505.1700434830973
3505.1700434830973
3505.1700434830973
3505.1700434830973
3505.1700434830973
3505.1700434830973
16372.141799587787
13269.104043755453
7585.719515306328
5154.334484086848
5154.334484086848
4559.691512594182
4559.691512594182
4559.691512594182
4559.691512594182
4559.691512594182
4559.691512594182
4559.691512594182
4559.691512594182
4559.691512594182
16372.141799587787
12490.715180934185
9509.992046666443
7704.62799274426
5630.955772562766
5630.955772562766
5157.617635458032
5157.617635458032
5157.617635458032
5157.617635458032
5157.617635458032
5157.617635458032
4131.500223525252
4131.500223525252
4131.500223525252
4131.500223525252
4131.500223525252
3871.7541970570123
3871.7541970570123
3871.7541970570123
3871.7541970570123
3834.3196271032557
3834.3196271032557
3433.840766649033
3433.840766649033
3433.840766649033
3433.840766649033
3433.840766649033
3433.840766649033
3433.840766649033
3404.783572041796
3404.783572041796
3371.3379248500423
3318.2225192346555
3164.9792966902314
3164.9792966902314
3164.9792966902314
2977.1809038919087
2842.6973978333535
2838.5405644495972
2735.1985555533984
2735.1985555533984
2571.909310668678
2512.807447316348
2512.807447316348
2490.052512636432
2490.052512636432
2488.8282618640205
2487.0158735199366
2487.0158735199366
2476.5495589211005
2476.5495589211005
2327.0726445368496
2327.0726445368496
2327.0726445368496
2327.0726445368496
2327.0726445368496
2313.187867802797
2293.05617663219
2256.5627385079397
2256.5627385079397
2245.411211827881
2245.411211827881
2224.3211450607614
2224.3211450607614
2224.3211450607614
2211.4721220844885
2211.4721220844885
2211.4721220844885
2201.887897346703
2201.887897346703
2201.887897346703
2201.887897346703
2201.887897346703
2201.887897346703
2201.887897346703
2201.887897346703
2201.887897346703
16372.141799587787
13059.372690810205
6823.078687728155
6823.078687728155
6823.078687728155
6823.078687728155
6823.078687728155
6823.078687728155
6823.078687728155
6823.078687728155
6162.721754424026
6162.721754424026
6162.721754424026
6162.721754424026
6162.721754424026
6147.522008945101
6147.522008945101
6147.522008945101
6147.522008945101
6147.522008945101
6147.522008945101
6147.522008945101
6147.522008945101
6147.522008945101
16372.141799587787
11229.617117798143
8108.001079556936
7755.824487973622
6801.766036939427
6325.578735663957
5357.873444841654
4675.821371537526
4675.821371537526
4675.821371537526
4675.821371537526
4675.821371537526
4675.821371537526
4353.331033116414
4353.331033116414
4353.331033116414
4353.331033116414
4353.331033116414
4353.331033116414
4353.331033116414
4353.331033116414
4353.331033116414
16372.141799587787
13312.589724168367
8519.484702844384
5743.376246969567
5593.72106407889
3890.898227712669
3098.5332625596884
2541.546158107848
2541.546158107848
2541.546158107848
2541.546158107848
2365.677492352985
2247.816942198958
2107.7396460403124
1966.2676739707072
1966.2676739707072
1940.1758462412956
1856.1108687468018
1741.9395904660282
1741.9395904660282
1741.9395904660282
1741.9395904660282
1741.9395904660282
1692.082250279851
1692.082250279851
1591.4323043745107
1591.4323043745107
1538.2499045624056
1538.2499045624056
1538.2499045624056
1538.2499045624056
1478.6768098630903
1478.6768098630903
1478.6768098630903
1478.6768098630903
1478.6768098630903
1478.6768098630903
1478.6768098630903
1478.6768098630903
1478.6768098630903
16372.141799587787
13170.429139767633
8639.78300643107
7501.118482412977
6268.305432245385
6268.305432245385
6268.305432245385
6268.305432245385
5738.01096396055
5738.01096396055
5738.01096396055
5545.388440647492
5545.388440647492
4940.0926622242605
4808.475142021423
4653.764298389007
4491.827948966144
4491.827948966144
4491.827948966144
4491.827948966144
4491.827948966144
4491.827948966144
4491.827948966144
4491.827948966144
4352.955724198424
4352.955724198424
4352.955724198424
4352.955724198424
4352.955724198424
4352.955724198424
4352.955724198424
4352.955724198424
4352.955724198424
16372.141799587787
9521.220863461802
6862.446597766813
6114.278977039979
6114.278977039979
6114.278977039979
6114.278977039979
4830.030526733256
4830.030526733256
4830.030526733256
4830.030526733256
4550.220375561172
4383.430911288908
4383.430911288908
4105.642981226228
4105.642981226228
3888.939755726549
3888.939755726549
3888.939755726549
3888.939755726549
3888.939755726549
3888.939755726549
3888.939755726549
3888.939755726549
3888.939755726549
16372.141799587787
9580.473461078827
4884.338182626452
4884.338182626452
4884.338182626452
4884.338182626452
4884.338182626452
4884.338182626452
4884.338182626452
4884.338182626452
4884.338182626452
16372.141799587787
12501.646915816926
9969.809256973518
5605.07293382268
4816.373013025117
4217.281830796932
3707.8514238528546
3669.76454793098
3669.76454793098
3566.221230278195
3026.8360118021906
3026.8360118021906
3026.8360118021906
3026.8360118021906
3002.1532957424374
3002.1532957424374
2722.7712699679687
2722.7712699679687
2722.7712699679687
2722.7712699679687
2722.7712699679687
2722.7712699679687
2722.7712699679687
2722.7712699679687
2722.7712699679687
16372.141799587787
11415.853562791086
9824.16649505658
9557.896379407684
6729.307371884263
5599.6056879426515
5599.6056879426515
4522.028516601221
4522.028516601221
4522.028516601221
4522.028516601221
4522.028516601221
3813.759589869153
3813.759589869153
3813.759589869153
3813.759589869153
3813.759589869153
3813.759589869153
3813.759589869153
3813.759589869153
3467.315158689206
3467.315158689206
3467.315158689206
3467.315158689206
3467.315158689206
3467.315158689206
3467.315158689206
3467.315158689206
3319.188719526336
3319.188719526336
3319.188719526336
3284.780846962011
3284.780846962011
3284.780846962011
3210.674357446273
3210.674357446273
3210.674357446273
3210.674357446273
3156.049002657941
3156.049002657941
3156.049002657941
3156.049002657941
3156.049002657941
3109.5995134688683
3109.5995134688683
3055.6922393885807
3055.6922393885807
2977.3076636037463
2977.3076636037463
2977.3076636037463
2977.3076636037463
2977.3076636037463
2977.3076636037463
2977.3076636037463
2977.3076636037463
2977.3076636037463
2942.407774270809
2942.407774270809
2833.4996519130764
2833.4996519130764
2785.1582409100483
2785.1582409100483
2785.1582409100483
2725.6323152589666
2725.6323152589666
2699.2926934027782
2696.9183089186436
2581.19797076146
2568.1433983965435
2568.1433983965435
2564.8107706550977
2564.8107706550977
2564.8107706550977
2564.8107706550977
2564.8107706550977
2564.8107706550977
2564.8107706550977
2564.8107706550977
2540.4987406706255
2469.5184786152167
2469.5184786152167
2469.5184786152167
2469.5184786152167
2469.5184786152167
2462.126494291611
2462.126494291611
2462.126494291611
2462.126494291611
2462.126494291611
2462.126494291611
2462.126494291611
2462.126494291611
2460.903970090004
2460.903970090004
2444.541953037322
2444.541953037322
2444.541953037322
2422.6572922006435
2422.6572922006435
2420.0747966908516
2420.0747966908516
2420.0747966908516
2412.752241327693
2404.284759526429
2404.284759526429
2400.2496371249904
2400.2496371249904
2400.2496371249904
2390.1565649287422
2390.1565649287422
2390.1565649287422
2390.1565649287422
2363.233559787088
2363.233559787088
2363.233559787088
2363.233559787088
2363.233559787088
2363.233559787088
2363.233559787088
2363.233559787088
2363.233559787088
16372.141799587787
13656.317515825238
7698.479040438977
5430.861487862203
5430.861487862203
5430.861487862203
4332.219732516398
4332.219732516398
4332.219732516398
4332.219732516398
3907.700411322283
3907.700411322283
3143.3673994685582
3092.642391618617
2916.9426784337347
2916.9426784337347
2916.9426784337347
2860.3764248072766
2860.3764248072766
2860.3764248072766
2681.11819869604
2399.483220550793
2399.483220550793
2399.483220550793
2399.483220550793
2399.483220550793
2399.483220550793
2399.483220550793
2399.483220550793
2399.483220550793
2327.210954446135
2327.210954446135
2223.7593936650155
2180.4499027828388
2180.4499027828388
2180.4499027828388
2180.4499027828388
2180.4499027828388
2180.4499027828388
2180.4499027828388
2164.932852975705
2164.932852975705
2143.542268713575
2143.542268713575
2143.542268713575
2143.542268713575
2140.4903939811393
2140.4903939811393
2140.4903939811393
2140.4903939811393
2139.8853702278484
2139.8853702278484
2139.8853702278484
2102.7937445569296
2102.7937445569296
2102.7937445569296
2067.583022115987
2064.0964699390097
2064.0964699390097
2064.0964699390097
2064.0964699390097
2007.0970131510696
2006.3111946842857
2006.3111946842857
2006.3111946842857
2006.3111946842857
1987.0544777611271
1963.2124818631592
1963.2124818631592
1924.295745932703
1924.295745932703
1924.295745932703
1924.295745932703
1860.4541027334078
1847.588793967834
1847.588793967834
1826.563866666626
1816.3466542521628
1800.3940855710161
1798.2532533722442
1786.4037952342837
1786.4037952342837
1781.354748291743
1781.354748291743
1733.5843053467179
1733.5843053467179
1733.5843053467179
1733.5843053467179
1733.5843053467179
1733.5843053467179
1720.9816897403566
1720.9816897403566
1720.9816897403566
1720.9816897403566
1720.9816897403566
1706.674874989665
1706.674874989665
1706.674874989665
1706.674874989665
1702.3725079914648
1702.3725079914648
1689.056014013029
1689.056014013029
1689.056014013029
1689.056014013029
1689.056014013029
1689.056014013029
1681.3802914413725
1681.3802914413725
1681.3802914413725
1681.3802914413725
1681.3802914413725
1681.3802914413725
1681.3802914413725
1681.3802914413725
1681.3802914413725
16372.141799587787
8741.002785867826
7119.372733501752
4282.888446763825
4282.888446763825
4282.888446763825
4282.888446763825
4282.888446763825
4282.888446763825
3820.2751906448298
3820.2751906448298
3820.2751906448298
3820.2751906448298
3820.2751906448298
3820.2751906448298
3820.2751906448298
3706.7290126194266
3706.7290126194266
3706.7290126194266
3706.7290126194266
3706.7290126194266
3706.7290126194266
3706.7290126194266
3706.7290126194266
3706.7290126194266
3387.0555550922977
3237.961220134931
3237.961220134931
3196.0203358501353
3098.9577282447153
3087.125506960389
3087.125506960389
3081.628721546069
3081.628721546069
3030.1381438878475
3030.1381438878475
3022.5326512788197
3022.5326512788197
3022.5326512788197
3022.5326512788197
3006.4804883221886
3006.4804883221886
2967.728731801726
2956.257727852898
2956.257727852898
2867.305007908758
2808.5270585104618
2808.5270585104618
2808.5270585104618
2803.693885668922
2766.210301076475
2579.6634869853506
2579.6634869853506
2579.6634869853506
2579.6634869853506
2579.6634869853506
2579.6634869853506
2579.6634869853506
2543.9522957287672
2543.9522957287672
2543.9522957287672
2543.9522957287672
2543.9522957287672
2472.7983840226575
2461.6879032785732
2461.6879032785732
2416.466186126845
2416.466186126845
2416.466186126845
2416.466186126845
2364.9727423962518
2362.157716610166
2266.3401330218194
2266.3401330218194
2257.0241489887508
2238.947930124781
2238.947930124781
2222.747652396472
2222.747652396472
2222.747652396472
2222.747652396472
2208.2743308016443
2208.2743308016443
2208.2743308016443
2204.8352796508257
2204.8352796508257
2198.7021576796187
2198.7021576796187
2198.7021576796187
2198.7021576796187
2193.2869689496574
2193.2869689496574
2193.2869689496574
2193.2869689496574
2193.2869689496574
2193.2869689496574
2193.2869689496574
2183.2992361999304
2183.2992361999304
2166.007662019508
2166.007662019508
2166.007662019508
2166.007662019508
2165.614664200315
2165.614664200315
2151.853309480606
2151.853309480606
2151.853309480606
2151.853309480606
2151.853309480606
2151.853309480606
2151.853309480606
2151.853309480606
2151.853309480606
16372.141799587787
12475.052363201536
7548.797166869785
5734.846927264908
4885.62461387097
4232.508547321117
4232.508547321117
4232.508547321117
4232.508547321117
4165.799366550373
3715.52299000238
3703.2655456004413
3703.2655456004413
3169.6986368845123
3169.6986368845123
3008.3994054150644
2913.676873616044
2913.676873616044
2913.676873616044
2729.183309199967
2729.183309199967
2729.183309199967
2729.183309199967
2729.183309199967
2729.183309199967
2729.183309199967
2729.183309199967
2729.183309199967
2676.034496282201
2676.034496282201
2621.1322482250534
2621.1322482250534
2599.647787949556
2599.647787949556
2599.647787949556
2595.9436383736293
2595.9436383736293
2595.9436383736293
2595.9436383736293
2573.786706315559
2315.419095272755
2299.6840436762454
2299.6840436762454
2247.2275813622487
2240.759993913043
2240.759993913043
2231.201661989452
2231.201661989452
2231.201661989452
2231.201661989452
2231.201661989452
2231.201661989452
2192.2620014741506
2122.5381710366555
2072.951693761356
2059.3179057968628
2059.3179057968628
2003.69989299022
2003.69989299022
2003.69989299022
1994.5840230549575
1979.3923620567548
1964.1124270202479
1947.631486837455
1947.631486837455
1944.05233614301
1944.05233614301
1944.05233614301
1910.4982934494083
1910.4982934494083
1910.4982934494083
1910.4982934494083
1910.4982934494083
1903.3737695952304
1903.3737695952304
1903.3737695952304
1903.3737695952304
1886.0348508934308
1886.0348508934308
1886.0348508934308
1886.0348508934308
1886.0348508934308
1885.4256699851514
1885.4256699851514
1885.4256699851514
1885.4256699851514
1885.4256699851514
1885.4256699851514
1885.4256699851514
1885.4256699851514
1885.4256699851514
16372.141799587787
11345.903685939391
9688.743277439153
6065.91056856881
6065.91056856881
6065.91056856881
6065.91056856881
4371.919580836491
4371.919580836491
4371.919580836491
