10996.487059885812
6707.364184147242
3858.316452717589
2832.824008007423
2404.695928475143
2298.7160506915125
2298.7160506915125
2298.7160506915125
2298.7160506915125
2298.7160506915125
2298.7160506915125
2298.7160506915125
2298.7160506915125
2208.722211539925
2208.722211539925
2208.722211539925
2208.722211539925
2034.839352602772
2034.839352602772
2014.2205511199497
1910.8160266185096
1910.8160266185096
1629.902574468097
1629.902574468097
1629.902574468097
1629.902574468097
1629.902574468097
1629.902574468097
1629.902574468097
1622.8056580018042
1622.8056580018042
1590.0983136230357
1590.0983136230357
1590.0983136230357
1590.0983136230357
1590.0983136230357
1590.0983136230357
1590.0983136230357
1491.175269841437
1491.175269841437
1491.175269841437
1491.175269841437
1491.175269841437
1491.175269841437
1470.0452725694
1470.0452725694
1468.695655707353
1468.695655707353
1468.695655707353
1468.695655707353
1468.695655707353
1453.7203063057455
1453.7203063057455
1453.7203063057455
1453.7203063057455
1446.9113010404049
1446.9113010404049
1446.9113010404049
1435.0308742145953
1428.1203791773905
1427.4209053301934
1421.2643582203536
1389.7978400981547
1350.572590469546
1350.1174572494615
1350.1174572494615
1342.024287876191
1342.024287876191
1332.061144732732
1321.9568866863733
1321.9568866863733
1319.888230914991
1319.888230914991
1311.0630852855948
1288.0605230216502
1288.0605230216502
1288.0605230216502
1285.018418437043
1285.018418437043
1285.018418437043
1285.018418437043
1282.9872629441452
1280.8254741535457
1280.8254741535457
1270.3270240674804
1270.3270240674804
1270.3270240674804
1259.4001073193535
1259.4001073193535
1259.4001073193535
1253.7159571300745
1253.7159571300745
1253.7159571300745
1253.7159571300745
1253.7159571300745
1253.7159571300745
1249.8099523700926
1247.725955279325
1247.725955279325
1243.749509535131
1243.749509535131
1243.749509535131
1239.635925418423
1239.635925418423
1234.879377476995
1234.879377476995
1234.879377476995
1234.879377476995
1234.879377476995
1234.879377476995
1234.879377476995
1234.879377476995
1234.879377476995
14282.997612280846
8725.100205971672
7249.172036639872
5123.274842588582
3579.6361482524417
3579.6361482524417
3210.013513420913
3156.7625687617
3025.7540116410787
2348.4790180530035
2348.4790180530035
2348.4790180530035
2320.929685346011
1988.0241690900757
1988.0241690900757
1988.0241690900757
1940.6760792106948
1940.6760792106948
1940.6760792106948
1940.6760792106948
1940.6760792106948
1940.6760792106948
1886.6255075715499
1800.6130940690396
1800.6130940690396
1800.6130940690396
1800.6130940690396
1800.6130940690396
1800.6130940690396
1800.6130940690396
1800.6130940690396
1800.6130940690396
14282.997612280846
9810.641675734647
6875.188008553698
5119.569392612945
4564.879485800871
3913.961717513064
3693.747737933629
3693.747737933629
2651.0270314341933
2651.0270314341933
2651.0270314341933
2651.0270314341933
2651.0270314341933
2651.0270314341933
2651.0270314341933
2651.0270314341933
2651.0270314341933
14282.997612280846
7069.505910662483
4459.5362817129135
4459.5362817129135
3179.7748887419175
2695.0361112082505
2695.0361112082505
2183.8338010025395
2141.4692398882185
2141.4692398882185
1957.4775952369248
1453.127348062228
1453.127348062228
1453.127348062228
1453.127348062228
1453.127348062228
1453.127348062228
1453.127348062228
1453.127348062228
1453.127348062228
14282.997612280846
12040.98069043517
7727.861532039819
6738.035522041001
4424.9169430902475
4386.258878096767
4386.258878096767
4386.258878096767
3864.953422056071
2634.7685881832313
2634.7685881832313
2634.7685881832313
2175.3457924377935
2106.2152719691885
2106.2152719691885
1931.1132605736052
1857.4179624850753
1857.4179624850753
1664.6133200980373
1664.6133200980373
1664.6133200980373
1447.2894127565557
1447.2894127565557
1447.2894127565557
1401.8222838335805
1331.0363309275353
1331.0363309275353
1331.0363309275353
1277.4502075569417
1277.4502075569417
1213.6573366826517
1213.6573366826517
1191.162964170004
1166.7806133582276
1166.7806133582276
1166.7806133582276
1166.7806133582276
1166.7806133582276
1166.7806133582276
1166.7806133582276
1166.7806133582276
1145.5468143097996
1145.5468143097996
1145.5468143097996
1125.4428450511962
1125.4428450511962
1090.4971093514393
1090.4971093514393
1090.4971093514393
1089.5927939605563
1089.4630431882988
1089.4630431882988
1089.4630431882988
1089.4630431882988
1089.4630431882988
1087.8453774270884
1084.8985728799173
1084.8985728799173
1084.8985728799173
1084.8985728799173
1084.8985728799173
1084.7534420072282
1079.3120149028296
1079.3120149028296
1067.718902583055
1067.718902583055
1067.718902583055
1064.4023231834346
1064.4023231834346
1064.3679747720998
1058.5676059777056
1058.5676059777056
1054.1602963777127
1054.1602963777127
1046.7467518449484
1045.9912587226127
1030.7507792182664
1027.4446792577555
1015.2387852021435
1014.6629272325366
1012.5053559847494
1012.5053559847494
1012.5053559847494
1012.3993573283154
1011.9857996596053
1011.9857996596053
1011.5501756825271
1008.4952080382034
1006.485671845664
1003.9554210993904
1003.9554210993904
1003.9554210993904
1002.2055340295915
1002.2055340295915
1001.4574948178767
1001.4574948178767
1000.3060080961382
999.4568908098
997.623915539541
997.623915539541
993.9178699818382
993.9178699818382
993.9178699818382
993.9178699818382
993.9178699818382
992.8667439025035
992.8667439025035
992.8667439025035
992.8667439025035
992.0057074588572
992.0057074588572
992.0057074588572
992.0057074588572
992.0057074588572
992.0057074588572
991.6039900376936
991.6039900376936
991.6039900376936
991.6039900376936
991.4388249766015
991.4388249766015
991.327354440728
991.327354440728
991.327354440728
991.327354440728
991.327354440728
990.2830348510938
990.2830348510938
990.2830348510938
990.2830348510938
990.2830348510938
990.2830348510938
990.2830348510938
990.2830348510938
990.2830348510938
14282.997612280846
9597.763719384986
6845.599711276045
3844.1162136919047
3105.9432841854023
3105.9432841854023
2724.767848727979
2724.767848727979
2712.1120186566277
2528.246697364193
2528.246697364193
2114.5328658417407
2114.5328658417407
2114.5328658417407
2114.5328658417407
2114.5328658417407
2114.5328658417407
2114.5328658417407
2063.2306620760473
2063.2306620760473
2063.2306620760473
2063.2306620760473
2063.2306620760473
2063.2306620760473
2063.2306620760473
2063.2306620760473
2063.2306620760473
14282.997612280846
11992.795276016976
7193.068471777931
3556.1357787888837
3556.1357787888837
3556.1357787888837
3338.524974174876
3328.3255221267864
3112.577777888597
3112.577777888597
2507.8849532668064
2438.7594538644944
2438.7594538644944
2438.7594538644944
2438.7594538644944
2192.1449241228465
2192.1449241228465
2192.1449241228465
1924.2268820142356
1924.2268820142356
1924.2268820142356
1924.2268820142356
1924.2268820142356
1924.2268820142356
1924.2268820142356
1924.2268820142356
1924.2268820142356
14282.997612280846
10099.241106953034
6950.497969222618
5202.346768198591
4521.389760558309
3819.0588926921037
3819.0588926921037
3819.0588926921037
3447.888811327496
2899.154553723544
2899.154553723544
2868.206313111794
2868.206313111794
2868.206313111794
2868.206313111794
2868.206313111794
2868.206313111794
2868.206313111794
2868.206313111794
2868.206313111794
14282.997612280846
10716.108133729824
4977.671207245934
3553.972459889401
3553.972459889401
3553.972459889401
3553.972459889401
3553.972459889401
3553.972459889401
3553.972459889401
3502.9891131983104
3244.2310584870015
3244.2310584870015
3244.2310584870015
3244.2310584870015
3244.2310584870015
3244.2310584870015
3244.2310584870015
3244.2310584870015
3244.2310584870015
14282.997612280846
9336.44977550464
5371.471861003615
5174.422699788511
3661.579783081681
3087.732527828901
3087.732527828901
3087.732527828901
2779.698121733359
2516.561230691581
2079.9324948838803
1732.2450530288131
1732.2450530288131
1732.2450530288131
1663.316844363813
1663.316844363813
1663.316844363813
1663.316844363813
1663.316844363813
1663.316844363813
1663.316844363813
1663.316844363813
1663.316844363813
1585.913836959582
1585.913836959582
1585.913836959582
1585.913836959582
1585.913836959582
1544.2421619936677
1544.2421619936677
1544.2421619936677
1544.2421619936677
1544.2421619936677
1544.2421619936677
1544.2421619936677
1544.2421619936677
1544.2421619936677
14282.997612280846
12663.739613109625
5904.25545876807
5435.209605097329
3297.595628900766
3297.595628900766
3297.595628900766
2720.1722160492054
2720.1722160492054
2720.1722160492054
2720.1722160492054
2581.1689521019725
2581.1689521019725
2581.1689521019725
2581.1689521019725
2581.1689521019725
2581.1689521019725
2581.1689521019725
2581.1689521019725
2581.1689521019725
14282.997612280846
9070.205372762663
4396.216371507224
3791.8691877042124
3324.962250058479
2955.071089767278
2803.0766404085225
2361.801139119426
2060.187564239616
1665.4331248750887
1477.4540443292349
1477.4540443292349
1371.8943004193834
1352.167012988281
1163.1606919054755
1133.155748811703
1133.155748811703
1046.2753304823634
1046.2753304823634
1046.2753304823634
1015.0833826735625
1014.2504831793455
989.9607107076673
985.3089712744653
970.0857319410866
970.0857319410866
959.9055056158605
959.9055056158605
959.9055056158605
959.9055056158605
959.9055056158605
959.5826480984521
951.1315111988397
951.1315111988397
950.5094844418246
950.5094844418246
944.8891600953579
944.8891600953579
942.1270574135725
942.1270574135725
942.1270574135725
941.7093586371791
941.7093586371791
939.4205306287279
939.4205306287279
935.8937204030052
935.1291900811045
935.1291900811045
935.0141702130747
933.075181273651
932.1016315044436
932.1016315044436
929.8850178790461
929.8850178790461
929.8850178790461
929.7873044250113
929.6580471902006
929.6580471902006
929.6580471902006
929.0828647474633
928.3548850052074
928.3548850052074
928.3548850052074
928.3548850052074
928.3548850052074
928.3548850052074
928.3548850052074
928.3548850052074
928.2161750967882
928.2161750967882
927.9472184060016
927.7338861622904
927.7338861622904
927.7338861622904
927.7338861622904
927.0238689528782
927.0238689528782
927.0238689528782
927.0238689528782
927.0238689528782
927.0238689528782
927.0238689528782
927.0238689528782
927.0238689528782
14282.997612280846
10006.782325485776
7664.550753638972
4150.7173368445965
4150.7173368445965
4150.7173368445965
4150.7173368445965
4150.7173368445965
4150.7173368445965
4150.7173368445965
4150.7173368445965
4150.7173368445965
14282.997612280846
10002.769406234835
4251.321095856589
2843.128080840993
2035.1366871041735
2035.1366871041735
1933.5235992321657
1933.5235992321657
1933.5235992321657
1802.3473423776416
1802.3473423776416
1802.3473423776416
1802.3473423776416
1802.3473423776416
1802.3473423776416
1802.3473423776416
1802.3473423776416
1802.3473423776416
14282.997612280846
9113.918030222214
7126.233617460037
3176.7946531794546
2889.6231861189003
2889.6231861189003
2889.6231861189003
2889.6231861189003
2889.6231861189003
2536.953597962294
2335.551469935143
2115.5952879423485
2115.5952879423485
2115.5952879423485
2115.5952879423485
2115.5952879423485
2115.5952879423485
2115.5952879423485
2115.5952879423485
2115.5952879423485
14282.997612280846
11402.82327089383
7147.365219299583
4038.447444775579
3449.3604030011775
2481.0402318338097
2481.0402318338097
2453.363936058944
2453.363936058944
1998.433060428098
1998.433060428098
1998.433060428098
1998.433060428098
1998.433060428098
1998.433060428098
1998.433060428098
1998.433060428098
1949.468329066329
1905.8028782923552
1905.8028782923552
1905.8028782923552
1892.3693958988601
1892.3693958988601
1892.3693958988601
1892.3693958988601
1892.3693958988601
1892.3693958988601
1892.3693958988601
1892.3693958988601
1872.1576560174826
1872.1576560174826
1871.0057746599634
1871.0057746599634
1871.0057746599634
1867.2373144119847
1867.2373144119847
1865.4899157388265
1865.4899157388265
1846.8533005411273
1845.6283959541056
1830.4101710656003
1830.4101710656003
1823.6033536527211
1823.6033536527211
1823.6033536527211
1819.4007757513523
1777.2498569433344
1759.9711724893257
1759.9711724893257
1746.675664449708
1746.675664449708
1736.752069098493
1736.752069098493
1736.752069098493
1736.752069098493
1736.752069098493
1727.3736342874677
1727.3736342874677
1723.2009163950124
1723.2009163950124
1723.2009163950124
1688.8103953959676
1688.8103953959676
1688.8103953959676
1688.8103953959676
1688.8103953959676
1687.616420001391
1687.616420001391
1684.4626726164306
1670.9125584619717
1670.9125584619717
1670.9125584619717
1658.8662005059982
1658.8662005059982
1655.3335981193213
1655.3335981193213
1655.3335981193213
1655.3335981193213
1655.3335981193213
1655.3335981193213
1655.3335981193213
1655.3335981193213
1655.3335981193213
14282.997612280846
9965.484201745181
3908.0482184057632
3908.0482184057632
3619.681499394123
3351.709271501704
3351.709271501704
3351.709271501704
3351.709271501704
2552.7586702711105
2552.7586702711105
2552.7586702711105
2552.7586702711105
2552.7586702711105
2552.7586702711105
2552.7586702711105
2552.7586702711105
2552.7586702711105
14282.997612280846
7362.077634938915
5446.596354744439
5446.596354744439
4308.957312824501
4308.957312824501
3665.825978769913
3393.583529295992
3322.548324594125
3322.548324594125
2622.0092592499823
2622.0092592499823
2622.0092592499823
2622.0092592499823
2622.0092592499823
2622.0092592499823
2622.0092592499823
2622.0092592499823
2622.0092592499823
14282.997612280846
12299.272682416975
7499.129997044964
5877.31600995066
5653.096539233013
4202.605562529439
3927.812115764088
3927.812115764088
3927.812115764088
3688.821969215774
3688.821969215774
3688.821969215774
3688.821969215774
3688.821969215774
3570.969076556148
3570.969076556148
3288.043198710029
3288.043198710029
2907.5654331374762
2907.5654331374762
2907.5654331374762
2907.5654331374762
2907.5654331374762
2799.264296519458
2799.264296519458
2799.264296519458
2799.264296519458
2799.264296519458
2799.264296519458
2799.264296519458
2799.264296519458
2799.264296519458
14282.997612280846
9414.735430839019
6823.624216569599
4171.547887220697
3563.3250532879056
3285.538794818984
3285.538794818984
3285.538794818984
3285.538794818984
3110.7460647516214
2558.0473421786214
2558.0473421786214
2558.0473421786214
2558.0473421786214
2558.0473421786214
2558.0473421786214
2558.0473421786214
2558.0473421786214
2558.0473421786214
2439.002583855311
2439.002583855311
2439.002583855311
2439.002583855311
2439.002583855311
2439.002583855311
2439.002583855311
2439.002583855311
2439.002583855311
14282.997612280846
12428.501431509747
6740.169551290193
6740.169551290193
6740.169551290193
6740.169551290193
6652.327139100579
5210.1023581729205
4942.733903448472
4942.733903448472
4942.733903448472
4942.733903448472
4193.847953087818
4193.847953087818
4193.847953087818
4193.847953087818
4193.847953087818
4193.847953087818
4193.847953087818
4193.847953087818
4193.847953087818
14282.997612280846
12517.025150209767
5962.025841743505
3782.3858673933073
2909.643187232955
2909.643187232955
2909.643187232955
2909.643187232955
2909.643187232955
2909.643187232955
2909.643187232955
2705.446459913726
2652.8634377410553
2652.8634377410553
2652.8634377410553
2652.8634377410553
2652.8634377410553
2652.8634377410553
2392.8450121557544
2392.8450121557544
2392.8450121557544
2391.59870680545
2391.59870680545
2336.116724309157
2294.223011270061
2294.223011270061
2294.223011270061
2294.223011270061
2294.223011270061
2294.223011270061
2294.223011270061
2213.253118317888
2198.7674286346164
2198.7674286346164
2198.7674286346164
2198.7674286346164
2187.3031437213667
2163.4844089372
2034.6055629946663
2016.8911816822908
2007.272597158645
1938.6642016714532
1938.6642016714532
1919.5825415045717
1919.5825415045717
1919.5825415045717
1898.8078000845342
1898.8078000845342
1898.8078000845342
1898.8078000845342
1832.8346754218717
1832.8346754218717
1832.8346754218717
1832.8346754218717
1832.8346754218717
1832.8346754218717
1832.8346754218717
1818.7441996534203
1818.7441996534203
1818.7441996534203
1818.7441996534203
1818.7441996534203
1818.7441996534203
1818.7441996534203
1816.9720457266346
1816.9720457266346
1816.9720457266346
1816.9720457266346
1816.9720457266346
1816.9720457266346
1815.71610694121
1798.7674161245834
1798.7674161245834
1798.7674161245834
1798.7674161245834
1798.7674161245834
1795.849597579064
1795.849597579064
1795.8240931430096
1795.8240931430096
1795.8240931430096
1795.8240931430096
1790.4113845008155
1790.4113845008155
1790.4113845008155
1790.4113845008155
1790.4113845008155
1790.4113845008155
1790.4113845008155
1790.4113845008155
1790.4113845008155
14282.997612280846
11506.956088387624
5627.282968286964
3198.1527839774894
2932.7716129798187
2932.7716129798187
2932.7716129798187
2932.7716129798187
2551.2001322064516
2551.2001322064516
2551.2001322064516
2551.2001322064516
2551.2001322064516
2551.2001322064516
2551.2001322064516
2518.3680131063993
2518.3680131063993
2371.0744856781803
2371.0744856781803
2371.0744856781803
2371.0744856781803
2371.0744856781803
2371.0744856781803
2371.0744856781803
2371.0744856781803
2371.0744856781803
2120.539842840753
2120.539842840753
2120.539842840753
2120.539842840753
2120.539842840753
2120.539842840753
1986.7037943495307
1986.7037943495307
1986.7037943495307
1986.7037943495307
1986.7037943495307
1986.7037943495307
1986.7037943495307
1986.7037943495307
1986.7037943495307
14282.997612280846
8211.442770768963
6007.115581559882
3076.043775162047
3076.043775162047
2712.6062009635007
2712.6062009635007
2578.946796754017
2378.5068135274696
2378.5068135274696
2378.5068135274696
2378.5068135274696
2378.5068135274696
2378.5068135274696
2378.5068135274696
2378.5068135274696
2378.5068135274696
14282.997612280846
9819.137709019586
6180.726476799718
4262.990805291636
3164.4572406113393
2953.883661854329
2741.8879246555402
2741.8879246555402
2495.6996023380875
2495.6996023380875
2495.6996023380875
2390.5636764858536
2390.5636764858536
2390.5636764858536
2390.5636764858536
2317.145582484753
2317.145582484753
2317.145582484753
2317.145582484753
2231.183809009317
2231.183809009317
2231.183809009317
2231.183809009317
2198.100864167838
2116.2696670197874
2116.2696670197874
2116.2696670197874
1868.9624615411208
1868.9624615411208
1868.9624615411208
1868.9624615411208
1868.9624615411208
1868.9624615411208
1868.9624615411208
1657.706272035367
1657.706272035367
1657.706272035367
1657.706272035367
1657.706272035367
1657.706272035367
1657.706272035367
1657.706272035367
1657.706272035367
14282.997612280846
8627.442329239999
3807.4095451522917
3359.2053434921136
2652.065470341495
2440.3001405210725
