4235.391974358072
4176.04375485683
3985.0036415532722
3811.322832011034
3757.9165122410313
3552.4381580090494
3399.315090382762
3380.005308488478
3268.703773121936
3248.483776271276
3183.793516781995
3135.990808368926
3135.990808368926
3135.990808368926
3115.948974797844
3115.948974797844
3101.719209016453
3101.0405026200706
3077.735969939064
3077.735969939064
3077.735969939064
3077.255768223795
3071.6325288833223
3071.6325288833223
3067.4985542867453
3067.34460882833
3064.0038961602404
3062.0298256295973
3057.0984715728505
3055.8525278724624
3054.3740377879917
3054.3740377879917
3053.8698751745687
3053.6297980297586
3052.0576075839854
3051.8732054631723
3051.8732054631723
3051.8732054631723
3050.4063878264014
3049.2926042188437
3047.278973994428
3047.235131687361
3046.133308516658
3046.133308516658
3045.8484536027213
3044.9409065263226
3044.689350763011
3043.9949158315867
3043.6948335379266
3043.3246924829955
3043.0525998636795
3042.756630463994
3042.5404821256075
3042.372548919429
3041.7768697719252
3041.260274197085
3040.2204618081164
3039.4079231210417
3037.944251157255
3037.410346080972
3037.410346080972
3037.298169759441
3037.298169759441
3037.298169759441
3037.130343823024
3036.657180236966
3036.53284145163
3036.53284145163
3036.53284145163
3036.3585765148646
3036.3585765148646
3036.3585765148646
3036.3585765148646
3036.3585765148646
3036.3585765148646
3035.9206938992393
3035.9206938992393
3035.9206938992393
3035.9206938992393
3035.9206938992393
3035.9206938992393
3035.9206938992393
3035.9206938992393
3035.7952964207366
3035.7952964207366
3035.7952964207366
3035.753666439552
3035.753666439552
3035.753666439552
3035.6988176683353
3035.6988176683353
3035.5690107888786
3035.5690107888786
3035.5690107888786
3035.5690107888786
3035.5690107888786
3035.5690107888786
3035.5690107888786
3035.4264524486543
3035.4264524486543
3035.4264524486543
3035.4264524486543
3035.3881176251793
3035.3881176251793
3035.3881176251793
3035.3881176251793
3035.3881176251793
3035.3742490017535
3035.3742490017535
3035.3171345677974
3035.3171345677974
3035.3171345677974
3035.272291439995
3035.272291439995
3035.2555566954015
3035.0158313353163
3035.0158313353163
3035.0158313353163
3035.0158313353163
3035.0158313353163
3035.0158313353163
3035.0158313353163
3035.0158313353163
3035.0158313353163
4235.391974358072
4235.391974358072
4226.3928149132325
4005.133949382279
3942.564375726219
3728.5481241000543
3618.074750936061
3514.6864379615968
3437.7093370047724
3403.8349845538387
3374.5842235254586
3331.903247979148
3240.180129640701
3219.5427684243077
3177.6752255349797
3166.1172140461294
3166.1172140461294
3150.516921231949
3139.2425936246486
3139.2425936246486
3131.705343529842
3119.348860111823
3115.0489723548526
3108.894348943965
3104.38201202574
3098.8262766921407
3097.7746332320467
3097.545593194648
3097.454089398784
3094.166781294817
3093.2604859896464
3092.6158300927013
3092.5925886669474
3092.07361451422
3089.934656314399
3088.827491680517
3087.9224013793746
3087.7437760117514
3086.473942394612
3086.473942394612
3085.5575405197933
3085.5575405197933
3085.5575405197933
3085.5575405197933
3085.0941002092186
3084.1469169480297
3084.1210741692958
3084.1203203918913
3083.7293500773967
3082.710210840348
3082.710210840348
3082.5227538502877
3082.4683436518635
3082.4683436518635
3082.31971415459
3082.31971415459
3082.31971415459
3082.31971415459
3081.8677696858645
3081.7715653541627
3081.7715653541627
3081.592806864162
3081.4425888803416
3081.146606666655
3081.146606666655
3081.146606666655
3081.146606666655
3080.6422330077066
3080.6422330077066
3080.6422330077066
3080.5956334917523
3080.5956334917523
3080.5956334917523
3080.5956334917523
3080.505589196749
3080.505589196749
3080.505589196749
3080.3962720632558
3080.312659916
3080.312659916
3080.312659916
3080.165679308556
3080.165679308556
3080.0839385603767
3080.0839385603767
3080.0839385603767
3080.0839385603767
3079.9120066749874
3079.9120066749874
3079.9120066749874
3079.9120066749874
3079.8986549600318
3079.8986549600318
3079.726277203617
3079.726277203617
3079.726277203617
3079.726277203617
3079.726277203617
3079.726277203617
3079.726277203617
3079.726277203617
3079.726277203617
4235.391974358072
4235.391974358072
4158.604352362934
3747.339403226718
3635.779375735943
3539.4619713471993
3536.145605910291
3401.73779203907
3388.267548996725
3351.669280524923
3351.669280524923
3299.260109876414
3299.260109876414
3282.167062456081
3277.989189899482
3271.314760810055
3260.555441838206
3254.3528899046096
3241.1589218683275
3233.613293638224
3217.049185338323
3217.049185338323
3209.303926289278
3195.5483104124337
3192.933790862517
3188.691157051813
3183.777947801798
3177.0152531086464
3158.1264919049963
3146.430880239775
3140.7579129670394
3139.8769747694373
3139.8769747694373
3137.552991440797
3136.1902428951935
3134.562984122556
3129.2623798853597
3129.2623798853597
3126.6166444923406
3119.5114553507533
3119.5114553507533
3117.450275670523
3117.3339642264905
3116.7453492964737
3116.7453492964737
3116.541538159345
3115.8670683797086
3115.4220223513316
3114.8598628516247
3114.8598628516247
3114.5644467455245
3111.870803496917
3111.870803496917
3111.836045665055
3111.8009859374633
3110.58338387262
3110.118529546913
3109.3107088837196
3108.1100567408807
3108.1100567408807
3107.7923244294843
3107.7923244294843
3107.7262098728056
3107.1291285576826
3107.1291285576826
3106.832301980204
3106.832301980204
3106.4262130066245
3106.4262130066245
3106.3728279147913
3106.3728279147913
3106.3728279147913
3106.3728279147913
3106.2321520895252
3106.2321520895252
3106.0030307855363
3106.0030307855363
3106.0030307855363
3105.7438210489536
3105.7249586309495
3105.7249586309495
3105.7249586309495
3105.4293614737685
3105.4293614737685
3105.4293614737685
3105.4293614737685
3105.4293614737685
3105.4293614737685
3105.4293614737685
3105.3913643348383
3105.3589787543715
3105.3589787543715
3105.3589787543715
3105.3589787543715
3105.3589787543715
3105.2076563433648
3105.2076563433648
3105.2076563433648
3105.205311662786
3105.205311662786
3105.205311662786
3105.205311662786
3105.049339891988
3105.049339891988
3105.049339891988
3105.049339891988
3105.0110242469827
3105.0110242469827
3105.0110242469827
3105.0110242469827
3105.0110242469827
3105.0110242469827
3105.0110242469827
3105.0110242469827
3105.0110242469827
4235.391974358072
4235.391974358072
4104.885907338557
3734.0635389489885
3734.0635389489885
3662.6715485885125
3662.6715485885125
3662.6715485885125
3662.6715485885125
3618.1847303465975
3602.128983829816
3581.8781714455317
3556.9352471779725
3556.9352471779725
3533.5111478800027
3525.9962821006247
3525.9962821006247
3525.9962821006247
3468.486066814653
3466.3794477157708
3430.4406709504046
3430.4406709504046
3418.2833429501616
3415.5581567207983
3401.9484505661685
3401.2191248846584
3394.003343757373
3386.3073935569387
3386.3073935569387
3380.369567647336
3375.7475132624577
3374.4158368645994
3372.936453260153
3367.0849604631353
3366.234459913808
3364.1874047518695
3363.151091092724
3363.151091092724
3361.209597951419
3358.3757681072825
3357.9066634610103
3357.9066634610103
3357.799150815591
3356.160845992182
3355.7652195817886
3355.7652195817886
3355.5120407873083
3355.3232546527934
3354.887723746978
3354.887723746978
3354.6017122159988
3354.354765938455
3354.354765938455
3354.2370504409178
3354.2370504409178
3354.2370504409178
3354.217930175293
3354.0652202666984
3353.9118244118667
3353.9118244118667
3353.9118244118667
3353.7684725579747
3353.7684725579747
3353.7684725579747
3353.6910737306684
3353.6910737306684
3353.6910737306684
3353.6910737306684
3353.685762340151
3353.685762340151
3353.685762340151
3353.599491233676
3353.599491233676
3353.5587572619675
3353.508572086197
3353.508572086197
3353.508572086197
3353.508572086197
3353.508572086197
3353.508572086197
3353.508572086197
3353.508572086197
3353.488178867711
3353.445650187998
3353.445650187998
3353.445650187998
3353.445650187998
3353.4365689469496
3353.4365689469496
3353.4282798178065
3353.4282798178065
3353.4282798178065
3353.4282798178065
3353.4282798178065
3353.4282798178065
3353.4282798178065
3353.4282798178065
3353.4282798178065
4235.391974358072
4235.391974358072
4148.7855077332
4028.625367716572
4002.018719440152
3822.107091149493
3665.6363186528115
3588.284427306874
3502.2603666507753
3485.764635048443
3417.0123231434845
3374.6919122270347
3298.2043673555636
3256.9980392201983
3209.2017586666184
3161.621218366893
3128.593659963193
3115.868086950383
3113.3092766523814
3105.761642352033
3100.2720678612545
3092.4628104264257
3081.1061282561304
3081.1061282561304
3077.1446454574398
3074.634473235347
3074.634473235347
3071.1632773098645
3069.2164099028423
3069.2164099028423
3068.815838518503
3067.577815184329
3067.0969458772834
3066.691643693129
3065.546377489661
3065.546377489661
3065.1951522132713
3065.0076827218377
3064.3189364602063
3064.2259287506126
3064.2259287506126
3064.2259287506126
3063.7020204261466
3062.9087411373857
3062.8838678201455
3062.8838678201455
3062.8838678201455
3062.52096142772
3062.52096142772
3062.416369739484
3061.940166178502
3061.4249104091496
3061.128050566038
3061.128050566038
3060.8975862090097
3060.867256963344
3060.3937689551335
3060.1910083511098
3060.1910083511098
3060.1910083511098
3060.1910083511098
3060.1910083511098
3060.1910083511098
3060.1910083511098
3059.9873859752634
3059.68565594774
3059.651832998787
3059.5487724455115
3059.324831461788
3059.324831461788
3059.10175798455
3059.10175798455
3059.10175798455
3059.00506789863
3059.00506789863
3058.8038326394276
3058.8038326394276
3058.8038326394276
3058.8038326394276
3058.8038326394276
3058.6659858592006
3058.6659858592006
3057.9208953652587
3057.9208953652587
3057.9119705339194
3057.9119705339194
3057.9119705339194
3057.7335039277773
3057.7335039277773
3057.7335039277773
3057.7241511479206
3057.4256685010137
3057.4256685010137
3057.4256685010137
3057.1962897759877
3056.6695965803724
3056.6695965803724
3056.6695965803724
3056.6695965803724
3056.6695965803724
3056.6695965803724
3056.6695965803724
3056.6695965803724
3056.6695965803724
4235.391974358072
4235.391974358072
4161.031142421137
3964.814256109803
3901.878600545616
3635.737584358246
3530.067919827998
3370.750812857083
3342.7252563811758
3289.059632065683
3282.7515209480944
3254.544829009994
3244.798109971223
3192.55668159562
3174.445399206902
3147.6081171866817
3126.0243227116503
3117.9640182560292
3104.9777937374465
3103.291492034029
3085.8450973014883
3085.329184754826
3073.624013940106
3070.572042310495
3065.609372772193
3065.609372772193
3065.609372772193
3064.7175947534965
3064.7175947534965
3064.6448223986595
3063.7133260238697
3063.0262363014713
3061.5862986564557
3059.920743900687
3057.8365632468576
3057.8365632468576
3057.8365632468576
3057.6711601003617
3056.7509042869674
3056.643344305019
3055.823904526159
3053.2608013480894
3052.593809531054
3050.6315647054466
3050.1259495774325
3049.8070807467952
3048.106085233851
3048.106085233851
3048.106085233851
3048.106085233851
3047.014602454111
3046.4640966063735
3045.5411164526076
3045.0661316793444
3045.0159839103935
3043.987699834321
3043.9260242166974
3043.761786688904
3043.761786688904
3042.9107201259903
3042.5876955950143
3042.1207893081064
3042.1207893081064
3042.1207893081064
3041.925924776204
3041.7198560619236
3041.7198560619236
3041.7198560619236
3041.5984245256936
3041.3803843091905
3041.1801243246027
3041.1801243246027
3040.9714189444353
3040.9639721283093
3040.9639721283093
3040.9639721283093
3040.5834263224237
3040.5834263224237
3040.5834263224237
3040.5834263224237
3040.5834263224237
3040.582448924599
3040.582448924599
3040.565774462798
3040.565774462798
3040.3734616577717
3040.3734616577717
3040.3734616577717
3040.3734616577717
3040.3734616577717
3040.3734616577717
3040.2444621349478
3040.2444621349478
3040.2444621349478
3040.2444621349478
3040.23339203587
3040.23339203587
3040.23339203587
3040.23339203587
3040.23339203587
3040.23339203587
3040.23339203587
3040.232930935577
3040.232930935577
3040.232930935577
3040.232930935577
3040.232930935577
3040.232930935577
3040.232930935577
3040.232930935577
3040.232930935577
3040.2071877587455
3040.2071877587455
3040.2071877587455
3040.2071877587455
3040.2071877587455
3040.2071877587455
3040.2071877587455
3040.2071877587455
3040.2071877587455
4235.391974358072
4235.391974358072
4124.341144110915
3905.803620253644
3895.5840896229784
3752.4949939289318
3676.6956754624853
3570.607445747366
3570.607445747366
3570.607445747366
3458.3634350607686
3458.3634350607686
3458.3634350607686
3396.0225566347344
3396.0225566347344
3396.0225566347344
3382.9860374800855
3374.8773581334403
3358.009775502459
3358.009775502459
3353.081878350629
3336.950507177498
3336.950507177498
3336.950507177498
3332.380843136727
3332.380843136727
3329.396169228323
3326.066949745351
3320.5542181687497
3312.659442123064
3311.3741326840272
3310.4183988727623
3307.68216791453
3302.4059942820327
3299.6404227376197
3299.499467553882
3299.499467553882
3299.499467553882
3298.3367042201357
3286.297169691912
3286.297169691912
3284.812787564848
3284.812787564848
3284.812787564848
3284.812787564848
3284.812787564848
3284.812787564848
3284.812787564848
3284.812787564848
3284.812787564848
4235.391974358072
4235.391974358072
4235.391974358072
3865.4595038362495
3865.096870027346
3667.151412053625
3528.583683282023
3427.896572353605
3294.9037935719816
3243.6016101364357
3215.635935931363
3193.55864133005
3193.415967335682
3183.1177851150783
3173.665725189333
3157.9585607510626
3156.2521591829363
3156.2521591829363
3149.769563060139
3139.926880108752
3132.625070546064
3129.9871353542603
3129.9871353542603
3129.9871353542603
3129.9871353542603
3128.150024974089
3128.150024974089
3126.857777676647
3125.004108405091
3123.3233823862415
3123.3233823862415
3122.7461598834693
3120.197263596834
3120.197263596834
3120.197263596834
3119.6596438040983
3119.124442867911
3118.3301412507944
3117.581802441581
3117.4520149850027
3116.828651046726
3115.6024880982254
3115.3810910946163
3115.334185923122
3115.3224664278914
3115.2895973325262
3115.2895973325262
3115.2895973325262
3115.2895973325262
3115.2895973325262
3115.2895973325262
3115.2875120820554
3115.0486843079243
3114.8390569509465
3114.8390569509465
3114.8390569509465
3114.8390569509465
3114.8390569509465
3114.7339947422006
3114.6929980504983
3114.655116922707
3114.5994251311918
3114.218692829576
3114.218692829576
3114.218692829576
3113.6804388408873
3113.6804388408873
3113.6804388408873
3113.6804388408873
3113.6804388408873
3113.6065893926366
3113.6065893926366
3113.6065893926366
3113.4681009345704
3113.4681009345704
3113.4681009345704
3113.4681009345704
3113.4681009345704
3113.4561497335685
3113.4561497335685
3113.4561497335685
3113.4561497335685
3113.4561497335685
3113.4561497335685
3113.4561497335685
3113.4561497335685
3113.4561497335685
4235.391974358072
4235.391974358072
4197.3147789937375
3945.277503241635
3745.848931749391
3745.848931749391
3652.273066292866
3554.3540666439826
3365.257094376051
3365.257094376051
3318.2152183033254
3318.2152183033254
3318.2152183033254
3310.943249351387
3306.158833313832
3306.158833313832
3282.391107950466
3279.0647514212897
3270.096336844459
3270.096336844459
3254.4323262858416
3251.922288843696
3247.549568494266
3243.9887184224285
3243.9887184224285
3242.784988492711
3240.6457873754744
3234.939579704519
3234.5332457663812
3234.075597069329
3233.255120515688
3233.255120515688
3229.574080833049
3228.582822539848
3228.0274860346562
3227.8766132162505
3227.8766132162505
3226.8362635990034
3225.748619061014
3225.57302604317
3225.57302604317
3225.57302604317
3224.213852520702
3223.539029189039
3222.4942390190795
3220.754235764119
3219.802296907973
3219.168745596301
3219.168745596301
3218.4362454170737
3218.4362454170737
3218.165271889184
3216.6884209747723
3216.6884209747723
3216.361877340987
3216.361877340987
3216.1953521831633
3216.156008160409
3216.1319595315044
3215.9484263117038
3215.9484263117038
3215.6965065789595
3215.5602404843526
3215.5602404843526
3215.5602404843526
3215.5602404843526
3215.5602404843526
3215.5164783544287
3215.485143229469
3215.485143229469
3215.4266983568878
3215.4266983568878
3215.4266983568878
3215.395607801349
3215.395607801349
3215.395607801349
3215.3351145833963
3215.3351145833963
3215.3351145833963
3215.1355841206123
3215.1355841206123
3215.0529328586
3215.0529328586
3214.9945840323835
3214.8946722707456
3214.8946722707456
3214.8946722707456
3214.8946722707456
3214.8946722707456
3214.8946722707456
3214.8946722707456
3214.8471559718428
3214.8471559718428
3214.8471559718428
3214.8471559718428
3214.8471559718428
3214.8471559718428
3214.8135417979092
3214.8135417979092
3214.8135417979092
3214.8135417979092
3214.8135417979092
3214.802593361099
3214.802593361099
3214.802593361099
3214.802593361099
3214.802593361099
3214.802593361099
3214.802593361099
3214.802593361099
3214.802593361099
3214.7979455819186
3214.7979455819186
3214.7979455819186
3214.7317150212893
3214.7317150212893
3214.7317150212893
3214.7317150212893
3214.7137937273
3214.7137937273
3214.7137937273
3214.7137937273
3214.7137937273
3214.7137937273
3214.7137937273
3214.7137937273
3214.7137937273
4235.391974358072
4235.391974358072
4037.3201527244414
4037.3201527244414
4037.3201527244414
3957.984847035752
3768.047990664025
3664.1374248314687
3628.354922091218
3460.7535672399213
3439.253922297582
3421.7733702525165
3373.3349356543545
3371.8630440622983
3371.8630440622983
3356.973807587337
3352.0851701761003
3339.158471015512
3336.8381051451406
3336.8381051451406
3327.214882087129
3322.9128928551527
3315.4516948110763
3313.493554581797
3305.5816460876563
3295.400481677868
3289.2207647748482
3289.2207647748482
3286.8285890917637
3286.10594393556
3284.1565847834972
3277.4949311331056
3277.4949311331056
3275.338187898481
3275.338187898481
3271.823467851129
3265.8957641319175
3265.8957641319175
3265.5294775622488
3265.1417343861517
3264.7787342608244
3260.258743326417
3260.258743326417
3258.0825765583445
3257.1095712678584
3257.1095712678584
3255.729021613458
3255.729021613458
3255.3255542424677
3254.3634187254493
3253.208683882874
3253.208683882874
3253.208683882874
3252.4302688803114
3252.258017897847
3252.019360581594
3251.4621139734045
3250.609473582902
3250.5879607769316
3250.17102989013
3249.750864956076
3249.750864956076
3248.920134663691
3248.920134663691
3248.920134663691
3248.920134663691
3248.811252065959
3248.811252065959
3248.571331609528
3248.571331609528
3248.571331609528
3248.571331609528
3248.571331609528
3248.571331609528
