3849.7122675199166
3849.7122675199166
3797.9677537898074
3724.5486367575186
3541.256930181219
3459.9917126659566
3364.0009817221317
3296.9100438980113
3274.8301542004024
3228.708095757994
3199.6902792109563
3190.9138224542667
3172.338613112026
3164.076649106577
3158.308734043639
3153.027801326301
3145.106905117554
3144.942451747719
3144.942451747719
3134.3163069909233
3118.0494983172157
3118.0487482058547
3113.666222126447
3113.666222126447
3111.6248014222483
3111.4448923639948
3111.037479661726
3108.238716148555
3107.0556000859756
3106.00555363308
3106.00555363308
3103.437052241879
3097.1836407494056
3097.1836407494056
3095.870946194503
3095.0785252331293
3088.9743235031838
3085.1157816856776
3083.045394452654
3080.9195010974818
3079.6685499730675
3079.6685499730675
3079.6685499730675
3076.406702230357
3074.5383886257423
3074.3430190680506
3073.411002569592
3073.411002569592
3073.411002569592
3071.32649592896
3070.9664681912245
3070.9664681912245
3068.919000361265
3068.919000361265
3068.919000361265
3068.919000361265
3068.919000361265
3068.7434416179967
3068.4925858644565
3067.6375862646064
3067.5223398002527
3066.6895968675535
3066.432243144331
3065.76757609615
3065.76757609615
3065.76757609615
3065.6393693525742
3065.6393693525742
3065.326626839387
3065.326626839387
3065.326626839387
3065.278244010667
3065.1683973837944
3065.1683973837944
3065.1683973837944
3064.8436474031264
3064.7211949280345
3064.7211949280345
3064.7211949280345
3064.7211949280345
3064.6161176677006
3064.538143020607
3064.315700611482
3064.315700611482
3064.0763394974565
3064.0763394974565
3064.0763394974565
3064.0447310497198
3063.740405735412
3063.740405735412
3063.740405735412
3063.740405735412
3063.740405735412
3063.740405735412
3063.6204081809833
3063.6204081809833
3063.6204081809833
3063.5914628871487
3063.32456570427
3063.32456570427
3063.32456570427
3063.32456570427
3063.32456570427
3063.32456570427
3063.32456570427
3063.32456570427
3063.32456570427
3849.741119089077
3849.7122675199166
3849.7122675199166
3849.7122675199166
3761.41271891194
3701.871345794296
3549.3753695193345
3433.926944866533
3433.926944866533
3433.926944866533
3409.6206955966136
3365.665936063121
3351.5171057661446
3319.590850887545
3304.444618439713
3272.1630747340287
3260.1776460578626
3234.0079150093698
3234.0079150093698
3229.691432903508
3227.228319898428
3209.9711581740485
3206.765221895424
3206.188097151438
3206.0388224867834
3206.0388224867834
3202.9256238746575
3193.567304319514
3192.9354178960193
3192.58593392662
3192.010952620087
3192.010952620087
3191.0749175670453
3189.2724561972386
3187.443203253266
3187.2467653398685
3185.689925105963
3184.979350385849
3184.7717217035465
3184.1641054039483
3183.377889212442
3182.3970830744793
3181.673298149233
3180.9712120258437
3180.3692577094794
3179.8026765616078
3179.3880779961914
3179.0231028016674
3178.7757530241556
3178.470436409883
3177.8351809003902
3177.6960889296515
3177.494061706444
3177.4190981780675
3177.2928655097094
3177.1293719357823
3176.869061742632
3176.7649411422008
3176.7626333225726
3176.7626333225726
3176.703657979272
3176.67865974421
3176.67865974421
3176.67865974421
3176.67865974421
3176.6249474576543
3176.6249474576543
3176.6244337154517
3176.6054269434558
3176.5995539794494
3176.5993951506443
3176.5993951506443
3176.542532473241
3176.542532473241
3176.5286660533848
3176.5286660533848
3176.512361614641
3176.5059502309487
3176.4893648486245
3176.4893648486245
3176.4807342374306
3176.4807342374306
3176.4330678687375
3176.4330678687375
3176.4095055314774
3176.4095055314774
3176.4095055314774
3176.4095055314774
3176.4095055314774
3176.403549767909
3176.403549767909
3176.403549767909
3176.403549767909
3176.403549767909
3176.403549767909
3176.403549767909
3176.403549767909
3176.403549767909
3849.741119089077
3849.7122675199166
3849.7122675199166
3845.5541565072135
3801.827267301791
3695.3654524196045
3526.0719642640324
3461.3894131703682
3386.376100301087
3340.9281700366364
3288.418384094108
3280.487645075836
3270.9872217585635
3256.7165778832223
3210.1087610822356
3210.1087610822356
3210.1087610822356
3210.1087610822356
3207.2220341606903
3207.2220341606903
3204.136358674381
3196.492137827302
3196.492137827302
3192.0957917444957
3191.175121050314
3184.828391622382
3170.4055620932922
3170.4055620932922
3170.4055620932922
3168.3693263293007
3166.0457631139475
3165.3579584829513
3163.002005406807
3162.7776522413724
3162.6363235681197
3161.620305522319
3158.9509123377197
3156.921839195643
3156.0457411037123
3155.898548797214
3154.268664868671
3153.867627464986
3152.4540914061545
3151.613242889334
3151.613242889334
3151.5539888291087
3151.549591835716
3151.1558630423133
3151.1558630423133
3151.1558630423133
3151.1558630423133
3150.689808451312
3150.480391585139
3150.449175598803
3150.449175598803
3149.9951836304226
3149.9951836304226
3149.737749457438
3149.4771658447094
3149.4771658447094
3149.4771658447094
3149.4437142257884
3149.4437142257884
3149.4437142257884
3149.4437142257884
3149.373937363386
3149.053375952692
3149.053375952692
3149.053375952692
3149.053375952692
3149.053375952692
3149.027268918325
3149.027268918325
3149.027268918325
3148.951143159298
3148.951143159298
3148.951143159298
3148.7225347963804
3148.644934898817
3148.644934898817
3148.644934898817
3148.644934898817
3148.502238514051
3148.1841584695685
3148.1841584695685
3148.1841584695685
3148.1841584695685
3148.1841584695685
3148.1841584695685
3148.0133625061194
3148.0133625061194
3148.0133625061194
3148.0133625061194
3148.0133625061194
3148.0133625061194
3148.0133625061194
3148.0133625061194
3148.0133625061194
4436.031372539693
4436.031372539693
4436.031372539693
4204.028297407969
4101.195064676194
3972.6762545758957
3830.2549795575815
3800.1364239186914
3692.9529927375024
3617.71583279942
3584.12060770691
3563.167919846672
3550.9827539205494
3536.9986982626015
3493.5697841300425
3493.5697841300425
3492.0944118638317
3492.0944118638317
3483.957628912861
3465.959623821694
3462.677213601261
3455.8887396743307
3440.4136843976003
3426.7158372590898
3425.450514654336
3421.367018046931
3421.367018046931
3420.365091293204
3415.5542646554104
3412.0109674158216
3407.1061973666438
3405.431556862865
3404.9260442434356
3404.30248350239
3402.8719186522762
3400.815717286502
3398.8694021107585
3398.860052791936
3397.4596077120814
3396.023113218713
3391.845130811116
3390.467591238366
3390.182399705798
3389.4533041421864
3387.758506907813
3387.6587478736055
3387.110368553971
3386.718982764333
3385.342344182537
3385.3055478909337
3384.95242200324
3384.15880729165
3384.0801715327652
3382.5804351625056
3382.4911470659335
3382.1549312982374
3381.976545396495
3381.737182482274
3381.64089303564
3381.64089303564
3381.49680197175
3381.0124406766836
3380.587161842288
3380.587161842288
3380.587161842288
3380.527928433294
3380.527928433294
3380.3126932585087
3380.310060673669
3380.0481311367585
3380.0481311367585
3380.0048041290747
3379.949427506537
3379.949427506537
3379.9019811983944
3379.9019811983944
3379.9019811983944
3379.9019811983944
3379.8235731292534
3379.8235731292534
3379.8235731292534
3379.440669387304
3379.440669387304
3379.440669387304
3379.440669387304
3379.440669387304
3379.440669387304
3379.440669387304
3379.440669387304
3379.440669387304
4436.031372539693
4436.031372539693
4433.229191058742
4330.916279988977
4184.842489624048
3937.5445569416133
3821.3406072836715
3681.496411279108
3590.635478461561
3468.4498957116766
3420.6020070663726
3377.5699578263925
3342.3447696196245
3300.401682592723
3239.206617421776
3221.578132405229
3208.0148281071897
3183.9441804144203
3170.5343318226983
3136.137221305691
3113.00584759899
3113.00584759899
3111.0485835240556
3099.9007627820624
3087.754082238136
3083.9983037454112
3082.4088610133263
3082.4088610133263
3079.543920255527
3070.991783950933
3070.991783950933
3069.3669760315443
3066.7928099215346
3062.3106054664063
3060.9616429583443
3057.7699593623324
3057.2581618532467
3056.9589567133894
3055.990179308005
3055.9536359606714
3055.9536359606714
3054.931987524676
3053.804513712896
3052.540962664868
3052.540962664868
3052.540962664868
3051.2642744798754
3051.0347101952193
3050.55714428448
3049.8774964911236
3049.6271372451824
3048.9040288181905
3048.2153818191687
3048.020527002749
3047.651205916402
3047.5295294965485
3047.4807207440635
3047.3068971843095
3047.3068971843095
3047.3068971843095
3047.0165663571433
3046.5234713719447
3046.486952091443
3046.486952091443
3046.370784969814
3046.370784969814
3046.128650316739
3046.128650316739
3046.061817354208
3045.8412145381476
3045.8412145381476
3045.7521243708225
3045.7521243708225
3045.7521243708225
3045.530598269634
3045.530598269634
3045.530598269634
3045.3780366982314
3045.3780366982314
3045.2851252715527
3045.2851252715527
3045.2851252715527
3045.2851252715527
3045.11966480528
3045.11966480528
3045.11966480528
3045.11966480528
3045.11966480528
3045.11966480528
3045.11966480528
3045.11966480528
3045.11966480528
4436.031372539693
4436.031372539693
4432.265763659775
4258.475114575456
4130.224823439498
4130.224823439498
3934.056731056872
3831.9470528002703
3723.1360656563056
3668.396312198177
3613.6897883700926
3600.886069071363
3524.325093150127
3493.6608562221695
3483.772652005948
3466.227664101813
3459.0674964347295
3440.120915444051
3428.635957146127
3428.635957146127
3423.3973587287346
3412.6044303250815
3408.0855386338644
3403.991009278612
3403.991009278612
3395.636635419546
3390.020578974906
3390.020578974906
3390.020578974906
3387.0967914015364
3386.0737429473356
3383.491883604703
3377.0166154720423
3365.149116511532
3357.9065525620067
3357.5332953482557
3351.29668983179
3348.201750501661
3348.201750501661
3346.7616938264805
3342.099242332041
3336.29082022484
3331.1030294125826
3329.4100599215008
3327.473593500553
3325.327956323109
3323.0171114531804
3323.0171114531804
3322.4411934419804
3321.2874375938127
3320.2218531475446
3320.2218531475446
3320.2218531475446
3318.125835980687
3317.3194558068017
3317.230603122227
3315.5343725140783
3315.5343725140783
3314.4363673659536
3313.9278429250608
3313.9278429250608
3313.9278429250608
3313.9278429250608
3313.2146680030014
3313.2146680030014
3313.2146680030014
3313.2146680030014
3313.2146680030014
3313.0135557130698
3313.0135557130698
3313.0135557130698
3313.0135557130698
3313.0135557130698
3312.9732710743233
3312.9732710743233
3312.9732710743233
3312.9732710743233
3312.9732710743233
3312.9732710743233
3312.9732710743233
3312.9732710743233
3311.7985318329393
3302.9946396360674
3281.3403884976783
3281.3403884976783
3280.217160691435
3280.217160691435
3278.764683323061
3277.9654814276437
3277.669153777962
3277.6397443147134
3276.739123577424
3275.172090957445
3274.4899209457935
3274.4899209457935
3274.4899209457935
3274.3014603720267
3274.3014603720267
3273.7091989713986
3273.7091989713986
3273.7091989713986
3273.445687556777
3272.803818745464
3272.6452649775993
3272.6452649775993
3272.4819796359507
3272.4819796359507
3272.4819796359507
3272.4819796359507
3272.4819796359507
3272.4538196576773
3272.4538196576773
3272.4538196576773
3272.4538196576773
3272.4407199867715
3272.4407199867715
3272.4392979108297
3272.4392979108297
3272.29221386467
3272.29221386467
3272.29221386467
3272.29221386467
3272.29221386467
3272.29221386467
3272.29221386467
3272.29221386467
3272.095269954577
3272.095269954577
3272.095269954577
3272.095269954577
3272.095269954577
3272.095269954577
3272.095269954577
3272.095269954577
3272.095269954577
4436.031372539693
4436.031372539693
4436.031372539693
4091.5610584023757
4006.6507782774065
3866.4100631684246
3736.925749604019
3550.9621406158135
3531.965445753438
3418.1705785291015
3303.284137901302
3234.872225471571
3184.2258681204776
3184.2258681204776
3184.2258681204776
3178.6151878056753
3166.6601244214125
3150.8617696247543
3137.0995101230233
3136.2032423206615
3136.2032423206615
3129.6992620961764
3122.5518967994235
3122.5518967994235
3117.157143888151
3110.039499175188
3110.039499175188
3110.039499175188
3110.039499175188
3110.039499175188
3109.0923156466415
3100.9219468280303
3097.958006271522
3097.958006271522
3095.6909779799184
3095.659577067056
3095.659577067056
3095.659577067056
3094.8931182222886
3094.0523121682036
3093.5928559800395
3093.246698054746
3093.246698054746
3093.246698054746
3093.246698054746
3092.625513554923
3090.970172730944
3090.6680371265224
3090.364609174769
3088.4554715470244
3088.4554715470244
3088.4554715470244
3088.4554715470244
3088.4554715470244
3088.4554715470244
3088.2092288849826
3088.2092288849826
3088.2092288849826
3088.2092288849826
3088.2092288849826
3088.2092288849826
3088.2092288849826
3088.2092288849826
3088.2092288849826
4436.031372539693
4436.031372539693
4436.031372539693
4249.850902384436
4086.1033297379927
3886.2478064691636
3795.063427825101
3672.7751083360126
3597.970934985421
3559.946539407625
3482.070722963114
3410.3571803227555
3384.005976768125
3355.5963165841717
3347.3228045026212
3332.50112786561
3332.50112786561
3327.0763128940152
3316.8237679738963
3316.8237679738963
3316.8237679738963
3309.6815037487067
3302.4628726838537
3302.4628726838537
3296.75973638363
3296.4318987840534
3281.063636304374
3280.0924735330073
3280.0924735330073
3272.651321859747
3266.7678252881365
3266.5206974563544
3264.0087844558448
3257.544348588067
3246.184682434676
3237.1548727598765
3233.004181294843
3226.681159107732
3213.806091118429
3204.559894375582
3203.4923722866993
3203.4923722866993
3197.1497187782525
3188.2960159704962
3184.4006158419884
3184.4006158419884
3184.4006158419884
3182.8396743649946
3181.4499653982784
3178.981223304385
3175.8685251066645
3173.072956876714
3170.4895236921284
3169.625742207556
3169.625742207556
3169.360602829004
3167.961830241457
3167.425490000578
3166.5611087128395
3165.7450059588014
3165.1359252798457
3165.092233089244
3163.9263867185314
3163.201185061515
3163.201185061515
3163.201185061515
3163.166233753597
3162.988166764166
3162.88273418889
3162.392620467828
3162.324366017259
3162.324366017259
3162.324366017259
3162.1450770096017
3162.056472358975
3161.7995885314876
3161.7995885314876
3161.7995885314876
3161.7995885314876
3161.7995885314876
3161.4456472045977
3161.296678378545
3161.2698005762445
3161.2698005762445
3161.10432308558
3161.10432308558
3161.1017462518867
3160.9134677967377
3160.9134677967377
3160.9134677967377
3160.684177305282
3160.684177305282
3160.684177305282
3160.684177305282
3160.684177305282
3160.684177305282
3160.684177305282
3160.684177305282
3160.684177305282
4436.031372539693
4436.031372539693
4434.620501841354
4114.633275138898
3984.637703281097
3956.0828570978347
3773.4801133408105
3633.358608737883
3414.4974027494145
3342.819002609285
3289.7151903083836
3230.061727836914
3190.8418783255656
3166.94730284621
3133.4904118214777
3107.997906921226
3090.407970996842
3085.1485948110185
3083.605487078531
3078.3470376449022
3071.8225886525956
3071.8225886525956
3070.521359563871
3068.3353543837993
3068.3353543837993
3058.945557383324
3057.606583656346
3057.606583656346
3057.606583656346
3055.151840092034
3053.157623691004
3051.1105542380988
3049.5835184175003
3046.49294587859
3044.1358157836303
3043.331574882046
3043.331574882046
3041.0999354812493
3041.0999354812493
3038.7579490674834
3036.8723065987856
3036.8723065987856
3036.8723065987856
3036.8723065987856
3036.2218053455854
3036.2218053455854
3035.772362701998
3035.7544479425987
3034.7020055682706
3034.5428888884903
3034.518334408422
3033.49281768286
3033.2219418113073
3032.581061998914
3031.940121054203
3031.4716613838223
3031.3935387032543
3031.3731686513756
3030.875619598546
3030.875619598546
3030.4125335235153
3030.3292177553276
3029.1582619357428
3029.1582619357428
3028.945596804818
3028.843346074767
3028.843346074767
3028.843346074767
3028.843346074767
3028.4406747860908
3027.9439400047454
3027.9439400047454
3027.360152105571
3027.360152105571
3027.3598221832913
3026.7442787193254
3025.7132494916086
3025.5584772083394
3025.4790515511345
3025.0107404046657
3025.0107404046657
3025.0107404046657
3025.0107404046657
3025.0107404046657
3025.0107404046657
3025.0107404046657
3025.0107404046657
3025.0107404046657
4436.031372539693
4436.031372539693
4435.421419345474
4360.222089808956
4157.970306817222
3943.6010976149423
3852.073662660354
3743.7706856486143
3570.2344158509172
3449.1681401907395
3381.898279100552
3372.3062903606324
3327.544136189317
3306.9402854519026
3244.066980118583
3196.9854678252045
3196.9854678252045
3187.1684279902765
3187.1684279902765
3185.422371751526
3178.095492197684
3174.8430492184125
3163.551564705766
3163.551564705766
3161.4138428596034
3161.2117579026385
3156.922935534468
3156.922935534468
3156.348244763855
3154.46029300734
3153.262849381976
3152.0244604363697
3151.4490016462587
3149.2886099363295
3148.6710569287097
3148.1657001818285
3148.1657001818285
3147.33653455899
3145.460135169458
3145.3770327393368
3145.0299811145187
3144.9934556055537
3144.3401702939386
3142.685327662733
3142.685327662733
3142.395520660194
3142.395520660194
3142.220726024703
3142.1332842754377
3142.1332842754377
3141.8487516014793
3141.8487516014793
3141.5858407905916
3141.5069307913677
3141.5069307913677
3141.5069307913677
3141.5069307913677
3141.5069307913677
3141.5069307913677
3141.419158509878
3141.3281130164214
3141.3281130164214
3141.296214930828
3141.18185869105
3141.18185869105
3141.0438524987476
3141.0438524987476
3141.0438524987476
3141.0438524987476
3141.0438524987476
3141.0438524987476
3141.0438524987476
3141.0438524987476
3141.0438524987476
3140.970213916351
3140.9622808173986
3140.939784164404
3140.939784164404
3140.939784164404
3140.939784164404
3140.939784164404
3140.939784164404
3140.939784164404
3140.939784164404
3140.939784164404
4436.031372539693
4388.278334793489
4308.2703994181165
4267.99238340127
3988.9137432685284
3844.287395354523
3667.395576815261
3633.810166124638
3563.6376886151024
3472.6767814347995
3457.0016537645797
3385.8089562737623
3315.801275822327
3273.6268094424468
3220.91996566496
3191.00662852298
3172.80029823408
3139.11666806061
3136.3310094177104
3129.7066862478096
3117.5073242932262
3105.5250445015336
3105.339687331305
3103.9322062438214
3103.9322062438214
3100.5206829567146
3099.6268974110408
3093.2137171420804
3093.2137171420804
3091.826023867895
3091.170735372111
3091.170735372111
3086.714545851092
3086.714545851092
3086.6231387644916
3084.5197537090094
3084.5197537090094
3080.229788099688
3079.5513887450293
3079.133180328421
3078.7493673361505
3077.4610556583934
3076.4851126250355
3076.4851126250355
3075.540861253499
