4365.594579521184
4362.3538764479745
4358.351138697384
3869.033830563585
3869.033830563585
3747.450533796775
3625.708770965626
3548.457565476587
3506.1176161112594
3473.072405703391
3449.6589579950205
3417.5333295045393
3401.410309488033
3378.0962656005468
3366.8471304797977
3338.9639865353356
3318.4713624438928
3318.4713624438928
3309.381294937959
3309.381294937959
3303.0036474057024
3284.0883317151406
3283.9075380547274
3279.636917706104
3269.6754021341894
3243.213277603092
3243.213277603092
3243.213277603092
3243.213277603092
3240.9249191536305
3239.3804108909535
3238.4540901138153
3237.597179159535
3236.4882111057914
3234.7680238465095
3234.1815717596223
3234.1815717596223
3231.236801570431
3231.236801570431
3231.236801570431
3230.946292334179
3230.5152042776367
3230.0875321613175
3228.780013354228
3228.6993696075115
3227.920704902539
3226.4802183317456
3226.4802183317456
3225.8286874063965
3225.8286874063965
3225.7387767047503
3225.7387767047503
3225.3328749063066
3225.3328749063066
3225.3328749063066
3225.3328749063066
3224.8165248829196
3224.8165248829196
3224.8165248829196
3224.8020592640246
3224.692742631891
3224.6749825968964
3224.3912535621002
3224.3912535621002
3224.3912535621002
3224.055194824171
3224.055194824171
3224.055194824171
3224.055194824171
3224.055194824171
3224.055194824171
3224.055194824171
3224.055194824171
3224.055194824171
4365.594579521184
4365.594579521184
4364.164092942951
4049.212370324321
3910.4926309005955
3733.0837539241365
3635.3493896646196
3518.6457335375394
3467.2333779828746
3400.4014664854167
3312.5272627527484
3273.72518318133
3258.7003316886585
3231.609609298776
3221.2428114971594
3191.424096053527
3191.424096053527
3180.1360673848203
3175.89381066334
3164.056535939397
3152.915156123271
3150.24053391407
3144.552660456113
3138.52030459257
3138.52030459257
3138.1102996949517
3137.387701310983
3137.387701310983
3134.644325712399
3132.35396195742
3132.35396195742
3131.7121506749136
3131.7121506749136
3129.2162885852717
3129.2162885852717
3129.2162885852717
3128.578238686062
3127.7790648844384
3127.171144747719
3125.5011835353553
3125.3391308432474
3123.912837071775
3122.64363499088
3121.9446751663136
3121.502355425463
3121.1060652282304
3120.9201660628455
3120.8134717145917
3120.3885343604566
3120.3885343604566
3120.26587249525
3119.346405890929
3118.9354867125994
3118.6376309762722
3118.489273190191
3117.9740733189146
3117.033564191379
3116.4335139879045
3116.0871935244113
3115.611297712388
3114.097160998552
3110.7582706602184
3107.9605249177193
3107.084285383201
3107.084285383201
3106.9691615729475
3106.441379401061
3106.3551382097485
3105.99066130959
3105.8787181571347
3105.5497453328926
3105.5497453328926
3105.3206437860667
3105.3206437860667
3104.7075258500518
3104.7075258500518
3104.7075258500518
3104.7075258500518
3104.7075258500518
3104.7075258500518
3104.7075258500518
3104.7075258500518
3104.7075258500518
4365.594579521184
4365.594579521184
4365.594579521184
4237.0597808630055
3880.5348889460565
3807.1852718487785
3747.5874532695357
3604.295521312182
3488.2085268135215
3411.256141464037
3354.4504931418796
3307.9736535257575
3300.5060458658068
3265.657266504909
3255.7477649569314
3226.1325378063866
3226.1325378063866
3220.650487955535
3195.3398710136107
3181.204801473899
3181.204801473899
3181.204801473899
3164.2764179210476
3152.6551812994885
3151.284832750979
3150.40603431439
3149.0977916339543
3149.0977916339543
3142.7316522209167
3141.8092645629845
3133.5144381636214
3133.5144381636214
3129.643090053218
3127.7888360890365
3127.7888360890365
3125.006457769255
3124.419240612269
3121.6114429433605
3118.098144506442
3118.098144506442
3117.8958533789983
3116.9671174665737
3115.245465619608
3114.294277598592
3113.9988309880027
3113.9988309880027
3113.7824638008274
3113.1687343614262
3113.0208714864257
3113.0208714864257
3112.611842241951
3112.512202397659
3111.705921668795
3111.6873351729573
3111.6873351729573
3111.6873351729573
3111.6873351729573
3111.6873351729573
3111.6873351729573
3111.6873351729573
3111.643894651197
3111.643894651197
3111.5124148111036
3111.5124148111036
3111.5124148111036
3111.480086068051
3111.480086068051
3111.3625143849213
3111.3625143849213
3111.3625143849213
3111.3625143849213
3111.3625143849213
3111.3625143849213
3111.3625143849213
3111.3625143849213
3111.3625143849213
4365.594579521184
4365.594579521184
4363.705740598586
4062.5684472861403
3774.3186933828324
3774.3186933828324
3567.1010091132302
3549.6707310142097
3464.8338693894893
3417.567616343832
3408.5269652307043
3331.956015948517
3331.956015948517
3320.585115978246
3309.252114848986
3309.252114848986
3309.252114848986
3294.6521487880177
3244.874953296552
3244.874953296552
3244.874953296552
3244.874953296552
3241.1264568730467
3240.0856669189398
3236.0409126263794
3233.832440643355
3225.504509593337
3221.042555080686
3221.042555080686
3219.8316361227076
3217.1409462139027
3215.0206108951015
3213.7666165106684
3213.7666165106684
3212.925422483063
3208.7205655704447
3207.0160020568865
3204.8539126740548
3203.529264039171
3201.6821250601515
3201.6821250601515
3201.6821250601515
3201.6821250601515
3201.4442973497244
3200.231533665925
3200.231533665925
3199.5331275860167
3199.5331275860167
3198.5628224650527
3198.505434852549
3198.505434852549
3198.4738915982603
3198.4738915982603
3198.4738915982603
3198.0012810729777
3197.6711057182015
3197.650940165853
3197.650940165853
3197.650940165853
3197.0993108175935
3196.6280599928755
3196.346608114543
3196.346608114543
3196.346608114543
3196.346608114543
3196.2590622491866
3196.0335623883893
3196.0335623883893
3196.0335623883893
3195.892514084306
3195.892514084306
3195.892514084306
3195.892514084306
3195.5784904161824
3195.191594351371
3195.191594351371
3195.191594351371
3195.191594351371
3195.118571797557
3195.118571797557
3195.118571797557
3194.9655444761584
3194.9655444761584
3194.9655444761584
3194.689018535337
3194.689018535337
3194.689018535337
3194.689018535337
3194.689018535337
3194.689018535337
3194.689018535337
3194.689018535337
3194.689018535337
3194.620505421534
3194.620505421534
3194.620505421534
3194.620505421534
3194.5658047922766
3194.5658047922766
3194.5658047922766
3194.5658047922766
3194.5658047922766
3194.5658047922766
3194.5658047922766
3194.5658047922766
3194.5658047922766
3194.492993175857
3194.492993175857
3194.492993175857
3194.492993175857
3194.492993175857
3194.492993175857
3194.3419231887133
3194.3419231887133
3194.3419231887133
3194.3419231887133
3194.3419231887133
3194.3419231887133
3194.3419231887133
3194.3419231887133
3194.3419231887133
4365.594579521184
4365.594579521184
4288.805644622854
4288.805644622854
4021.48557264594
3909.6330243403586
3760.944940849243
3659.806993184623
3588.058157659232
3558.6930624896218
3517.5954179180517
3409.509628309352
3387.689727432989
3350.6099589448895
3319.4199898828474
3310.4295485876273
3291.4540942032804
3277.2390244194435
3277.2390244194435
3276.545931927551
3270.276103254508
3258.987216829949
3258.987216829949
3258.987216829949
3251.012485566731
3229.5427049189175
3223.800298774862
3221.986055407416
3218.8737130086665
3217.9104300067775
3216.458720362655
3207.2174749638907
3207.2174749638907
3207.2174749638907
3204.028354439229
3201.0875467615087
3198.9790265926636
3197.1587571649757
3194.9681939897114
3193.4898204849947
3193.370024086583
3193.1257925098453
3192.421100117947
3192.044681659516
3190.6041652021304
3190.44314184371
3189.439734959196
3189.2991783118177
3189.038931303675
3188.918476551626
3188.918476551626
3188.5303998782865
3188.527543247881
3188.1713339494027
3188.1713339494027
3187.832948298997
3187.7645891374536
3187.7066005317956
3187.49424406171
3187.49424406171
3187.1678849385294
3187.1678849385294
3187.1678849385294
3187.1678849385294
3187.0789628649513
3187.0789628649513
3187.0789628649513
3187.0789628649513
3186.974727500038
3186.974727500038
3186.952740686357
3186.89505990589
3186.89505990589
3186.841889968116
3186.841889968116
3186.8175928093756
3186.8175928093756
3186.8175928093756
3186.8175928093756
3186.8175928093756
3186.8175928093756
3186.8175928093756
3186.8175928093756
3186.776767642276
3186.776767642276
3186.776767642276
3186.776767642276
3186.776767642276
3186.776767642276
3186.7639614355107
3186.7639614355107
3186.7639614355107
3186.7639614355107
3186.7639614355107
3186.7639614355107
3186.7639614355107
3186.7639614355107
3186.7169065612934
3186.7169065612934
3186.7169065612934
3186.7169065612934
3186.7169065612934
3186.7169065612934
3186.7169065612934
3186.7169065612934
3186.7169065612934
4365.594579521184
4365.594579521184
4365.594579521184
4221.427079525062
4040.572694836289
4000.636735812589
3855.0424790346783
3782.032038605027
3636.585630277609
3531.905039993716
3494.2043093809643
3455.2978865503756
3393.5267406513976
3360.4337472940706
3360.4337472940706
3360.4337472940706
3323.333053919552
3322.7109203611662
3290.973866671069
3287.5322947191603
3269.8737781273467
3269.8737781273467
3269.8737781273467
3251.807354846179
3243.1624379547993
3240.591400153204
3240.591400153204
3236.7036355130044
3232.9963307210105
3226.5939973624763
3221.514277696417
3219.563136686426
3218.597934821107
3214.7755494608446
3212.5046977007883
3210.6353961570885
3210.111716304725
3208.1833225316623
3207.316949100014
3204.8584515961065
3204.742636168384
3201.9013385245453
3201.1348703239655
3197.675346521071
3196.5301100452352
3194.5425045456564
3194.5425045456564
3193.5623161124636
3193.448498892059
3193.0224945373147
3192.94456691498
3192.5735807781916
3192.157567574446
3191.803054323419
3191.2609532380584
3191.2609532380584
3191.2609532380584
3191.2609532380584
3190.877531997318
3190.877531997318
3190.877531997318
3190.5532765154016
3190.5532765154016
3190.551780044024
3190.551780044024
3190.551780044024
3190.486939053048
3190.288678165808
3190.288678165808
3190.288678165808
3190.288678165808
3190.288678165808
3190.288678165808
3190.288678165808
3190.288678165808
3190.288678165808
4365.594579521184
4365.594579521184
4364.842732093236
4212.578525421346
4036.754416159113
3915.6632219996577
3867.4158633880406
3713.465892492961
3631.0892355849137
3538.7917680568935
3477.604832964827
3476.3714567211996
3392.6768125796616
3392.6768125796616
3381.7732812001927
3368.1271837982013
3368.1271837982013
3365.414373048599
3349.7690566843294
3349.1073032994227
3348.251484905655
3333.661417616851
3333.4566630715785
3324.376886186431
3312.2598182966394
3312.2598182966394
3312.2598182966394
3309.874254422502
3293.372757176876
3293.372757176876
3285.6220690305117
3278.599425755389
3278.599425755389
3277.487332727577
3274.068646842331
3274.068646842331
3272.980757060837
3270.7275142847716
3268.2331701123003
3266.1298902705294
3266.1298902705294
3263.6945215632445
3263.6945215632445
3261.4574653425616
3259.5159266933706
3259.5159266933706
3259.5159266933706
3258.0475063441468
3258.0475063441468
3258.0475063441468
3257.0856880026986
3256.2164721765125
3254.738971897435
3253.8631995822925
3252.094249258277
3251.453536258119
3250.39154750065
3249.4295731370567
3248.526140546695
3248.3649003079095
3248.3649003079095
3248.2141688732754
3248.1713971684203
3248.1713971684203
3248.1713971684203
3247.4964819934858
3247.4964819934858
3247.4964819934858
3247.311404938745
3247.1065039929827
3247.1065039929827
3246.7749036943032
3246.4651984517573
3246.4651984517573
3246.4651984517573
3246.4651984517573
3246.384538583644
3246.384538583644
3246.347424266003
3246.343040349625
3246.28269008
3246.28269008
3245.6886741166963
3245.6886741166963
3245.6886741166963
3245.6886741166963
3245.6886741166963
3245.6886741166963
3245.6886741166963
3245.6886741166963
3245.6886741166963
4365.594579521184
4365.594579521184
4365.594579521184
4273.6133079449355
3995.013882512394
3922.172527984324
3727.58812119345
3626.1696039813905
3571.454740790771
3484.919771781116
3430.8646830763396
3339.7113538376093
3302.6640402966696
3292.3853408366963
3254.6786416984287
3218.5484332482665
3199.285077271915
3171.88466676754
3167.2255747418985
3159.580329312964
3153.2589907760307
3152.311708693284
3147.194001257224
3142.1824354713544
3138.457938910913
3138.2328047661285
3135.239317345674
3134.5765055600577
3134.426890796759
3133.5431004569987
3133.5431004569987
3131.7873793087733
3131.2599702328744
3127.9127210646334
3127.9127210646334
3127.446776953351
3127.446776953351
3126.7313247042493
3126.7313247042493
3126.7313247042493
3126.470857979772
3126.163737260447
3125.6490418577064
3124.933018648594
3124.5199337780955
3124.471229351093
3124.3143450953503
3124.3143450953503
3124.160626928846
3123.955235441529
3123.7728105142482
3123.7728105142482
3123.7728105142482
3123.7728105142482
3123.605846962224
3123.605846962224
3123.605846962224
3123.605846962224
3123.605846962224
3123.5978677815287
3123.4291783740537
3123.4291783740537
3123.230153505337
3123.230153505337
3123.230153505337
3123.230153505337
3123.230153505337
3122.99461757806
3122.99461757806
3122.9755741825143
3122.9755741825143
3122.9755741825143
3122.9755741825143
3122.6664987270715
3122.6664987270715
3122.6664987270715
3122.6664987270715
3122.6664987270715
3122.6664987270715
3122.6664987270715
3122.6664987270715
3122.6664987270715
4365.594579521184
4365.594579521184
4361.83495736491
4337.430750015561
3880.8060377229176
3652.4400728282226
3539.6555754195997
3539.6555754195997
3539.6555754195997
3536.7268954634724
3517.887671467469
3483.7045163043776
3483.7045163043776
3483.7045163043776
3479.92795425546
3442.4249093220637
3434.3289094532
3428.7292294844683
3428.7292294844683
3422.1834341281415
3407.1638473415687
3407.1638473415687
3403.0643988183638
3401.307129542398
3378.606751896941
3378.606751896941
3369.7398468252145
3369.7103408809544
3367.1823473016666
3366.5775237022117
3362.4013804859615
3362.4013804859615
3360.4637974367715
3360.18079136272
3358.755939698605
3358.1104209546083
3358.1104209546083
3357.898744907349
3356.6204125317145
3356.152823678224
3355.9880539697733
3355.19912021217
3355.19912021217
3355.19912021217
3354.936196653712
3354.5637233450816
3353.549512442115
3353.549512442115
3353.4879846968643
3353.4879846968643
3353.3816703856055
3352.706802403607
3352.706802403607
3352.638632285042
3352.638632285042
3352.3643283748697
3352.3643283748697
3352.3643283748697
3352.3643283748697
3352.0222795286295
3352.0222795286295
3352.0222795286295
3352.0222795286295
3352.0222795286295
3352.0222795286295
3352.0222795286295
3352.0222795286295
3352.0219700414964
3352.0219700414964
3352.0219700414964
3352.0219700414964
3352.0219700414964
3352.0219700414964
3352.0219700414964
3352.0219700414964
3351.790329553891
3351.677759579549
3351.677759579549
3351.677759579549
3351.606185907444
3351.2307639269266
3351.2307639269266
3351.2307639269266
3351.2307639269266
3351.2307639269266
3351.2307639269266
3351.2307639269266
3351.2307639269266
3351.2307639269266
4365.594579521184
4365.594579521184
4363.873937118199
4200.422803888161
4026.675596090161
3718.2755450564136
3584.9735281064227
3481.0733919048266
3462.8637469845544
3394.2092409594507
3324.5247047045345
3316.939953001265
3307.515863195248
3278.8209720439554
3242.4343930126233
3236.5380183579814
3236.5380183579814
3224.5807640579796
3182.584781234168
3182.3938685591716
3182.3938685591716
3181.2996555863433
3166.3035202886285
3153.145904234848
3153.145904234848
3153.122952334771
3149.6790742894705
3144.4463986325427
3142.0417287320215
3142.0417287320215
3140.911287244567
3136.799045222847
3136.6771724633895
3135.2437343488164
3132.5531937141877
3132.5531937141877
3131.3045725094526
3130.494185138996
3128.645270908224
3128.4496784238368
3127.9451650976534
3127.5890202976466
3126.4875135871416
3125.40473523421
3125.1664836518103
3124.4427689816434
3124.0852288372625
3122.6555599007934
3122.621965168153
3122.621965168153
3122.174114322458
3121.1794249087843
3119.793290761273
3119.682205791791
3119.682205791791
3119.682205791791
3119.682205791791
3119.682205791791
3119.682205791791
3119.682205791791
3119.5249760105694
3119.5249760105694
3119.5249760105694
3119.5249760105694
3119.5249760105694
3119.5249760105694
3119.5249760105694
3119.5249760105694
3118.966153902456
3118.966153902456
3118.966153902456
3118.966153902456
3118.966153902456
3118.966153902456
3118.7957435432154
3118.7957435432154
3118.7957435432154
3118.7957435432154
3118.7957435432154
3118.7957435432154
3118.7957435432154
3118.7957435432154
3118.7957435432154
4365.594579521184
4365.594579521184
4362.441430015937
4220.303763853433
3917.193750410718
3730.5914897650887
3712.276414677059
3546.695640789248
3546.695640789248
3546.695640789248
3507.1231759867687
3441.0176012935317
3405.5230679193633
3365.4016882862456
3356.9376312216273
3332.0731312109847
3332.0731312109847
3319.062495970016
3276.9104284187797
3276.9104284187797
3276.9104284187797
3264.821677083043
3257.349196241317
3249.080985653484
3240.186885795577
3240.186885795577
3233.846753998937
3233.2694235882313
3218.010747443598
3216.8728715797843
3216.8728715797843
3213.863391082383
3210.5519931306753
3210.5519931306753
3209.878238952183
3206.7655368055475
3206.1203408394795
3204.751541901216
3201.3198113130798
3201.3198113130798
3195.8181176383596
3195.8181176383596
3194.3425592950452
3193.3043082938943
3192.1523418264
3190.0996563615777
3189.818066095642
3189.6301592181103
3189.6301592181103
3186.7166273464127
3186.698261717804
3186.60130578603
3186.60130578603
3186.133269889605
3186.133269889605
3186.0549525838583
3185.7455088494335
3185.7455088494335
3185.7455088494335
3185.3930784192953
3184.927001998928
3184.927001998928
3184.927001998928
3184.927001998928
3184.6616724825108
3184.4949716779392
3184.4949716779392
3184.4949716779392
3184.335596319654
3184.155426529277
3184.155426529277
3184.0719578440467
3184.0719578440467
3184.0325761728127
3184.0325761728127
3184.0325761728127
3183.920974957699
3183.920974957699
3183.920974957699
3183.8685938782555
3183.8685938782555
3183.729118262316
3183.729118262316
3183.674403763196
3183.674403763196
3183.674403763196
3183.674403763196
3183.674403763196
3183.647300497839
3183.647300497839
3183.647300497839
3183.647300497839
3183.647300497839
3183.647300497839
3183.647300497839
3183.647300497839
3183.647300497839
4365.594579521184
4365.594579521184
4364.229130279026
4230.650560020916
3868.0429891900735
3765.8955717207537
3623.681773051335
3458.6766503607187
3319.7500774373166
3301.132158526895
3296.2676203890765
3296.2676203890765
3287.52475425451
3276.4698217400487
3242.4438798773954
3242.4438798773954
3231.1484652122695
3222.4830368633493
3218.3598111934266
3200.863523711653
3191.1732004167275
3179.1360581361396
3165.917635110355
