4190.456226731947
4190.456226731947
4190.456226731947
4121.03117871539
4052.951655258893
3956.731770230763
3767.404861681014
3681.0034538780637
3609.1481249635826
3554.3274226024255
3554.3274226024255
3545.4942334469624
3545.4942334469624
3545.4942334469624
3545.4942334469624
3545.4942334469624
3517.4599916536567
3512.147360761809
3489.719734477726
3489.719734477726
3480.764793948059
3473.9546176671834
3467.573408972042
3458.12961201437
3450.2252537471086
3450.2252537471086
3442.8960379768814
3442.8960379768814
3417.2685366067526
3413.0963679183383
3400.0828416169397
3399.246002530608
3396.3938252313455
3394.363920698962
3394.363920698962
3394.363920698962
3391.510910065165
3391.510910065165
3380.434308615609
3380.434308615609
3380.434308615609
3378.2752593364025
3378.2752593364025
3376.1595987554824
3374.399039752015
3373.992736105287
3371.952116281709
3371.952116281709
3370.3869449708127
3368.232586492819
3368.232586492819
3366.85431742361
3366.85431742361
3366.85431742361
3366.7289247811404
3366.5882629379066
3365.5090701688796
3365.0893359471515
3365.0893359471515
3365.0893359471515
3365.0893359471515
3365.0893359471515
3364.0364399630403
3363.998367092327
3363.998367092327
3363.998367092327
3363.998367092327
3363.998367092327
3363.998367092327
3363.7084714472285
3363.5053659494943
3363.2380104892795
3363.0778767022075
3362.5866058587853
3362.5866058587853
3362.5866058587853
3362.5866058587853
3362.5866058587853
3362.2630732348243
3362.2630732348243
3362.2630732348243
3362.2630732348243
3362.2630732348243
3362.1361569770083
3362.1361569770083
3362.1361569770083
3362.1361569770083
3362.1361569770083
3362.1361569770083
3362.016463640056
3362.016463640056
3362.016463640056
3362.016463640056
3362.016463640056
3362.016463640056
3362.016463640056
3362.016463640056
3362.016463640056
4274.5939897796725
4274.5939897796725
4053.6826011271132
3870.17308442052
3791.1167781806453
3644.7118119507754
3515.5928356335926
3389.3607270870148
3305.353420171306
3289.7026308986487
3229.2651696410967
3208.9157044834674
3201.94299425994
3170.7693066225047
3170.7693066225047
3160.477818737016
3156.0602275866513
3142.9773232018624
3130.177018742501
3130.177018742501
3130.140034817316
3128.602357279255
3122.085597328957
3121.1152088782956
3118.731475258916
3111.9889231800503
3111.9889231800503
3111.8396577329686
3111.364119959024
3110.629017463699
3108.2051837245585
3108.2051837245585
3104.608731534538
3104.608731534538
3104.608731534538
3104.608731534538
3104.4220610081443
3103.211670662143
3101.855366695231
3100.9416872391275
3100.2680158211074
3099.9034184381385
3099.9034184381385
3097.1954496177755
3091.8618633450824
3087.3989020711733
3080.6915324560514
3080.6915324560514
3080.6915324560514
3080.593508125034
3080.002726005716
3078.3566677652407
3077.05083059974
3075.6881259405786
3075.1741368251337
3074.1939634899413
3074.1939634899413
3073.434043237966
3072.651943359481
3071.4047656987955
3071.193913073442
3071.1674236408035
3070.6282533953454
3069.6482382815
3069.319277697507
3068.105038218851
3065.042287273033
3062.897926974636
3062.897926974636
3062.8123855335225
3062.105536849592
3061.736807576453
3061.736807576453
3061.450939304478
3060.4593898677663
3060.329745769923
3060.329745769923
3060.329745769923
3060.3017269269667
3060.3017269269667
3060.297337965861
3060.297337965861
3060.050429997496
3060.050429997496
3060.050429997496
3059.7409756931206
3059.7409756931206
3059.7409756931206
3059.7409756931206
3059.7409756931206
3059.7409756931206
3059.7409756931206
3059.4580897568326
3059.4580897568326
3059.4580897568326
3059.416789556295
3059.416789556295
3059.416789556295
3059.416789556295
3059.416789556295
3059.416789556295
3059.416789556295
3059.416789556295
3059.416789556295
4274.5939897796725
4274.5939897796725
4109.981803347449
4092.5806160002385
3860.5040226104447
3698.957444314559
3615.533244841051
3557.343580316458
3475.0159079163277
3328.3734202975556
3266.749681926076
3240.3894545534104
3214.1726642096137
3197.6732978375953
3164.5496431806805
3151.8895250445303
3148.258454251125
3139.2482846294415
3129.69448275312
3125.8158678515338
3108.420739697329
3090.1383570806115
3084.6953440012453
3082.398087715838
3079.6239288690726
3075.44098542532
3072.5512993002644
3072.5512993002644
3070.523171672664
3067.4552852958823
3067.4552852958823
3066.0083934647596
3066.0083934647596
3065.566365366738
3065.1745024398965
3064.7810874127863
3064.523070887576
3064.184250535802
3064.184250535802
3063.363046937475
3063.363046937475
3063.363046937475
3063.0187499216913
3062.8792667777684
3062.4912508200277
3062.4912508200277
3062.4815279957193
3062.407767003504
3062.3163226333786
3062.033086413532
3062.033086413532
3061.949650798869
3061.949650798869
3061.9463344909227
3061.8461728376533
3061.7564989117636
3061.668343390129
3061.668343390129
3061.668343390129
3061.6044524808967
3061.6044524808967
3061.6044524808967
3061.6044524808967
3061.6044524808967
3061.489675683834
3061.489675683834
3061.426871545076
3061.426871545076
3061.426871545076
3061.426871545076
3061.3810233368567
3061.3472206846754
3061.3472206846754
3061.3472206846754
3061.3472206846754
3061.310592250742
3061.310592250742
3061.310592250742
3061.310592250742
3061.310592250742
3061.233456513297
3061.233456513297
3061.233456513297
3061.233456513297
3061.233456513297
3061.233456513297
3061.233456513297
3061.233456513297
3061.233456513297
4274.5939897796725
4014.454853628633
3795.2643553264
3784.851601335176
3662.876856589941
3624.49482696413
3542.196342314064
3429.1420934457606
3399.59983037012
3317.6222014372415
3285.5013172059753
3285.5013172059753
3270.731362930256
3257.146211265248
3257.146211265248
3252.3564097788967
3227.0369211068355
3207.586067962985
3201.8981980038607
3192.0181783410235
3180.512626276427
3163.5628619400095
3163.5628619400095
3163.5628619400095
3160.026284481805
3158.001136407959
3158.001136407959
3157.8302803876186
3157.459741123339
3155.593893832818
3148.88225627032
3147.47026707208
3146.6478826356397
3146.027187583839
3145.6513277715553
3145.130453218406
3143.894946729448
3140.8396464914913
3139.665619841643
3137.998896427886
3137.1988958609454
3137.1158213223703
3137.1158213223703
3137.1158213223703
3137.1158213223703
3136.4811129999553
3136.112823486019
3136.112823486019
3136.03811341493
3136.03811341493
3135.9240174235383
3135.132401735472
3135.132401735472
3134.4677367806985
3134.4677367806985
3134.4677367806985
3134.4677367806985
3134.4677367806985
3134.437446219251
3133.891845523499
3133.891845523499
3133.662250470104
3133.662250470104
3133.37993902679
3133.37993902679
3133.292459593926
3133.292459593926
3133.292459593926
3133.292459593926
3133.292459593926
3133.0232931076052
3133.0232931076052
3133.0232931076052
3133.0232931076052
3133.0232931076052
3133.0232931076052
3133.0232931076052
3133.0232931076052
3133.0179774853373
3133.0179774853373
3133.0179774853373
3132.9321066588827
3132.7904333308898
3132.7904333308898
3132.7904333308898
3132.7904333308898
3132.7904333308898
3132.7904333308898
3132.7904333308898
3132.7904333308898
3132.7904333308898
3132.672729356712
3132.672729356712
3132.672729356712
3132.672729356712
3132.656255862123
3132.656255862123
3132.656255862123
3132.656255862123
3132.656255862123
3132.656255862123
3132.656255862123
3132.656255862123
3132.656255862123
4274.5939897796725
4208.4559819921615
4065.249364543307
3907.3634272125955
3623.5235721694658
3518.60306363382
3372.6405371150418
3333.6786362041203
3233.785603840588
3190.8092924200873
3184.172488660963
3161.423959988091
3153.4393630251534
3132.204013776583
3107.8187852934702
3099.4199729871593
3082.8696097834872
3081.2854242803696
3070.042132572008
3068.2844877050657
3068.2844877050657
3065.806669879837
3060.7621343456935
3053.32424837891
3051.5464429498347
3050.373647826131
3050.373647826131
3047.099287273076
3047.099287273076
3045.8044194411405
3043.9987637146837
3042.044501913473
3038.3670200499096
3038.3670200499096
3037.4202257869374
3035.8173082637936
3034.725083359377
3034.6498696523818
3034.6498696523818
3033.119534978851
3030.2334742784683
3029.9265894712353
3029.9031983589757
3029.4656557757676
3029.102808495554
3028.969986262452
3028.6649523695546
3028.282519158263
3027.2863517258684
3027.154003131171
3027.154003131171
3026.335689643921
3026.335689643921
3025.8465982799953
3025.7155359411995
3025.458208318326
3025.2934036559514
3025.2934036559514
3025.0895134654725
3025.0895134654725
3024.7008503084257
3023.884091439898
3023.4633393730924
3023.4633393730924
3023.453936532611
3022.8884971058133
3022.2684465655275
3021.908567945702
3021.7165189269263
3021.4447937165182
3021.4447937165182
3020.9769926712365
3020.8111137467968
3020.8111137467968
3020.8111137467968
3020.732136739512
3020.7053689538843
3020.654543043932
3020.4530616410593
3020.0263561945244
3020.0263561945244
3020.0263561945244
3019.89646109557
3019.89646109557
3019.89646109557
3019.89646109557
3019.8808632806285
3019.8808632806285
3019.8808632806285
3019.8808632806285
3019.8577242908746
3019.835326903338
3019.835326903338
3019.835326903338
3019.835326903338
3019.835326903338
3019.835326903338
3019.7888927106246
3019.7888927106246
3019.7888927106246
3019.7888927106246
3019.740851232083
3019.740851232083
3019.740851232083
3019.740851232083
3019.7373086382163
3019.7373086382163
3019.7373086382163
3019.7373086382163
3019.7373086382163
3019.7373086382163
3019.7373086382163
3019.7373086382163
3019.7373086382163
4274.5939897796725
3915.5015848607236
3770.876513023327
3572.9750606789084
3572.9750606789084
3523.36630292773
3441.0623401489693
3392.018917768296
3358.380073515666
3358.380073515666
3332.943083856324
3316.1539728618586
3316.1539728618586
3310.1017329132737
3275.5722473263017
3256.4179626166733
3252.6798713436547
3252.6798713436547
3252.6798713436547
3250.417541385995
3238.281339588316
3225.0177309986966
3224.383034630094
3224.383034630094
3213.6760257096703
3212.0434852171197
3204.755602124582
3197.4833908514347
3197.4833908514347
3196.6079893376905
3187.536121302819
3187.536121302819
3187.536121302819
3187.536121302819
3187.536121302819
3187.536121302819
3187.536121302819
3187.536121302819
3187.536121302819
3187.421425151554
3187.23345395104
3186.8601934438066
3185.673706004295
3184.740491790352
3184.45868201898
3184.416559551547
3183.8802529905274
3183.8014352245978
3181.942067198835
3181.942067198835
3181.942067198835
3180.7860593300616
3180.028010007268
3180.028010007268
3179.718064245415
3178.9344472191474
3177.670546961268
3177.3465531361176
3176.6703076539106
3176.6703076539106
3176.6703076539106
3176.56217295482
3176.3160054978807
3175.9908762958025
3175.9228420679647
3175.389908940732
3174.5501284595944
3174.5501284595944
3174.4364178290084
3174.4364178290084
3174.4364178290084
3174.4364178290084
3174.4364178290084
3174.4364178290084
3174.4364178290084
3174.4364178290084
3174.4364178290084
4274.5939897796725
4274.5939897796725
4027.3515112302875
4027.3515112302875
4027.3515112302875
3972.5735098096056
3831.6799815881786
3689.2237849314333
3608.9336012999847
3517.083628426002
3439.3104454059653
3439.3104454059653
3397.8616413015943
3397.8616413015943
3397.8616413015943
3397.8616413015943
3384.029289708052
3376.6642893899157
3376.6642893899157
3374.616956752625
3349.5062772807087
3349.5062772807087
3332.501129720275
3322.8085596568253
3322.8085596568253
3317.3081114034267
3311.949036230812
3309.3029160682804
3305.837934853257
3303.680756067332
3303.680756067332
3296.995380385636
3294.48772750556
3290.1956674791177
3290.090184335846
3290.090184335846
3288.0893751678063
3285.1015845427523
3285.1015845427523
3284.7683922581637
3284.6202782009764
3284.528968025553
3283.5498976932486
3281.3089687635884
3280.7913560265642
3280.7913560265642
3280.738725517069
3279.1176218104583
3278.270102646192
3277.0810229746066
3277.0810229746066
3276.661592469549
3276.004572271625
3275.332144519276
3274.6976584896333
3274.6976584896333
3274.44381734335
3274.44381734335
3274.120857323065
3273.928347455476
3273.928347455476
3273.1692572003003
3273.1692572003003
3273.1692572003003
3272.826030712511
3272.826030712511
3272.826030712511
3272.826030712511
3272.4198637760765
3272.4198637760765
3272.4198637760765
3272.4198637760765
3272.4198637760765
3272.4198637760765
3272.4198637760765
3272.4198637760765
3272.4198637760765
4274.5939897796725
4274.5939897796725
4012.3397137229304
4005.6959784156816
4005.6959784156816
3917.025771975871
3789.843495002397
3699.719430845172
3626.3477634475926
3496.8709124483084
3396.345641499758
3396.345641499758
3378.0349664715786
3314.252892374119
3269.8189836265587
3248.3854930096363
3238.9304866784814
3218.609702661059
3198.091298382781
3182.192338576924
3180.8554318190236
3168.657839720337
3167.0406697909743
3156.688549037694
3156.688549037694
3156.688549037694
3156.688549037694
3156.688549037694
3153.9934989886347
3153.9934989886347
3152.6651494838165
3147.0149811413526
3140.3554228156336
3135.0733802395953
3133.707043843201
3131.407311416618
3129.3728387076007
3126.3053173041817
3122.8615349358383
3118.531997344772
3118.531997344772
3116.5257539241725
3116.5257539241725
3116.5257539241725
3116.319204280388
3115.541798261845
3112.4816594957397
3112.4816594957397
3112.3797854225595
3111.5949836640434
3111.456736330239
3111.456736330239
3111.20162655612
3111.20162655612
3111.20162655612
3111.20162655612
3110.5008710405004
3110.5008710405004
3110.5008710405004
3110.5008710405004
3110.5008710405004
3109.798730946029
3109.798730946029
3109.798730946029
3109.266666762914
3109.118308695491
3109.0532883776978
3109.0532883776978
3108.36829262171
3107.977926957239
3107.977926957239
3107.977926957239
3107.977926957239
3107.977926957239
3107.977926957239
3107.977926957239
3107.568003891097
3107.568003891097
3107.568003891097
3107.568003891097
3107.4444351371585
3107.4444351371585
3107.4444351371585
3107.4444351371585
3107.4444351371585
3107.4444351371585
3107.4444351371585
3107.4444351371585
3107.4444351371585
4274.5939897796725
4274.5939897796725
4271.934273078117
4114.630569340617
3863.4930828583347
3742.792299264559
3588.0335315365755
3432.7742823097306
3372.280632450494
3338.442519192972
3262.301000876451
3215.846521983186
3194.6754844647567
3162.1917276123877
3162.1917276123877
3161.7683168575036
3161.00704717638
3161.00704717638
3148.4679323723685
3138.915063400297
3138.915063400297
3137.0678668069504
3135.6480844429566
3134.396209449406
3133.3066645448853
3132.9936798514786
3132.9936798514786
3129.638946196788
3129.638946196788
3129.638946196788
3127.4576733204667
3127.441436866768
3126.7441911279147
3125.578304556051
3125.578304556051
3124.813243176711
3122.932255975662
3122.932255975662
3122.358444067557
3122.1696893032754
3121.9635615209245
3121.6391405482464
3120.1551510795694
3119.4778686668265
3119.4778686668265
3118.494685694072
3117.7329443995177
3117.0080049480944
3116.405065931281
3116.405065931281
3115.8924296674886
3115.8924296674886
3115.4521145439876
3115.4419383544455
3114.7394622194206
3114.7394622194206
3114.7394622194206
3114.7394622194206
3114.7394622194206
3114.695089714439
3114.695089714439
3114.695089714439
3114.1127752841458
3114.1127752841458
3114.1127752841458
3113.9955801319416
3113.8631808811306
3113.6566878583826
3113.441055017015
3113.441055017015
3113.287420798618
3112.938657640154
3112.938657640154
3112.938657640154
3112.938657640154
3112.6184014928535
3112.6184014928535
3112.6184014928535
3112.6184014928535
3112.6184014928535
3112.6184014928535
3112.6184014928535
3112.6184014928535
3112.6184014928535
4274.5939897796725
4274.5939897796725
4252.112448747413
4230.337023390071
4099.750605336599
3910.7546194449797
3784.5209283833074
3732.0351346976504
3600.2518012360133
3591.8642794006787
3587.296655391757
3509.2135276260715
3463.116756937657
3463.116756937657
3430.354411124929
3430.354411124929
3430.354411124929
3409.253022829632
3403.4959486007
3396.9522935775412
3393.72792420311
3389.4739566214416
3383.14889700502
3383.0774781294267
3373.773680156087
3368.600681519939
3361.778921011209
3361.019727021343
3352.909880663471
3349.021122278183
3344.819542021568
3344.819542021568
3338.4615961845557
3333.9675045293397
3329.0662808766483
3326.865312842953
3326.865312842953
3325.5879953134236
3324.4966453010006
3324.4966453010006
3324.128701500872
3323.7545540049878
3323.7545540049878
3323.0854731736936
3322.639510030115
3322.5305288410837
3322.5305288410837
3322.200496352922
3322.200496352922
3321.917386967414
3321.761625950815
3321.693755093669
3321.693755093669
3321.641707591876
3321.2564675180133
3321.2564675180133
3321.2564675180133
3321.2307246858454
3321.1981109035246
3320.996266949454
3320.996266949454
3320.996266949454
3320.996266949454
3320.943947500276
3320.943947500276
3320.943947500276
3320.943947500276
3320.943947500276
3320.943947500276
3320.943947500276
3320.943947500276
3320.943947500276
4274.5939897796725
4274.5939897796725
4273.704247165225
4225.812180977727
3962.0645579213165
3761.4640969380443
3586.2929194706026
3477.992926790288
3317.5505087591237
3287.1456734256008
3270.1366191401844
3218.5604085558584
3182.82612847683
3143.449903750376
3132.3717745620843
3113.3654281274016
3104.1412882750215
3104.1412882750215
3098.8238209416086
3096.6283479719814
3092.233475826146
3087.3522564221303
3080.356881213066
3080.356881213066
3080.356881213066
3079.966308790399
3079.4707288780355
3077.0324148949508
3075.777913537726
3075.777913537726
3075.460704898394
3074.423462753971
3073.8037482643313
3070.740567624777
3068.3702364346564
3067.073000912261
3066.6354206025003
3066.251650957155
3066.251650957155
3066.251650957155
3066.251650957155
3065.9911910818923
3065.329051084034
3064.4285108252584
3063.7732305268505
3063.440489342862
3063.3715698145775
3062.611591027244
3062.1312053016854
3062.1312053016854
3062.1312053016854
3062.0451310200906
3062.0451310200906
3062.0451310200906
3062.0451310200906
3062.0451310200906
3061.709922207522
3061.709922207522
3061.299075758281
3061.299075758281
3061.0098231130555
3061.0098231130555
3061.0098231130555
3060.570898056122
3060.1506515587666
3060.0846979279286
3059.972969488825
3059.504156665343
3059.504156665343
3059.325871700998
3059.126158053486
3059.126158053486
3059.126158053486
3059.048070772497
3059.048070772497
3059.048070772497
3059.048070772497
3059.014155274304
3059.014155274304
3059.014155274304
3059.014155274304
3058.6246215070146
3058.6246215070146
3058.6246215070146
3058.6246215070146
3058.6246215070146
3058.6246215070146
3058.516982326473
3058.516982326473
3058.516982326473
3058.516982326473
3058.516982326473
3058.516982326473
