4639.24024752756
4427.763141916229
4225.972834668579
3984.57875792889
3804.147379570424
3621.557259622884
3485.291954296502
3461.9275918864864
3409.3717925747465
3369.0667362348763
3330.130547596199
3309.586971638364
3305.8180129909383
3272.6089167236587
3256.548059882417
3252.0625534856713
3246.7164300057466
3237.567984947064
3217.932018188148
3203.6180850474216
3203.6180850474216
3197.140886049416
3197.140886049416
3197.140886049416
3196.510067290865
3190.674549269111
3189.820615411936
3188.170385196979
3186.3128057165895
3186.248785324199
3185.666223944143
3185.666223944143
3182.17682527141
3180.1266473239475
3179.5341702968663
3179.5341702968663
3178.4725901266083
3177.550028139721
3176.3495596089388
3171.97033053632
3171.97033053632
3171.97033053632
3171.7850344830745
3171.7850344830745
3171.7850344830745
3171.7850344830745
3171.7850344830745
3171.6728150203626
3171.3110258818656
3171.15720937964
3170.0746701967455
3169.158062994771
3169.1559215108896
3168.500375843
3167.382887613089
3166.967124487314
3166.967124487314
3166.967124487314
3166.772765714822
3166.31871947235
3166.1828310945466
3165.861090337468
3165.6716073478547
3165.3520145414977
3165.3520145414977
3165.160315059647
3164.6352203535466
3164.463983276692
3164.463983276692
3164.307051087383
3164.307051087383
3164.307051087383
3164.307051087383
3164.1413854727566
3164.1413854727566
3164.0244541424345
3164.0244541424345
3163.937527284999
3163.937527284999
3163.8274065820233
3163.8274065820233
3163.8274065820233
3163.8274065820233
3163.8274065820233
3163.8274065820233
3163.8274065820233
3163.8274065820233
3163.7481336936858
3163.7481336936858
3163.7481336936858
3163.7481336936858
3163.7481336936858
3163.7481336936858
3163.4290270583474
3163.4290270583474
3163.4290270583474
3163.4290270583474
3163.4290270583474
3163.4290270583474
3163.4290270583474
3163.4290270583474
3163.4290270583474
4642.157732826079
4639.24024752756
4617.960527195161
4261.113242028332
4131.3081501524075
4131.3081501524075
3984.334668749892
3960.441632314334
3856.1445996649563
3784.5359996346183
3777.030219535397
3746.413021710594
3688.147630940095
3609.4347277751313
3609.4347277751313
3609.4347277751313
3582.329004728818
3562.789457221791
3529.317372647153
3529.317372647153
3519.030397952184
3511.4935528889723
3503.204083275402
3497.5914476237895
3497.5914476237895
3489.4559662779106
3474.446689796794
3474.446689796794
3472.7176957300308
3463.890862723436
3454.5611984311536
3454.5611984311536
3454.5611984311536
3452.25062061654
3449.443660646866
3447.1331565174723
3442.7365215984755
3441.016760881167
3439.413313672226
3434.661616870404
3433.291528816445
3431.1431199961353
3425.3150149546823
3422.5254551155112
3422.5254551155112
3421.358001880595
3419.791263425151
3417.2742646013976
3415.0351839497484
3414.0439738748364
3410.8853195547417
3410.8853195547417
3410.8853195547417
3409.7583759982354
3409.0091942696745
3408.794796582348
3408.115844177557
3407.5735552251303
3407.5735552251303
3407.2870006017047
3407.2870006017047
3407.06274038228
3407.06274038228
3407.06274038228
3406.8144338951856
3406.0560177938773
3406.0560177938773
3405.5007065395694
3405.4377000636564
3405.4377000636564
3405.264775956777
3405.264775956777
3404.703839384818
3404.703839384818
3404.597984305317
3404.597984305317
3404.1482589499947
3404.1482589499947
3404.1482589499947
3404.1482589499947
3404.1482589499947
3404.1482589499947
3404.1482589499947
3404.1482589499947
3404.1482589499947
4642.157732826079
4639.24024752756
4466.780098316525
4322.732735385106
4060.7544581285247
3918.269888090813
3837.4432156223643
3723.748607134319
3676.5203430006227
3589.8186251148363
3569.84548286864
3540.539364885559
3504.261639107689
3504.261639107689
3465.1070074824834
3419.5582918756354
3380.761749208356
3365.265564302296
3352.9082658483
3320.4843839188197
3284.8587029090436
3284.8587029090436
3272.8960521432805
3272.8960521432805
3270.823200005717
3270.823200005717
3269.6626964898473
3265.700799779729
3250.7346640845935
3250.7346640845935
3250.7346640845935
3250.7346640845935
3247.456957055967
3246.256657453162
3244.2799052620944
3244.2799052620944
3241.843430832031
3240.606678937308
3239.664576289768
3238.448270645007
3237.4026028100275
3236.3091394972926
3235.3266482740755
3235.3266482740755
3235.3266482740755
3235.064739123428
3234.603457559284
3234.4433054340607
3234.036221529706
3234.036221529706
3233.4730004344174
3233.4730004344174
3233.178139675765
3231.7860109524927
3230.3086977784537
3226.618470046269
3226.4117092315173
3225.470994423463
3224.991955315102
3223.922867555655
3221.370347264835
3219.767895629915
3217.4870236800934
3215.098776464129
3215.098776464129
3214.7929243076633
3213.0174929490586
3212.703317051525
3211.1442726581863
3210.737012330253
3210.737012330253
3210.0299312230336
3209.936401779137
3209.936401779137
3209.936401779137
3209.708390781032
3209.30080441112
3208.997029549022
3208.4472373905123
3208.0805411850192
3207.498876135429
3207.4673582464084
3207.403570095775
3206.7861622127166
3206.6439188973677
3206.6439188973677
3206.59823707485
3206.59823707485
3206.302123853223
3206.2283136075403
3206.2283136075403
3206.0066125363446
3206.0066125363446
3206.0066125363446
3206.0066125363446
3206.0066125363446
3205.961028567489
3205.7756908669944
3205.7756908669944
3205.6593851860925
3205.6373304670788
3205.6373304670788
3205.6373304670788
3205.6373304670788
3205.6373304670788
3205.6373304670788
3205.6373304670788
3205.6373304670788
3205.607171251227
3205.607171251227
3205.607171251227
3205.607171251227
3205.5307239496433
3205.4256253587723
3205.4256253587723
3205.4256253587723
3205.374690831162
3205.374690831162
3205.374690831162
3205.374690831162
3205.374690831162
3205.374690831162
3205.374690831162
3205.374690831162
3205.3577476776827
3205.3577476776827
3205.3577476776827
3205.3577476776827
3205.2838794183544
3205.2838794183544
3205.2838794183544
3205.2838794183544
3205.2838794183544
3205.2610274082035
3205.2610274082035
3205.2610274082035
3205.2610274082035
3205.2610274082035
3205.2610274082035
3205.2610274082035
3205.2610274082035
3205.2610274082035
4642.157732826079
4639.24024752756
4413.400617629219
4210.9737138686905
4077.479462569029
4064.092689302421
3885.685167522442
3784.4422070875125
3698.3617113923106
3632.090736753488
3559.928749460192
3480.0738609432683
3446.9315237518404
3401.7862848572668
3360.3412456032884
3325.904983260979
3325.348665670914
3294.8825796718056
3292.298018871361
3276.8002187027114
3272.4537488855417
3264.793674191755
3264.3257911714336
3260.143960453962
3259.105063257024
3257.061663212939
3254.74223593503
3252.99758414367
3252.99758414367
3248.2783532902795
3245.753279476031
3242.685871397355
3242.685871397355
3241.8245782035824
3240.1681893912487
3238.365533337738
3238.365533337738
3238.365533337738
3237.1585487193256
3236.1871625143435
3235.708665279855
3233.597486767319
3233.597486767319
3233.597486767319
3232.5945318262447
3232.5945318262447
3232.4471854622775
3232.4471854622775
3231.4672251452835
3231.4672251452835
3231.044580800544
3231.0395892118663
3230.788455657724
3230.3497890587296
3230.301091501707
3230.130012521488
3229.7112595813282
3229.7112595813282
3229.7112595813282
3229.5233820848557
3229.3804849276667
3229.048376290166
3229.048376290166
3229.048376290166
3229.048376290166
3229.048376290166
3229.048376290166
3229.048376290166
3229.048376290166
3229.048376290166
4642.157732826079
4626.328943131805
4626.328943131805
4626.328943131805
4550.645678722424
4143.259816759511
3919.5052973291467
3829.2427400272372
3786.948530944931
3652.0277438222583
3640.7539126541833
3555.9013112800594
3472.049744413217
3448.9686394413297
3435.1015479237885
3401.449610616055
3389.735547788079
3341.471986559535
3341.471986559535
3341.471986559535
3337.0680978800397
3326.19022772003
3320.72551071848
3315.470908670587
3309.192164910008
3303.4114003135383
3297.8322072119167
3297.8322072119167
3294.7916869779724
3292.1366775019665
3292.1366775019665
3290.569980735273
3288.968611505914
3286.6888291494715
3286.6888291494715
3286.6888291494715
3284.4349457153994
3283.718951543546
3283.5047135398227
3283.0862019753854
3281.22097346791
3281.025712756732
3280.5132040633757
3280.5132040633757
3280.5132040633757
3279.1847678959166
3275.2196927020277
3273.6757955182197
3271.1784686548317
3271.1784686548317
3270.892774694388
3268.4289688444433
3267.617148205886
3265.499086881081
3263.9760181443235
3261.6247746522276
3261.37490931354
3261.37490931354
3259.63408253691
3258.9675345021997
3258.6179120043143
3258.4762622333114
3257.9004767608694
3257.1900274367563
3256.411185503192
3255.5247754878696
3254.8653960089882
3254.8653960089882
3254.4490822897374
3254.4490822897374
3254.0745758662392
3254.0745758662392
3253.6759519809507
3253.3258950888826
3252.7452694432827
3252.234565228041
3251.491375072521
3251.491375072521
3251.491375072521
3251.491375072521
3251.325453137189
3251.325453137189
3251.228068953388
3248.0024388936336
3245.9070282442917
3245.9070282442917
3245.094609964375
3245.094609964375
3244.5172062470124
3244.0856097214996
3243.945058739202
3243.945058739202
3243.835007126835
3243.835007126835
3243.835007126835
3243.3526333695704
3243.3526333695704
3243.3526333695704
3243.3526333695704
3243.3526333695704
3243.3526333695704
3243.3526333695704
3242.9628275938758
3242.9628275938758
3242.9628275938758
3242.93961833373
3242.93961833373
3242.93961833373
3242.93961833373
3242.8404917683742
3242.8404917683742
3242.739454699444
3242.43718049798
3242.43718049798
3242.43718049798
3242.43718049798
3242.43718049798
3242.43718049798
3242.43718049798
3242.332089367231
3242.332089367231
3242.332089367231
3242.332089367231
3242.332089367231
3242.332089367231
3242.332089367231
3242.332089367231
3242.332089367231
4642.157732826079
4589.3731500191625
4589.3731500191625
4589.3731500191625
4519.972652214352
4519.972652214352
4226.550178060122
4113.2921816246435
3892.4822069175643
3772.960771976902
3553.122012823316
3433.9043005564154
3314.6452479196773
3251.3282352420692
3244.3226872057794
3227.9529813423787
3203.9087044948124
3195.2475085634774
3187.403785571949
3187.403785571949
3157.4272753289406
3148.3526263563845
3133.567237169749
3113.733665389849
3103.1863076771865
3103.1863076771865
3103.1863076771865
3103.1863076771865
3100.414806878383
3098.6201569014165
3097.677189776834
3096.643161355738
3096.047809881378
3093.9237474784823
3091.6914430115244
3091.3049167182057
3089.1399528095167
3088.8585123144144
3088.8585123144144
3088.0100402346816
3086.7397008084035
3086.710724032473
3086.710724032473
3086.710724032473
3086.3270805207903
3085.9697360150567
3085.229326549781
3085.1824047077157
3085.0403519180722
3084.54657885627
3084.512967029242
3084.442376209842
3083.741388583085
3083.445736727957
3082.3990765695326
3081.616458678537
3079.95891571751
3078.5809119643086
3075.917727858517
3075.1888211610303
3074.4593496024445
3073.9605635194816
3072.894441078061
3071.817309243103
3071.817309243103
3071.7557679746806
3071.390172770478
3071.390172770478
3071.363983567142
3071.363983567142
3071.363983567142
3071.123132705217
3071.123132705217
3071.123132705217
3071.017501946344
3070.9741400671387
3070.9614400647497
3070.9614400647497
3070.9483418851114
3070.7523096268783
3070.6758308148774
3070.6758308148774
3070.6758308148774
3070.6758308148774
3070.6758308148774
3070.6758308148774
3070.6758308148774
3070.6758308148774
3070.6758308148774
4642.157732826079
4639.24024752756
4636.345443389448
4409.535362113043
4326.674049058132
4216.315846597663
4058.6549473628666
3921.0516830725337
3718.9997461553003
3579.273254238413
3495.0526964243154
3367.4181947388624
3286.1118540952475
3250.397864677437
3223.0352861472766
3208.7000710878006
3195.007520912483
3189.616379266827
3186.0511073040884
3185.872096898932
3184.0251517862916
3172.8054359071
3135.5051606834
3135.5051606834
3135.5051606834
3129.492418271446
3129.492418271446
3120.2546909670264
3120.2546909670264
3115.505360842791
3113.938768552397
3113.059394316764
3111.9354570973655
3111.9354570973655
3109.768870756772
3107.2992810167534
3105.7498489591953
3104.8024147185993
3103.642388350564
3100.482771683795
3098.708099031506
3097.628402818703
3096.3755479341407
3095.5537798691066
3093.7301229069653
3092.111556705689
3091.186726306542
3090.9125128429737
3090.8751727217937
3090.282956591011
3089.809218335787
3089.717848134622
3089.3601564531955
3089.3601564531955
3089.220985658643
3089.0387362963847
3088.808255567305
3088.1739480640977
3087.905244998705
3087.8951265047635
3087.52697879221
3087.52697879221
3087.349943071882
3087.240113557007
3086.95723489084
3086.856637714385
3086.8498281471084
3086.604855843496
3086.4178037468696
3086.377215036838
3086.377215036838
3086.370068555989
3086.3225925932456
3086.309676662278
3086.309676662278
3086.252787430651
3086.2096564085987
3086.2096564085987
3086.1366990637507
3086.057174134767
3086.057174134767
3086.0116512954814
3086.0116512954814
3085.9553452943237
3085.942231238801
3085.942231238801
3085.942231238801
3085.939556013289
3085.939556013289
3085.9170356973136
3085.9170356973136
3085.9170356973136
3085.9170356973136
3085.9170356973136
3085.9170356973136
3085.9170356973136
3085.908168618577
3085.908168618577
3085.906033931663
3085.906033931663
3085.906033931663
3085.906033931663
3085.906033931663
3085.8948331148713
3085.8948331148713
3085.8948331148713
3085.8948331148713
3085.8948331148713
3085.8895612217552
3085.8895612217552
3085.8895612217552
3085.8895612217552
3085.8895612217552
3085.8895612217552
3085.8895612217552
3085.8848605512967
3085.8848605512967
3085.8848605512967
3085.8848605512967
3085.8848605512967
3085.8848605512967
3085.8848605512967
3085.8848605512967
3085.8848605512967
4642.157732826079
4639.24024752756
4130.94185535127
4130.94185535127
4130.94185535127
4130.752780176654
3894.521969273612
3778.2697286002212
3607.206484451586
3442.699497158423
3409.662515148866
3298.272428806205
3274.39204738439
3259.8239042771056
3259.8239042771056
3259.357186633271
3249.2922227205217
3225.064179946766
3193.3642023620805
3192.7339388484515
3156.4527250724723
3146.6616060901342
3143.2486292961757
3135.769297830565
3127.730390294172
3110.6344915139925
3110.6344915139925
3109.946592563658
3107.493296601761
3103.1015257479617
3103.1015257479617
3096.1364002590963
3094.809280887641
3091.3575660398546
3090.502965414021
3090.0421415153364
3088.967904281645
3087.14805585285
3086.2185643400317
3085.6062770959093
3084.8021303459846
3084.8021303459846
3083.854660197821
3083.4378658972246
3082.081932146806
3080.8946237311625
3079.9825710592036
3079.8579977076156
3079.6830957587
3078.5593637543807
3078.0680889702976
3077.227179459528
3077.1813731969883
3077.0083411441983
3077.0083411441983
3076.1868661517956
3075.7478021914285
3075.730054139886
3075.146529175033
3074.7248703761024
3074.550816089544
3074.009915433144
3073.966065753586
3073.5906298351065
3073.2964014875633
3073.180551377318
3073.180551377318
3073.0104182370956
3073.0104182370956
3072.9675834133277
3072.929957941445
3072.910327045386
3072.867479128365
3072.8403950344477
3072.8403950344477
3072.659609043613
3072.659609043613
3072.659609043613
3072.601486804587
3072.5939472961404
3072.5836588923517
3072.5836588923517
3072.5183474140313
3072.4509497087715
3072.337168358111
3072.151860311142
3071.639507971293
3071.4108724094276
3071.4108724094276
3071.2990064983414
3071.201732505524
3071.201732505524
3071.201732505524
3071.1361233284574
3071.1361233284574
3071.1076703003287
3071.1076703003287
3071.025163344556
3071.0065962667063
3070.975465780164
3070.975465780164
3070.8974350697026
3070.8974350697026
3070.8974350697026
3070.8974350697026
3070.888522147825
3070.888522147825
3070.753073577856
3070.753073577856
3070.753073577856
3070.753073577856
3070.753073577856
3070.753073577856
3070.753073577856
3070.753073577856
3070.753073577856
4642.157732826079
4639.24024752756
4384.135426001247
4210.184754589769
4112.1369376324055
3804.016617921162
3745.0615920890173
3723.8940510586276
3716.9388360795015
3688.1255651461797
3606.0693493515873
3553.6028771871934
3548.532757995567
3520.7944107563094
3508.188411273022
3492.842604810894
3492.842604810894
3485.3670414997046
3471.2771618032248
3471.158218585277
3463.413955566457
3456.949702594198
3451.968992264888
3451.968992264888
3438.480497522521
3438.480497522521
3438.480497522521
3432.1566565943344
3430.249248630237
3430.249248630237
3429.54141366138
3428.5033734436465
3418.4579114645708
3418.4579114645708
3413.6154640001
3413.6154640001
3413.5509466492845
3410.931988519632
3409.0137978781627
3406.4728888386817
3406.4728888386817
3406.4728888386817
3406.4525994848814
3404.7126706082463
3402.55274451881
3402.55274451881
3402.55274451881
3402.55274451881
3402.467800213126
3400.6551300464844
3394.634722957918
3394.634722957918
3394.634722957918
3394.634722957918
3394.454183890438
3394.454183890438
3393.7891249404743
3393.7891249404743
3392.25410992763
3391.167902166602
3391.167902166602
3391.167902166602
3391.167902166602
3391.053111887529
3391.053111887529
3391.053111887529
3391.053111887529
3391.053111887529
3390.352835127075
3390.3504664749826
3390.1972347005353
3390.1972347005353
3390.1972347005353
3390.1972347005353
3390.1972347005353
3389.8569490266577
3389.8569490266577
3389.7547675049827
3389.7547675049827
3389.7547675049827
3389.7547675049827
3389.7547675049827
3389.7547675049827
3389.7547675049827
3389.7547675049827
3389.7547675049827
3389.7170203494607
3389.7170203494607
3389.594115384509
3389.594115384509
3389.525535652064
3389.525535652064
3389.525535652064
3389.525535652064
3389.279934043303
3389.1525818309856
3389.1525818309856
3389.147237852768
3389.147237852768
3389.147237852768
3389.147237852768
3389.147237852768
3389.147237852768
3389.147237852768
3388.6655452845544
3388.6655452845544
3388.6655452845544
3388.6655452845544
3388.345739078674
3388.345739078674
3388.345739078674
3388.345739078674
3388.345739078674
3388.345739078674
3388.345739078674
3388.345739078674
3388.345739078674
4642.157732826079
4639.24024752756
4393.58560449308
4393.58560449308
4338.64525233767
4253.869112924105
4146.351618995118
4132.585245517144
3969.7783146989327
3903.0288802219598
3884.3640737074084
3757.106240608618
3643.6680580821585
3578.7317612722973
3495.089888500411
3471.8461423020362
3446.66820670786
3433.1226637475647
3426.3750687136826
3421.176641726456
3412.3758560656765
3387.6861393842464
3370.0363961154744
3370.0363961154744
3360.7184743801954
3348.5418755023447
3340.5862482421603
3321.7050964532564
