4727.686368291529
4253.446459711372
4253.446459711372
4253.446459711372
4253.446459711372
4164.987926123452
4085.1624479094917
3949.5528097045394
3881.5164754369425
3758.058338943346
3707.4914695917387
3681.9995767007536
3660.894081281229
3639.359808407059
3638.4251670342755
3590.0173549525944
3590.0173549525944
3566.1792839266527
3566.1792839266527
3566.1792839266527
3560.5411745984466
3551.8502005403257
3548.1127812592795
3547.419045744574
3527.8508178516977
3527.8508178516977
3527.8508178516977
3519.229050265173
3519.229050265173
3519.229050265173
3513.3413902717393
3506.8871248198684
3502.0402459974644
3500.8582088141557
3500.3687122082756
3498.984202911839
3497.1635457010075
3493.2943166853424
3491.9662059665684
3491.9662059665684
3491.780911011729
3490.5104665675644
3489.779786580546
3488.4247240489617
3488.0837581990054
3488.0837581990054
3487.9099007669456
3487.7344180770606
3487.6571467672447
3487.2952709244996
3487.2952709244996
3487.075586439646
3486.7609546453973
3486.623024904906
3486.623024904906
3486.623024904906
3486.5325519842627
3486.520333729153
3486.434491632273
3486.434491632273
3486.434491632273
3486.42934589895
3486.315369554675
3486.315369554675
3486.315369554675
3486.315369554675
3486.315369554675
3486.315369554675
3486.315369554675
3486.315369554675
3486.315369554675
4731.542190957414
4727.686368291529
4359.11081300399
4359.11081300399
4315.563229242349
3989.814349301036
3932.1095432377674
3794.7309531898454
3699.2879117522243
3520.229890812536
3457.283240325299
3454.0737966294364
3397.5148086363324
3379.930721313497
3354.7258061819634
3322.3206188573013
3301.2213093839614
3292.839527801996
3265.661572263497
3254.9619290697383
3245.5640012737713
3239.056630792945
3215.0419317086944
3187.1156629623215
3179.202265849666
3177.824904946123
3177.824904946123
3177.039421606824
3166.040573440806
3166.040573440806
3166.040573440806
3165.517285730694
3163.101591456281
3159.6266665323637
3157.46075059698
3155.688056899102
3155.688056899102
3155.2172039829657
3153.278322528844
3153.278322528844
3153.278322528844
3152.1117064168375
3151.310459199666
3151.310459199666
3151.0427347519453
3151.0427347519453
3150.942632567547
3150.942632567547
3149.46769500652
3149.3046266965925
3148.2160572420307
3148.2160572420307
3147.998470310705
3147.998470310705
3147.637829035606
3147.308490631592
3146.292374294667
3145.3674418806554
3144.894944097112
3144.352027153932
3143.882082939983
3143.3122250306274
3142.6563106374238
3142.6563106374238
3142.519990249789
3142.4358768569505
3142.1731617306955
3142.1731617306955
3142.1731617306955
3142.1731617306955
3142.1353983428503
3142.072705794807
3142.013637638553
3141.9295733490576
3141.8207087345118
3141.8207087345118
3141.8207087345118
3141.8207087345118
3141.8207087345118
3141.8207087345118
3141.8207087345118
3141.7787857741355
3141.7787857741355
3141.515417808032
3141.515417808032
3141.515417808032
3141.515417808032
3141.515417808032
3141.4861283716427
3141.4861283716427
3141.4861283716427
3141.4861283716427
3141.4861283716427
3141.4861283716427
3141.4861283716427
3141.416650035298
3141.416650035298
3141.416650035298
3141.416650035298
3141.3897484931254
3141.3897484931254
3141.3897484931254
3141.3897484931254
3141.3897484931254
3141.3897484931254
3141.3897484931254
3141.3897484931254
3141.3897484931254
4731.542190957414
4697.32974288193
4675.014372553856
4548.091545713141
4226.693257074493
4163.256438159151
3889.910903638608
3656.7178046604895
3560.823107623736
3536.080681417391
3466.9954159085596
3446.773184284495
3348.775050722096
3289.30829512566
3231.387022570488
3225.114296877079
3208.697350143801
3206.031931598224
3185.8237671822376
3180.504769207028
3166.6592902427433
3150.0278353655867
3145.026063818695
3145.026063818695
3143.0881851439844
3139.888017906291
3139.4409397149593
3139.2651713890937
3137.80819470195
3137.320025971466
3135.917477836546
3135.510642386644
3134.5251645025173
3133.986579921728
3133.593300124352
3133.069922778295
3130.809869538735
3129.6711345668336
3127.2384262048463
3125.7966507783935
3124.410423092624
3117.850488683607
3113.5658849577103
3106.6200988556166
3103.1921227132134
3098.745320232081
3098.215633598569
3096.7692486759074
3093.554655150421
3092.7071181609717
3092.7071181609717
3092.684812166202
3091.6326803125385
3089.8168799349733
3089.8168799349733
3088.7703109691247
3088.7703109691247
3088.5502487667773
3088.1700859371276
3087.952879217399
3087.7199495994482
3087.5267147216955
3087.440110021934
3087.180398760865
3087.149428415892
3087.0194740280617
3086.6508029534493
3086.6508029534493
3086.6508029534493
3086.643069109656
3086.643069109656
3086.643069109656
3086.643069109656
3086.643069109656
3086.637267254353
3086.576500975906
3086.576500975906
3086.576500975906
3086.3325551614607
3086.3325551614607
3086.3325551614607
3086.3325551614607
3086.3325551614607
3086.3325551614607
3086.3325551614607
3086.3325551614607
3086.3213152207472
3086.3213152207472
3086.3213152207472
3086.3105143743414
3086.3105143743414
3086.3105143743414
3086.231425824407
3086.231425824407
3086.2024818256905
3086.2024818256905
3086.2024818256905
3086.2024818256905
3086.2024818256905
3086.2024818256905
3086.2024818256905
3086.2024818256905
3086.2024818256905
3086.1977688173843
3086.1977688173843
3086.1977688173843
3086.1977688173843
3086.1977688173843
3086.1846432326843
3086.1846432326843
3086.1846432326843
3086.1846432326843
3086.1846432326843
3086.1846432326843
3086.1846432326843
3086.17204907024
3086.17204907024
3086.17204907024
3086.1471124880804
3086.1471124880804
3086.1471124880804
3086.1471124880804
3086.1471124880804
3086.1471124880804
3086.1471124880804
3086.1471124880804
3086.1471124880804
4731.542190957414
4693.861647435866
4490.1110278986225
4490.1110278986225
4357.387893078968
4083.9005339289106
3992.035248246875
3827.8040466669054
3727.489110512314
3624.0814072508765
3530.268313496846
3478.4894390448767
3444.0164145990325
3420.062088597023
3420.041276325502
3395.95629477539
3371.2665236658067
3341.3955808581304
3302.3315295878
3273.063326279913
3251.1963395597404
3251.1963395597404
3240.0072389315847
3232.48326549814
3217.50625919078
3212.991471376102
3204.0186991202627
3204.0186991202627
3196.210666260111
3189.2200730422924
3189.1136447844324
3188.4837866795615
3182.1969724980095
3179.1904426922483
3175.975964906709
3168.161124851409
3167.0182223090865
3160.0840884132767
3155.271339766935
3154.1303885954135
3153.846812418625
3153.846812418625
3152.3228450619968
3149.177327503694
3148.2777067534257
3146.7366088598396
3145.2072446201273
3144.4949905739127
3143.8921327589715
3142.646544147278
3142.0073907685683
3141.604141692977
3141.163607294122
3140.9284517823294
3140.9284517823294
3140.8873752284767
3140.0925971541
3140.0751024508627
3139.7538308632425
3138.9335487692656
3137.9322435236954
3137.3169696696427
3136.698489719871
3136.426452156016
3135.972490523138
3135.972490523138
3135.972490523138
3135.89074618159
3135.89074618159
3135.512704681999
3135.0582206928607
3135.0431588621814
3134.9682838527906
3134.8196746596195
3134.673443763519
3134.4784800592493
3134.4784800592493
3134.4784800592493
3134.4551157203646
3134.4551157203646
3134.391653348797
3134.391653348797
3134.391653348797
3134.3381903290124
3134.3381903290124
3134.3381903290124
3134.3286658808074
3134.3286658808074
3134.3138108464905
3134.3138108464905
3134.3138108464905
3134.3138108464905
3134.3138108464905
3134.3138108464905
3134.290629525816
3134.290629525816
3134.290629525816
3134.290629525816
3134.290629525816
3134.2864998466785
3134.271152030075
3134.271152030075
3134.271152030075
3134.271152030075
3134.271152030075
3134.271152030075
3134.271152030075
3134.271152030075
3134.271152030075
4731.542190957414
4637.820505181988
4435.567750188263
4435.567750188263
4377.348703310905
4035.153359613274
3920.1904526958915
3849.2218302101182
3780.900307990526
3636.359100997174
3506.2802513845677
3452.060304662693
3371.7245002971513
3292.047355857525
3229.7869158964377
3151.5207345829785
3124.4007171089224
3120.687419875822
3103.943831548523
3103.943831548523
3101.382096117697
3101.382096117697
3101.382096117697
3098.8448766443316
3096.9262820740373
3095.7175715412814
3091.913024920211
3090.368003220038
3087.730216103855
3087.730216103855
3087.730216103855
3085.35476062201
3084.8023915639915
3083.4550030727182
3083.4550030727182
3081.243969927402
3080.4232363720503
3078.456928174712
3077.305642796508
3076.925197991003
3075.3200154374786
3074.088669982784
3073.9432849919212
3073.5218302501485
3073.5218302501485
3072.6807379648694
3072.465803241672
3071.445870684621
3070.816306235445
3070.816306235445
3070.816306235445
3070.816306235445
3070.816306235445
3070.816306235445
3070.2562646951387
3070.2562646951387
3070.1352426190933
3069.863300753441
3069.8033695895565
3069.4972944432425
3069.4972944432425
3069.404675688663
3069.404675688663
3068.752716626046
3068.752716626046
3068.752716626046
3068.752716626046
3068.511778255845
3068.511778255845
3068.3054260409335
3068.3054260409335
3068.3054260409335
3068.3054260409335
3068.3054260409335
3068.2942025727602
3068.2146202281756
3068.2146202281756
3068.1813237417355
3068.1813237417355
3068.1813237417355
3068.1668657009204
3068.1668657009204
3068.1668657009204
3068.1668657009204
3068.0377100941514
3068.0377100941514
3067.9692015962937
3067.9692015962937
3067.9692015962937
3067.8900569458833
3067.8900569458833
3067.729190667213
3067.729190667213
3067.729190667213
3067.729190667213
3067.729190667213
3067.729190667213
3067.5216529254667
3067.5216529254667
3067.5216529254667
3067.5216529254667
3067.5216529254667
3067.5216529254667
3067.5216529254667
3067.5216529254667
3067.5216529254667
4731.542190957414
4715.304279504501
4486.059641421983
4365.758943484359
4039.309884763891
3985.147678864535
3822.1868768436875
3644.0531099599066
3644.0531099599066
3622.846248848024
3559.6240014217665
3473.852390459267
3382.9051284335565
3330.918791560294
3255.425867723061
3231.4112382985686
3231.4112382985686
3230.169670266492
3221.475625888189
3221.475625888189
3218.223731849812
3213.283246222866
3207.536536756597
3207.536536756597
3203.6389348149505
3203.0768717296314
3195.697739139763
3195.074082497764
3190.4598236225916
3188.6883369209727
3184.5137276759497
3182.0604544281905
3177.6018561486444
3174.231930898717
3173.1291454582733
3170.9683676022037
3169.2398655915754
3167.194766021507
3165.184670884696
3163.0011676202116
3161.3877194442102
3159.592184611326
3158.01812531554
3156.87812578765
3155.1812864992007
3154.1817524282546
3153.714953086685
3152.753674503904
3151.998806343148
3151.4206839279846
3150.365055994195
3149.786255057076
3148.9821814231686
3148.188788875915
3148.05147485095
3147.668404182762
3147.4031475053102
3147.159057045212
3147.0880725019224
3146.9977544343265
3146.902259464366
3146.902259464366
3146.8324496990895
3146.8324496990895
3146.7920964876384
3146.7920964876384
3146.6564095533804
3146.6564095533804
3146.6564095533804
3146.6564095533804
3146.6564095533804
3146.6564095533804
3146.6564095533804
3146.6564095533804
3146.6564095533804
4731.542190957414
4485.283044067305
4228.803523597426
4067.8646012790587
4067.8646012790587
4045.1736263450575
3827.953977835603
3668.9867484728447
3557.527513010071
3509.816715061802
3444.282986897145
3402.3239929095453
3375.0315485338565
3354.62274280406
3293.6877253916887
3247.738555233793
3221.879828677018
3162.699253907864
3149.3457669888817
3139.466856533146
3138.8521035728027
3136.295474286678
3131.813916516846
3119.954883139488
3119.954883139488
3117.6111726852523
3113.639396316541
3110.6378313571304
3107.8673570949054
3100.967082749477
3094.3099488713906
3093.9561803356823
3093.4263786173838
3092.371936355395
3090.523966490334
3087.405134047947
3082.029779209093
3082.029779209093
3082.029779209093
3082.029779209093
3082.029779209093
3082.029779209093
3081.4785181033258
3081.1882836703317
3080.954293057078
3078.8634058846333
3078.8634058846333
3078.5157621074572
3077.1170353630478
3075.6070695315075
3074.518540638914
3072.4956279176
3072.4956279176
3070.7627551776495
3070.7627551776495
3070.7627551776495
3069.934779526982
3068.9462949293184
3068.341388011046
3068.341388011046
3068.341388011046
3067.5285311500406
3067.2913411383724
3067.2240097294216
3067.2240097294216
3066.8947767117684
3066.879986357598
3066.8469899138204
3066.8469899138204
3066.594682430004
3066.40340785083
3065.9728817777136
3065.9728817777136
3065.9728817777136
3065.4811137041092
3065.4811137041092
3064.7494558159297
3064.7494558159297
3064.7494558159297
3064.7494558159297
3064.7494558159297
3064.7494558159297
3064.7494558159297
3064.7494558159297
3064.7494558159297
3064.5387099798404
3064.5387099798404
3064.5387099798404
3064.5387099798404
3064.5387099798404
3064.5387099798404
3064.5387099798404
3064.5387099798404
3064.5387099798404
4731.542190957414
4727.686368291529
4518.096540742737
4322.5691318720355
4186.840704476135
3973.1831994560516
3922.32957641691
3743.795618876421
3594.0984824056213
3546.7638422389246
3401.9990529141332
3352.629535530262
3331.254056003473
3275.0185626220937
3248.100094995576
3214.966756483791
3198.359548670017
3188.0773077499307
3176.8441801500876
3167.894062399123
3152.4518031433404
3141.6839767687734
3138.836199461128
3130.961881023757
3130.961881023757
3130.961881023757
3126.8143226234833
3121.709146798506
3119.5649368450718
3119.5649368450718
3119.188712918081
3119.188712918081
3117.974635622691
3115.4608337461336
3113.879843049375
3112.2420190649955
3110.7627726156406
3108.9702259193546
3108.9702259193546
3108.102719774282
3107.3041975283586
3107.3041975283586
3105.284949569639
3105.0777327219034
3104.4272592043503
3104.4272592043503
3103.5003709753505
3101.906019693323
3101.177675262721
3100.794286212216
3100.4479909724914
3100.4479909724914
3100.3347464396934
3100.060579684921
3099.432865128654
3099.432865128654
3098.7683207778587
3098.635900856647
3098.635900856647
3098.635900856647
3098.2448143428387
3098.10700763929
3098.040584645441
3098.040584645441
3097.9956086511356
3097.533468297666
3097.513636687052
3097.009377068786
3096.0709701568335
3092.5957041324054
3087.2942184695294
3086.7925207493804
3085.9215082605588
3085.1230868786383
3084.669068358058
3084.1633680981295
3082.6232421909112
3081.2671828880225
3079.6284336426243
3078.501636739782
3077.4453257329305
3076.620775960879
3076.17238870063
3075.256068861763
3074.5492017407473
3074.1030214990105
3073.883156608048
3073.58109840292
3073.2768169653787
3073.1759409684996
3073.1759409684996
3073.01986910062
3073.01986910062
3072.952345287546
3072.9470520708037
3072.686717086245
3072.64299570109
3072.5793766803463
3072.5793766803463
3072.5793766803463
3072.51584756751
3072.5121934384115
3072.5121934384115
3072.5121934384115
3072.497457648429
3072.4461524134717
3072.4461524134717
3072.4461524134717
3072.4461524134717
3072.4461524134717
3072.4461524134717
3072.4142198688032
3072.4142198688032
3072.4142198688032
3072.3706721874196
3072.3706721874196
3072.3706721874196
3072.3706721874196
3072.3706721874196
3072.3706721874196
3072.3706721874196
3072.3706721874196
3072.3706721874196
4731.542190957414
4534.294032366309
4204.6598424381455
4204.6598424381455
4110.628623518798
3957.99287229424
3767.935250608782
3617.656017488825
3502.557302792118
3455.4935118645376
3429.6182555988107
3426.737936605212
3390.120847879256
3351.9360498483643
3314.8010858620755
3282.335539099385
3279.1336703703178
3259.0155676300055
3240.2818198241785
3202.911240839797
3193.875222027895
3184.7199224074766
3180.1223478291504
3180.1223478291504
3177.1950044857967
3173.4603432926724
3173.0433635615373
3166.685882904267
3166.030047112389
3157.997660667789
3155.346094946409
3149.2040644754084
3148.1551254946366
3147.3152107490255
3145.671551265848
3142.7859270711915
3142.7859270711915
3142.7859270711915
3141.2084426219276
3140.117997912332
3139.60890762488
3139.2526988502605
3139.2052116855366
3138.2227996817824
3136.715441242653
3136.216604731455
3135.772548021052
3135.772548021052
3135.4295313337307
3135.4295313337307
3135.3891336724314
3134.912608538529
3134.7147108768154
3134.4619365043636
3134.4619365043636
3134.156942960478
3134.0833019694305
3134.0833019694305
3133.8553889616796
3133.8553889616796
3133.700791220787
3133.5293268759306
3133.3476379056337
3133.3476379056337
3133.3476379056337
3133.3476379056337
3133.3238169458364
3133.028464187681
3133.028464187681
3133.028464187681
3133.028464187681
3132.724091433059
3132.4034426938806
3132.4034426938806
3132.4034426938806
3132.4034426938806
3132.4034426938806
3132.4034426938806
3132.4034426938806
3132.2457705481397
3132.2457705481397
3132.01990289167
3132.01990289167
3131.728588797691
3131.728588797691
3131.728588797691
3131.728588797691
3131.728588797691
3131.728588797691
3131.593540632105
3131.593540632105
3131.593540632105
3131.593540632105
3131.593540632105
3131.5633096066513
3131.5633096066513
3131.547525618751
3131.547525618751
3131.547525618751
3131.547525618751
3131.5354928299553
3131.4509104437457
3131.4375424411464
3131.4375424411464
3131.4375424411464
3131.358867813154
3131.358867813154
3131.140617577718
3131.140617577718
3131.140617577718
3131.140617577718
3131.140617577718
3131.140617577718
3131.140617577718
3131.140617577718
3131.140617577718
4731.542190957414
4644.6115524964835
4459.441629905882
4283.221605430135
4283.221605430135
4153.808330143069
3870.9693865233994
3664.993126093031
3560.3253350472705
3489.108508662549
3448.0514034999546
3358.1176734556902
3315.383930148618
3282.6017598809594
3274.2947478378023
3234.6276705732716
3225.7806487229996
3211.0535494547676
3204.4621814464695
3197.504642989133
3175.036263407477
3172.869492132178
3169.849954199444
3167.180085978549
3166.4654164044277
3166.1299329305753
3164.5397831946943
3164.5281852017542
3161.734998519755
3161.734998519755
3161.734998519755
3160.27552138231
3158.8894502266535
3158.175417926901
3156.0380226590605
3155.040106261032
3154.382914209832
3153.4371061848587
3152.600730566721
3152.222843110046
3151.255043848842
3151.0976357811296
3151.0976357811296
3151.0183841565945
3150.2895305208235
3150.077518484146
3150.077518484146
3149.31624354697
3148.951196257417
3148.611807068196
3148.2024069005774
3147.975572071201
3147.921293521934
3147.921293521934
3147.8717237578862
3147.8717237578862
3147.574952283001
3147.4428561817394
3147.260129987872
3147.260129987872
3147.260129987872
3147.260129987872
3147.260129987872
3147.260129987872
3147.2284385679877
3147.199800407698
3147.199800407698
3147.1932120149377
3147.186867944411
3147.048220207481
3147.048220207481
3147.048220207481
