4251.781917726818
4249.246089599792
4248.089306462363
4028.181706148464
3934.509721115799
3934.509721115799
3866.168977888335
3836.1014181029923
3827.8436771667916
3819.315616003281
3743.5998028397903
3695.9830838107196
3589.2619558287984
3521.7994592884825
3493.5878544003635
3434.072177855812
3386.0370588259625
3353.8427460128423
3353.8427460128423
3353.8427460128423
3328.9179754182505
3328.9179754182505
3317.2747363501912
3304.323408452262
3304.323408452262
3291.8054295934785
3283.122539062961
3272.8183865757846
3270.9674000403766
3270.9674000403766
3270.9674000403766
3267.6013922033917
3265.3341889335607
3265.3341889335607
3265.3341889335607
3263.81539134534
3261.9762455349482
3259.8786836777713
3257.587790159431
3257.587790159431
3256.172105908887
3256.172105908887
3254.979960558367
3254.9107780939084
3254.0911550361852
3254.0911550361852
3254.0911550361852
3253.537629399486
3253.169964622378
3251.803821100608
3251.419352397803
3250.7701494716225
3250.6226946590427
3249.9248255605944
3249.717610378497
3249.717610378497
3249.6638619081295
3249.6638619081295
3249.31182174375
3249.156958337017
3249.156958337017
3249.156958337017
3248.91187984422
3248.91187984422
3248.116934496619
3248.116934496619
3248.116934496619
3248.116934496619
3247.9121107932124
3247.8078952980977
3247.8078952980977
3247.6885452044903
3247.6347653809653
3247.6347653809653
3247.513963529506
3247.4893667449605
3247.4893667449605
3247.4893667449605
3247.444066313774
3247.444066313774
3247.444066313774
3247.444066313774
3247.444066313774
3247.444066313774
3247.363232624477
3247.363232624477
3247.334126359535
3247.334126359535
3247.334126359535
3247.334126359535
3247.334126359535
3247.334126359535
3247.334126359535
3247.334126359535
3247.334126359535
4251.781917726818
4251.781917726818
4250.492376563443
4249.818775439056
3883.684503412953
3883.684503412953
3865.3578848621196
3755.6894105503816
3697.816165042571
3514.753703471241
3437.4288280367773
3392.010900377049
3339.300904882128
3339.300904882128
3334.6639786404157
3334.6639786404157
3327.6617298377623
3316.6489356149027
3298.4105749912483
3298.4105749912483
3293.2408249532177
3269.6361734316733
3269.6361734316733
3258.390503083745
3248.8168794115745
3243.941936258331
3241.656344207289
3236.976211031239
3228.612780642954
3228.612780642954
3228.612780642954
3225.723075590189
3225.723075590189
3224.4064929747424
3222.741986428683
3221.533941897321
3220.1594084297585
3220.1594084297585
3219.0616532860336
3218.1548178059015
3216.3692409507353
3214.88300066996
3214.88300066996
3214.025667734292
3213.2992387907134
3213.2820952650663
3212.444392421996
3212.1138861160916
3210.9930089299646
3210.3619141965146
3210.0525111016677
3209.5884313233173
3208.8283918054044
3208.8283918054044
3208.598281540208
3208.598281540208
3208.1251724655895
3208.1251724655895
3208.1251724655895
3207.859542364896
3207.859542364896
3207.6583973446773
3207.00954594413
3207.00954594413
3207.00954594413
3207.00954594413
3207.00954594413
3207.00954594413
3207.00954594413
3207.00954594413
3207.00954594413
3206.852401317988
3206.8487790521394
3206.8487790521394
3206.8487790521394
3206.8487790521394
3206.8487790521394
3206.812316479714
3206.812316479714
3206.812316479714
3206.812316479714
3206.812316479714
3206.812316479714
3206.776081505233
3206.608219489351
3206.608219489351
3206.608219489351
3206.608219489351
3206.608219489351
3206.608219489351
3206.608219489351
3206.608219489351
3206.608219489351
4251.781917726818
4251.781917726818
4251.781917726818
4247.5131250599115
3914.820849518708
3848.818903175507
3848.818903175507
3837.4747922828774
3756.73359352217
3693.646002749041
3693.0495844001084
3693.0495844001084
3661.8070948435925
3588.790523649842
3545.1072915886366
3545.1072915886366
3529.379646785333
3503.0722111176538
3502.6507254227936
3478.363856535339
3433.799149747728
3433.799149747728
3425.3119208257476
3425.3119208257476
3416.7943687111942
3416.7943687111942
3391.7681145683864
3379.549372864362
3375.6082534216735
3375.6082534216735
3375.0603978567524
3373.961330642525
3371.9846013132696
3370.6505207145924
3367.584567294693
3363.856465297752
3363.856465297752
3363.856465297752
3363.007875095588
3362.132190508912
3361.3985210557303
3360.40411756693
3358.9757041945904
3357.9682520083315
3357.4209233085103
3356.721420924364
3356.5160080279984
3355.5915699624256
3355.271275398206
3355.271275398206
3355.271275398206
3354.8924924920752
3354.8763460420637
3354.3400677022228
3353.675864001866
3353.675864001866
3353.675864001866
3353.3388957938837
3353.289099145733
3353.0605756238883
3352.9302238494124
3352.9302238494124
3352.830000402655
3352.7878376398708
3352.7685341022025
3352.443341458831
3352.443341458831
3352.443341458831
3352.443341458831
3352.426817431674
3352.417589033924
3352.417589033924
3352.417589033924
3352.417589033924
3352.417589033924
3352.417589033924
3352.417589033924
3352.368827860262
3352.368827860262
3352.3564258720735
3352.3564258720735
3352.203177771404
3352.203177771404
3352.174177441466
3352.174177441466
3352.174177441466
3352.174177441466
3352.174177441466
3352.174177441466
3352.174177441466
3352.174177441466
3352.174177441466
4251.781917726818
4251.781917726818
4245.78513773477
4186.725259235105
4180.033472931709
3940.5472642115515
3940.5472642115515
3927.281067979673
3815.51772763823
3704.2574224317223
3704.2574224317223
3704.009333755909
3662.6719865388736
3646.08303570261
3615.4673709776544
3589.89309290007
3520.3753757274026
3520.3753757274026
3520.3753757274026
3520.3753757274026
3518.6013220419027
3496.525373517409
3496.525373517409
3493.023634098383
3487.631933027504
3485.645995040008
3467.1262220026115
3463.1895126842946
3454.6581745187455
3423.300355963389
3409.7309458672034
3400.6218964175414
3400.6218964175414
3400.6218964175414
3393.7133789122245
3382.912445764156
3378.4340536296168
3378.4340536296168
3375.7904775958436
3375.536698606954
3375.062126219729
3372.473361667553
3372.473361667553
3368.7717913048828
3368.7717913048828
3364.322330904528
3364.322330904528
3363.554104024068
3363.5267022988305
3361.0247277980334
3359.445418001087
3359.1654329586563
3357.959678943284
3355.7287408896655
3354.8879006869875
3354.006590937582
3354.006590937582
3353.238561121121
3352.939179403953
3352.702032005774
3352.3964994260655
3352.3964994260655
3352.3964994260655
3352.096423750998
3351.340332175253
3350.3769244633263
3350.3769244633263
3350.3769244633263
3350.3769244633263
3350.3589139558026
3350.3589139558026
3350.065130836071
3350.0425024722276
3350.0425024722276
3349.8171936261206
3349.8171936261206
3349.781164890355
3349.781164890355
3349.781164890355
3349.781164890355
3349.781164890355
3349.5603935250083
3349.5603935250083
3349.5603935250083
3349.5603935250083
3349.5603935250083
3344.089607202288
3343.8720075401047
3343.312265538648
3343.312265538648
3343.312265538648
3342.7268840852626
3342.5112491473737
3341.1159901912097
3340.505717749895
3338.9566912397727
3337.615822332156
3337.615822332156
3337.615822332156
3337.2746458945926
3336.907040517207
3336.907040517207
3336.5153685842956
3336.0056338143986
3335.432206613753
3335.432206613753
3335.013612841904
3335.013612841904
3334.8452461818856
3334.8452461818856
3334.627616236709
3334.627616236709
3334.477279220524
3334.3682443722273
3334.252037779326
3334.252037779326
3334.252037779326
3334.252037779326
3334.252037779326
3334.252037779326
3334.249977774398
3334.249977774398
3334.242789997524
3334.242789997524
3334.242789997524
3334.242789997524
3334.242789997524
3334.164537795319
3334.164537795319
3334.164537795319
3334.033397966693
3334.033397966693
3334.033397966693
3334.033397966693
3334.033397966693
3334.033397966693
3334.033397966693
3334.033397966693
3334.033397966693
4251.781917726818
4251.781917726818
4249.242192019422
4173.197733932506
4098.660007247379
3740.554106406862
3686.8773108420014
3651.4380021393026
3594.2371615383718
3521.4054587178216
3431.6513847438105
3420.9398666015704
3384.7721136788227
3377.769387244633
3369.888745003835
3369.888745003835
3344.4003984604483
3318.6951346750834
3292.2324856317105
3281.4462242998566
3266.727859028534
3266.727859028534
3248.5932154779007
3233.127444615424
3219.7477224140766
3219.7477224140766
3219.7477224140766
3214.0564186227007
3214.0564186227007
3214.0564186227007
3207.593521864322
3205.8195562114915
3200.1974581169015
3200.1974581169015
3199.0093127876894
3194.0710811318854
3194.0710811318854
3194.0710811318854
3191.611843430342
3191.611843430342
3191.2559273531165
3190.8872172911065
3188.8486448055933
3187.811082829072
3187.1984728117227
3185.673885781143
3185.3373444869812
3185.3267886919
3183.034126833521
3183.034126833521
3181.984354815814
3181.5693808197543
3181.201840095027
3180.9998162542597
3180.93049741334
3180.93049741334
3180.3929332232733
3179.6671232186727
3179.6671232186727
3179.6671232186727
3179.6671232186727
3179.588621369933
3179.0108458573873
3178.070321317673
3178.070321317673
3178.070321317673
3177.905184203898
3177.905184203898
3177.905184203898
3177.905184203898
3177.905184203898
3177.905184203898
3177.905184203898
3177.905184203898
3177.905184203898
4251.781917726818
4251.781917726818
4250.377547133585
4188.939046753586
3897.859235896708
3880.2568015025836
3743.319914348939
3594.5843857890736
3516.0266525848056
3440.1959546427106
3402.51736117898
3378.25600176022
3372.585568098127
3372.585568098127
3336.3856837996204
3327.348583937523
3306.93119902756
3306.0978929645357
3286.0713464004957
3285.5172902878594
3265.5911110232005
3260.9830392974795
3259.6106576312877
3254.987267356564
3245.8914780665395
3245.8914780665395
3228.8214305619385
3226.05592760795
3226.05592760795
3217.300656456263
3217.300656456263
3213.1455946695187
3209.7349360067
3209.2469809885883
3209.2469809885883
3205.817239144358
3203.290715925139
3203.290715925139
3202.1792013594954
3199.7424179404143
3198.100795690003
3198.100795690003
3198.02864587057
3197.8375589769594
3196.7903964700786
3196.3749343275263
3196.3749343275263
3196.3749343275263
3196.098428054217
3195.950817108299
3195.5515464636883
3195.363576435634
3195.363576435634
3194.937893846913
3194.937893846913
3194.695341112752
3194.695341112752
3194.695341112752
3194.6813701337132
3194.6813701337132
3194.448308478761
3194.448308478761
3194.448308478761
3194.448308478761
3194.422918166707
3194.4011714832645
3194.4011714832645
3194.4011714832645
3194.3432135305334
3194.115288173346
3194.115288173346
3194.070923489689
3194.070923489689
3194.0509239802946
3194.0509239802946
3194.0509239802946
3193.989512907391
3193.989512907391
3193.989512907391
3193.989512907391
3193.989512907391
3193.989512907391
3193.989512907391
3193.9829420640885
3193.9829420640885
3193.9809398760444
3193.9809398760444
3193.9809398760444
3193.9181009447375
3193.9181009447375
3193.9181009447375
3193.9181009447375
3193.9181009447375
3193.9181009447375
3193.9181009447375
3193.9181009447375
3193.9144015127195
3193.9144015127195
3193.832907104642
3193.832907104642
3193.832907104642
3193.832907104642
3193.832907104642
3193.832907104642
3193.832907104642
3193.832907104642
3193.832907104642
4251.781917726818
4251.781917726818
4251.781917726818
4251.781917726818
3979.2359101806346
3890.086049491852
3770.8379729828816
3658.7849494858883
3510.1497478763345
3501.453087569352
3482.2257821544254
3482.2257821544254
3470.7687261442666
3464.851508773155
3464.851508773155
3454.4014988731774
3435.399589000083
3416.670892076769
3406.323803139173
3401.269856403282
3401.0212490098343
3385.9813797166876
3385.9813797166876
3379.041237914268
3376.1112994868845
3369.2622252683377
3364.211299365399
3362.854485101144
3358.374393639516
3356.646792973096
3356.6179172291772
3356.6179172291772
3354.288844652189
3351.2898103449747
3351.105814513836
3351.105814513836
3348.6125606241494
3347.729382078442
3347.6334774724874
3345.8315311683805
3345.8315311683805
3344.6159417080526
3344.221334254713
3344.221334254713
3344.221334254713
3342.417635329984
3341.6798859240953
3341.2410715432015
3341.2410715432015
3341.2410715432015
3341.2410715432015
3341.2410715432015
3341.2410715432015
3341.2410715432015
3341.234200967863
3340.823528172281
3340.222330612263
3340.222330612263
3340.222330612263
3340.017429170504
3340.015403425086
3340.015403425086
3340.015403425086
3340.015403425086
3340.015403425086
3340.015403425086
3340.015403425086
3340.015403425086
3339.778976947933
3339.5388281682735
3339.5388281682735
3339.2701058791686
3339.2701058791686
3339.1980385082193
3339.1980385082193
3339.1980385082193
3339.1980385082193
3339.1980385082193
3339.1980385082193
3339.1980385082193
3339.1980385082193
3339.195078268077
3339.195078268077
3339.195078268077
3339.195078268077
3339.195078268077
3339.195078268077
3339.0916212888515
3339.0916212888515
3339.0916212888515
3339.0916212888515
3339.0731995265046
3338.8928006853903
3338.8928006853903
3338.0952669335966
3337.169045919964
3337.169045919964
3337.169045919964
3334.8483391036843
3334.532514338216
3334.4113861359538
3334.199026317563
3332.2253136121117
3332.2253136121117
3330.8331592150403
3330.1278974769943
3329.182864686887
3328.2283408246726
3328.015870536799
3327.791955493616
3327.149205738428
3327.0729075877975
3326.027048411079
3326.027048411079
3326.027048411079
3326.027048411079
3326.027048411079
3326.027048411079
3326.027048411079
3325.9315247000727
3325.234949678702
3325.234949678702
3324.740160764668
3324.740160764668
3324.740160764668
3324.740160764668
3324.6949366260324
3324.4805818247896
3324.4805818247896
3324.4805818247896
3324.4716975853353
3324.4716975853353
3324.4716975853353
3324.4106489658466
3324.3639020599253
3324.3639020599253
3324.3639020599253
3324.3639020599253
3324.3639020599253
3324.2100196661213
3324.013410817048
3324.013410817048
3324.013410817048
3324.013410817048
3324.013410817048
3324.013410817048
3323.9350525382615
3323.9229154904533
3323.9229154904533
3323.8603409307284
3323.8603409307284
3323.8603409307284
3323.8265060039266
3323.8265060039266
3323.8265060039266
3323.8265060039266
3323.8265060039266
3323.8265060039266
3323.8265060039266
3323.8265060039266
3323.8265060039266
4251.781917726818
4251.781917726818
4168.279182400757
4104.272067313684
4040.7626838645374
3938.5772889185805
3851.386872779598
3831.3523905353295
3767.24149998369
3693.490274850239
3593.0321129434406
3545.959664693724
3545.959664693724
3545.959664693724
3453.122755395747
3426.23595166068
3426.23595166068
3418.046938474554
3408.5433785428786
3408.5433785428786
3396.5897436822856
3371.511021240375
3362.5218199212873
3355.3835714775555
3348.5345390884786
3338.6785185071053
3327.2889794052344
3307.7732291029724
3296.872059756506
3275.312013681142
3265.789019588098
3265.789019588098
3265.5119523719986
3262.588997095768
3259.7631856802113
3251.2419257090787
3248.528278613809
3248.528278613809
3246.2093292858713
3245.202732724413
3242.644520062928
3242.3945412185603
3240.670755624694
3240.670755624694
3239.3186791355893
3238.6280361206473
3236.5702275851013
3235.6011180982514
3235.4333781257897
3234.6139782432283
3234.051283417261
3232.9791284262537
3232.9791284262537
3232.408917599815
3232.240537508184
3232.240537508184
3232.191804383425
3232.191274742736
3231.6942805667095
3231.6942805667095
3231.439011159926
3230.9318475546042
3230.9318475546042
3230.8534785256534
3230.8169079534878
3230.7658767570406
3230.7658767570406
3230.7172497465417
3230.4131442065373
3230.4131442065373
3230.4131442065373
3230.4131442065373
3230.4131442065373
3230.4131442065373
3230.4131442065373
3230.2221810808896
3230.2221810808896
3230.2221810808896
3230.2221810808896
3230.16435101892
3230.16435101892
3230.16435101892
3230.16435101892
3230.16435101892
3230.16435101892
3230.16435101892
3230.16435101892
3230.16435101892
3230.12036673067
3230.12036673067
3230.12036673067
3230.12036673067
3230.1166127065017
3230.1166127065017
3229.9236456163553
3229.9236456163553
3229.9236456163553
3229.9236456163553
3229.9236456163553
3229.9236456163553
3229.9236456163553
3229.9236456163553
3229.9236456163553
4251.781917726818
4251.781917726818
4244.877457841711
4230.528519458399
4010.95224015004
3797.082080082637
3714.8476511222793
3580.146659755967
3548.30517029357
3483.7508935072638
3464.0909563920454
3444.9506825917792
3422.4994172778834
3422.4994172778834
3403.9404439834893
3403.9404439834893
3397.0938935100585
3372.440942664568
3372.440942664568
3372.440942664568
3372.440942664568
3366.7152767751113
3362.123354732004
3361.1282438901926
3358.5767779374974
3356.9422872174264
3351.9199042740142
3351.9199042740142
3346.632004094875
3346.632004094875
3345.3941596999775
3345.3941596999775
3344.604784540991
3338.7027465311407
3338.7027465311407
3336.697854115915
3336.491603671389
3336.491603671389
3336.491603671389
3334.8993914616867
3334.8993914616867
3331.798912967308
3331.798912967308
3331.798912967308
3331.798912967308
3331.798912967308
3331.786262307936
3331.786262307936
3331.786262307936
3330.711015894814
3329.4114159159644
3329.4114159159644
3329.4114159159644
3329.4114159159644
3329.4114159159644
3329.176476421482
3329.176476421482
3329.1717720889474
3328.97871389942
3328.97871389942
3328.1680673155774
3328.1680673155774
3328.1680673155774
3328.1680673155774
3328.1680673155774
3327.7787710259126
3327.7787710259126
3327.7787710259126
3327.279211663939
3327.279211663939
3326.4934913941624
3326.05903050456
3326.05903050456
3326.05903050456
3325.6407066150796
3325.5900156663333
3324.7930484944764
3324.7930484944764
3324.762055069326
3324.762055069326
3324.762055069326
3324.762055069326
3324.762055069326
3324.762055069326
3323.4533854577594
3323.4533854577594
3323.4533854577594
3323.4533854577594
3323.150597997191
3323.150597997191
3323.150597997191
3323.150597997191
3323.150597997191
3322.5208230541225
3322.5208230541225
3322.5208230541225
3322.5208230541225
3322.5208230541225
3322.5208230541225
3321.6204636144103
3321.6204636144103
3321.6204636144103
3321.6204636144103
3321.6204636144103
3321.6204636144103
3321.6204636144103
3321.6204636144103
3321.6204636144103
4251.781917726818
4251.781917726818
4251.523019602128
4215.867432461634
4099.114718921768
4082.0743600966307
3874.8815889429225
3689.916534636418
3639.373485601782
3551.852704738739
3491.37505350537
3482.3205032104634
3434.2123692824607
3434.2123692824607
3428.8718768543167
3428.8718768543167
3417.2187932549696
3407.8846573311935
3399.3828038180477
3394.4896612345383
3394.3811114316263
3390.7848126743474
3389.130083199346
3380.703853205907
3379.7033375884403
3376.375476511788
3376.375476511788
3376.2108323731923
