4028.262316906984
4026.2578045223204
4024.0871271733286
3839.3669480902577
3730.288693342225
3650.112761121911
3564.8395178032765
3459.437298220541
3354.9167423015424
3275.647944234085
3210.303462142028
3167.1258294738673
3164.9426983001267
3164.9426983001267
3155.875637925441
3139.016739177338
3134.6523841972758
3122.867654848016
3122.867654848016
3120.240880202423
3114.3826827659773
3113.5280428291444
3085.590142079272
3080.060193132921
3062.394581741467
3047.2505248202506
3046.645049836237
3043.9498355913147
3040.5972401309555
3039.6967162903784
3039.6136868192793
3038.3270436937783
3034.3926530054637
3033.6554915090146
3033.6554915090146
3032.51588437719
3031.6483292006033
3029.2144544577977
3029.2003766839634
3029.2003766839634
3029.1084704420177
3028.52765981176
3028.363268505761
3028.363268505761
3028.166933354555
3026.2417379402978
3026.1177797605505
3026.1177797605505
3025.5657064703687
3025.3814725946245
3025.3814725946245
3025.343870163272
3025.0529151745477
3025.026565635662
3024.8713188334195
3024.276971574293
3024.174285489265
3023.8250223837667
3023.8250223837667
3023.8250223837667
3023.787732572493
3023.643488050345
3023.643488050345
3023.4588327446836
3023.4223500937064
3023.3166939846133
3023.1960577050086
3023.0862497550524
3023.0862497550524
3023.0862497550524
3023.0862497550524
3023.075562435609
3023.0752215715847
3023.074126354453
3023.074126354453
3023.055405117138
3023.0177456359897
3023.0177456359897
3023.0177456359897
3023.0177456359897
3023.0177456359897
3023.0177456359897
3023.0177456359897
3023.0177456359897
3023.0177456359897
4028.262316906984
4028.262316906984
4026.3455782338424
4024.8124412429506
3804.7021001287385
3792.0981081954924
3685.4919234291533
3581.20175295895
3557.343379436744
3471.675062870286
3424.165372528927
3370.4513854653305
3336.863389145691
3285.8685320205873
3260.647775283685
3243.1077044473723
3205.5998050915296
3201.4853183468153
3176.017237345038
3167.611439773353
3161.7245304669846
3155.1643173031207
3140.119049763738
3139.1817807896186
3130.494571996342
3124.8276666983807
3121.7410744826493
3118.3636712294365
3112.3489789464334
3109.4528289361874
3103.96027409502
3103.1744915863
3096.063035207314
3092.340789072861
3091.200209735317
3090.680351534491
3088.6932936391386
3084.1557169643356
3078.236555455924
3075.695180911245
3075.695180911245
3074.17788488269
3074.015705296227
3072.5170470482735
3072.5170470482735
3071.339511325263
3071.255645942323
3070.967284072289
3070.593905325716
3070.2959851447877
3069.5036586734923
3069.1981613819876
3069.1981613819876
3069.087651378516
3069.0153972289518
3068.9783163347106
3068.473419596899
3068.049000220135
3067.856016287075
3067.7704187676295
3067.354108620363
3066.7393624798365
3066.3986638892643
3066.1060285587537
3065.8221221009726
3065.5355222093904
3065.4742597497793
3065.2660605919664
3065.0206169119397
3064.8292774349334
3064.727535061434
3064.727535061434
3064.727535061434
3064.6361753650012
3064.6312268612646
3064.3954705549872
3064.3320177875275
3064.3320177875275
3064.3320177875275
3064.2929907055595
3064.2929907055595
3064.154673602967
3064.154673602967
3064.154673602967
3064.154673602967
3064.154673602967
3064.154673602967
3064.098956626586
3064.098956626586
3064.098956626586
3064.098956626586
3064.098956626586
3064.098956626586
3064.05473772955
3064.05473772955
3064.05473772955
3064.05473772955
3064.05473772955
3064.05473772955
3064.05473772955
3064.05473772955
3064.05473772955
4028.262316906984
4028.262316906984
3990.823465664196
3864.3524779229756
3646.486507911375
3499.168301172152
3411.859202127794
3328.514547223019
3226.6921352982054
3201.4810151222046
3160.6843967494206
3105.9975705948336
3080.9446936149993
3080.9446936149993
3058.3034777848898
3050.8292284276426
3050.8292284276426
3040.6367172753876
3034.3627419214786
3017.1147072526055
3017.1147072526055
3015.2969993752163
3011.786279895001
3011.6733426214228
3005.012689559402
2994.059696757355
2994.059696757355
2994.059696757355
2991.7132237864034
2989.761673181267
2989.761673181267
2989.092564681067
2987.6419618949985
2987.6419618949985
2987.6419618949985
2986.7496964171028
2986.0684091320263
2986.0684091320263
2985.850035766967
2985.850035766967
2985.3031650213634
2985.3031650213634
2985.3031650213634
2984.941035045244
2984.941035045244
2984.6418048659502
2984.607340780326
2984.3998174468575
2983.9736174774107
2983.505250848427
2983.505250848427
2983.377813042462
2983.2848409274443
2983.2848409274443
2983.2848409274443
2983.240160801581
2983.240160801581
2983.240160801581
2983.240160801581
2983.240160801581
2982.9577493614333
2982.9577493614333
2982.9577493614333
2982.9577493614333
2982.9577493614333
2982.9577493614333
2982.9322293617006
2982.8422665788576
2982.7136578021427
2982.7136578021427
2982.7136578021427
2982.7136578021427
2982.7136578021427
2982.7136578021427
2982.7136578021427
2982.7136578021427
2982.7136578021427
4028.262316906984
4028.262316906984
4028.262316906984
3998.4746681293564
3802.759752810982
3651.009445406631
3524.6048093108398
3417.1960572437147
3284.6960140914593
3234.3735181501843
3197.568771534414
3178.3541907772264
3178.3541907772264
3171.573408202728
3163.892927638131
3163.892927638131
3159.4969945644966
3158.3084751792658
3153.921799832236
3152.510029555644
3146.4485933535843
3145.2311960131183
3145.2311960131183
3142.9814990292803
3141.907809533902
3140.5458186665514
3140.3836483380855
3140.3836483380855
3140.129989276722
3138.866790886644
3138.040913921863
3136.571264529512
3134.0803022407954
3130.070277125374
3123.2194699833944
3117.0446690936656
3113.9230612561814
3110.2194761252013
3107.9941932396423
3104.0562543378655
3097.72045136164
3094.4523973625164
3093.771541582533
3093.651216147786
3092.8988700670743
3092.3942251296894
3091.7925367867583
3091.5150695994107
3091.411426536445
3091.0872346591077
3090.9378785354666
3090.601782013158
3090.0505702554246
3089.9286802304277
3089.8502940090343
3089.7677753472417
3089.7677753472417
3089.65646317095
3089.143877731895
3088.6623664399453
3088.5368754416613
3088.512365326194
3088.512365326194
3088.512365326194
3088.512365326194
3088.512365326194
3088.512365326194
3088.2980782530562
3087.309101172745
3087.309101172745
3087.2837140576166
3087.2837140576166
3087.2837140576166
3087.2837140576166
3087.1154151979376
3087.1154151979376
3087.1154151979376
3087.1154151979376
3087.0241051237035
3087.0241051237035
3087.0241051237035
3087.0241051237035
3087.0241051237035
3087.0241051237035
3087.0241051237035
3087.0241051237035
3087.0241051237035
4028.262316906984
4028.262316906984
4028.262316906984
3834.3269122995603
3781.6912876322667
3594.787843317848
3467.521207608175
3374.205476854112
3364.44730266693
3311.8008829570936
3236.854133786128
3235.738635119267
3231.7117985864925
3213.896584969749
3200.1806484598756
3180.266856720171
3166.2208950367335
3153.6801177206726
3130.090470712416
3115.5610538716196
3109.158562640198
3098.2611337304024
3082.155226399211
3068.069969571472
3057.506689736216
3050.1623166204517
3038.928112206245
3026.2331437504745
3026.2331437504745
3024.8347341472104
3020.64590395344
3017.475912466918
3017.475912466918
3017.458909714691
3015.250701589821
3011.3375054148646
3011.3375054148646
3003.592690603774
3003.592690603774
2999.2393872768944
2997.876573454073
2994.212544984921
2994.212544984921
2994.212544984921
2994.212544984921
2992.669176096058
2991.9283949730548
2991.809100412601
2991.149947168202
2990.278552167229
2989.780643049139
2989.4753226103835
2987.739956844205
2987.4251174091905
2986.9212830347824
2986.17058625147
2985.6411551890415
2984.6529218190817
2984.3207933861377
2984.3207933861377
2983.989927606888
2983.9673274110514
2983.911553466967
2983.911553466967
2983.723367745562
2983.1670702108563
2983.1431789772037
2983.1431789772037
2983.125951321561
2982.764497091729
2982.5881004552475
2982.531139657464
2982.531139657464
2982.531139657464
2982.1915211920063
2982.092625313269
2981.6927196353004
2981.509291866672
2981.493299290047
2981.493299290047
2981.493299290047
2981.493299290047
2981.437575316447
2981.437575316447
2981.437575316447
2981.437575316447
2981.3385915481103
2981.3385915481103
2981.317437363714
2981.317437363714
2981.317437363714
2981.317437363714
2981.317437363714
2981.317437363714
2981.317437363714
2981.317437363714
2981.317437363714
4028.262316906984
4028.262316906984
4027.698895886532
3868.773466050944
3692.3934105471894
3540.998766706355
3456.8900854795775
3362.1017670009614
3256.803557767618
3198.7483353378366
3171.5315623161027
3157.9135754588656
3127.380026677652
3094.227478427839
3072.0818913983903
3055.184083295533
3052.5515086701594
3047.857163431995
3045.1142768489685
3042.741815415358
3033.438546064538
3031.5921250286647
3029.3912846410794
3029.3912846410794
3026.945864828791
3026.945864828791
3026.398354463931
3024.025596024311
3020.0872334626115
3005.2992039963
2996.1439346101542
2996.0734094783725
2994.273403240342
2993.6332462541995
2991.5339536845377
2989.919087025263
2988.73752928425
2987.3725486420017
2986.0435917109526
2985.057710552572
2983.38094958707
2981.8087477080066
2981.3427367479494
2979.4738651427356
2979.055729577374
2978.8442753059217
2978.8140902712908
2978.611143521118
2978.3226442217374
2978.1366257109808
2977.938912005798
2977.938912005798
2977.541502961596
2977.541502961596
2977.296229406262
2977.2172181908536
2977.2172181908536
2977.2172181908536
2977.2172181908536
2977.2143007264012
2977.185219561277
2977.185219561277
2977.185219561277
2977.185219561277
2977.1604935290234
2977.1604935290234
2977.1604935290234
2977.1604935290234
2977.1604935290234
2977.1604935290234
2977.0484044483737
2977.0484044483737
2977.0484044483737
2977.0484044483737
2977.0484044483737
2977.0484044483737
2977.0484044483737
2977.0484044483737
2977.0484044483737
4028.262316906984
4028.262316906984
4028.092233860381
3828.3673831620604
3725.8443308354454
3631.7185959581493
3504.2276723370805
3489.8854839698533
3375.124152897413
3293.256800317456
3222.364203515016
3178.6480303535327
3178.6480303535327
3178.6480303535327
3175.8092260985823
3161.223344779884
3136.138458583861
3131.334050107148
3124.505078533167
3116.415453999708
3108.584869573912
3108.584869573912
3105.3692243918445
3099.2985976363843
3096.2668384853023
3095.8364558656995
3092.3239979841674
3090.2616599770763
3089.8744483969554
3089.0823011136335
3087.1083485943077
3083.301986528382
3082.5367257865096
3079.853504241936
3079.4765096885817
3075.6755165109034
3075.6755165109034
3075.3901658391383
3075.3901658391383
3074.298149022542
3074.298149022542
3072.5494889423894
3072.5494889423894
3071.856469951823
3071.147795435111
3071.147795435111
3070.7702408224695
3070.428202912304
3070.0158744417313
3069.8687358809966
3069.8687358809966
3069.8687358809966
3069.392884470892
3069.392884470892
3069.2026837547364
3069.2026837547364
3069.086984127088
3069.086984127088
3069.0029157905005
3068.978717427208
3068.931891570777
3068.8369801320046
3068.7998214845165
3068.7998214845165
3068.750406865622
3068.749916081299
3068.7222732958703
3068.535252185813
3068.535252185813
3068.535252185813
3068.535252185813
3068.535252185813
3068.535252185813
3068.535252185813
3068.535252185813
3068.535252185813
4028.262316906984
4028.262316906984
4028.262316906984
3986.4931245353637
3839.957816939218
3758.1292404873984
3582.6454529585976
3566.143141376152
3431.395573212077
3350.6983226605153
3326.1840176167675
3277.0665624698495
3206.933214155481
3206.7518674746602
3180.5769108195877
3171.9423067988328
3171.9423067988328
3162.185258858625
3145.0750030578256
3145.0750030578256
3142.4840064705113
3137.9670204557065
3137.9670204557065
3128.6990393757287
3122.555831109109
3119.382589006824
3116.4546944608255
3113.84405105945
3113.84405105945
3112.358853577577
3112.358853577577
3110.424055453441
3110.424055453441
3109.925616218253
3107.838802699822
3106.7688252959074
3106.2507154219793
3106.2507154219793
3106.2507154219793
3106.2507154219793
3104.906085076514
3103.29967025367
3101.012268096888
3100.232259723049
3100.232259723049
3099.7736911507795
3098.9470811329134
3098.5061621911746
3098.5061621911746
3098.5061621911746
3097.6443509104706
3097.6443509104706
3097.3603007058296
3096.894386104715
3096.894386104715
3096.7061280859025
3096.7061280859025
3096.7061280859025
3095.9299477488767
3095.9299477488767
3095.7967771377694
3095.7967771377694
3095.7967771377694
3095.7967771377694
3095.7967771377694
3095.668534245272
3095.668534245272
3095.668534245272
3095.668534245272
3095.668534245272
3095.668534245272
3095.58570114757
3095.2785500894984
3095.123050374483
3094.986669172986
3094.986669172986
3094.986669172986
3094.986669172986
3094.986669172986
3094.986669172986
3094.965752885191
3094.965752885191
3094.965752885191
3094.965752885191
3094.965752885191
3094.965752885191
3094.965752885191
3094.965752885191
3094.965752885191
3094.964833214228
3094.8209912303464
3094.8209912303464
3094.789365796466
3094.789365796466
3094.6171800298134
3094.6171800298134
3094.6171800298134
3094.6171800298134
3094.6171800298134
3094.6171800298134
3094.6171800298134
3094.6171800298134
3094.6171800298134
4028.262316906984
4028.262316906984
4028.262316906984
4028.262316906984
3952.9186990139606
3824.6512322207846
3603.949530746177
3576.5987843954017
3427.2385960553793
3356.0511906484385
3307.787358066185
3285.951110751595
3263.9115956072196
3231.114872614384
3181.6793982821414
3175.268770840704
3152.0346194575905
3129.863060145687
3129.863060145687
3124.000446796552
3124.000446796552
3116.358235810615
3116.358235810615
3114.33145763049
3109.9778509333264
3109.3337295870506
3105.3805915303947
3101.978248790602
3096.6142123617064
3096.6142123617064
3095.41012344252
3095.41012344252
3094.3524205867966
3094.3524205867966
3094.3524205867966
3092.943091940717
3092.8636674321615
3092.499423590934
3092.100981206465
3091.4589235169824
3091.3133538163047
3091.3133538163047
3091.3133538163047
3091.3133538163047
3091.1876311355504
3090.712329493345
3090.120707789472
3089.646034193018
3089.341182659659
3089.038083720685
3088.8822711480707
3088.579002393747
3087.7632314571574
3087.7632314571574
3087.7632314571574
3087.7347511725197
3087.7347511725197
3087.7347511725197
3087.7347511725197
3087.7347511725197
3087.5248839046258
3087.2968494952083
3087.2968494952083
3087.2968494952083
3087.2968494952083
3087.0025345969902
3087.0025345969902
3086.7596301639246
3086.7596301639246
3086.7596301639246
3086.7282770161837
3086.7282770161837
3086.7282770161837
3086.7282770161837
3086.7282770161837
3086.7282770161837
3086.7282770161837
3086.7282770161837
3086.7217862537414
3086.706086319306
3086.706086319306
3086.326907606712
3086.326907606712
3086.326907606712
3086.326907606712
3086.326907606712
3086.326907606712
3086.326907606712
3086.326907606712
3086.326907606712
3086.2307719920495
3086.2307719920495
3086.2307719920495
3086.2307719920495
3086.2307719920495
3086.2307719920495
3086.2199854047904
3086.133854813798
3086.133854813798
3086.133854813798
3086.133854813798
3086.0373666710134
3086.0373666710134
3086.0373666710134
3086.0373666710134
3086.0373666710134
3086.0373666710134
3086.0373666710134
3086.0105215742556
3086.0105215742556
3086.0105215742556
3086.0105215742556
3086.0105215742556
3086.0105215742556
3086.0105215742556
3086.0105215742556
3086.0105215742556
4028.262316906984
4028.262316906984
4028.262316906984
4020.639116539316
3786.03158874169
3739.7125762784253
3627.51948647552
3510.594085968999
3473.3959815933704
3427.935196481125
3366.843625805028
3363.5414215657693
3348.637016086062
3327.408845868127
3266.8624615661383
3236.6226428360987
3206.6732086324105
3190.001568278218
3159.0797653703253
3128.916602921809
3102.8438819269145
3100.454249954281
3075.937485818984
3066.162739993546
3048.5228170920554
3028.511851147293
3026.9030997262175
3017.4984706253517
3003.7830767122277
2995.700511555277
2993.1977955814145
2992.527172988117
2990.370942043972
2989.622908963112
2989.622908963112
2986.626544163826
2983.6285079261306
2983.211243646707
2981.7377418747265
2981.6136958361058
2981.354876684009
2980.3360898937185
2979.291986122484
2978.6617695851915
2978.5038328090695
2978.5038328090695
2978.3352539586563
2977.265875752964
2977.265875752964
2976.972867906065
2976.310714445613
2975.155219725752
2975.0583600087925
2974.97559141476
2974.6473210588383
2974.468013441937
2974.1547072844014
2973.761014757663
2973.429379687903
2973.275703535102
2972.9521528462656
2972.9521528462656
2972.3320895983015
2972.3320895983015
2972.3320895983015
2972.2133696603887
2971.7017293253652
2971.3140152526953
2971.0314657549307
2971.0314657549307
2971.0314657549307
2971.0314657549307
2970.7431995775155
2970.7211801983785
2970.6741231344963
2970.170301194522
2969.7188569159434
2969.2252363296466
2968.6175295170174
2965.6765448702868
2963.3118541995896
2961.4953320464983
2960.3308397917754
2959.244463641504
2958.5285305728216
2957.892370095656
2957.5402362816712
2957.194597956362
2956.782669480207
2956.1170754610985
2956.1170754610985
2955.8868034879392
2955.749443080406
2955.749443080406
2955.6925996194177
2955.5639366525784
2955.5639366525784
2955.537796671156
2955.259650115226
2955.259650115226
2955.259650115226
2955.259650115226
2955.2575914770237
2955.1880324200047
2955.1880324200047
2955.1594734111973
2955.1594734111973
2955.1594734111973
2955.1594734111973
2955.1594734111973
2955.119720801161
2955.119720801161
2955.119720801161
2955.017839651777
2955.017839651777
2955.017839651777
2955.017839651777
2955.017839651777
2955.017839651777
2955.017839651777
2955.017839651777
2955.017839651777
4028.262316906984
4028.262316906984
4027.0201559504
4023.781519917626
3965.2402838304197
3808.2985340230007
3569.9762030025754
3520.397726274975
3439.214806836947
3394.5178950679406
3341.073440332914
3278.325773788059
3236.957552705591
3202.3180906257753
3169.1398929164284
3155.0946348976413
3122.0352087116107
3110.138003691991
3097.3530759938485
3086.79897486101
3075.3274966922554
3067.960055259587
3053.889041808508
3048.412025800528
3048.412025800528
3047.6370178997586
3045.1955940332773
3041.017505617987
3038.1043527859724
3035.5335803749567
3034.115668665507
3033.248381046062
3032.5074815047465
3032.1223497922924
3031.8868173393616
3030.524600256691
3030.524600256691
3030.2938076510595
3030.236566084192
3030.0779238575824
3030.0779238575824
3030.0779238575824
3028.1159096582014
3027.365877486055
3027.365877486055
3027.2666862906494
3027.085124062569
3026.704248677694
3026.704248677694
3026.525700010026
3026.525700010026
3026.525700010026
3026.525700010026
3026.4495947676073
3026.4495947676073
3026.4495947676073
