4112.663100196005
3846.9052222559476
3846.9052222559476
3832.775388478395
3525.855106497549
3439.1178044611497
3401.6309732018776
3380.1054464637855
3310.5742204196686
3285.8667990418076
3245.746797270751
3211.243135281255
3180.6826459954464
3137.4040835270716
3136.8204930702314
3113.937879907719
3101.4804497295104
3088.2505103739827
3076.4089747943062
3062.541544686633
3058.5079255476685
3058.5079255476685
3047.4269415593812
3047.4269415593812
3046.2287221574984
3039.5345879517076
3036.9599471238707
3033.593362047459
3028.6895690299198
3028.526962501217
3028.526962501217
3026.56337075927
3023.4243506775806
3021.2029301996713
3020.6826093855607
3020.6826093855607
3019.53069795686
3018.3969261968214
3018.244487349255
3016.9842257156897
3016.9842257156897
3015.533856524058
3015.014869098648
3014.7910924212492
3014.308610791327
3013.5959589002837
3012.971524101759
3011.9069672891324
3010.825154059424
3010.622028134558
3010.0534195444593
3010.0534195444593
3009.505096499281
3009.128531627263
3008.736574401377
3008.55331100574
3008.55331100574
3008.284829339443
3008.284829339443
3008.1566065204975
3008.1566065204975
3008.1566065204975
3008.1566065204975
3008.1479957171205
3007.9370545786273
3007.783669410767
3007.783669410767
3007.783669410767
3007.783669410767
3007.783669410767
3007.783669410767
3007.783669410767
3007.783669410767
3007.734309284563
3007.734309284563
3007.612519070344
3007.612519070344
3007.612519070344
3007.588981544408
3007.588981544408
3007.588981544408
3007.588981544408
3007.588981544408
3007.5518100972995
3007.5518100972995
3007.5144522433407
3007.5144522433407
3007.5144522433407
3007.5144522433407
3007.5144522433407
3007.5144522433407
3007.5144522433407
3007.5144522433407
3007.5144522433407
4412.269308430004
4195.057615240992
3932.9965130273367
3596.7096482260035
3596.7096482260035
3434.3363220257124
3434.3363220257124
3427.2877587804414
3390.9710923973685
3368.3663992020593
3361.2148557816254
3335.8323356646624
3257.4887745042474
3222.1433679285446
3214.394927387063
3169.1217790906367
3148.183105187984
3123.901277149388
3109.0866176089826
3091.3179488602464
3063.9904731537754
3052.3209446443307
3045.7724591569067
3022.069911443583
3016.8050221494295
3016.8050221494295
3010.2206970477414
3010.2206970477414
3010.2206970477414
3004.7376495867475
2998.7391211229624
2998.7391211229624
2997.727287666289
2997.727287666289
2997.6896450775416
2996.6534720073923
2993.6374642842334
2992.2495422254683
2990.1882746308565
2989.0033748035075
2988.0840495349485
2987.5277563945538
2987.0352335890725
2986.6029986325034
2985.0956320656073
2984.02378799721
2983.972274625732
2983.6582050202405
2983.4658130175826
2983.4658130175826
2982.86894678582
2982.6469028588235
2982.6469028588235
2982.3778845992565
2982.3778845992565
2981.968291217582
2981.5585022322102
2981.350398128337
2981.2967794411247
2981.1795762410948
2981.1795762410948
2981.128014950631
2981.128014950631
2980.858726073621
2980.8246319977106
2980.7774983291865
2980.7774983291865
2980.7664543663773
2980.7664543663773
2980.689572098888
2980.689572098888
2980.6109025597902
2980.6109025597902
2980.6109025597902
2980.6109025597902
2980.6109025597902
2980.6109025597902
2980.6109025597902
2980.5682604222184
2980.5682604222184
2980.5682604222184
2980.5682604222184
2980.5682604222184
2980.5682604222184
2980.5682604222184
2980.5682604222184
2980.5682604222184
4412.269308430004
4138.138430789486
4138.138430789486
3987.530848778948
3896.2114193711614
3776.437531429554
3596.019952291894
3582.999985151848
3510.1196257456254
3380.1330099678867
3323.9209426296093
3253.31529364767
3195.8694243328255
3127.7268773623364
3127.7268773623364
3127.362195160911
3113.548105469071
3113.362941246785
3109.6090549768696
3097.9526446647087
3076.3727793320577
3072.639261901651
3070.670190507486
3069.492975442061
3069.492975442061
3065.447309188914
3058.500103150766
3053.933560254364
3053.0204946104022
3053.0204946104022
3050.6122984323574
3050.6122984323574
3050.2748228886994
3049.4406722631165
3049.25732764347
3048.2820814552747
3048.2820814552747
3046.469396183418
3046.469396183418
3046.469396183418
3046.3425242443163
3046.159903705756
3044.9804253093903
3044.3213424601936
3044.3213424601936
3044.187262300777
3043.8858638923994
3043.4716163854423
3043.3285068954456
3042.915198991478
3042.8029212714464
3041.9905975189454
3041.5396380127236
3041.5396380127236
3041.1598568023815
3041.1598568023815
3041.1598568023815
3041.100072212188
3041.100072212188
3040.9407472460834
3040.8277171485206
3040.6401410352137
3040.265566544037
3039.8814718704275
3039.6856186952627
3039.6856186952627
3039.6856186952627
3039.6856186952627
3039.6856186952627
3039.6533525666114
3039.212054565627
3039.212054565627
3039.212054565627
3039.212054565627
3039.1444163660917
3039.02288563987
3039.02288563987
3039.0212130752616
3039.0212130752616
3039.0212130752616
3038.950636765063
3038.8736062412177
3038.8390372262656
3038.8390372262656
3038.8390372262656
3038.8390372262656
3038.8390372262656
3038.8390372262656
3038.8390372262656
3038.8390372262656
3038.8198620042667
3038.8198620042667
3038.8198620042667
3038.8198620042667
3038.8198620042667
3038.661247155602
3038.661247155602
3038.661247155602
3038.661247155602
3038.661247155602
3038.661247155602
3038.661247155602
3038.661247155602
3038.661247155602
4412.269308430004
4078.2781371241635
3966.1797486912315
3797.5704134114426
3688.9976540086864
3610.6087702366112
3533.4998564681027
3459.314784660235
3439.2379211577
3411.9331897786565
3354.2016606243888
3315.2090837756987
3311.654724259539
3282.6278563381875
3282.6278563381875
3258.5295391997906
3258.5295391997906
3245.114204318293
3227.268271956986
3217.644296240389
3217.644296240389
3217.644296240389
3208.7951254945815
3200.8196028120437
3200.8196028120437
3197.888858753204
3195.86322513201
3190.2445281671417
3187.7345597091457
3182.559342782289
3177.3445601859653
3174.983278164912
3172.146606662857
3170.3983587841362
3170.3983587841362
3168.3180483102656
3167.4263799621167
3165.940500507814
3164.7855074271138
3161.903495420344
3161.2422890132684
3161.2422890132684
3160.4498287359047
3160.4498287359047
3160.1499668154697
3159.705684858487
3158.9907060582204
3158.9907060582204
3158.824875574469
3158.7842421845185
3158.7842421845185
3158.431519158363
3158.159004282614
3158.039894819649
3158.039894819649
3157.938234752806
3157.6174629662332
3157.56589825282
3157.5153299032995
3157.5142132867113
3157.494597076061
3157.4787716320393
3157.440834369993
3157.440834369993
3157.3025326063316
3157.3025326063316
3157.299128412269
3157.299128412269
3157.2242016944188
3157.2242016944188
3157.197503149045
3157.197503149045
3157.13092993639
3157.0701040403105
3157.0701040403105
3157.0701040403105
3157.0701040403105
3157.0701040403105
3157.0701040403105
3157.0701040403105
3157.0701040403105
3157.0701040403105
4412.269308430004
4053.5378730336165
3987.998125203819
3826.665938719976
3717.3810084379847
3680.60291781621
3586.0819608014167
3498.707767579613
3412.594548133537
3295.705144324124
3239.0638597095513
3186.7718253105154
3160.4121756507916
3132.2423510687127
3110.5830955889664
3084.2528842698102
3074.577372549272
3067.421163604451
3067.104710934197
3065.8380607770496
3051.3750135911732
3051.1799759856476
3050.9899087182434
3050.9899087182434
3050.9899087182434
3046.8165816745454
3046.8165816745454
3042.1313277635863
3042.1313277635863
3041.0769946660344
3041.0769946660344
3040.286623838859
3039.846102146292
3039.054874368797
3038.990733914604
3037.338261086612
3037.338261086612
3036.897480980083
3035.5043611540523
3034.8121791506287
3034.422152429174
3034.422152429174
3033.9325638191585
3033.7968476665237
3032.5946928287935
3032.5946928287935
3032.5946928287935
3032.5946928287935
3031.4565123204275
3031.3278856110082
3031.3278856110082
3030.6072795615305
3030.5219456995346
3030.1587101168375
3029.0183205056937
3028.8525661013737
3028.8525661013737
3028.8525661013737
3028.8525661013737
3028.780663864092
3028.3531727118275
3028.230896036327
3027.8503392170405
3027.140325056012
3027.140325056012
3027.140325056012
3027.140325056012
3027.140325056012
3027.140325056012
3027.140325056012
3027.0159905492837
3027.0159905492837
3027.0159905492837
3027.0159905492837
3027.0159905492837
3027.0159905492837
3027.0159905492837
3027.0159905492837
3027.0159905492837
4412.269308430004
4185.14669593988
4046.6738067135984
3897.872005774362
3806.4316282077853
3677.9144341623287
3590.581818054732
3449.643851239093
3369.157608044525
3270.9308668942454
3162.666935665099
3152.4266754896053
3144.008361027545
3137.2518967078713
3116.908914517999
3110.0577771910334
3110.0577771910334
3103.6006589161716
3092.501295677041
3064.782552819077
3058.1426296721534
3056.3471032829816
3053.2480388763215
3050.358819265388
3044.447142720187
3035.8683710208165
3029.8899341942993
3027.8172877167553
3024.5493696236276
3024.5493696236276
3023.9178097417735
3020.0779528550656
3019.2947495414082
3018.906428147437
3018.327131547512
3017.4907336803008
3016.401864929506
3016.401864929506
3016.401864929506
3015.404481169736
3014.908076162525
3013.8765930343043
3013.8765930343043
3013.772130974596
3013.1686050630115
3013.1686050630115
3012.665152203233
3012.564271390987
3011.9614128280105
3011.9260967561822
3011.9260967561822
3011.9260967561822
3011.9260967561822
3011.7953925198326
3011.7953925198326
3011.246574987177
3010.9851961500085
3010.451777415865
3009.8099499899795
3009.8099499899795
3009.4113455589377
3009.314934414912
3009.187811664808
3009.187811664808
3009.187811664808
3008.504950616636
3008.504950616636
3008.1542521720603
3008.1216100890724
3008.1216100890724
3008.1216100890724
3008.1216100890724
3008.1216100890724
3008.046732539282
3008.046732539282
3008.046732539282
3008.046732539282
3008.0305332480557
3008.0305332480557
3008.0022146696947
3008.0022146696947
3008.0022146696947
3008.0022146696947
3008.0022146696947
3008.0022146696947
3008.0022146696947
3008.0022146696947
3008.0022146696947
4412.269308430004
4127.46993632134
4120.405250832362
4011.9157977846216
3823.693933125309
3549.974684720245
3482.3533008455915
3408.672329735451
3339.386947299828
3302.33404273033
3268.4698022933626
3189.5332224723356
3128.484524629633
3102.3766095061883
3099.0506757332305
3092.7655710468225
3087.2690873965325
3082.075834646435
3081.6549643828994
3075.0880491572984
3068.722354076293
3068.722354076293
3066.958206670283
3066.958206670283
3066.958206670283
3065.24481981459
3062.250340046415
3062.250340046415
3062.250340046415
3059.8953223845924
3058.4563742362816
3055.523681139058
3055.523681139058
3055.473242387515
3055.227735472487
3054.6629069828286
3054.6629069828286
3054.3952194209614
3053.828427338028
3053.4003031632687
3053.2984303043927
3053.228434154955
3052.8526483029623
3052.621578728821
3052.4247537873434
3052.4247537873434
3052.155618659447
3051.6955326333114
3051.667994636942
3051.3801882821103
3051.143191712378
3051.0878620745716
3051.058162949463
3050.8366251384027
3050.6560348198586
3050.563377238379
3050.563377238379
3050.563377238379
3050.515387940793
3050.510033314758
3050.41781845444
3050.41781845444
3050.41781845444
3050.395267449874
3050.375069202651
3050.375069202651
3050.358209820605
3050.358209820605
3050.358209820605
3050.358209820605
3050.358209820605
3050.358209820605
3050.358209820605
3050.358209820605
3050.358209820605
3050.3252969048776
3050.3252969048776
3050.3252969048776
3050.3252969048776
3050.3252969048776
3050.315012321211
3050.315012321211
3050.298068489712
3050.298068489712
3050.298068489712
3050.2911536082156
3050.2911536082156
3050.29086525138
3050.29086525138
3050.29086525138
3050.29086525138
3050.29086525138
3050.29086525138
3050.287546339991
3050.287546339991
3050.287546339991
3050.287546339991
3050.287546339991
3050.287546339991
3050.287546339991
3050.287546339991
3050.287546339991
4412.269308430004
4223.812701718952
4023.7433359809975
4011.2425287119495
3825.4718813785385
3562.252353883578
3517.6902177731345
3404.7933447149812
3307.1785326887657
3249.1348054063137
3195.8529968550724
3141.7371109015307
3137.080984953067
3133.9487782946353
3118.284472638696
3104.6038327100982
3090.919605165815
3090.919605165815
3083.364693093789
3059.2750707971127
3059.2750707971127
3059.2750707971127
3057.5456136419707
3057.046359831919
3053.8026021132355
3053.8026021132355
3052.7681025876227
3049.009918236474
3047.2019018181218
3045.3084328885766
3044.006932636607
3041.390959834226
3040.106012293726
3039.905171580153
3039.27300336496
3038.453482009154
3037.5243381719883
3036.9388918648456
3035.8535096120113
3034.7991224386915
3033.6603379874823
3033.023324096008
3032.7493031279755
3032.192296910559
3031.940947141491
3031.940947141491
3031.5555788614483
3031.3397691862074
3031.3397691862074
3031.1103819600285
3030.9803579047875
3030.8097260938225
3030.630213253243
3030.502805797771
3030.419006857567
3030.3315611038965
3030.3315611038965
3030.1966190369058
3030.1966190369058
3030.1627263782348
3030.1627263782348
3030.1627263782348
3030.1627263782348
3030.1627263782348
3030.113187893132
3030.092232357276
3030.092232357276
3030.092232357276
3030.092232357276
3030.088346208986
3030.088346208986
3030.055207596242
3030.055207596242
3030.055207596242
3030.055207596242
3030.055207596242
3030.055207596242
3030.055207596242
3030.033856571144
3030.033856571144
3030.033856571144
3030.033856571144
3030.033856571144
3030.033856571144
3030.033856571144
3030.033856571144
3030.033856571144
4412.269308430004
3944.9935123523483
3944.9935123523483
3915.5020378797326
3915.5020378797326
3729.5158983737656
3680.169105188993
3663.8838839378777
3607.6774858283798
3584.1117358689066
3469.595619535086
3458.1639701019108
3381.0617543875046
3379.663571309206
3357.951919882077
3329.2236248524005
3329.2236248524005
3329.2236248524005
3329.2236248524005
3292.756107541221
3292.756107541221
3276.1515985432843
3263.386828411039
3248.3190653674214
3242.597486749967
3215.8082052058835
3208.214473510502
3199.6742147774867
3199.6742147774867
3193.42873030351
3187.918695821021
3186.1927367096564
3176.657569272457
3176.657569272457
3176.657569272457
3176.150181720235
3176.0750607144223
3172.219970609417
3170.0052340425536
3168.136030461142
3167.3378533330974
3166.597248795637
3166.597248795637
3165.836249942008
3165.36581864208
3165.36581864208
3165.079644797096
3164.7061177484943
3164.629331585001
3164.1510472237655
3164.1510472237655
3164.1510472237655
3163.643606514474
3163.3373376679347
3163.3373376679347
3163.2574309627203
3163.2574309627203
3163.2574309627203
3163.2008880983685
3163.2008880983685
3163.015205276764
3163.015205276764
3163.015205276764
3163.005392168491
3162.906170600819
3162.906170600819
3162.8845076507428
3162.8845076507428
3162.8845076507428
3162.882873851666
3162.882873851666
3162.876021952472
3162.876021952472
3162.8521022985683
3162.8521022985683
3162.8521022985683
3162.8435559725012
3162.8435559725012
3162.8435559725012
3162.83964852624
3162.83964852624
3162.8052234093207
3162.8052234093207
3162.8052234093207
3162.8052234093207
3162.8052234093207
3162.8052234093207
3162.8052234093207
3162.8052234093207
3162.8052234093207
4412.269308430004
4095.575292551604
3909.0599720660766
3759.858292954188
3759.858292954188
3662.1905346757985
3539.6125434454616
3480.143050135117
3424.954151070994
3376.990389288951
3350.3608197852063
3347.6174337715793
3347.6174337715793
3344.610745429075
3329.348639739915
3328.9381728214016
3316.068188107066
3308.307398793214
3298.0982973321097
3274.059693653328
3270.524724570857
3270.524724570857
3261.524403283488
3241.9694938170583
3241.9694938170583
3241.9694938170583
3238.7063323603334
3234.4681236122597
3230.141700033985
3230.141700033985
3230.141700033985
3228.8531863264225
3223.9774687423333
3223.9774687423333
3223.9774687423333
3223.9013033236783
3223.9013033236783
3222.5690210860835
3222.471526782905
3219.996382437661
3219.996382437661
3219.996382437661
3219.996382437661
3219.996382437661
3219.996382437661
3219.581904461417
3219.581904461417
3219.3226482398522
3219.3226482398522
3218.8520851662265
3218.4464084768474
3218.4464084768474
3218.211557251056
3218.211557251056
3217.1597413837317
3217.1597413837317
3217.1597413837317
3217.1597413837317
3217.1597413837317
3217.1597413837317
3217.1597413837317
3217.1597413837317
3216.465403492348
3216.465403492348
3216.465403492348
3216.465403492348
3216.465403492348
3216.465403492348
3216.465403492348
3216.465403492348
3216.465403492348
4412.269308430004
3983.906690510875
3983.906690510875
3908.1815723061654
3908.1815723061654
3784.212755236671
3642.1245789908216
3481.73986928066
3481.73986928066
3466.831660075861
3433.6114302639617
3433.6114302639617
3400.485054672743
3369.8127304272657
3349.9228924700274
3286.914025549914
3286.914025549914
3286.914025549914
3286.914025549914
3286.914025549914
3271.3141729393315
3259.960548844658
3257.9916408690838
3257.4552248784353
3249.25325889713
3244.6982483740594
3239.4222402662026
3234.614555017274
3228.6779456515587
3224.118345515033
3222.1863329177318
3220.9693812054566
3220.9693812054566
3218.5463516686686
3215.5984605421427
3215.5984605421427
3212.7548933798143
3212.7548933798143
3212.1383642319543
3212.1383642319543
3210.452924837775
3210.452924837775
3210.452924837775
3210.2830542676925
3209.74851195066
3209.74851195066
3209.74851195066
3208.958030937012
3208.958030937012
3208.958030937012
3208.6335207948173
3208.6335207948173
3208.6335207948173
3208.6335207948173
3208.6335207948173
3208.6335207948173
3208.6335207948173
3208.5933064846404
3208.1465104203935
3208.1465104203935
3208.1465104203935
3208.1465104203935
3208.1465104203935
3208.1465104203935
3208.1465104203935
3208.1465104203935
3208.1465104203935
3208.00317762331
3208.00317762331
3208.00317762331
3207.3161256170515
3207.2230420088617
3207.2230420088617
3207.2230420088617
3207.2230420088617
3207.2230420088617
3207.2230420088617
3207.2230420088617
3207.2230420088617
3206.932973554381
3206.932973554381
3206.932973554381
3206.932973554381
3206.932973554381
3206.880860709606
3206.880860709606
3206.880860709606
3206.880860709606
3206.880860709606
3206.880860709606
3206.880860709606
3206.880860709606
3206.880860709606
4412.269308430004
4076.056490221573
3948.130135818691
3845.0828524707895
3804.4430975714267
3686.858081648597
3628.6135482358973
3432.981951768071
3348.9318922076773
3304.5108198886232
3294.071283609311
3294.071283609311
3291.7535168968425
3283.0197070811923
3268.0098421303715
3259.0443628811536
3239.9561676978547
3231.574483068729
3231.2757545384725
3208.161666722209
3183.7311171543224
3183.7311171543224
3183.7311171543224
3183.7311171543224
