4240.132100058601
3930.0736730120175
3797.5642486646484
3761.8484489959164
3639.211008543675
3447.2358912195214
3352.125829410692
3309.087945427981
3288.743699677222
3271.5949312490816
3261.028373085676
3238.4168459455295
3204.901607743817
3175.724299849332
3163.687596234081
3163.687596234081
3163.687596234081
3158.838854636567
3158.0346088286983
3151.8810884228506
3142.2014043429554
3141.772023799272
3137.121969971415
3134.243720744167
3129.688357489336
3129.688357489336
3129.688357489336
3125.6462804227604
3114.0570220426002
3112.999578759843
3110.5950844491454
3101.833267839574
3101.1403550254554
3101.1403550254554
3099.218429381982
3084.8281818785354
3077.0058339169173
3077.0058339169173
3074.008369550665
3073.899200865987
3072.918770285384
3071.050073940549
3068.597582990096
3068.597582990096
3068.597582990096
3067.8413524957346
3066.655845689385
3066.296889281134
3064.267160428785
3063.269250518923
3062.947407057655
3062.210066557515
3061.700131607549
3061.700131607549
3061.1669196503626
3059.88618553006
3059.522065875398
3059.522065875398
3059.522065875398
3059.522065875398
3059.522065875398
3059.2306273214413
3058.6024039151825
3058.6024039151825
3058.6024039151825
3058.6024039151825
3058.6024039151825
3058.536154478811
3058.536154478811
3058.3024797040716
3058.2827410301547
3058.0372149417553
3058.0372149417553
3058.0372149417553
3058.0372149417553
3058.0372149417553
3058.0020439672653
3058.0020439672653
3058.0020439672653
3057.8951255860447
3057.8951255860447
3057.8951255860447
3057.8951255860447
3057.8951255860447
3057.8951255860447
3057.8951255860447
3057.8951255860447
3057.8951255860447
4377.479156191721
4324.365783187905
4173.421078848875
4079.768325438759
3918.905802586074
3824.121027244966
3637.5212196182792
3496.4320630467028
3456.510449491857
3414.5680432237887
3373.812137530115
3354.7368519441916
3332.4693572568995
3328.4638030679253
3315.9579969317856
3312.9516271127177
3305.9346887411866
3299.3660467235823
3280.0323595377963
3253.3159752555166
3253.3159752555166
3244.490878388393
3244.464150998327
3244.464150998327
3241.5743250249216
3238.253649255719
3235.55353038877
3233.1363364880617
3233.1363364880617
3232.5434228807935
3231.9811674708612
3231.1403547719224
3229.7985801870673
3229.220821204318
3229.220821204318
3228.9233782413166
3228.9233782413166
3227.9097336112322
3227.626431647309
3223.8533736143154
3223.8533736143154
3223.8533736143154
3222.2903541471487
3220.938893475139
3219.773707629946
3218.1229780468757
3218.102944710722
3217.633862230859
3216.9689974795942
3216.9689974795942
3216.7276554204245
3216.19277369075
3216.034231130408
3215.926933014274
3215.5656780635313
3215.4925562863805
3215.4925562863805
3214.2639903590198
3214.2639903590198
3213.9056149739645
3213.8353071479273
3213.8020779749204
3213.501366717504
3213.364766860379
3213.231119092747
3213.0069742358196
3212.902676220998
3212.8027587066586
3212.8027587066586
3212.8027587066586
3212.8027587066586
3212.8027587066586
3212.8027587066586
3212.8027587066586
3212.793999037603
3212.793999037603
3212.61823667506
3212.5289513585058
3212.5289513585058
3212.5289513585058
3212.5289513585058
3212.2110129809134
3212.2110129809134
3212.2110129809134
3212.2110129809134
3212.2110129809134
3212.2110129809134
3212.2110129809134
3212.2110129809134
3212.2110129809134
4377.479156191721
4175.123954168802
4128.210715341567
4128.210715341567
3974.7217051690877
3819.394759815087
3682.65234439742
3524.070652208454
3460.4663944396993
3382.662169678835
3317.478707785901
3288.653598278336
3257.131406154651
3232.5327347851257
3220.691723792599
3186.147328582127
3180.356476318352
3173.8147411607506
3153.8703042191355
3147.783266555263
3143.6274162674044
3127.1949970677033
3118.853390064416
3112.573933639302
3109.6457417010524
3107.3405138325434
3106.322104416549
3105.5471370652444
3102.7578372076146
3100.180511411377
3098.391632552172
3095.815980213578
3094.2263044177635
3090.4167225908755
3088.787585490952
3087.8680608282516
3084.7658650045373
3082.862909965871
3079.9116995263057
3078.303822065854
3078.128822136731
3077.973151044518
3076.5221045562384
3076.464034927561
3076.2716940933087
3076.2716940933087
3075.3943517494104
3075.324402384586
3075.324402384586
3074.6367534616256
3074.634995819293
3074.448594291449
3074.423245948776
3074.3414291184517
3074.3414291184517
3074.3414291184517
3074.077082599695
3074.077082599695
3073.93237283712
3073.8114800856306
3073.8114800856306
3073.8114800856306
3073.8114800856306
3073.8114800856306
3073.8114800856306
3073.8114800856306
3073.8114800856306
3073.7650064033496
3073.451030576908
3073.451030576908
3073.451030576908
3073.4343544119774
3073.4343544119774
3073.4343544119774
3073.4343544119774
3073.4343544119774
3073.4343544119774
3073.4343544119774
3073.4343544119774
3073.4343544119774
3073.251004015139
3073.251004015139
3073.251004015139
3073.251004015139
3073.251004015139
3073.251004015139
3073.251004015139
3073.251004015139
3073.251004015139
4377.479156191721
4234.571061553706
4234.571061553706
4098.371087580916
4032.5898231293327
3764.6431239585845
3669.4249759465883
3601.4130415480445
3534.17296662513
3438.945783801053
3367.739828264596
3338.3309603912103
3292.350003650991
3217.54882384755
3211.113106630764
3198.6370328284274
3197.9445622347203
3197.5734714969976
3195.566337779622
3194.12033234318
3184.680993591681
3174.017635055112
3172.3786053124386
3168.5957718823724
3165.389660622319
3158.6474431740367
3154.863456940638
3153.5487249811126
3153.5487249811126
3151.5175586459036
3151.3732585016737
3151.0943745626873
3147.8572505195393
3146.9883096929807
3144.5499060599227
3143.2460339711315
3143.0209236590636
3143.0209236590636
3142.648756962183
3141.1846594864796
3141.1846594864796
3140.977291919462
3140.183161367048
3139.677527243449
3139.0717453448888
3138.384093081495
3137.9591362655315
3137.9591362655315
3137.675178891727
3137.0496645404032
3137.031650632364
3137.031650632364
3137.031650632364
3137.0264534408893
3136.2098573059193
3136.2098573059193
3136.2098573059193
3136.0330653990345
3136.0330653990345
3136.0330653990345
3135.9940233272932
3135.9868365767798
3135.9868365767798
3135.58061310994
3135.58061310994
3135.58061310994
3135.58061310994
3135.487223553908
3135.4172078234988
3135.4172078234988
3135.4172078234988
3135.4172078234988
3135.3269139984914
3135.3269139984914
3135.2825390365215
3135.2825390365215
3135.2825390365215
3135.2825390365215
3135.2210764462197
3135.2210764462197
3135.2210764462197
3135.2210764462197
3135.2210764462197
3135.2210764462197
3135.0973016478033
3135.0973016478033
3135.0973016478033
3135.0973016478033
3135.0973016478033
3135.0973016478033
3135.0973016478033
3135.0973016478033
3135.0973016478033
4377.479156191721
4284.251159346259
4078.584167583439
3999.018557591545
3883.8694631047147
3689.9186328688347
3532.5436454313895
3389.334607789845
3336.625925041778
3258.7452163798753
3197.7236145870866
3171.0517436671585
3169.633627112944
3143.8037340099295
3125.0495084828353
3085.9286021954126
3079.7229374094136
3055.4118750420416
3053.8627242106886
3052.1223693738557
3051.86925589733
3051.86925589733
3049.0496826897365
3043.938169700811
3043.938169700811
3041.412104555197
3041.412104555197
3040.662457026364
3037.7173885157054
3035.4184848441273
3034.1591510307385
3033.8937891336736
3029.0446277057267
3029.0446277057267
3028.31439274715
3028.31439274715
3027.9978985853627
3027.796297324298
3027.796297324298
3026.6044214111694
3026.6044214111694
3026.6044214111694
3026.6044214111694
3026.020745935854
3025.390644001024
3025.2692995979096
3025.2692995979096
3025.1413578162183
3024.890523064753
3024.890523064753
3024.890523064753
3024.890523064753
3024.8808764331566
3024.8808764331566
3024.5365491981597
3024.4407563465134
3024.4407563465134
3024.3527884537284
3024.3527884537284
3024.3527884537284
3024.3527884537284
3024.3527884537284
3024.2925215009886
3024.2925215009886
3024.0664925777774
3024.0664925777774
3024.0664925777774
3024.0664925777774
3024.0463473840546
3024.0463473840546
3023.8944992456118
3023.8944992456118
3023.8944992456118
3023.8944992456118
3023.8944992456118
3023.7258541492483
3023.7258541492483
3023.7258541492483
3023.7258541492483
3023.7258541492483
3023.7258541492483
3023.7258541492483
3023.696884386177
3023.696884386177
3023.6360101109353
3023.6360101109353
3023.6360101109353
3023.6360101109353
3023.6360101109353
3023.6360101109353
3023.6360101109353
3023.6360101109353
3023.6360101109353
4377.479156191721
4233.96886904308
4084.524146433343
3907.299966817811
3907.299966817811
3761.1542964795
3614.267528813889
3500.0038674614507
3341.3080736553575
3319.8748552472166
3283.159460871735
3241.6585671523276
3198.8414108958627
3196.4025173304985
3168.8549437152456
3127.2744669301273
3116.595971406342
3111.0700890345242
3111.0700890345242
3111.0700890345242
3091.7489747512022
3091.7489747512022
3091.7489747512022
3090.99667177713
3090.99667177713
3085.400251805131
3084.8384739294447
3084.8384739294447
3082.0681739134475
3082.0681739134475
3082.0681739134475
3080.6147613089347
3078.007582632347
3077.053535465204
3076.8652648925045
3076.008627838096
3075.976089632143
3075.752261308114
3074.2294290892887
3074.2294290892887
3073.8671592067744
3072.2447494112007
3071.804140520479
3071.804140520479
3071.804140520479
3071.804140520479
3071.804140520479
3071.804140520479
3071.804140520479
3071.804140520479
3071.802867626241
3071.474158444576
3071.096015275808
3071.096015275808
3071.096015275808
3071.096015275808
3071.096015275808
3071.009321263141
3070.579031519427
3069.864088199703
3069.864088199703
3069.864088199703
3069.864088199703
3069.864088199703
3069.864088199703
3069.864088199703
3069.864088199703
3069.864088199703
4377.479156191721
4221.403816136885
4129.36529149138
4129.36529149138
4027.031151992692
3898.937804711678
3660.4488704081023
3647.620413851466
3527.146840780286
3490.237412264633
3486.234014479007
3438.6009107498294
3432.848358695598
3381.444760114689
3362.683765298638
3362.683765298638
3360.612605021526
3335.9035359724944
3285.335757509068
3285.335757509068
3276.2143497391066
3276.2143497391066
3276.2143497391066
3250.491227307372
3250.491227307372
3250.491227307372
3249.2673994170377
3240.2536172260143
3240.1038391602683
3240.1038391602683
3235.1387258268956
3232.495650904307
3232.495650904307
3231.6945443159993
3230.886123908449
3228.986162064105
3228.335523468474
3228.0551619170383
3228.0551619170383
3226.363654154575
3226.1592400479776
3225.046328249259
3224.633560543406
3223.327732767915
3223.327732767915
3223.327732767915
3223.210901780898
3223.210901780898
3223.1430700788283
3222.923746801499
3222.4817179957063
3222.4660957377487
3222.25317947291
3222.25317947291
3222.25317947291
3222.25317947291
3221.967810976088
3221.967810976088
3221.797694993563
3221.797694993563
3221.797694993563
3221.797694993563
3221.797694993563
3221.797694993563
3221.797694993563
3221.797694993563
3221.797694993563
4377.479156191721
4356.791691992727
4356.791691992727
4224.411089351192
4161.347918824862
3908.7323381718593
3721.8186418805426
3541.1289425137347
3484.532143023387
3442.24686448515
3377.8320351884195
3368.136992260101
3355.284853556568
3331.953178900208
3331.953178900208
3323.7119671743376
3309.7113153633013
3306.0486413117314
3306.0486413117314
3290.640215059781
3280.5577124032443
3280.5577124032443
3256.039781277544
3249.552236114947
3243.8042952102755
3243.8042952102755
3232.0278499123638
3232.0278499123638
3223.7672132164944
3223.7672132164944
3212.821740285568
3209.2812938407483
3206.4983893612202
3205.4605801253215
3205.4605801253215
3203.5178941515546
3201.0426985150125
3198.922837914356
3198.922837914356
3198.1257224327737
3197.7290343934856
3197.7290343934856
3197.121846766675
3196.943287574892
3196.815715654028
3196.725612359445
3196.725612359445
3196.5566030303116
3195.478354248405
3194.9456694378523
3194.7925571812502
3194.3482636825456
3194.098720309871
3194.098720309871
3194.098720309871
3193.7169554238567
3193.7169554238567
3193.597042439557
3193.597042439557
3193.2594381340145
3192.901888460061
3192.901888460061
3192.901888460061
3192.901888460061
3192.901888460061
3192.6152390055313
3192.6152390055313
3192.6152390055313
3192.6152390055313
3192.6152390055313
3192.6152390055313
3192.6152390055313
3192.6152390055313
3192.6152390055313
4377.479156191721
4214.398217352245
4179.142041534249
3997.36036828517
3892.178392021221
3787.3012701066928
3612.0696729645633
3548.433540201534
3434.6086014966722
3361.6717568084114
3323.6265518309747
3291.0355043313257
3231.902722111784
3177.04411274407
3143.217242231614
3113.8903990774825
3109.807588178888
3096.073537137514
3092.8177357753534
3082.9971286468594
3077.1539384505427
3072.3630527639743
3072.3630527639743
3070.7171600414626
3069.42297537916
3068.67992834319
3067.1592045863335
3065.5679180631696
3063.1923847963462
3062.350418176444
3059.349975620741
3059.156964678051
3059.156964678051
3056.9576768121333
3056.9576768121333
3055.684533799098
3052.18338399962
3052.18338399962
3052.18338399962
3050.5869917071195
3049.5855594126074
3049.5855594126074
3049.464620272447
3048.338519923091
3048.0331188074515
3047.6519007726138
3047.379295628709
3046.870553450745
3046.870553450745
3046.846718240059
3046.846718240059
3046.846718240059
3046.846718240059
3046.5402831470888
3046.4509087429315
3046.4509087429315
3046.399472349618
3046.3692672787797
3046.3692672787797
3046.2603698556204
3046.1291279957995
3046.1291279957995
3046.027256716878
3046.027256716878
3046.027256716878
3045.989608624638
3045.8119118858954
3045.662621758014
3045.6473676744513
3045.6473676744513
3045.6473676744513
3045.6473676744513
3045.4400807106085
3045.4400807106085
3045.4400807106085
3045.4400807106085
3045.4400807106085
3045.4400807106085
3045.4400807106085
3045.4400807106085
3045.346938190083
3045.346938190083
3045.346938190083
3045.346938190083
3045.346938190083
3045.346938190083
3045.346938190083
3045.346938190083
3045.346938190083
4377.479156191721
4377.479156191721
4342.203648933557
3972.0530472445857
3790.503943402086
3677.8331838874383
3592.7483329747824
3560.5081411580727
3462.526747497767
3409.921504726464
3341.36668703626
3292.7237209933555
3253.1337690725636
3215.002487923446
3191.3894282012743
3181.6232512984566
3157.3212257357327
3138.3579835594824
3124.9039309295154
3124.9039309295154
3124.9039309295154
3116.3489425701778
3109.2672566873707
3103.988669322428
3095.2211997397467
3094.720623569162
3091.5235878403946
3091.5235878403946
3089.9090881083675
3087.0380640051076
3087.0380640051076
3085.6975791391455
3085.6975791391455
3084.4952946536587
3083.817258975606
3083.4241605841667
3082.8880505288703
3082.7426986077708
3082.5666632570073
3082.5666632570073
3082.278601331139
3081.9450167209957
3081.9450167209957
3081.942565565319
3081.777273478327
3081.773103893709
3081.113180152898
3081.113180152898
3081.113180152898
3081.113180152898
3081.023499791403
3080.7204044606065
3080.7204044606065
3080.564388198124
3080.564388198124
3080.564388198124
3080.564388198124
3080.5310408287833
3080.1678538314395
3080.1678538314395
3080.1678538314395
3080.1676162707045
3080.1676162707045
3080.1676162707045
3080.157569454992
3079.9986556530416
3079.9986556530416
3079.9986556530416
3079.9986556530416
3079.9986556530416
3079.9288637946984
3079.9288637946984
3079.9288637946984
3079.6581013152095
3079.6581013152095
3079.6581013152095
3079.577534787932
3079.577534787932
3079.577534787932
3079.577534787932
3079.577534787932
3079.577534787932
3079.577534787932
3079.577534787932
3079.577534787932
4377.479156191721
4276.923441670579
4178.060419036961
4129.7904166434755
4004.3511824895886
3882.4536844247996
3713.325777485125
3545.8767473957637
3449.2009297630075
3376.299921434573
3297.2229594034543
3280.6651468402038
3253.706565862416
3204.249984917515
3172.492493664461
3158.911277342287
3155.0979796384154
3148.4131084717196
3137.17126063457
3128.707763349781
3128.6735368506243
3123.107598067894
3120.4995974792646
3118.528736777859
3118.528736777859
3117.362540478996
3112.5275980427064
3112.5275980427064
3111.0372300083905
3104.0910546067576
3101.5565981310524
3101.5565981310524
3099.6075560166432
3099.3937593266996
3098.8009655301335
3098.609617695548
3098.1429968609114
3097.344002776248
3096.3309000663953
3095.7976337240066
3094.7677840313445
3093.1237001964087
3092.8536405832742
3092.434234476047
3091.497814831017
3090.9031726891694
3090.054545083109
3089.775519658563
3089.3733188647884
3088.821384145328
3088.821384145328
3088.762713060356
3088.762713060356
3088.317063226567
3087.9107296147517
3087.9107296147517
3087.9107296147517
3087.9107296147517
3087.9107296147517
3087.8656287034446
3087.803640211315
3087.803640211315
3087.803640211315
3087.803640211315
3087.803640211315
3087.803640211315
3087.803640211315
3087.803640211315
3087.803640211315
4377.479156191721
4377.479156191721
4202.284475400558
4090.438534873333
3945.9553816646003
3804.3508739816098
3697.003780485223
3605.5881011785023
3511.0092737954656
3438.3970470023824
3412.7829079396797
3348.8231498126474
3315.7566465467335
3310.6039164948656
3253.7347073392693
3206.3249132219476
3187.377127104104
3180.180173605257
3170.9521804718834
3160.2661505456817
3146.5490210235876
3144.427030988352
3132.292029729267
3132.292029729267
3128.9064958338163
3107.259257298216
3107.259257298216
3102.599871609675
3098.2204299206055
3098.2204299206055
3098.2204299206055
3097.943413837766
3095.6281293941774
3086.015713698613
3086.015713698613
3084.703673873155
3084.3810324373057
3083.3336235665884
3081.6886095741656
3081.6634314347602
3080.8830501859647
3079.030623849251
3077.9614865889243
3075.900684919842
3075.3282056650946
3074.7657508337807
3074.614512912687
3074.3886380203853
3072.835731713822
3071.5233778522916
3070.7907815595017
3070.1015529591177
3069.727015909598
3069.0745589902335
3068.1545247332447
3068.1545247332447
3068.1255284805275
3067.229544457204
3067.229544457204
3067.2081157004645
3066.9959659310944
3066.23072196515
3066.23072196515
3066.23072196515
3066.1825795676064
3066.1825795676064
3066.1825795676064
3066.1825795676064
3066.099193438793
3066.034842626806
3065.94472524455
3065.94472524455
3065.9021977588577
3065.8974585957335
3065.8974585957335
3065.8974585957335
3065.845510767901
3065.845510767901
3065.8286238714713
3065.825909608643
3065.825909608643
3065.753417098781
3065.753417098781
3065.753417098781
3065.753417098781
3065.750978707699
3065.750978707699
3065.7315097357996
3065.7315097357996
3065.7315097357996
3065.708387222122
3065.708387222122
3065.708387222122
3065.708387222122
3065.708387222122
3065.708387222122
