4324.1285256506635
4322.703537423893
4209.567449169118
3969.987852508858
3865.6567547079167
3745.8475392729197
3712.969974558272
3712.969974558272
3698.2819210379735
3698.2819210379735
3664.5970006413854
3605.946040849926
3605.946040849926
3592.8453705942757
3592.8453705942757
3554.419959555473
3554.419959555473
3528.931727611553
3528.931727611553
3528.931727611553
3514.1391648702975
3511.885481999499
3511.885481999499
3497.8174433780637
3495.9008585586325
3485.4946702298957
3482.0002815579874
3476.883132037005
3476.883132037005
3471.1559691108687
3465.9760190211723
3462.8855372615953
3457.8075368241653
3447.662148226781
3447.662148226781
3447.662148226781
3445.9076463389756
3444.697894144011
3443.8410556110234
3442.828403655085
3440.341616940365
3440.341616940365
3437.885795908986
3437.703051126461
3437.6019699946432
3437.4450382181603
3436.2100638980082
3436.0127166125026
3435.1464104217816
3435.1464104217816
3435.1464104217816
3434.3897549666526
3434.236268918562
3434.163566409332
3434.163566409332
3433.678971004764
3433.678971004764
3433.678971004764
3433.678971004764
3433.6322356192877
3433.6322356192877
3433.6322356192877
3433.6322356192877
3433.6322356192877
3433.4734585359747
3433.4734585359747
3433.4734585359747
3433.4734585359747
3433.4734585359747
3433.4734585359747
3433.4734585359747
3433.4687400365447
3433.4687400365447
3433.4687400365447
3433.411169174767
3433.411169174767
3433.411169174767
3433.411169174767
3433.411169174767
3433.411169174767
3433.411169174767
3433.411169174767
3432.9928905099487
3432.9928905099487
3432.9928905099487
3432.9928905099487
3432.9928905099487
3432.9928905099487
3432.9928905099487
3432.9928905099487
3432.9928905099487
4324.1285256506635
4324.1285256506635
4322.796641053461
4044.215195104476
3852.78800403479
3809.7933591390224
3809.7933591390224
3809.7933591390224
3777.367097275255
3727.647139430387
3720.6633268504293
3693.783518426585
3677.412585556839
3632.3003450097594
3515.34045508402
3456.986600117133
3445.8560230889125
3420.8528830107443
3416.388673024845
3416.388673024845
3414.9140387869
3400.5948248792247
3363.8800705417357
3355.77326087038
3321.8736084223738
3311.729435809233
3305.015416553556
3299.7319805668203
3292.6892580628382
3280.6819477940635
3265.5961242652684
3238.8919105648592
3232.0317443357358
3231.1762288324
3226.972828246064
3223.5477305921463
3219.977224731581
3218.435174926778
3218.435174926778
3217.9904371273124
3217.1855119723364
3217.1855119723364
3216.0431014462324
3215.9777309556744
3215.6486502926386
3214.3105080033756
3214.2923186928547
3213.63955753738
3212.6825655128578
3212.4401592691356
3211.400987067588
3211.400987067588
3210.4326796799023
3210.3052894680964
3210.3052894680964
3210.267865848129
3210.0741088134414
3209.959964451395
3209.959964451395
3209.771129256439
3209.771129256439
3209.771129256439
3209.7270626480336
3209.7270626480336
3209.7270626480336
3209.7270626480336
3209.7270626480336
3209.6804787325955
3209.448442322201
3209.448442322201
3209.448442322201
3209.448442322201
3209.3976828029045
3209.3850868225936
3209.3850868225936
3209.3850868225936
3209.3850868225936
3209.3850868225936
3209.3850868225936
3209.3850868225936
3209.3850868225936
3209.3850868225936
4690.254918120703
4690.254918120703
4373.934413778128
4151.270341938311
3993.1790596337446
3634.240198737912
3554.506551129968
3384.8556853993946
3334.6905811277984
3295.622953086093
3266.619221090837
3232.5373713251793
3213.8869844388646
3213.8869844388646
3205.842509857441
3184.807204665043
3184.807204665043
3181.225333317214
3166.573300872779
3166.573300872779
3164.513940982927
3164.0629678268842
3164.0629678268842
3159.8610764609793
3159.8610764609793
3159.8610764609793
3157.5866103658495
3156.2201822419156
3155.6365525081264
3155.6365525081264
3155.30127029933
3154.9166356373844
3153.5188759509206
3152.0526548368302
3152.0526548368302
3152.0526548368302
3151.381382011824
3150.6989508923466
3150.692435153571
3149.53362275884
3149.53362275884
3149.53362275884
3149.133847152975
3148.8476641276898
3143.7248670857107
3143.7248670857107
3143.1147151004843
3143.1147151004843
3143.1147151004843
3143.1147151004843
3143.1147151004843
3142.9528205396487
3142.9528205396487
3142.9528205396487
3142.9528205396487
3142.9528205396487
3142.9528205396487
3142.9528205396487
3142.9528205396487
3142.9211737479463
3142.9211737479463
3142.9211737479463
3142.9211737479463
3142.910329631516
3142.8715372075503
3142.8715372075503
3142.694317090336
3142.694317090336
3142.694317090336
3142.694317090336
3142.694317090336
3142.694317090336
3142.694317090336
3142.694317090336
3142.694317090336
4690.254918120703
4690.254918120703
4441.112482948675
4077.9406187873565
3836.4726539284648
3671.2878415107284
3574.7222886408667
3471.279172474316
3371.1214818868493
3338.367645448692
3321.3982640315917
3321.3982640315917
3268.6074883393376
3252.3915605067277
3252.3915605067277
3250.6458922718743
3229.0323978231177
3229.0323978231177
3227.941211228277
3227.941211228277
3220.621401893777
3215.411773296688
3212.945600870434
3205.791118324293
3204.1274641442096
3202.9327310299823
3197.584870614418
3195.6642657827088
3195.0677778863746
3190.2431193913058
3189.534628061256
3187.964425139346
3187.4890746341407
3186.7552579684643
3186.7552579684643
3185.871578994056
3185.2521703285556
3185.2521703285556
3184.0616727217175
3184.001523353715
3183.635603544482
3182.797817011748
3182.797817011748
3182.512524859949
3182.512524859949
3182.512524859949
3182.3162282418098
3182.078866044617
3182.078866044617
3181.7503930787507
3181.7503930787507
3181.4487979506457
3181.375895968268
3181.373090103374
3181.373090103374
3181.373090103374
3181.3185033014297
3181.131059483046
3181.121040023183
3181.121040023183
3181.0418934274203
3181.0418934274203
3181.0418934274203
3181.022588831227
3180.9323603135063
3180.9323603135063
3180.9323603135063
3180.9077832667535
3180.9077832667535
3180.9077832667535
3180.9077832667535
3180.866248993646
3180.866248993646
3180.866248993646
3180.866248993646
3180.866248993646
3180.7878163488162
3180.7878163488162
3180.7878163488162
3180.7878163488162
3180.7878163488162
3180.7878163488162
3180.7878163488162
3180.7878163488162
3180.7878163488162
3180.777227035268
3180.777227035268
3180.777227035268
3180.777227035268
3180.777227035268
3180.777227035268
3180.777227035268
3180.777227035268
3180.777227035268
4690.254918120703
4690.254918120703
4501.359977688328
4374.780397421511
4080.184876540473
3891.5773779648125
3563.200119768636
3477.0751472870375
3443.169616302467
3430.330481178947
3383.5510586787495
3352.4763132986286
3325.3815855949138
3311.4688820885335
3302.931286453846
3293.0840919724383
3248.790499469391
3240.70162374615
3223.5838289068906
3211.5321882866488
3189.3089928166746
3188.7503161699497
3184.898763669129
3184.898763669129
3174.9335771019423
3174.9335771019423
3174.9335771019423
3171.956575710933
3168.0136803792275
3168.0136803792275
3168.0136803792275
3166.693081692016
3166.5583021362827
3165.8155430796573
3164.9122814776424
3164.475210545045
3163.508086425856
3162.243800292239
3162.0095635725647
3161.5109037175775
3160.255125910615
3160.255125910615
3159.626423929992
3158.9178771705724
3158.631679841252
3158.631679841252
3157.3650736195705
3157.3650736195705
3157.3650736195705
3157.3650736195705
3157.3650736195705
3157.343334160181
3157.343334160181
3157.343334160181
3157.030032611723
3156.8583464645412
3156.758463778069
3156.758463778069
3156.581021846857
3156.581021846857
3156.165270846682
3156.165270846682
3156.165270846682
3155.9976859735007
3155.9976859735007
3155.7749941871552
3155.7749941871552
3155.526971724414
3155.526971724414
3155.526971724414
3155.526971724414
3155.3699669128996
3155.311060851872
3155.213796763637
3155.213796763637
3155.213796763637
3155.110089324055
3155.110089324055
3155.110089324055
3155.110089324055
3154.97847641761
3154.97847641761
3154.97847641761
3154.97847641761
3154.97847641761
3154.97847641761
3154.97847641761
3154.97847641761
3154.97847641761
4690.254918120703
4556.145814182355
4556.145814182355
4323.3857701392435
4244.981199633788
4094.276082691731
3888.178240090495
3708.5014047565337
3565.5585567040807
3478.797449895293
3433.8432522436347
3396.1271073702046
3396.1271073702046
3396.1271073702046
3396.1271073702046
3379.6127917293197
3379.6127917293197
3353.228933948821
3353.228933948821
3353.228933948821
3353.228933948821
3351.047807413047
3347.858585961813
3343.2431393928714
3337.2688832667027
3335.0978327982157
3330.550379068286
3325.5009560273566
3322.764315531731
3322.764315531731
3320.4409012228934
3319.8871923954484
3317.8136782114516
3316.2658105534456
3314.7178729789757
3314.194969840791
3312.576789325248
3312.502527455458
3310.9687135400563
3310.622026069739
3310.622026069739
3310.622026069739
3310.5657187380193
3309.963282405911
3309.7787059213597
3309.6962225935995
3309.4396910506835
3308.989372062014
3308.989372062014
3308.914345018062
3308.8109970771243
3308.8109970771243
3308.8109970771243
3308.7968891073665
3308.7968891073665
3308.7968891073665
3308.7968891073665
3308.7968891073665
3308.705830540758
3308.673386583899
3308.6275009354904
3308.6275009354904
3308.536742609247
3308.4490986344613
3308.4490986344613
3308.4490986344613
3308.4490986344613
3308.4490986344613
3308.4490986344613
3308.4490986344613
3308.4490986344613
3308.4490986344613
4690.254918120703
4690.254918120703
4561.791499957564
4331.0099757967255
3996.2391648461935
3854.2960898417005
3675.811090857194
3607.9530311248154
3489.985572087531
3420.4136292268136
3332.3592204927027
3332.2921074717465
3285.666349679292
3271.0501734280438
3270.222104860329
3245.012063899344
3237.513364023105
3217.1794651942864
3198.7708120212806
3159.5726469313927
3159.5726469313927
3157.853144479755
3150.241665366941
3150.241665366941
3147.5479664172026
3140.641540564338
3140.641540564338
3139.2008051957337
3134.998486981896
3131.8439078781726
3131.8439078781726
3129.3202566989776
3124.5587350866303
3124.5587350866303
3124.5587350866303
3123.1258052200233
3121.387040285441
3118.0284730173717
3118.0284730173717
3116.4276896599695
3116.150328830533
3114.9695012625666
3112.5963885459214
3112.488223580029
3110.9343994208475
3110.211483009829
3110.211483009829
3110.211483009829
3110.211483009829
3109.2666738955168
3109.2666738955168
3108.8465805091246
3108.8465805091246
3108.3637603127036
3108.3637603127036
3108.1735463272266
3108.0292433090935
3106.9129265333268
3106.489123587788
3105.848889731648
3105.848889731648
3105.5349508202808
3105.5349508202808
3105.1999074627065
3105.1999074627065
3105.1338954983553
3105.0865146814212
3105.0865146814212
3104.9154811363137
3104.9154811363137
3104.9154811363137
3104.813378951461
3104.5200501642194
3104.5200501642194
3104.5200501642194
3104.5200501642194
3104.5200501642194
3104.504663122172
3104.3977612999643
3104.3977612999643
3104.3977612999643
3104.3977612999643
3104.3977612999643
3104.3977612999643
3104.3504070244335
3104.3504070244335
3104.3504070244335
3104.3081418907614
3104.153488823993
3104.153488823993
3104.153488823993
3103.999659575843
3103.999659575843
3103.999659575843
3103.999659575843
3103.914434223104
3103.796080126277
3103.781368457272
3103.781368457272
3103.781368457272
3103.781368457272
3103.781368457272
3103.781368457272
3103.781368457272
3103.781368457272
3103.781368457272
4690.254918120703
4690.254918120703
4534.557534794756
4291.2594518516735
3855.07202891175
3813.9907146572014
3558.30927103046
3485.269616045387
3445.66564091598
3410.919481005644
3367.5629694877516
3332.62075789624
3312.913427617963
3298.057361483517
3293.630463263411
3259.7976865829396
3259.1589704484268
3236.2298165566567
3229.766837964212
3228.656951221404
3228.656951221404
3216.8329425149986
3215.101153506279
3205.966287853524
3205.966287853524
3205.966287853524
3203.7402598297217
3198.9048994778373
3194.881867646675
3186.2395448814395
3185.9267226288525
3179.4320872233425
3176.3962676149536
3173.0795465753436
3171.464670774094
3171.01636273845
3170.5395415772973
3168.3835938409316
3167.281929589493
3167.281929589493
3166.9391339097037
3166.011011553991
3165.2682792171936
3164.8950262768485
3164.4130414950196
3164.4130414950196
3163.7647048216886
3163.7647048216886
3163.7569928809535
3163.7567230943996
3163.48307937194
3163.343247520625
3162.6418741582224
3162.6418741582224
3162.3935948313406
3161.9301224600695
3161.9301224600695
3161.7885119463963
3161.7885119463963
3161.443920600907
3160.964870414918
3160.964870414918
3160.852544450186
3160.852544450186
3160.5828963027775
3160.330192773189
3160.330192773189
3160.330192773189
3160.0258187501727
3159.903843325716
3159.886103132131
3159.886103132131
3159.455866038663
3159.455866038663
3159.455866038663
3159.455866038663
3159.455866038663
3159.455866038663
3159.455866038663
3159.455866038663
3159.4249489842277
3159.4249489842277
3159.3841594979967
3159.3841594979967
3159.3841594979967
3159.3841594979967
3159.3841594979967
3159.3841594979967
3159.32096386911
3159.0703955154386
3159.0703955154386
3159.0703955154386
3159.0703955154386
3158.9495266916606
3158.9495266916606
3158.7718834439647
3158.7718834439647
3158.7718834439647
3158.7718834439647
3158.7435184467067
3158.7435184467067
3158.7435184467067
3158.527570852895
3158.527570852895
3158.204458935187
3158.204458935187
3158.204458935187
3158.204458935187
3158.204458935187
3158.071161491243
3158.043417555306
3158.043417555306
3157.9002668680178
3157.9002668680178
3157.7922537153913
3157.7922537153913
3157.7922537153913
3157.741997018445
3157.741997018445
3157.65189730584
3157.65189730584
3157.65189730584
3157.65189730584
3157.65189730584
3157.4922787022915
3157.4922787022915
3157.4922787022915
3157.4450775095825
3157.4450775095825
3157.4450775095825
3157.241371883428
3157.241371883428
3157.241371883428
3157.2103752089156
3157.2103752089156
3157.2103752089156
3157.1681578073058
3157.1681578073058
3157.1681578073058
3157.1681578073058
3157.1519834890587
3157.1519834890587
3157.100170707558
3157.0668439111996
3157.0668439111996
3157.0668439111996
3156.817518361624
3156.817518361624
3156.817518361624
3156.817518361624
3156.817518361624
3156.817518361624
3156.817518361624
3156.817518361624
3156.817518361624
4690.254918120703
4690.254918120703
4575.48857486567
4147.613682723464
3917.6527625874046
3812.602658584647
3615.698977251286
3522.5516782116338
3429.927105679351
3422.4495651512652
3413.3159755175593
3374.716718623833
3315.2979613121333
3265.129898045442
3265.129898045442
3265.129898045442
3265.129898045442
3231.8062910478643
3222.6504641082433
3222.6504641082433
3222.6504641082433
3216.5498124324636
3213.705748998656
3204.9648618666906
3198.2287354737823
3189.3981973369246
3178.8823233103285
3178.8823233103285
3177.532290362181
3176.267779571153
3176.267779571153
3174.769495647524
3174.769495647524
3172.7221997736033
3170.1201020122903
3168.400503359831
3167.1761613792623
3165.693962986734
3164.941003611195
3164.941003611195
3163.8208883195693
3162.647910422258
3162.224685301485
3160.75692687825
3159.698354574076
3159.3787755170556
3158.976536569833
3158.518617973011
3156.95895733797
3156.95895733797
3156.5276273381387
3156.1521464470156
3155.555976856624
3155.185916592867
3154.7935807573404
3154.7828300889487
3154.7828300889487
3154.7828300889487
3154.540097429757
3154.540097429757
3154.540097429757
3154.3490767251424
3154.1883581145303
3154.1883581145303
3154.1883581145303
3154.1644362265693
3153.730096891268
3153.730096891268
3153.730096891268
3153.730096891268
3153.567328476192
3153.567328476192
3153.540095859548
3153.1773650831474
3153.1773650831474
3153.1562672708114
3153.1562672708114
3153.147909526609
3153.147909526609
3153.147909526609
3153.037171553221
3153.037171553221
3153.0205655378572
3153.0205655378572
3153.0205655378572
3153.0205655378572
3153.0205655378572
3153.0205655378572
3153.0205655378572
3153.0205655378572
3153.0205655378572
4690.254918120703
4690.254918120703
4690.254918120703
4233.52307442853
4000.751460942578
4000.650303995283
3686.9839125516746
3605.0430263911703
3553.788270083335
3456.0805013641398
3410.7556284193543
3369.3470406188026
3369.3470406188026
3343.597653939878
3323.6362274216935
3309.3686683813385
3307.0441054721196
3303.002351730928
3280.1896636701686
3266.503528027929
3266.503528027929
3266.503528027929
3259.7707812023273
3255.0741445246626
3255.0741445246626
3253.3963964285185
3253.3963964285185
3252.440825829412
3245.330768331928
3244.9113539069854
3240.6661760127085
3238.8982855793693
3238.8982855793693
3236.8474898818213
3234.68555847874
3231.575407780287
3231.3574950005695
3231.3574950005695
3230.62684555196
3230.392220193622
3230.392220193622
3230.392220193622
3229.4853966431565
3228.71681364288
3228.329525242102
3227.472676831234
3227.2210658239683
3227.2210658239683
3227.2210658239683
3227.2004719587985
3226.9250440039345
3226.4269279851756
3225.9971769903977
3225.9971769903977
3225.9971769903977
3225.9971769903977
3225.9971769903977
3225.9971769903977
3225.973027933056
3225.973027933056
3225.973027933056
3225.973027933056
3225.62266658174
3225.62266658174
3225.62266658174
3225.62266658174
3225.62266658174
3225.62266658174
3225.62266658174
3225.62266658174
3225.62266658174
4690.254918120703
4690.254918120703
4519.064203601505
4252.697505813731
3915.720617907527
3777.09154030467
3651.426556096877
3580.775251381334
3522.3953411132393
3427.752635273808
3363.092041634667
3319.4044748476995
3262.0033965617126
3209.6754117189457
3200.262135718487
3181.3911168760255
3169.0444838864446
3157.812411497629
3140.8115075328597
3131.049687591478
3121.611240794774
3107.2361336647
3098.5961312099653
3097.1105270885237
3090.2564873740735
3086.3074088299486
3083.681201333732
3081.7631053805285
3081.3922104088433
3081.3922104088433
3081.2156856778147
3079.048270423275
3074.810273212314
3074.810273212314
3074.810273212314
3073.42816951414
3072.7293008227334
3072.7293008227334
3071.786911883595
3071.786911883595
3071.639885856503
3070.204047307114
3070.204047307114
3069.5084468009795
3069.5084468009795
3069.3374402489094
3069.0161469701566
3069.0161469701566
3068.8361863888936
3068.7664552116084
3067.966329234253
3067.966329234253
3067.9541482672644
3067.7959341395267
3067.671019721574
3067.671019721574
3067.4089397862417
3067.4089397862417
3067.3664013683724
3067.3664013683724
3067.107034785269
3067.107034785269
3067.107034785269
3067.107034785269
3067.107034785269
3067.107034785269
3067.107034785269
3067.107034785269
3067.107034785269
4690.254918120703
4690.254918120703
4669.953289683173
4380.007759839648
4220.133490728695
3997.2269740938514
