4444.83897640978
4243.353958302774
4243.353958302774
4144.835687810088
3798.669878066772
3726.9562140570074
3652.3227649415057
3507.322123449628
3416.91551954801
3410.48076907338
3313.684381935117
3257.899977920105
3227.4556496199266
3194.049216863894
3165.120462102522
3119.0856701364023
3119.0856701364023
3118.3210587588032
3116.2563047657995
3113.6945924668776
3113.6050087736694
3112.2513341114313
3108.913240125316
3108.913240125316
3099.940665140159
3097.5814205769047
3096.3591795237576
3094.1240214160907
3094.1240214160907
3091.8255925639082
3091.8255925639082
3090.879144608822
3089.3580098299935
3089.3580098299935
3087.26809361402
3086.0702958981487
3086.0273742923323
3084.8625926463146
3084.4549921657344
3084.019454539721
3083.7743586199817
3083.42843366184
3083.0527023294676
3082.7102477943517
3082.4222567031447
3082.4222567031447
3082.3351576113637
3082.2822403802493
3082.2822403802493
3082.208718245964
3081.955584184024
3081.6622708962823
3081.468868107827
3081.468868107827
3081.3175015745164
3081.285740282776
3081.1784430677526
3081.1157312250275
3081.1157312250275
3080.9915899481566
3080.9915899481566
3080.9353032549866
3080.9353032549866
3080.9353032549866
3080.9353032549866
3080.9353032549866
3080.9353032549866
3080.8915493890595
3080.8859973297294
3080.8859973297294
3080.8859973297294
3080.8859973297294
3080.8859973297294
3080.853104980004
3080.853104980004
3080.853104980004
3080.853104980004
3080.791146625249
3080.7806805981104
3080.7806805981104
3080.7806805981104
3080.7554109538646
3080.7554109538646
3080.7554109538646
3080.7554109538646
3080.7554109538646
3080.7554109538646
3080.7554109538646
3080.7554109538646
3080.7554109538646
4698.346868862686
4281.763019840997
4238.562765779629
4219.306102434798
4190.80497195952
4065.468025460485
3795.391217931141
3687.929830770606
3600.902750601447
3484.1128099082807
3445.1585895197113
3445.1585895197113
3405.6486818626586
3386.578346798167
3371.111995987728
3356.336357551141
3339.5097225611257
3305.3809606896602
3279.891636705902
3259.946365395708
3239.152154058592
3225.3097357259503
3220.3969382277537
3211.7819722670856
3201.354930603985
3187.412799263031
3172.9709346249583
3159.6592269106623
3143.3555322100933
3141.811670176193
3140.0188301248827
3129.485847842362
3114.1925299201957
3114.1925299201957
3112.595737593244
3112.595737593244
3108.4123349646543
3106.9608902898276
3104.388311036722
3103.8381914245647
3103.8381914245647
3103.605434996529
3100.986023771312
3100.81012901836
3100.81012901836
3100.81012901836
3100.4249960737957
3100.257498659527
3100.257498659527
3099.9249015320192
3099.6287320614983
3099.6287320614983
3099.4083803227277
3097.761687326871
3096.7324948217256
3096.1254192225438
3096.0345938358514
3095.9370484879732
3095.479101210514
3095.131506172143
3094.0766633171593
3094.0766633171593
3093.055401659746
3093.055401659746
3093.055401659746
3092.956076250122
3092.956076250122
3092.93057215531
3092.6015690556687
3092.6015690556687
3092.6015690556687
3092.6015690556687
3092.4165044335127
3092.26151621527
3091.567282686524
3091.567282686524
3091.567282686524
3091.567282686524
3091.567282686524
3091.1144892644993
3091.1144892644993
3091.1144892644993
3091.1144892644993
3091.1144892644993
3091.1144892644993
3090.6367469418683
3090.6367469418683
3090.6367469418683
3090.6367469418683
3090.5617395363024
3090.5617395363024
3090.5617395363024
3090.5430141036936
3090.4189591802797
3090.4189591802797
3090.4189591802797
3090.4189591802797
3090.1606428693067
3090.047700625091
3090.047700625091
3090.047700625091
3089.8406605325486
3089.8406605325486
3089.8406605325486
3089.8406605325486
3089.8406605325486
3089.8406605325486
3089.8406605325486
3089.8406605325486
3089.8406605325486
4698.346868862686
4239.853892108831
4239.853892108831
4228.3102909553345
4228.3102909553345
4197.005016865341
4036.8734444144957
3890.859090828322
3814.1071365618786
3701.4941790690605
3619.012466739123
3549.210348094184
3448.462887771415
3360.129580797538
3348.5060408094623
3292.2636330050123
3246.787573681019
3190.7738677202187
3173.4542303496205
3157.852906809668
3143.3742403063634
3135.7800528242437
3131.1786739083536
3126.5812164353556
3115.739443718809
3104.59839617229
3104.59839617229
3104.59839617229
3101.8722518290506
3101.0262377092668
3098.5408879085057
3097.6200948541427
3095.479607630064
3094.1655853308935
3092.9612041484957
3092.5671423813815
3091.8588780461546
3091.6310623348495
3089.88181976799
3087.3947683501874
3086.925331359551
3085.6971907503616
3085.6971907503616
3085.6971907503616
3085.6971907503616
3085.6971907503616
3085.599271563945
3085.599271563945
3085.599271563945
3085.599271563945
3084.991553676515
3084.952980744541
3084.952980744541
3084.952980744541
3084.8741202437695
3084.647335762346
3083.976019229863
3083.976019229863
3083.9252984208256
3083.9252984208256
3083.476038511357
3083.476038511357
3083.476038511357
3083.476038511357
3083.476038511357
3083.476038511357
3083.476038511357
3083.476038511357
3083.476038511357
4698.346868862686
4121.865099042879
4121.865099042879
4121.865099042879
4114.829737564264
3879.696103242708
3758.874064573267
3623.6603712826072
3492.433900127731
3346.9857539930726
3309.481046798316
3277.8300232145043
3249.644694931187
3214.529100247688
3180.321270583382
3142.8609903253873
3131.5391762537965
3110.49185377143
3092.1601833964764
3075.7801970194555
3073.424749594421
3059.6682564253433
3059.6682564253433
3057.2506066123938
3045.8863254354715
3042.744264862914
3034.321165675758
3032.1815426190547
3032.1216890305463
3030.099322995725
3028.5222730271207
3026.7588221895044
3025.149924496072
3024.7091578011864
3023.490273511149
3021.9584799237423
3021.038423014542
3020.1556030147917
3019.7377642800952
3019.3035180751185
3018.61853107953
3018.1488425054645
3018.1488425054645
3017.607826380988
3017.3747200036883
3016.708412261099
3016.5796307285327
3016.4119955629235
3016.0288295551763
3015.633338360512
3015.0417017780546
3014.67976345791
3014.26763115008
3014.1572709059333
3014.025599803878
3013.8311001823718
3013.4998861658214
3013.4088194663987
3013.2072712338986
3013.1563121914733
3012.8069166784308
3012.8069166784308
3012.784501201698
3012.5585594934237
3012.4588191696494
3012.319876719777
3011.6146566290536
3011.1387299878343
3010.96488858864
3010.695388506647
3010.545038240011
3010.545038240011
3010.2961544283435
3010.147958987777
3010.147958987777
3010.0243637129943
3010.0065266758515
3010.0065266758515
3009.814817028679
3009.814817028679
3009.802456667596
3009.802456667596
3009.620254560469
3009.620254560469
3009.503253652774
3009.503253652774
3009.503253652774
3009.503253652774
3009.4495915132807
3009.4459131810254
3009.4459131810254
3009.4459131810254
3009.4290524603593
3009.4290524603593
3009.4290524603593
3009.4290524603593
3009.4225432506946
3009.3634510124957
3009.3634510124957
3009.3634510124957
3009.3634510124957
3009.3634510124957
3009.3634510124957
3009.3634510124957
3009.3634510124957
3009.3634510124957
4698.346868862686
4223.120895305097
4091.8469252918053
4091.8469252918053
4091.8469252918053
3925.850361609205
3712.1526630718954
3690.0151557511745
3664.7266427194386
3539.0298336038873
3473.3541700340343
3418.989590571221
3416.904907817189
3323.4889921746494
3273.594516077881
3209.2869779394514
3171.2297698523284
3150.8798620216444
3136.0796000894493
3114.776381566798
3111.6000027016585
3103.8682990684197
3084.1814873713547
3071.7030256519997
3071.7030256519997
3071.7030256519997
3070.7353484968667
3069.725360659715
3066.5260433665662
3064.788077063433
3057.4880541525845
3054.5718580269317
3042.283855773149
3038.024657676082
3032.9076469984366
3026.778145108203
3023.2857852503435
3021.1415457462303
3016.886368373012
3016.886368373012
3016.5151437819068
3014.5851883767978
3014.080402856633
3013.6637400759473
3012.999886620649
3012.6358787934396
3012.431921813549
3011.838536997538
3011.4144111274845
3011.4144111274845
3011.3781465895713
3011.0075079118783
3011.0075079118783
3010.7131720214866
3010.551466314363
3010.4129034824637
3010.367295075696
3010.367295075696
3010.2655691549603
3009.7905969062035
3009.7096039069365
3009.5487492782054
3009.5207106920384
3009.5207106920384
3009.4098532477437
3009.21864323738
3009.188439381846
3009.1693411757697
3009.1363416934732
3009.1363416934732
3009.1363416934732
3009.076986013978
3009.0698058997386
3009.0698058997386
3009.038932455538
3009.0348485845425
3009.0348485845425
3009.0348485845425
3009.0329083714537
3009.0329083714537
3009.0329083714537
3009.0329083714537
3009.0329083714537
3009.0329083714537
3009.0329083714537
3009.0329083714537
3009.0329083714537
4698.346868862686
4315.425966225877
4315.425966225877
4315.425966225877
4175.612650616508
3950.2509582933917
3681.2475160503627
3537.6604016042847
3412.6065751333635
3365.475069523174
3320.4539156326955
3316.01980664611
3303.5822961211147
3303.5822961211147
3292.220387193717
3263.684750415155
3252.546840049393
3250.1941499477516
3237.3924552672083
3229.6437010976806
3229.6437010976806
3222.602779688124
3222.31907071878
3207.5315206709633
3204.4415341902004
3198.7501444048035
3194.843926549481
3189.569878644964
3182.864056989525
3175.911571802456
3175.33161266598
3173.3348835239926
3171.3322139660386
3171.010878624146
3168.4521638558663
3168.4521638558663
3166.6292228660554
3165.8494343051066
3164.5363274301703
3161.2691773795073
3159.904827602833
3158.4633748921287
3156.3589521495214
3156.128125037973
3154.1940319591035
3154.1940319591035
3154.1087474395636
3153.588015316229
3153.419364417044
3153.07643743698
3152.5764664214885
3151.5602761577634
3151.271453229395
3151.271453229395
3151.271453229395
3151.271453229395
3151.197336091974
3150.8740009243916
3150.8740009243916
3150.850178985268
3150.850178985268
3150.433153933814
3150.433153933814
3150.2321769411355
3150.0981948076387
3149.973027721614
3149.948734038283
3149.948734038283
3149.9340118115133
3149.889861638022
3149.8390242065534
3149.492577399925
3149.4652281881836
3149.4652281881836
3149.428928941539
3149.428928941539
3149.428928941539
3149.249078604191
3149.249078604191
3149.074319162227
3149.074319162227
3149.026042349452
3149.026042349452
3149.026042349452
3148.9691422035066
3148.91736691636
3148.91736691636
3148.91736691636
3148.91736691636
3148.91736691636
3148.91736691636
3148.91736691636
3148.91736691636
3148.831376954559
3148.831376954559
3148.831376954559
3148.831376954559
3148.831376954559
3148.831376954559
3148.7865713361693
3148.7865713361693
3148.7865713361693
3148.6923105178125
3148.6923105178125
3148.5561683059786
3148.5561683059786
3148.5561683059786
3148.5561683059786
3148.5561683059786
3148.5561683059786
3148.5301009943587
3148.5301009943587
3148.5301009943587
3148.496724663402
3148.496724663402
3148.496724663402
3148.496724663402
3148.4839247711534
3148.4839247711534
3148.4839247711534
3148.4839247711534
3148.4839247711534
3148.4839247711534
3148.378917680763
3148.378917680763
3148.378917680763
3148.378917680763
3148.378917680763
3148.378917680763
3148.378917680763
3148.378917680763
3148.3569089065736
3148.3569089065736
3148.3569089065736
3148.3569089065736
3148.3569089065736
3148.3541049238156
3148.3040740833835
3148.3040740833835
3148.3040740833835
3148.3040740833835
3148.3040740833835
3148.3040740833835
3148.3040740833835
3148.3040740833835
3148.3040740833835
4698.346868862686
4465.433414967752
4374.494925307605
4304.238661906005
4191.770720790649
3871.9731432347244
3710.850113936238
3539.058919067866
3342.412803794961
3275.103374249088
3232.517691216264
3230.9876314822154
3211.764743937109
3200.7232120642916
3161.2339572525825
3161.2339572525825
3161.2339572525825
3159.3181131440015
3139.817025475497
3134.689263593399
3125.1033715336916
3118.876312926633
3116.001927996216
3102.0417913256874
3081.4925318428404
3074.1108689982066
3069.7314622043764
3069.084392732528
3065.242102449457
3058.7951500042195
3058.7951500042195
3054.697629519978
3052.7029004992046
3052.7029004992046
3051.644207090606
3050.55044071505
3048.4640865609376
3048.4640865609376
3047.2533657880326
3045.668633121084
3045.668633121084
3045.347015889851
3044.8787207152923
3044.8787207152923
3044.763638923013
3043.3684949901517
3043.3684949901517
3043.3684949901517
3043.3684949901517
3043.3119409528117
3042.595852138801
3042.498158448938
3042.291751134587
3042.291751134587
3042.291751134587
3042.291751134587
3042.291751134587
3041.955207204196
3041.7929062956405
3041.5609095490927
3040.9712829249406
3040.5250662274207
3040.5250662274207
3040.483893628121
3040.3728840098975
3040.2896746143697
3040.2896746143697
3040.235159573228
3040.160568576688
3040.160568576688
3039.5488908842053
3039.5488908842053
3039.5488908842053
3039.5488908842053
3039.196545065657
3038.8474888098713
3038.8474888098713
3038.8474888098713
3038.8474888098713
3038.7809478960503
3038.7809478960503
3038.7809478960503
3038.7809478960503
3038.6463556804915
3038.6463556804915
3038.6463556804915
3038.6463556804915
3038.619367983612
3038.619367983612
3038.3440886911394
3038.3440886911394
3038.242854025714
3038.138842081443
3038.0965567254193
3038.0259618886926
3038.0259618886926
3038.0259618886926
3038.0259618886926
3037.9522293468003
3037.9522293468003
3037.9231942328765
3037.9231942328765
3037.9231942328765
3037.9231942328765
3037.9231942328765
3037.9231942328765
3037.9231942328765
3037.9231942328765
3037.9231942328765
4698.346868862686
4319.816843221196
4319.816843221196
4318.48191261174
4040.1429152834635
3946.2222309848703
3775.421338439659
3615.2724239022123
3531.6740570373395
3407.4353628886456
3303.2676271601963
3243.2330202627754
3228.232175475674
3218.365763039028
3195.2927256024464
3194.9364962881455
3177.2619494988476
3166.7007755355994
3161.1736129185856
3161.1736129185856
3157.5605471961426
3147.799778057702
3133.8817858611806
3125.5223205594
3122.1071026551263
3121.4603183082318
3121.4603183082318
3119.9505874667607
3119.1639607293646
3119.1639607293646
3115.604932165245
3114.9857662348954
3114.36959680934
3113.380860537986
3111.2795036224893
3109.054255950381
3108.843821392869
3108.761630702361
3107.437107478752
3107.118582284616
3106.9680235353617
3106.9680235353617
3106.7742334268214
3106.7742334268214
3106.550968011592
3106.3305765678447
3106.3305765678447
3106.173889142131
3106.0435778636715
3106.0435778636715
3106.0435778636715
3105.9319741110016
3105.907739175548
3105.907739175548
3105.907739175548
3105.8017222516983
3105.6889551285694
3105.6889551285694
3105.6889551285694
3105.630351683979
3105.630351683979
3105.630351683979
3105.630351683979
3105.5942782431216
3105.5942782431216
3105.5942782431216
3105.5942782431216
3105.572551150506
3105.572551150506
3105.572551150506
3105.572551150506
3105.572551150506
3105.566765875688
3105.566765875688
3105.566765875688
3105.566765875688
3105.566765875688
3105.566765875688
3105.566765875688
3105.566765875688
3105.566765875688
3105.560139059189
3105.560139059189
3105.5520385428063
3105.5520385428063
3105.5520385428063
3105.5520385428063
3105.5520385428063
3105.5520385428063
3105.5520385428063
3105.5520385428063
3105.5520385428063
4698.346868862686
4349.932875795283
4349.932875795283
4306.233876764974
4032.6806108633496
3990.048179149212
3814.9920577057446
3615.4876481294864
3467.071751436656
3397.999213680713
3355.8698058819855
3331.0923567723817
3297.967632617001
3280.300152358964
3254.7768193251745
3206.992980057299
3194.424502860839
3194.424502860839
3190.5838516008616
3186.465971418914
3186.465971418914
3182.446070828023
3182.446070828023
3176.198640213466
3170.091814903256
3169.3823617021308
3168.6111191104737
3168.3446608200875
3167.3642356252244
3164.34026777538
3160.027268387716
3158.7122721575233
3156.7802119350563
3151.4877255165065
3151.4877255165065
3149.5754154479464
3149.331713343447
3144.2172826977267
3144.2172826977267
3141.827851214731
3139.965628217751
3139.1079497542896
3136.9646819717564
3136.69854596323
3135.07431767145
3135.0684592302755
3135.0684592302755
3133.9625690024955
3132.0578155629178
3131.33326758
3131.2353139233746
3130.4262659796655
3128.4749326159535
3128.4749326159535
3128.4749326159535
3128.243319303961
3128.243319303961
3128.243319303961
3127.707930086688
3127.707930086688
3127.571691463407
3127.571691463407
3127.571691463407
3127.3605556446196
3127.3605556446196
3127.3605556446196
3127.3605556446196
3127.3605556446196
3126.9733725321976
3126.7140478842284
3126.3399492413573
3125.9142809385094
3125.7804955108045
3125.7804955108045
3125.630289604414
3125.630289604414
3125.5795349826303
3125.5795349826303
3125.2480770471134
3125.2480770471134
3125.2480770471134
3125.2480770471134
3125.2480770471134
3125.2480770471134
3125.1369943814584
3125.1369943814584
3125.1369943814584
3125.1364946597632
3125.1364946597632
3125.1364946597632
3125.1364946597632
3124.9952352347145
3124.9952352347145
3124.9868053177643
3124.9868053177643
3124.9868053177643
3124.9868053177643
3124.9868053177643
3124.9868053177643
3124.9868053177643
3124.9868053177643
3124.9868053177643
4698.346868862686
4380.228477674984
4293.802254119979
4279.663475097845
4163.082884424293
4022.7512396128022
3838.449581546954
3552.3591949393253
3527.8059204364026
3467.144935925312
3406.358113459632
3334.8602402811084
3282.0065228495905
3282.0065228495905
3280.1706748666948
3241.5599051392933
3204.365637434599
3166.339534429578
3166.339534429578
3141.1948095524244
3140.669833737881
3140.669833737881
3134.4189611277666
3127.1495158171347
3127.1495158171347
3124.7084884203778
3124.7084884203778
3119.3308580692606
3118.3065715571224
3118.3065715571224
3118.3065715571224
3112.4852168413454
3109.013421552045
3109.013421552045
3109.013421552045
3107.8662754542024
3107.138158913706
3104.496986381042
3103.143777315122
3102.483320693455
3101.171587709575
3099.9203467543107
3099.6606025744995
3099.6606025744995
3099.184612990611
3099.184612990611
3099.158449567699
3099.158449567699
3098.7227853234344
3098.7227853234344
3098.7227853234344
3098.1124319076853
3096.815255468531
3096.5622695074862
3096.161043449091
3095.8551267952744
3095.7687388867644
3095.6312123608996
3095.459080793116
3095.459080793116
3093.91112145237
3093.91112145237
3093.91112145237
3093.91112145237
3093.91112145237
3093.91112145237
3093.91112145237
3093.739871649859
3093.66604399785
3093.66604399785
3093.66604399785
3093.66604399785
3093.66604399785
3093.0723369868124
3092.6434679837507
3092.6434679837507
3092.6434679837507
3092.6434679837507
3092.6434679837507
3092.6434679837507
3092.6434679837507
3092.6434679837507
3092.6434679837507
3092.4499425816034
3092.4499425816034
3092.3350174010457
3092.3350174010457
3092.3350174010457
3092.3350174010457
3092.1416282047435
