4371.879850456768
4371.879850456768
4371.879850456768
4182.971159018331
4182.971159018331
4182.971159018331
4115.558145624404
4072.9918501410066
3957.869083205987
3957.869083205987
3937.045317143283
3883.7993534847396
3766.276849204682
3730.0182472635265
3728.9931487219587
3654.0242918305967
3619.619112871472
3611.2381957556013
3554.8452936187173
3522.7967536954575
3510.822784430209
3507.2612073973046
3503.1539053143674
3494.597092161625
3486.9114567016327
3479.3019843861866
3474.1866341355544
3468.305929630038
3468.305929630038
3467.3036666310995
3464.4394135732327
3463.0782825288243
3459.717651782991
3452.926721759027
3450.237455633429
3449.0144752304814
3448.876083621234
3446.9554201858928
3441.7171474597153
3439.1691297079283
3439.1691297079283
3438.6863726152933
3437.2781063174084
3433.301311146888
3430.186352608188
3430.186352608188
3429.3267758311777
3429.3267758311777
3427.9829480073463
3425.2760192715086
3425.2760192715086
3425.2760192715086
3423.6746800925866
3423.6746800925866
3423.39552667755
3423.1202881214876
3423.1202881214876
3423.1202881214876
3423.1202881214876
3423.1202881214876
3423.1202881214876
3423.1202881214876
3423.1202881214876
3422.6121442845806
3422.3819042659443
3422.1962518866167
3421.94232691934
3421.94232691934
3421.9295721696667
3421.9295721696667
3421.7971666671965
3421.7971666671965
3421.659085925857
3421.659085925857
3421.659085925857
3421.612220964987
3421.557151968973
3421.557151968973
3421.557151968973
3421.557151968973
3421.557151968973
3421.5431138389595
3421.5391147665846
3421.5391147665846
3421.5391147665846
3421.5391147665846
3421.5391147665846
3421.472523208211
3421.4631681731366
3421.4631681731366
3421.4230734778785
3421.4230734778785
3421.4230734778785
3421.3171633714655
3421.2642700354936
3421.2642700354936
3421.2560738861903
3421.2560738861903
3421.2560738861903
3421.2560738861903
3421.2419689708186
3421.2419689708186
3421.2329615949934
3421.2329615949934
3421.105374808398
3421.105374808398
3421.105374808398
3421.105374808398
3421.105374808398
3421.105374808398
3421.105374808398
3421.0860928445773
3421.0860928445773
3421.0860928445773
3421.0450638437487
3421.0450638437487
3420.8805761161125
3420.8805761161125
3420.8805761161125
3420.8805761161125
3420.8805761161125
3420.8805761161125
3420.8805761161125
3420.8805761161125
3420.8805761161125
4537.614027550393
4535.672501819174
4430.607959208999
4430.607959208999
4284.990704038369
4110.334510491604
3905.3677090895862
3797.8181476313475
3754.369467387155
3587.540042616046
3503.859716805526
3485.7029880796454
3379.7481179601355
3331.9367583347835
3322.5381299517876
3256.153326978112
3234.3158671955084
3227.6634615250314
3208.262472663079
3179.248794871145
3179.248794871145
3167.5673170081263
3163.897425444293
3163.897425444293
3163.897425444293
3152.681096397666
3149.700424328263
3149.700424328263
3149.700424328263
3138.501676097364
3125.054497047119
3125.054497047119
3125.054497047119
3123.4396922510437
3117.690021801794
3113.253377473647
3113.253377473647
3113.253377473647
3113.253377473647
3112.9092333768094
3111.332062403344
3109.048715541511
3108.2819662812
3107.7071398413746
3107.1783133222675
3105.3943334264395
3103.2708020008768
3103.0479482264527
3101.414829972393
3101.414829972393
3100.6078284976657
3100.6078284976657
3100.6078284976657
3100.2860521608195
3098.760768921438
3098.555803940346
3098.555803940346
3097.5002482641257
3096.9065344258356
3096.9065344258356
3096.9065344258356
3096.2299876888624
3096.089841525399
3095.02190895592
3094.560863967152
3093.671855445271
3092.8748335250234
3092.8748335250234
3092.8748335250234
3092.8748335250234
3092.561684269608
3092.561684269608
3092.173648082273
3091.5850818353997
3091.1419184159467
3091.1419184159467
3091.1419184159467
3091.1419184159467
3091.1419184159467
3091.1419184159467
3091.1419184159467
3090.8210999302974
3090.8210999302974
3090.8210999302974
3090.8210999302974
3090.8210999302974
3090.6075823356377
3090.6075823356377
3090.6075823356377
3090.2957727599137
3090.2744138260646
3090.2040360551846
3090.2040360551846
3090.2040360551846
3090.2040360551846
3090.2040360551846
3089.8285391359877
3089.8285391359877
3089.8285391359877
3089.8285391359877
3089.8285391359877
3089.82525474624
3089.82525474624
3089.82525474624
3089.6711327949974
3089.6711327949974
3089.6711327949974
3089.6711327949974
3089.6711327949974
3089.6711327949974
3089.6711327949974
3089.6711327949974
3089.5411606362386
3089.028518733401
3089.028518733401
3089.028518733401
3089.028518733401
3089.028518733401
3089.028518733401
3089.028518733401
3089.028518733401
3089.028518733401
3088.975743566411
3088.975743566411
3088.975743566411
3088.975743566411
3088.975743566411
3088.975743566411
3088.975743566411
3088.975743566411
3088.975743566411
4537.614027550393
4535.672501819174
4534.069360219326
4276.598309592784
3948.9561872964614
3948.9561872964614
3948.9561872964614
3837.96903805852
3837.96903805852
3795.514133472917
3688.553905249193
3654.829834601581
3577.27826528608
3543.1157614140852
3493.8650631164837
3461.552533277238
3461.552533277238
3431.8520630578905
3383.859385868378
3351.140728676791
3351.140728676791
3351.140728676791
3326.023825061907
3326.023825061907
3308.285956101384
3296.5606251609033
3293.999922624722
3293.999922624722
3293.6796998459868
3289.7374118529
3284.9292634529866
3284.9292634529866
3282.8782481000017
3280.6491426426883
3278.611473891941
3278.611473891941
3276.6405315145616
3276.24691806812
3268.002911044019
3268.002911044019
3268.002911044019
3268.002911044019
3267.292602366877
3266.6161476621055
3265.9907974275466
3265.8301438808344
3265.8301438808344
3264.958394411583
3264.958394411583
3264.958394411583
3264.958394411583
3263.7592483344497
3263.7592483344497
3263.7592483344497
3262.8723203516265
3262.8723203516265
3262.8723203516265
3262.1742556389036
3261.706314875356
3260.5424280875213
3260.5424280875213
3260.5424280875213
3260.5424280875213
3260.129910535252
3260.129910535252
3260.129910535252
3260.129910535252
3260.129910535252
3260.129910535252
3260.129910535252
3259.9263446991786
3259.902342692493
3259.902342692493
3259.902342692493
3259.902342692493
3259.902342692493
3259.902342692493
3259.902342692493
3259.347401760792
3259.104124526979
3258.349388608319
3258.349388608319
3258.349388608319
3258.349388608319
3258.349388608319
3258.3279147007775
3258.3279147007775
3258.3279147007775
3258.3279147007775
3257.9389080980914
3257.9389080980914
3257.758208871869
3257.646971968831
3257.5631489820153
3256.627901987366
3256.4056852622016
3256.4056852622016
3256.4056852622016
3256.1978001393213
3256.020029973419
3256.020029973419
3256.020029973419
3256.020029973419
3256.020029973419
3256.020029973419
3255.711187857463
3254.6687208405897
3254.6687208405897
3254.6687208405897
3254.5805785111734
3254.5805785111734
3254.5805785111734
3254.5805785111734
3254.5805785111734
3254.5805785111734
3254.5805785111734
3254.5805785111734
3254.5805785111734
4537.614027550393
4535.672501819174
4534.069360219326
4444.4107075220545
4038.658227479953
4038.658227479953
3865.3876949355035
3843.2970566351805
3801.896096548953
3740.7744943669577
3651.8213373205153
3577.0097878628712
3513.678953342698
3476.4762487860307
3460.5558164168924
3459.5825406453655
3431.2835671745434
3424.365288822217
3424.365288822217
3419.8308096518203
3414.2057103302254
3409.286728339553
3402.6254312714564
3398.340830035681
3393.973251819145
3393.478973468597
3385.7578709015143
3382.049609271453
3374.7809105300767
3374.7809105300767
3373.146201265155
3373.146201265155
3371.532045472985
3371.532045472985
3369.234860634785
3369.0768042129944
3367.875306396858
3367.251438514785
3366.2761347168807
3366.2761347168807
3363.292729982086
3361.4275653307186
3361.4275653307186
3361.3461927261187
3361.3461927261187
3361.3461927261187
3361.3461927261187
3361.3461927261187
3361.201842099542
3360.356280478478
3360.356280478478
3359.3100025664985
3359.2880393802457
3359.2880393802457
3359.2880393802457
3359.2880393802457
3359.1131098564847
3359.0306513310047
3358.358985731923
3358.358985731923
3358.358985731923
3358.358985731923
3358.358985731923
3358.103278419574
3358.103278419574
3357.968292898694
3357.968292898694
3357.968292898694
3357.968292898694
3357.968292898694
3357.968292898694
3357.968292898694
3357.853795869385
3357.645168219651
3357.645168219651
3357.645168219651
3357.645168219651
3357.645168219651
3357.645168219651
3357.645168219651
3357.645168219651
3357.645168219651
3357.5382602666223
3357.5382602666223
3357.4621973783906
3357.096836440966
3357.096836440966
3357.096836440966
3357.096836440966
3357.096836440966
3356.9429722404398
3356.9429722404398
3356.9429722404398
3356.9429722404398
3356.9429722404398
3356.5414538453106
3356.5414538453106
3356.5414538453106
3356.5414538453106
3356.5414538453106
3356.5414538453106
3356.5414538453106
3356.5414538453106
3356.5414538453106
4537.614027550393
4472.861893118162
4472.861893118162
4389.906230674612
4129.201106590834
4022.6480946739644
4018.4516694250656
3911.7763101327855
3810.6193297753807
3706.107270901657
3670.2062634229983
3584.9431256340467
3548.879465109995
3509.7004912522293
3455.699833834759
3426.4941372464336
3370.549763061269
3325.3655679969156
3324.817686050511
3324.817686050511
3316.1383483267505
3312.743758199162
3293.5242167157294
3287.665872497737
3277.678697880652
3276.3520302641964
3264.8715363983556
3264.8715363983556
3264.1763553850133
3255.7320715067526
3255.276884659936
3250.19334482144
3246.3369061388257
3243.762751499492
3240.5681040997633
3233.848522272703
3228.4665925503496
3226.9435659196315
3226.3370534765413
3225.5186174337823
3222.5843385172134
3218.6259110846286
3217.511212097878
3216.712531071299
3216.3336387531567
3215.287366980521
3214.7284053061258
3214.5042450349347
3213.712229103782
3213.326035767002
3212.7023690220817
3212.388998628981
3212.3493044717993
3212.3493044717993
3211.9537017936436
3211.5940841712727
3211.175438105817
3211.1342817220116
3211.1342817220116
3211.1342817220116
3211.1342817220116
3211.080378451699
3211.073993341896
3210.9910481476095
3210.872526055176
3210.872526055176
3210.872526055176
3210.872526055176
3210.872526055176
3210.872526055176
3210.8647288223774
3210.7991543287962
3210.7991543287962
3210.7991543287962
3210.6926107110476
3210.6400133233838
3210.6400133233838
3210.6400133233838
3210.6400133233838
3210.5810045511826
3210.5810045511826
3210.5810045511826
3210.543539630545
3210.543539630545
3210.543539630545
3210.535395191901
3210.535395191901
3210.535395191901
3210.5126743155693
3210.5126743155693
3210.5126743155693
3210.5126743155693
3210.5126743155693
3210.5126743155693
3210.3887031234426
3210.3887031234426
3210.3887031234426
3210.3887031234426
3210.3887031234426
3210.3887031234426
3210.3887031234426
3210.3887031234426
3210.3887031234426
4537.614027550393
4370.710024378615
4370.710024378615
4370.710024378615
4130.229470555248
4120.687349577174
3902.441253214674
3621.0326825739685
3553.417068643019
3508.4044423339333
3462.4884156145563
3407.200675519971
3390.624184760893
3370.112724074226
3357.5740422114977
3335.478043538455
3324.690527850408
3292.5626079279073
3251.2745208880033
3251.2745208880033
3251.2745208880033
3251.2745208880033
3251.2745208880033
3248.200732686184
3247.9717875773167
3239.6716999446553
3238.869882944402
3235.879966400024
3235.879966400024
3235.6637866680585
3225.066321271389
3223.426826958248
3218.190023297044
3210.3350299357216
3210.3350299357216
3210.3350299357216
3207.6935668652927
3207.6935668652927
3207.238300822266
3207.1144537350615
3204.96999703144
3204.96999703144
3204.857499701494
3204.5237923067007
3203.652752504296
3203.652752504296
3202.6471893897815
3202.540655997973
3201.0961532001766
3201.0961532001766
3200.94581201174
3200.601209480172
3200.601209480172
3200.0658574165677
3200.0658574165677
3199.739862659773
3199.5520792968837
3199.5520792968837
3199.40145254031
3199.40145254031
3199.3263554600435
3199.3263554600435
3199.3263554600435
3198.859691318491
3198.859691318491
3198.859691318491
3198.627276385596
3198.627276385596
3198.627276385596
3198.627276385596
3197.9120414921704
3197.9120414921704
3197.9120414921704
3197.9120414921704
3197.9120414921704
3197.9120414921704
3197.9120414921704
3197.9120414921704
3197.9120414921704
4537.614027550393
4535.672501819174
4534.069360219326
4479.481463101663
4326.053536505332
4161.6283559341855
4161.6283559341855
4035.003462658776
3919.826549675537
3857.9086192717195
3752.637412165351
3691.64764162996
3562.5431904822008
3480.6882975513818
3411.3176460723253
3346.6476477095116
3314.5113940000065
3290.2023245146047
3262.734313391542
3257.338707321632
3257.338707321632
3243.173466099316
3243.173466099316
3242.792589421544
3229.545965426114
3226.0164921413643
3220.2180697988915
3196.1151884729557
3187.3428481783217
3187.3428481783217
3183.0082793819993
3178.7551366002294
3178.7551366002294
3170.726480864244
3170.726480864244
3169.4081383014027
3169.4081383014027
3168.480646270843
3168.480646270843
3166.955208683663
3163.3106715448716
3158.4097205750077
3158.4097205750077
3154.1297691166646
3154.1297691166646
3154.1297691166646
3154.1297691166646
3153.3399052865916
3152.4444582504775
3152.0160791032586
3150.9293531233448
3150.1528506022028
3150.1528506022028
3150.078608416975
3150.0740141884967
3150.0740141884967
3150.0740141884967
3149.6447407278356
3149.5604005643863
3149.044926296835
3148.879602733893
3148.4454858089384
3147.9899456569083
3147.5679082345323
3147.3785843206915
3147.3028165170963
3146.8678391335
3146.7426831876537
3146.7426831876537
3146.658699133985
3146.658699133985
3146.6494600440315
3146.6494600440315
3146.6494600440315
3146.6494600440315
3146.6494600440315
3146.6494600440315
3146.308869317384
3146.308869317384
3145.986132381542
3145.986132381542
3145.986132381542
3145.986132381542
3145.986132381542
3145.986132381542
3145.841439913128
3145.841439913128
3145.841439913128
3145.795361858803
3145.795361858803
3145.795361858803
3145.7448182553026
3145.7448182553026
3145.7448182553026
3145.7448182553026
3145.7448182553026
3145.634525560926
3145.408500553358
3145.408500553358
3145.408500553358
3145.408500553358
3145.408500553358
3145.408500553358
3145.408500553358
3145.408500553358
3145.408500553358
4537.614027550393
4158.740428374307
4158.740428374307
4158.740428374307
4158.740428374307
4147.985696525621
4101.1296019185465
3874.7558506133937
3874.7558506133937
3874.7558506133937
3874.7558506133937
3874.7558506133937
3871.370345343491
3831.8199720957173
3822.492938797976
3779.7065376201354
3779.7065376201354
3765.0177337607906
3765.0177337607906
3709.704058060952
3699.1367121372577
3670.628977388805
3654.7572183797565
3654.2965406476933
3648.0954545230443
3648.0954545230443
3609.7381404627386
3587.0043278200974
3580.5932655670013
3570.9307186081837
3563.102891776951
3556.1381486855726
3556.1381486855726
3556.1381486855726
3551.341472013133
3545.883156806105
3545.883156806105
3543.708481168296
3542.0193285209552
3542.0193285209552
3541.676853086723
3541.183383180076
3541.1362482924173
3539.1228460413945
3538.8069839769446
3538.697474479621
3537.309165562882
3536.794060697105
3536.218063829616
3535.454413365925
3534.312518247955
3533.8789863623447
3533.3225118747932
3533.3225118747932
3533.303094859819
3532.850394687786
3532.850394687786
3532.734650295588
3532.34493446909
3532.34493446909
3531.969924951012
3531.8994451772915
3531.8994451772915
3531.468851437323
3531.259628250351
3531.259628250351
3531.2550667837486
3531.1496129969632
3531.129281768747
3531.129281768747
3531.129281768747
3531.003600803373
3530.887912443075
3530.887912443075
3530.820919857929
3530.820919857929
3530.640470660644
3530.640470660644
3530.640470660644
3530.640470660644
3530.640470660644
3530.628389068103
3530.628389068103
3530.628389068103
3530.628389068103
3530.628389068103
3530.628389068103
3530.611032068683
3530.611032068683
3530.611032068683
3530.611032068683
3530.611032068683
3530.5850484670623
3530.5850484670623
3530.5850484670623
3530.5850484670623
3530.5850484670623
3530.5850484670623
3530.5850484670623
3530.5565816532117
3530.5565816532117
3530.5565816532117
3530.5565816532117
3530.5565816532117
3530.5565816532117
3530.5565816532117
3530.5565816532117
3530.5565816532117
3530.534862371704
3530.534862371704
3530.534862371704
3530.534862371704
3530.534862371704
3530.534862371704
3530.534862371704
3530.534862371704
3530.534862371704
4537.614027550393
4535.672501819174
4530.480833612248
4399.65131955123
4237.984492643648
4216.924731152119
3947.877066631892
3799.302817204971
3674.1433388809073
3539.3402204110107
3418.0371256506346
3368.2623539313586
3300.170006621861
3275.8658029167827
3271.2587360558027
3271.2587360558027
3266.2801028917597
3262.9652765099017
3254.7970034633695
3254.7970034633695
3245.835785405758
3240.511251475468
3223.428729246677
3195.840670430066
3195.840670430066
3195.840670430066
3189.2340011535443
3189.2340011535443
3189.2340011535443
3182.0262457299
3182.0262457299
3173.791169206462
3173.791169206462
3171.325281409423
3170.705867906678
3169.904740240877
3167.308394350851
3167.308394350851
3164.7071318767685
3163.380889147667
3163.380889147667
3162.106542951271
3162.106542951271
3162.106542951271
3161.8933772807204
3161.8933772807204
3161.137503171819
3160.6285748584132
3159.9486256660675
3159.9486256660675
3159.726599588291
3159.276247819305
3158.094878885154
3157.978650387256
3157.978650387256
3157.978650387256
3157.870511104858
3157.862792086054
3157.862792086054
3157.1321167207184
3155.9355604904636
3155.9355604904636
3155.9355604904636
3155.8616769333494
3155.8616769333494
3155.843921719357
3155.684361561319
3155.6413947540077
3155.6413947540077
3155.6413947540077
3155.6413947540077
3155.6413947540077
3155.6413947540077
3155.6413947540077
3155.4586005527444
3155.4406722263484
3155.4406722263484
3155.3958205706854
3155.306997960991
3155.306997960991
3155.306997960991
3155.306997960991
3155.306997960991
3155.306997960991
3155.306997960991
3155.306997960991
3155.306997960991
4537.614027550393
4535.672501819174
4353.196932818064
4111.751049432054
3963.5959187169296
3897.2372375857653
3762.474504179512
3621.795101786843
3553.3357628601434
3519.851682301664
3469.3647918474026
3439.2365637031317
3439.2365637031317
3430.1268894450395
3305.9053354580665
3305.9053354580665
3282.451685942131
3282.451685942131
3282.451685942131
3266.693782198848
3266.5600315315805
3266.5600315315805
3249.003771209861
3240.0605019164036
3240.0605019164036
3240.0605019164036
3238.0541681313957
3235.2658790871833
3229.785571091118
3228.5274000588975
3223.063805365133
