4184.589152682636
3885.3885296855715
3687.0522025120717
3530.8364354772916
3449.257953038976
3357.0855090262457
3357.0855090262457
3357.0855090262457
3355.0923953202164
3300.106512827429
3260.945355163066
3213.282310220289
3211.110097924299
3181.147157011037
3181.147157011037
3176.9136476760614
3176.9136476760614
3174.1876127947603
3156.101848191545
3156.101848191545
3149.219219104082
3127.1333104011783
3127.1333104011783
3125.6051208419995
3125.418221379595
3125.418221379595
3103.950043245469
3101.974970782275
3101.974970782275
3101.8233251668453
3099.022557793004
3091.2661708420333
3089.9312553689824
3086.033467503068
3084.8506097295503
3084.8506097295503
3083.3308109709133
3082.813047546674
3082.813047546674
3080.6384660230433
3078.6503934069983
3078.6503934069983
3078.6503934069983
3078.6503934069983
3077.080681100345
3076.694385082941
3075.2378440399643
3075.1663387814056
3074.840037697837
3072.910607710153
3072.654316305864
3072.654316305864
3072.654316305864
3072.161070401524
3071.8553825788513
3071.7251995786696
3071.7251995786696
3071.7251995786696
3071.7251995786696
3071.6883355229807
3071.6883355229807
3071.4702939710037
3071.4702939710037
3071.4672168506027
3071.4672168506027
3071.4672168506027
3071.4672168506027
3071.3876234195477
3071.3876234195477
3071.3876234195477
3071.3876234195477
3071.3876234195477
3071.25336094919
3071.25336094919
3071.25336094919
3071.25336094919
3071.1928432936616
3071.1331968977347
3070.511259311473
3070.1247918287227
3069.9187361409554
3069.8386368520805
3069.8386368520805
3069.8386368520805
3069.726838656575
3069.726838656575
3069.726838656575
3069.726838656575
3069.726838656575
3069.7083036871095
3069.7083036871095
3069.640562250839
3069.640562250839
3069.6056247964607
3069.6056247964607
3069.541224653833
3069.541224653833
3069.541224653833
3069.541224653833
3069.541224653833
3069.541224653833
3069.451987211541
3069.3669711168864
3069.3669711168864
3069.3669711168864
3069.3669711168864
3069.3669711168864
3069.3669711168864
3069.3669711168864
3069.3669711168864
3069.3669711168864
4185.898802535694
4184.589152682636
3884.216351751702
3784.744144559143
3580.522502136987
3553.83407150947
3453.416904373135
3453.416904373135
3396.7965918282803
3370.631951003755
3370.631951003755
3349.108832209368
3349.108832209368
3326.9007600527652
3291.5485619798465
3291.5485619798465
3290.276467884989
3287.659136424689
3261.050092693447
3248.1955565717744
3248.1955565717744
3240.3658945517886
3229.446089556911
3225.4702417045437
3209.637843090203
3190.1004948056066
3174.831299695097
3174.831299695097
3165.8441433672447
3160.478813190765
3149.1183880309127
3145.5028335737825
3145.349596654713
3137.5244962311012
3137.5244962311012
3127.704366938625
3127.704366938625
3127.704366938625
3127.704366938625
3123.875009057935
3122.788643465352
3120.3081365509815
3118.1007838550686
3117.9579960272054
3117.074033106439
3116.117110744285
3115.896979485893
3113.9182475355046
3113.4559271636763
3113.248423756014
3111.8527078277516
3111.8527078277516
3111.168554602757
3110.900405409158
3110.900405409158
3110.3332747433797
3110.3332747433797
3110.3332747433797
3110.2206498956198
3109.915017087748
3109.5787841661645
3109.2524837311494
3109.2524837311494
3108.820288835139
3108.3644057391966
3108.3644057391966
3108.3644057391966
3108.3644057391966
3108.3644057391966
3108.3644057391966
3108.3560083880343
3108.3560083880343
3108.3560083880343
3108.3560083880343
3108.3560083880343
3108.3560083880343
3108.3560083880343
3108.3560083880343
3108.3560083880343
4185.898802535694
4184.589152682636
3887.187117655966
3887.187117655966
3887.187117655966
3786.537287942797
3706.117319340674
3598.484335984288
3420.4671411747877
3366.3456319595175
3308.2240869796397
3211.617992780397
3186.4808868877635
3147.7282348040017
3121.7731603616926
3108.4211480830418
3102.3538245457535
3088.834524824391
3072.2261742324263
3072.2261742324263
3070.0099820342666
3070.0099820342666
3070.0099820342666
3068.910150538151
3068.910150538151
3068.494395222606
3066.6681380067707
3064.202723933052
3063.976193973007
3062.4922993748487
3061.568798317845
3060.272413757227
3059.032747214
3054.648750924216
3049.1916772732466
3048.8014675661902
3048.8014675661902
3047.1037353296506
3046.5619794049
3046.0819381438696
3044.8630265699458
3044.6472881412706
3044.478150425165
3043.3436563713617
3043.112994132705
3043.112994132705
3042.8896904847197
3042.413842137393
3041.9486028044025
3041.484606616902
3041.04673413608
3040.930816548181
3040.7944210352553
3040.6519486636516
3040.582006729373
3040.5547180612343
3040.3895109482396
3040.3895109482396
3040.075715246152
3040.0662636627653
3040.0662636627653
3040.0662636627653
3039.9173796759687
3039.9173796759687
3039.9173796759687
3039.9173796759687
3039.9173796759687
3039.9173796759687
3039.9173796759687
3039.9173796759687
3039.9173796759687
3039.9158065309916
3039.9158065309916
3039.9158065309916
3039.897258071085
3039.881843484537
3039.881843484537
3039.86827887351
3039.86827887351
3039.86827887351
3039.86827887351
3039.86827887351
3039.86827887351
3039.86827887351
3039.86827887351
3039.86827887351
4185.898802535694
4184.589152682636
3993.354971452927
3803.181982720612
3801.393309226784
3780.766192512162
3704.7117667910666
3556.1289952336406
3448.535248656424
3373.5196260491985
3321.4144692249365
3229.015584846578
3197.2588411809966
3162.567949047759
3162.567949047759
3162.567949047759
3149.2270371374907
3138.433702674782
3134.8911376404644
3123.484216578375
3105.2430959244884
3088.604581226882
3075.517781049604
3074.081592661648
3074.081592661648
3068.151025771089
3063.177128599087
3063.177128599087
3062.1491108428045
3057.687765442623
3057.6696249284105
3047.8864586958134
3047.795046401794
3047.795046401794
3047.374664328584
3045.557094900876
3043.6008381272977
3043.6008381272977
3042.1275156778283
3041.811576758492
3041.811576758492
3041.5567612079826
3040.98522046626
3040.5192780081798
3040.5192780081798
3040.5192780081798
3039.816054112431
3039.6252719342224
3039.6252719342224
3039.5033694117583
3038.8652226692684
3038.8652226692684
3038.8652226692684
3038.8652226692684
3038.6344641639694
3038.4665745157013
3038.416418081539
3038.0873106384875
3038.0873106384875
3038.0873106384875
3037.83478114086
3037.72781490329
3037.5247546463706
3037.5247546463706
3037.5247546463706
3037.5247546463706
3037.370331818223
3037.370331818223
3037.370331818223
3037.370331818223
3037.324422235163
3037.2491309758825
3037.2491309758825
3037.2491309758825
3037.2491309758825
3037.2491309758825
3037.248029734616
3037.177671492883
3037.177671492883
3037.177671492883
3037.177671492883
3037.177671492883
3037.177671492883
3037.177671492883
3037.0914098079847
3037.0914098079847
3037.0914098079847
3037.0914098079847
3037.0914098079847
3037.0914098079847
3037.0914098079847
3037.0914098079847
3037.0914098079847
4633.934345788484
4312.862815531405
4280.885705243442
3881.57625484462
3698.2216131797213
3574.7127297533193
3474.155719124504
3360.391075988179
3337.1390961478382
3308.8136049546924
3286.735664330764
3234.902691020471
3224.2058687910276
3196.033124574189
3160.386159803579
3154.7804942083076
3149.125501183623
3130.928132789175
3130.928132789175
3130.928132789175
3114.9078103590664
3107.753263790839
3107.753263790839
3104.1731051512425
3095.1109998405127
3095.1109998405127
3094.102529392968
3093.0556334013218
3091.3042053155514
3089.4641489689875
3089.4641489689875
3088.5236145930494
3086.7581639661744
3086.3337202031507
3085.5657157144947
3085.5657157144947
3083.1932847939734
3082.165476757648
3081.2280154939554
3077.3770514925704
3076.77960383563
3074.6857189005004
3072.9496737374056
3072.8507813370084
3071.333428446984
3071.333428446984
3069.7028460617657
3068.914651773298
3068.049323323097
3067.5141528595896
3067.3337830671644
3067.23893623234
3066.9746814995847
3066.7608309766433
3066.1612317635727
3066.0809552025567
3065.9793529398785
3065.9793529398785
3065.9793529398785
3065.9793529398785
3065.9793529398785
3065.9793529398785
3065.9793529398785
3065.7953367437403
3065.725090058626
3065.725090058626
3065.638240196751
3065.638240196751
3065.5918217981907
3065.5918217981907
3065.5918217981907
3065.5918217981907
3065.5918217981907
3065.518762891569
3065.518762891569
3065.518762891569
3065.518762891569
3065.467641696766
3065.467641696766
3065.467641696766
3065.467641696766
3065.467641696766
3065.467641696766
3065.467641696766
3065.467641696766
3065.467641696766
4633.934345788484
4472.193082614976
4377.344528605195
4213.329324007277
4076.2911476787194
3867.688880376763
3695.9061202246135
3611.2918893810092
3478.3699835844773
3398.1191926769225
3382.1477175877667
3301.47838449854
3290.417751306375
3286.529193613842
3278.0667986926633
3272.9996868841818
3246.501339790878
3204.1532951317763
3197.452369032171
3194.8260488196624
3181.1826384763513
3171.248952057294
3170.716012828204
3168.4581681197806
3162.3258607703965
3159.713557343836
3154.6834207385314
3153.9508419842364
3153.9508419842364
3146.35569249271
3139.8438398378444
3139.8438398378444
3138.525730870265
3133.8723980945065
3131.543038290437
3123.6801182382624
3121.6474919062966
3117.933531939644
3115.564251206388
3114.3947511894485
3114.3947511894485
3113.80498104667
3113.450039713337
3112.1212769203503
3112.1212769203503
3111.304798735213
3110.1934286622463
3110.0646587854235
3109.5644182861633
3109.525634511145
3109.099333819794
3108.9495458984607
3108.8396393505236
3107.994647711641
3107.789171871766
3107.789171871766
3107.789171871766
3107.789171871766
3107.3485757801022
3107.3485757801022
3107.3485757801022
3107.3485757801022
3107.3485757801022
3107.3485757801022
3107.233408608775
3107.233408608775
3106.937240189978
3106.718452969479
3106.718452969479
3106.718452969479
3106.718452969479
3106.718452969479
3106.718452969479
3106.718452969479
3106.718452969479
3106.718452969479
4633.934345788484
4152.582586092779
3927.3256667859014
3900.6487071128236
3763.004327359331
3705.9385884742633
3595.54033077283
3454.6338550442433
3345.128004573776
3305.8412142374773
3254.898840940252
3223.6527048177277
3204.426351006436
3180.3488940335596
3176.597446134209
3154.647566966042
3128.2735897881066
3128.2735897881066
3128.2735897881066
3123.088896092769
3119.16358940236
3117.8920310706762
3117.8920310706762
3117.8920310706762
3117.5723017947935
3115.311104464068
3112.3026324548964
3111.5978065150775
3111.388128855983
3109.3712656663956
3107.626021035696
3106.7284899074502
3106.7284899074502
3105.960983207029
3104.607250077868
3103.2400040067614
3102.858864709046
3100.708258358586
3100.597542984257
3100.597542984257
3100.103074398118
3099.606285434314
3096.931245653826
3096.931245653826
3096.666127965948
3096.363560573894
3095.890911460225
3095.3593624743926
3094.192442094147
3093.98818369984
3090.287207749865
3090.287207749865
3090.2758817162053
3089.779042091631
3089.779042091631
3089.506840256852
3089.3485634906506
3089.3485634906506
3089.2802716385663
3088.7597609590603
3088.7597609590603
3088.7597609590603
3088.7597609590603
3088.6800586271575
3088.3440651554606
3088.2929706929335
3088.2929706929335
3088.2929706929335
3088.1209705866736
3088.1209705866736
3088.1209705866736
3088.1209705866736
3088.112541828147
3088.112541828147
3088.112541828147
3088.1082294593652
3087.958453421158
3087.9425163250316
3087.9425163250316
3087.9425163250316
3087.9425163250316
3087.9425163250316
3087.9425163250316
3087.9425163250316
3087.9425163250316
3087.9425163250316
4633.934345788484
4200.464913280133
4079.754103135582
3871.6747715302754
3848.3202156652405
3649.154359353136
3567.6251593431507
3499.7032425932402
3440.316170811877
3394.2708682082925
3394.2708682082925
3379.8248202121963
3341.3720882562047
3284.97276402736
3268.5820671008805
3262.3737678523257
3254.7520972419607
3223.71887244692
3211.5554991983495
3201.174511670631
3200.304520243407
3193.704424540055
3193.704424540055
3190.612314743006
3189.497001333727
3188.569155774976
3184.9643226112184
3183.664253481745
3183.1316895553587
3182.03157087185
3181.0936173732816
3179.6765890291063
3179.6765890291063
3179.6765890291063
3179.39807160165
3179.349626399854
3179.349626399854
3179.2996468098527
3179.2996468098527
3179.2248502327893
3179.2248502327893
3179.114516466052
3179.114516466052
3179.114516466052
3179.0964357221337
3179.0964357221337
3179.0964357221337
3179.0464583044186
3178.877727955223
3178.8168881990637
3178.8168881990637
3178.8168881990637
3178.661222052958
3178.661222052958
3178.661222052958
3178.661222052958
3178.661222052958
3178.661222052958
3178.661222052958
3178.4931127841683
3178.4931127841683
3178.4931127841683
3178.4931127841683
3178.4931127841683
3178.4931127841683
3178.4931127841683
3178.4931127841683
3178.4931127841683
4633.934345788484
4237.295658265224
4100.111519650542
3903.713042448361
3802.155308563454
3710.5519241985658
3681.0202320994954
3553.565150481387
3397.099205651719
3346.2503238782538
3310.443583457987
3232.6785512498504
3207.778186552877
3183.6388546234457
3162.659035721721
3140.5513795110537
3133.763886741623
3130.2672287277037
3123.199956459891
3114.4083599836076
3107.532975902316
3102.100189307295
3095.468633908438
3090.10487529706
3079.0978458654436
3079.0978458654436
3074.491136721292
3072.559545427559
3072.4049799423387
3069.5424264487046
3069.4334136732837
3067.232724957039
3066.757991523475
3065.260621868423
3064.064121689368
3062.608592778948
3061.48144163275
3060.74799146743
3060.4256220834036
3060.103902297399
3060.103902297399
3059.403655628172
3059.2198152533415
3058.854588253554
3058.759519872392
3058.759519872392
3058.5795196589343
3058.149738914083
3057.7461639097396
3057.54165369081
3057.382091997553
3057.352018544547
3057.196350012106
3057.075708253148
3057.014981268397
3056.7761616140424
3056.7761616140424
3056.7761616140424
3056.475744485529
3056.28428902801
3055.9650023593813
3055.476741074971
3055.3026116106994
3055.1249441225527
3055.1249441225527
3054.909289037479
3054.566351893702
3054.299455828185
3054.153957441934
3054.06872965001
3053.6719719739453
3053.6719719739453
3053.579221268331
3053.4196055136495
3053.160632697919
3053.160632697919
3053.160632697919
3053.160632697919
3053.160632697919
3053.1596782623465
3053.158572086001
3053.158572086001
3053.158572086001
3053.158572086001
3052.95176918322
3052.944058919935
3052.944058919935
3052.944058919935
3052.944058919935
3052.944058919935
3052.844001215234
3052.817592146721
3052.7954379698576
3052.7954379698576
3052.625012367216
3052.4432315843983
3052.3859860355756
3052.2414562185472
3052.2143227011434
3051.815032405416
3051.482145155946
3051.3043591805244
3049.802773838866
3048.413406598757
3047.4343810153964
3046.9581267768644
3046.3328480075284
3046.2509397531094
3045.41415136247
3044.30248461904
3043.9434895610207
3042.9793578607587
3042.785133474736
3042.4382821070667
3042.0290017629054
3041.425871123208
3041.354562911947
3041.2629773140643
3041.2629773140643
3041.2629773140643
3041.0210690483173
3040.6468263326674
3040.5621839597165
3040.523320004306
3040.123286292956
3040.123286292956
3040.123286292956
3039.9692174472398
3039.8293988027754
3039.8293988027754
3039.828117040752
3039.828117040752
3039.828117040752
3039.828117040752
3039.784596054827
3039.776475269544
3039.776475269544
3039.776475269544
3039.776475269544
3039.776475269544
3039.776475269544
3039.776475269544
3039.776475269544
3039.7464740902597
3039.7464740902597
3039.7464740902597
3039.7464740902597
3039.725127523958
3039.725127523958
3039.725127523958
3039.725127523958
3039.725127523958
3039.725127523958
3039.725127523958
3039.725127523958
3039.718083348154
3039.718083348154
3039.718083348154
3039.718083348154
3039.718083348154
3039.6713671251623
3039.6713671251623
3039.6713671251623
3039.6544341734525
3039.6544341734525
3039.6544341734525
3039.6544341734525
3039.6544341734525
3039.6544341734525
3039.6544341734525
3039.6544341734525
3039.6544341734525
4633.934345788484
4145.325875836648
4022.253919692598
3987.330069503085
3934.7522167228326
3839.316966750741
3627.873498299238
3543.1898097238964
3493.053905691165
3425.6737160571597
3356.511729020054
3312.868889278636
3186.7507987691542
3166.168428512773
3166.168428512773
3166.168428512773
3158.002118258983
3147.6461250747284
3143.1571787633857
3141.894596273274
3139.6023414139518
3139.055766293552
3136.84457389003
3133.5521189789815
3130.7238685245993
3127.1326039930623
3127.1326039930623
3126.0281571715495
3126.0281571715495
3124.2496469480675
3123.3501574185166
3123.3501574185166
3119.5784801809423
3119.5784801809423
3116.676368717114
3114.9619690853046
3113.3030553631224
3112.9293506768086
3112.305249717662
3112.305249717662
3110.737159423477
3110.737159423477
3110.737159423477
3110.479055885687
3110.479055885687
3110.476633412326
3110.2949879851126
3110.1184559454136
3110.1184559454136
3109.872112500867
3109.5046457356425
3109.481202127927
3109.2847747776837
3109.036497789828
3109.036497789828
3109.036497789828
3108.9783751478294
3108.9783751478294
3108.8925776588585
3108.8925776588585
3108.8637849332395
3108.8637849332395
3108.7637511208463
3108.7637511208463
3108.7637511208463
3108.728567245308
3108.728567245308
3108.728567245308
3108.728567245308
3108.699067637733
3108.699067637733
3108.699067637733
3108.699067637733
3108.699067637733
3108.699067637733
3108.699067637733
3108.697953685088
3108.697953685088
3108.697953685088
3108.697953685088
3108.697953685088
3108.697953685088
3108.6953669007994
3108.6953669007994
3108.6953669007994
3108.6953669007994
3108.6953669007994
3108.6953669007994
3108.6953669007994
3108.6953669007994
3108.6905284068525
3108.6905284068525
3108.68319413892
3108.68319413892
3108.68319413892
3108.68319413892
3108.68319413892
3108.68319413892
3108.68319413892
3108.68319413892
3108.68319413892
4633.934345788484
4220.234430991286
4118.733265609901
3822.0100964461194
3822.0100964461194
3717.7284082361407
3628.4706411147135
3566.9280793246085
3510.676952191963
3508.1102971656373
3362.8642967837995
3261.22490194321
3243.3728718528328
3212.2309757277803
3210.3317228910146
3204.3855138122613
3193.8081663502053
3188.3722630313905
3167.0562585987864
3167.0562585987864
3163.067695345737
3160.4007475903923
3160.4007475903923
3153.257944165861
3146.255857636369
3138.591622139282
3135.785513174064
3132.2932597332288
3124.4307300019195
3124.4307300019195
3124.4307300019195
3122.155125707851
3120.4946725547857
3116.9746922524732
3115.868383176772
3113.725463960946
3112.189137110403
3110.7574475599454
3109.0262368938766
3108.027895887646
3107.311669688119
3106.5779096717856
3106.1497005867313
