3119.1035767787043
3086.863633369683
3070.009551518921
2903.6923426297
2824.2938682032845
2799.142974439091
2758.7579049039678
2718.9442718103455
2696.3176471826864
2676.3937168655098
2653.529489930321
2642.2889237590534
2629.46705801774
2617.0721525337676
2607.5102140797158
2600.9063922172304
2596.94850005639
2589.3829066072285
2583.6633580404823
2577.2269819916846
2572.3381975132847
2569.678402836983
2565.850600685464
2559.7697084141455
2556.028719442828
2550.2115766909324
2546.9016322408447
2544.4675018681796
2542.852279089021
2538.9466236612257
2537.869107188628
2536.258338581587
2534.096314463305
2532.926553071626
2530.8994705956106
2529.365112760575
2527.170877375245
2524.9839765069974
2522.16548403453
2520.5367412188293
2518.455827068576
2517.030398207886
2515.4284087969695
2514.1737911669125
2513.4842474984853
2512.7689899007746
2512.3217943814793
2512.02992222517
2511.72601932336
2511.371146401883
2511.0829525265262
2510.795278288653
2510.547611483509
2510.312770130021
2510.12096845228
2509.9783349405693
2509.8260069679236
2509.6713809700314
2509.53420083649
2509.361132502198
2509.206622011878
2509.0410232483596
2508.875357095777
2508.703889522746
2508.545107394239
2508.3325152493544
2508.1537365097383
2507.9365458511156
2507.671073652454
2507.4250610573968
2507.1724827489033
2506.828463238558
2506.5014341827814
2506.174542549059
2505.8851302946427
2505.4430041849882
2504.9953429668954
2504.563613142678
2503.845130653965
2503.2033382562195
2502.434202182417
2501.4642007607745
2500.4290971148084
2499.287831450783
2498.8102987454163
2498.743408852403
2498.5868721935262
2498.411287077366
2498.2668616417427
2498.0824910269357
2497.8499487048816
2497.497989915192
2497.162743614267
2496.6398043982044
2495.8898802986855
2494.840015930513
2493.4109228327384
2491.8035251041238
2490.5322007030827
2489.548161959203
2487.3684779518985
2486.7411560720084
2486.5002358684674
2486.443095442488
2486.359886266586
2486.2412100814595
2486.1213274300103
2486.0163879368984
2485.852125044973
2485.6874672593085
2485.604526384716
2485.483503795989
2485.375081244938
2485.2365581489094
2485.1454429462874
2485.053000049127
2485.011207123553
2484.961779206566
2484.887118412052
2484.835454873096
2484.763245150066
2484.6653061248535
2484.507574535423
2484.396017859017
2484.248552177312
2484.009128400492
2483.8884953995243
2483.836484842984
2483.723602409862
2483.6312029240667
2483.530375304547
2483.5146460070823
2483.4677138573643
2483.444946658194
2483.3453507059635
2483.2892003346547
2483.151402257082
2482.9007160262645
2482.8035864718413
2482.6882484612283
2482.464859854632
2482.3701258670767
2482.303079308462
2481.8998202268413
2481.6520763949416
2481.1297999322974
2481.1297999322974
2480.9862524318596
2480.9668226723575
2480.9668226723575
2480.9642295476115
2480.936467378578
2480.936467378578
2480.930589891997
2480.901444224646
2480.901444224646
2480.901444224646
2480.8953540788284
2480.8771032428126
2480.8771032428126
2480.8771032428126
2480.8771032428126
2480.8771032428126
2480.8771032428126
2480.8771032428126
2480.8771032428126
2480.8771032428126
3975.970314028411
3223.1161206969336
3098.413721193028
2920.6557901104306
2871.299588856161
2754.97868751384
2731.1806629202492
2696.486766724058
2685.26776337436
2679.6026190573407
2667.9510983732525
2657.1339862092573
2654.808173881639
2649.2361941477293
2646.3328045919525
2638.4176398329555
2630.700427765466
2625.557593489616
2616.8502452612684
2611.6686271460567
2600.778207068169
2593.9915376290955
2586.592767172471
2580.804632647959
2571.509375157935
2564.856994078478
2557.532813762735
2553.2380666379536
2551.327587569288
2546.9816443535224
2543.8699457511802
2540.2305581627775
2537.7747693679457
2536.0278893534105
2534.3989743270404
2532.471287693238
2530.3295614177814
2528.9295670839924
2528.1645161490646
2527.301801786333
2526.657525429688
2526.107626794231
2525.753751564693
2525.310516871475
2525.051940836104
2524.734019194716
2524.4384112107364
2524.272296096772
2523.945379161249
2523.5846249200586
2523.237561867184
2522.839723645383
2522.430337238282
2522.0470349763973
2521.582012966797
2521.2145759666537
2520.9588864739217
2520.722810437228
2520.428289135832
2520.1709894525256
2519.8314174508205
2519.555007183498
2519.242531716843
2518.864841054226
2518.512228965761
2518.135240153485
2517.694037645655
2517.111847902993
2516.5210895646037
2515.46062683582
2514.0916693117333
2512.3687191717786
2510.1658989036155
2507.8840022740296
2505.812539695313
2504.182185523345
2502.727794653513
2502.3041033533564
2502.2920553618865
2502.1419061497854
2502.1094671627643
2502.0236681934707
2501.987315659567
2501.919151434702
2501.8362662189675
2501.754342699508
2501.6822271449532
2501.623304603434
2501.5020408207347
2501.3775783316123
2501.2672447504183
2501.0850977573177
2500.919367997003
2500.7147279870896
2500.528282400127
2500.374600372417
2500.234269878464
2500.033128368366
2499.8674800175922
2499.731419264112
2499.6506401569
2499.571521093195
2499.4589192454005
2499.360652390689
2499.2757667426913
2499.153802057861
2499.030118793281
2498.8970461534705
2498.7556399218756
2498.6324026091743
2498.483381968229
2498.350775579372
2498.207197616261
2498.0892825032383
2497.943265333176
2497.798099239866
2497.651332930774
2497.4514657014142
2497.231260900029
2497.0153861595154
2496.6839681220977
2496.2914931898595
2495.5308508791622
2494.907701096459
2494.3609395827725
2493.4097512911935
2492.6025370766847
2491.899225913186
2490.4925512133013
2489.5359258791746
2488.0304867742657
2486.914565408107
2485.903497826546
2484.793831899413
2484.1440074131733
2483.6534990826704
2483.6020973622403
2483.5482466931317
2483.4974563454484
2483.43246337583
2483.323418259047
2483.2879056245065
2483.2257109321235
2483.156844075512
2483.1288253865123
2483.0896962672346
2483.0128223597662
2482.9595221060877
2482.914467752828
2482.8977224706496
2482.865406536265
2482.6995664888723
2482.5717419972166
2482.4416653432763
2482.3479923621408
2482.285259786177
2482.248147804513
2482.1868998825603
2482.174193710772
2482.097884651803
2482.068321845035
2482.048684468792
2481.9813092005784
2481.957066737593
2481.897944948989
2481.869474491777
2481.73184058153
2481.5796751250978
2481.4769666565903
2481.4769666565903
2481.4769666565903
2481.4679641076737
2481.4679641076737
2481.294023376401
2481.294023376401
2481.1909653872526
2481.088961814546
2481.088961814546
2481.088961814546
2481.088961814546
2481.088961814546
2481.088961814546
2481.088961814546
2481.0600282677933
2480.977076227816
2480.977076227816
2480.97079670486
2480.97079670486
2480.97079670486
2480.949858958153
2480.94513990685
2480.9425230423726
2480.9420995508176
2480.934774080232
2480.8970169810614
2480.8674443429745
2480.8674443429745
2480.8674443429745
2480.8674443429745
2480.8674443429745
2480.8674443429745
2480.8674443429745
2480.8674443429745
2480.8674443429745
3975.970314028411
3939.055203365856
3366.499990913871
3128.247940947236
2858.023106100644
2756.8970072199536
2669.5108984803346
2635.710430535861
2635.052218626201
2632.6844767055513
2630.1098082289163
2622.0155646965986
2614.575465313991
2614.575465313991
2604.600501725022
2598.1104763699964
2590.0747836004657
2580.5189295016794
2570.107477328453
2564.844873262283
2558.1145960035856
2551.3403296131733
2546.453216833319
2540.4107199982836
2533.3385568893145
2529.978561858596
2527.64454322907
2526.0208791669697
2525.362223229694
2523.9988639397875
2522.6051427328734
2522.0113541554483
2520.822836001016
2519.7933811491207
2518.9129646347283
2517.5203053085725
2516.2460532828063
2514.738268493223
2513.2521800499594
2511.472932736798
2509.693837311909
2507.8670036401
2506.0189363635436
2504.09091355841
2502.2694818524033
2500.658565392283
2499.508825289382
2498.611481506219
2497.9166467245427
2497.467380903717
2496.972803076648
2496.7113921240675
2496.431553081607
2496.0582994735323
2495.7175566781675
2495.34818829976
2494.9002577349497
2494.3806602508726
2493.9005208502454
2493.4655646261335
2493.3934427074573
2493.2798567357913
2493.163779630693
2493.0646470871275
2492.801871352221
2492.6013010093407
2492.2026289786572
2491.7531823337613
2491.1838753310844
2490.527752956462
2489.6146476105805
2488.5365889575405
2487.2593015549046
2485.915856964445
2484.7344970402996
2484.4888808158216
2484.3382695617306
2484.2616553658677
2484.1852835954815
2483.9482987704578
2483.7231693685912
2483.611264751804
2483.4431212033796
2483.140466663799
2483.038332486083
2482.9962797972903
2482.9197984743414
2482.873731217884
2482.8059333561832
2482.743526013483
2482.692365778266
2482.6125975454083
2482.5447986065305
2482.3832303384893
2482.226466397304
2482.0696087833803
2481.8659531587577
2481.73777505366
2481.6897246479075
2481.6458851179937
2481.5966215993244
2481.5683622481192
2481.5151785914372
2481.4846142821216
2481.4615370332203
2481.4345532282314
2481.417569241998
2481.4042868059664
2481.4015263687215
2481.379207811235
2481.370490378906
2481.334409866553
2481.3141843643502
2481.3133154598945
2481.299852915394
2481.2585673302387
2481.2062635935204
2481.190647928944
2481.1449708581813
2481.0636988485626
2480.9312996807976
2480.9312996807976
2480.9299606883033
2480.925904035491
2480.925904035491
2480.909553454538
2480.909553454538
2480.9087581038725
2480.905091387777
2480.905091387777
2480.89092536011
2480.888652949173
2480.888652949173
2480.888652949173
2480.880782060889
2480.880782060889
2480.871869188113
2480.871869188113
2480.871869188113
2480.8704625164
2480.8704625164
2480.8704625164
2480.867951190684
2480.866678052195
2480.8658341944897
2480.8658341944897
2480.8658341944897
2480.8658341944897
2480.8652789396283
2480.8652789396283
2480.8652789396283
2480.8652789396283
2480.8652789396283
2480.8652789396283
2480.8652789396283
2480.8652789396283
2480.8652789396283
2480.858160351491
2480.858160351491
2480.858160351491
2480.858160351491
2480.858160351491
2480.858160351491
2480.858160351491
2480.858160351491
2480.858160351491
3975.970314028411
3975.970314028411
3444.624699659381
3370.5162005586008
3039.80898515582
2954.0030189893164
2846.382293817208
2804.56461159356
2751.2236756461452
2732.7975619398558
2725.757203281524
2720.6490576566525
2708.733105758357
2699.8441576151636
2691.917114603676
2679.3448025303333
2670.270489106259
2661.657861681013
2655.1242822754984
2651.5668427120654
2647.840808431628
2643.6271285738594
2636.36845536956
2630.4501506394236
2624.7530633049028
2619.3423639360494
2610.28617499542
2603.855000823096
2597.2963671512543
2593.3293828789124
2586.8599635564533
2581.7962904251067
2576.7939402155152
2575.5760447417824
2574.4099491667453
2573.480307516821
2572.9380475481416
2572.1846628000367
2571.7662625494313
2570.9956766077034
2570.298758445027
2569.419184605373
2568.619661621954
2566.741857279382
2565.0940569244212
2562.9044193244727
2558.9827715759966
2555.4865723906996
2551.8583626452833
2546.2432967802583
2541.0602218598515
2535.5092552141946
2530.76729302934
2526.911333797454
2523.5351307365627
2520.9287510459344
2517.787319557805
2516.6277843665894
2516.2974114320646
2515.6836142136244
2515.150078800622
2514.4792213965525
2513.7195029705954
2512.535224270699
2510.566053941284
2508.435974013355
2506.1783093360873
2503.843856116634
2501.3663565949346
2499.3960308071173
2497.7222330234836
2496.5647041249936
2495.628401988078
2495.461027492293
2495.3568539910925
2495.1369868898732
2494.900784738833
2494.6197970935564
2494.4600230441074
2494.238554559883
2494.0314222353977
2493.8798150139387
2493.7728428541086
2493.697887061357
2493.4915073802567
2493.337488976478
2493.121546681797
2492.920825181971
2492.7019283725053
2492.4968322424807
2492.1491299429667
2491.8616126617167
2491.607895433856
2491.358948481487
2491.1532191147926
2490.828869680952
2490.49524452902
2490.2842970169177
2489.9915522977235
2489.7929466179526
2489.605008452126
2489.320105443088
2489.151249652644
2488.9704658891774
2488.8266287026036
2488.7096422179366
2488.590430301008
2488.478887516404
2488.3676231989384
2488.2458207237755
2488.127260068425
2488.027415991146
2487.9230696701406
2487.818335150206
2487.7227404985947
2487.61721264881
2487.495544910448
2487.3693997081737
2487.2351914031133
2487.10374985688
2486.984072010262
2486.809641346498
2486.6339678783056
2486.4160392596623
2486.2348127824903
2486.062710002972
2485.901292737479
2485.742902630813
2485.55962231478
2485.3362137879244
2485.1681869101167
2484.941522268752
2484.7647073969883
2484.2417111040863
2484.0374019596065
2483.6438992540307
2483.4031098299797
2483.0792045477874
2482.968378524527
2482.7673908844718
2482.629281504298
2482.341293753673
2482.262449408823
2482.1042617684257
2481.9932906598474
2481.8652227669536
2481.776386763718
2481.7356903436985
2481.6949598339093
2481.6427395266915
2481.6401007532427
2481.605512488255
2481.605512488255
2481.5445466944407
2481.5283618972107
2481.5034162973134
2481.5034162973134
2481.5034162973134
2481.5034162973134
2481.462624894315
2481.4561921185245
2481.4494840506827
2481.4187113105827
2481.3982313788997
2481.351036212209
2481.3327650333913
2481.3327650333913
2481.3263277737656
2481.3154417743926
2481.3025181120083
2481.258806976247
2481.2410489049907
2481.2410489049907
2481.1606279564357
2481.1605660443092
2481.114698415294
2481.03613135385
2480.9929521500926
2480.949135529969
2480.949135529969
2480.9322534685334
2480.9322534685334
2480.9322534685334
2480.9267650781544
2480.9267650781544
2480.9267650781544
2480.9267650781544
2480.9267102094655
2480.9267102094655
2480.9197537837545
2480.9197537837545
2480.9197537837545
2480.9197537837545
2480.9197537837545
2480.9197537837545
2480.9033086869185
2480.9033086869185
2480.8943744685175
2480.8943744685175
2480.8943744685175
2480.8943744685175
2480.872385429164
2480.872385429164
2480.872385429164
2480.872385429164
2480.872385429164
2480.872385429164
2480.872385429164
2480.872385429164
2480.872385429164
3975.970314028411
3975.970314028411
3336.8269017206603
3332.793044470784
3149.042495176422
3069.901067089094
2983.520280813076
2926.243659661225
2876.5876361132373
2838.2014433658883
2796.8435346821175
2746.7824120234673
2724.5784176394427
2711.0309956465853
2695.9657818455034
2686.943125141208
2678.658585690151
2669.65314754228
2657.7243289421604
2651.475300499992
2641.992387566783
2632.733072191969
2619.9921243041513
2608.395147952521
2598.9427716162436
2590.322395874122
2582.2709344016844
2575.6103408821864
2569.0561564155637
2565.4255817599446
2562.0941797391606
2559.82004732729
2556.3747939035215
2551.9445731460937
2547.983707657275
2542.799294022175
2539.0920326918435
2535.1519669710087
2532.35184317444
2529.439085659905
2527.070992048854
2524.8223666962417
2523.5918200778356
2522.189722471585
2520.789482312404
2519.3173452598794
2518.231864836138
2517.2032103858287
2515.928296051401
2514.3883317568148
2512.7793666460852
2510.966002394608
2508.9772971417556
2507.276329273159
2506.245287428356
2505.968498221974
2505.9254854012147
2505.7289831792095
2505.5456435097126
2505.4120856427703
2505.2962785368845
2505.1597994009994
2505.0480622809864
2504.9588805243543
2504.841790722582
2504.754786555711
2504.61512160087
2504.492079185315
2504.348111805029
2504.1251230315047
2503.80145036562
2503.380361604991
2502.973386569913
2502.557693947543
2501.811068710311
2500.7189676360704
2499.415951941289
2497.2967281784036
2495.200288058327
2493.0817347661823
2491.005322045219
2489.2921337265343
2487.986002000644
2487.101348838831
2486.6624469758895
2486.433234914993
2486.341017551786
2486.2508092403896
2486.163031101277
2486.0840492743564
2485.999375282492
2485.9408200134853
2485.870838204227
2485.8413521241414
2485.773641145862
2485.7330684931167
2485.699251767948
2485.608933462206
2485.543373153277
2485.4861021152415
2485.4240508000307
2485.3567429254513
2485.2777312883836
2485.1818497758354
2485.085398117989
2484.94529060728
2484.833099649728
2484.7101948009067
2484.5017647680197
2484.334513752701
2484.1191224993886
2483.951353006914
2483.7928964602124
2483.6115032761245
2483.3306208477825
2483.2277023860743
2483.0101939231886
2482.806216029317
2482.610913013881
2482.5898485170233
2482.467111238252
2482.467111238252
2482.467111238252
2482.4140381179022
2482.4140381179022
2482.3826888946223
2482.3447900729307
2482.3189670475003
2482.252847260339
2482.2183195419766
2482.1673612058216
2482.165377416651
2482.144403770467
2482.0924629930405
2482.083997487878
2482.0833777421626
2482.036927265921
2482.0003979310713
2482.0003979310713
2481.948796351276
2481.870079270473
2481.5728744502876
2481.486565509918
2481.2530565217926
2481.2383440000635
2481.2158752358837
2481.1886850991405
2481.178910847134
2481.07869817961
2481.064452342609
2481.0381817040366
2481.031371643676
2481.0313565293714
2481.021215018214
2481.021215018214
2480.999108248347
2480.990709042873
2480.967344194011
2480.965400007223
2480.965400007223
2480.942464504094
2480.9403480557535
2480.9403480557535
2480.9403480557535
2480.9215231220114
2480.9215231220114
2480.9166135227883
2480.912626606777
2480.9039806779388
2480.9039806779388
2480.9039806779388
2480.9039806779388
2480.9039806779388
2480.9039806779388
2480.9039806779388
2480.9039806779388
2480.9039806779388
2480.9025407589734
2480.9025407589734
2480.9025407589734
2480.9025407589734
2480.9015824029166
2480.8988275745687
2480.8988275745687
2480.8988275745687
2480.898266997459
2480.898266997459
2480.8967396463395
2480.8967396463395
2480.8967396463395
2480.8967396463395
2480.8967396463395
2480.8967396463395
2480.8967396463395
2480.895359069967
2480.895359069967
2480.895359069967
2480.895359069967
2480.8891453125198
2480.8891453125198
2480.8891453125198
2480.8891453125198
2480.885291561536
2480.885291561536
2480.878141795948
2480.878141795948
2480.878141795948
2480.874618125951
2480.874342857617
2480.874342857617
2480.874342857617
2480.874342857617
2480.874342857617
2480.874342857617
2480.874342857617
2480.874342857617
2480.874342857617
3975.970314028411
3975.970314028411
3526.2939116415
3331.9151386367685
3088.99246589582
3030.1005197365466
2904.796766330591
2826.181343333483
2779.28276768006
2746.3901051989715
2717.613107852933
2694.094443656137
2676.306161040155
2665.4143825295237
2656.506355738953
2650.958869192709
2645.6928675176705
2641.9888794562203
2640.373453153749
2639.2561219664476
2637.202139542324
2634.7840247274257
2631.3349747567063
2627.9605779550284
2625.0697073147967
2619.758125120523
2615.1624481372755
2610.954706695786
2604.6149826821134
2598.599441190456
2592.8086155813867
2588.1039926181493
2583.4779527010337
2577.8253344320187
2573.5511783054867
2568.523390939571
2563.544317600856
