3578.766435077522
2956.8677721613662
2844.5562422624066
2770.8616191176584
2755.072262962608
2683.5826093605565
2655.5301895805387
2635.691794972435
2626.263717874893
2620.153370977604
2613.6949989420987
2596.088815933052
2584.1584820612848
2576.833802231414
2572.6575083134767
2564.2717936393037
2558.421153850753
2556.4005348914443
2554.2997153133642
2551.710768706768
2550.261648325125
2547.70237308546
2546.1864952205615
2544.948920574196
2543.2081261495405
2541.25685932276
2540.9876478081933
2539.198915551584
2537.9961833229795
2537.9961833229795
2535.1870833732305
2532.0800151044787
2529.329595631255
2526.867515087222
2524.625005492047
2521.0918809837435
2517.2006639892747
2514.445544195628
2510.695518507486
2507.507979001281
2504.7980618136767
2503.0962660084356
2502.8334590224204
2502.1954035034437
2501.628161188051
2500.655149297182
2500.0222499395018
2499.407049264619
2498.413181828077
2498.238403738514
2498.035206767743
2497.9829970178325
2497.7939619936587
2497.624417576194
2497.4350640285124
2497.2128037513294
2497.104950871844
2496.9600933806387
2496.8942560769133
2496.697539562093
2496.5661560951667
2496.217664286644
2495.851625448084
2495.397481851412
2495.093441807889
2494.6927759008354
2494.3304964892277
2493.906191208941
2493.4425229125395
2492.9222293069283
2492.455137352499
2491.990610562881
2491.553127627591
2491.1924424464105
2490.830846494108
2490.4198108931055
2490.030532358188
2489.764024007129
2489.3895640338096
2489.1061823750497
2488.7436444388672
2488.328975246924
2487.955675987533
2487.6708898755037
2487.4674302912936
2487.313228741311
2487.184970553265
2487.0759850156574
2487.026287684773
2486.9818557407384
2486.9087031683275
2486.866116188094
2486.8255321791867
2486.754985456698
2486.70524592427
2486.6163351037744
2486.5519022602884
2486.445017304597
2486.332668693517
2486.2130991036406
2486.1160629729757
2486.020950686303
2485.8929661588454
2485.8250497667964
2485.6589719213366
2485.4075463880035
2485.232314659748
2484.9612971416914
2484.7739490665585
2484.5618617520463
2484.355124045683
2484.099081338675
2483.857471228975
2483.5595932332594
2483.1280026995173
2482.679988098473
2482.1335216335715
2481.8992265808497
2481.8992265808497
2481.876162369337
2481.8098161588396
2481.8098161588396
2481.762253234727
2481.7157014974423
2481.698198650168
2481.698198650168
2481.656686691847
2481.5721929681154
2481.519246137743
2481.503621230659
2481.4906697973606
2481.4686361040076
2481.453939721201
2481.4435497930613
2481.4435497930613
2481.4329344301545
2481.421357593571
2481.3971054729345
2481.3947241732067
2481.3926439657894
2481.3675812260662
2481.36146692559
2481.36146692559
2481.36146692559
2481.3594407340206
2481.342192932594
2481.3053574930295
2481.2275762941317
2481.190185864739
2481.170939924876
2481.1501746430677
2481.116802869764
2481.014552911176
2480.9982139142694
2480.939015479584
2480.8862655383778
2480.8862655383778
2480.8862655383778
2480.855819141731
2480.8520651961217
2480.8520651961217
2480.8479754075156
2480.8420196808047
2480.8420196808047
2480.8405874590126
2480.8354600375756
2480.8354600375756
2480.833189405391
2480.831507564208
2480.831507564208
2480.831507564208
2480.831507564208
2480.831507564208
2480.831507564208
2480.831507564208
2480.8264814273775
2480.8237390678732
2480.8237390678732
2480.8237390678732
2480.8237390678732
2480.8237390678732
2480.8237390678732
2480.8237390678732
2480.8237390678732
2480.8237390678732
5290.384224209651
3226.5643937229306
2839.109155476363
2764.7009946310177
2726.612670325758
2704.985802694104
2700.734837992287
2672.939605365042
2644.7472329877355
2626.8454445747448
2613.4694018378013
2613.2379000730075
2603.835656319354
2594.713972949876
2584.558005516151
2577.289656703941
2572.5183876822757
2570.7598051971045
2560.3038190851303
2556.778959952487
2552.2585429593255
2548.6853076046723
2546.102561637759
2542.5088415356095
2536.5320805101464
2532.468361399495
2526.71726091796
2517.093570955641
2513.609302354755
2507.9883102836943
2505.861618921091
2503.869248897546
2501.3504332530883
2500.416370854204
2499.5430291783423
2498.660382365259
2497.0600975490734
2496.0150185647944
2494.556165214945
2493.9196051968515
2493.0454824755016
2492.4569349257017
2492.0662099122615
2491.8319310536585
2491.2386908947155
2490.984964671194
2490.711817923366
2490.5963226235867
2490.3437901282773
2490.3437901282773
2490.244423833751
2490.1482727353664
2490.123140156996
2490.123140156996
2490.06089972462
2490.012832270088
2489.6172766559603
2489.2960635383956
2489.061777828567
2488.62087427094
2488.1169350428954
2487.445606280652
2486.6835857786355
2486.0278470311086
2484.963895661269
2484.451062619397
2484.314004418312
2484.1942774001823
2484.1065148446005
2483.9764821825447
2483.9640986648133
2483.933263073728
2483.8075959760595
2483.7696973003067
2483.6965692906315
2483.5438621198664
2483.5104240226046
2483.415400439217
2483.360351720701
2483.315709640201
2483.2866000980102
2483.2451671016024
2483.2135001722263
2483.160329127603
2483.1375838093154
2483.1310874731194
2483.097194810483
2483.0466683230948
2483.0466683230948
2483.023971342906
2483.0047314583144
2483.0047314583144
2482.9930129840145
2482.9386183039073
2482.9343556651243
2482.9343556651243
2482.9019664685397
2482.823203872683
2482.7516639762707
2482.6604717081614
2482.5239794526037
2482.4119296121416
2482.302538079841
2482.181962632042
2482.065699317661
2481.9506719352953
2481.862531212373
2481.862531212373
2481.842802289456
2481.7392138196137
2481.6897263277474
2481.592974490021
2481.494703270571
2481.421912295779
2481.3431534156616
2481.3431534156616
2481.2918980260565
2481.2461485868994
2481.2461485868994
2481.2431775680398
2481.2431775680398
2481.2430345522334
2481.231813077767
2481.1928101063118
2481.1928101063118
2481.1720885237037
2481.0013306726905
2481.0013306726905
2480.984366934763
2480.976998718297
2480.969344094401
2480.969344094401
2480.969344094401
2480.969344094401
2480.9667091624565
2480.9338650936534
2480.9338650936534
2480.9338650936534
2480.9262809307484
2480.9262809307484
2480.9262809307484
2480.9262809307484
2480.916734022253
2480.916734022253
2480.916734022253
2480.9112699074635
2480.9112699074635
2480.9031732853427
2480.9031732853427
2480.882365855944
2480.882365855944
2480.882365855944
2480.8691208988216
2480.8691208988216
2480.8691208988216
2480.8691208988216
2480.8691208988216
2480.8691208988216
2480.8691208988216
2480.8675716732623
2480.8675716732623
2480.8627941971686
2480.8627941971686
2480.8627941971686
2480.862069911616
2480.862069911616
2480.862069911616
2480.862069911616
2480.8532254685583
2480.839581302396
2480.839581302396
2480.839581302396
2480.839581302396
2480.839581302396
2480.839581302396
2480.839581302396
2480.839581302396
2480.839581302396
5290.384224209651
3317.6227873995394
3008.511820878363
2869.4493495305514
2839.4880344796784
2794.246945476138
2750.022107436369
2731.045754763089
2710.9409869254205
2698.8087506500483
2675.7950505786607
2667.914347008447
2658.74188802703
2652.770323455973
2644.7725667088303
2633.842142535395
2623.7790115433227
2610.3368211828356
2599.2918933252663
2590.7237253885687
2584.2083808739326
2580.813908181191
2575.726890755934
2571.99377148596
2567.690977923809
2564.7972154091067
2561.267909974804
2558.271081906004
2556.5843540729006
2555.113245260103
2552.073305888398
2549.8596657112903
2547.4092708586727
2545.4010868468204
2544.750647332165
2543.9881792804003
2543.1092587601593
2542.7481692038227
2541.644743285384
2540.6792060918992
2540.0590410331915
2538.935787170457
2538.2968878772904
2537.169563623512
2535.9056069978114
2534.06532491286
2532.4219254790537
2530.7830835289724
2529.3233191752256
2528.1974417479664
2527.347692985812
2526.385707212171
2525.730719987265
2525.4252538929836
2525.277921483441
2525.2057361321927
2524.991457048116
2524.7051785679746
2524.3667505576627
2524.0918687930393
2523.4870433409465
2522.8526366596725
2521.979387301526
2520.6161966917043
2518.5758729328213
2516.248278392428
2513.288382130807
2509.526999233628
2506.023734260613
2502.035719195405
2498.9526460003385
2496.3659815013307
2494.2352426447023
2493.4896010404354
2493.4210955593353
2493.3951598575845
2493.344178109655
2493.2933535280486
2493.2256381632847
2493.1020564645887
2492.9257248621384
2492.822581934126
2492.7354919443287
2492.5679629394713
2492.3885122907313
2492.0892991315795
2491.972929026195
2491.759713167927
2491.4976255778884
2490.995703752986
2490.746883729576
2490.421777032694
2489.995833797795
2489.622755730536
2489.1901510279235
2488.8396012364265
2488.5187483845916
2487.907582503942
2487.339427990558
2486.7507483574486
2486.078908968873
2485.6787922239855
2485.201131413274
2484.8862861313987
2484.623755391046
2483.5812580411566
2483.5812580411566
2483.5244880002974
2483.2217644031966
2483.2217644031966
2483.2163048268912
2483.045568301489
2483.045568301489
2482.9982139059957
2482.9142834012882
2482.9142834012882
2482.9142834012882
2482.8484250665597
2482.7889716477625
2482.677313651758
2482.6210808822543
2482.57621678893
2482.553516171522
2482.5162687319526
2482.5115354807867
2482.508880856167
2482.4929999879955
2482.441941962157
2482.407622919751
2482.361114174688
2482.3443671288137
2482.3443671288137
2482.3222781763866
2482.322091926193
2482.2949749935588
2482.253454812487
2482.214831570361
2482.180796545613
2482.1634205925284
2482.148644251761
2482.13699757107
2482.1130820189414
2482.073648730229
2482.0243150147144
2482.000652922314
2481.9368788942397
2481.9244544505386
2481.8860299378766
2481.861464367642
2481.8446020450665
2481.8307693795464
2481.813617650612
2481.771037423511
2481.743937777279
2481.727047336929
2481.7251402901197
2481.706178552434
2481.6674136603883
2481.6457356507767
2481.6444619598906
2481.584785044979
2481.5577078516712
2481.444137103621
2481.4165273752037
2481.3193569606465
2481.3039683651996
2481.2635561680963
2481.2635561680963
2481.2548314720016
2481.2362647511413
2481.2061427889885
2481.162371122637
2481.162371122637
2481.155809030188
2481.114011166512
2481.1083329599987
2481.0864273360553
2481.0864273360553
2481.0864273360553
2481.0864273360553
2481.079896119511
2481.079663486817
2481.0761825301433
2481.0761825301433
2481.0761825301433
2481.0761825301433
2481.06799502872
2481.058467671321
2481.058467671321
2481.0388863922894
2481.0388863922894
2481.0388863922894
2481.0388863922894
2481.0248332080114
2481.0194245539587
2481.0194245539587
2481.0051722000876
2481.0051722000876
2480.9989620225942
2480.9989620225942
2480.9989620225942
2480.9960318508224
2480.9910307807822
2480.9910307807822
2480.9910307807822
2480.9910307807822
2480.9832074261076
2480.961457894231
2480.961457894231
2480.961457894231
2480.9099235716676
2480.9099235716676
2480.9099235716676
2480.9099235716676
2480.9099235716676
2480.9099235716676
2480.9099235716676
2480.9099235716676
2480.9065646524455
2480.9065646524455
2480.9065646524455
2480.9065646524455
2480.9065646524455
2480.9065646524455
2480.9065646524455
2480.9065646524455
2480.9065646524455
5290.384224209651
3327.0559540628064
2952.566492337814
2862.3517517495056
2798.824460532427
2745.828392025661
2742.3044768393515
2694.554693259295
2670.1006854591315
2658.7484494176965
2640.869812437204
2614.241547235294
2606.0077269913177
2589.279860582768
2579.844004808983
2571.0545781222377
2562.3448042551045
2553.0887503499207
2545.3346263171093
2541.588851299374
2534.081967857128
2531.9460376280117
2527.7433019146406
2519.415019496927
2515.6718759180294
2510.5166044514203
2508.1359587263623
2505.6764521674945
2502.260637121021
2498.4509548491455
2496.8871891043887
2495.5502386894714
2492.820198954789
2490.6589418942726
2487.5444892251794
2486.2896279128445
2485.169694205302
2485.0766347262233
2485.0766347262233
2484.7885828466697
2484.2988818863078
2483.8984605724468
2483.566542279611
2483.2995115232516
2482.905458689809
2482.6691629546985
2482.539047481626
2482.510934720913
2482.4204699328693
2482.3759913066306
2482.3759913066306
2482.297199023133
2482.1415381858915
2481.9666097146155
2481.8512179364975
2481.749795132944
2481.681164276399
2481.4783054385507
2481.3852167583123
2481.2261882462235
2481.1785724576066
2481.123324150809
2481.123324150809
2481.086642281186
2481.0445996718345
2481.0112001801526
2480.957700706913
2480.9151736706494
2480.902414068731
2480.891442513313
2480.877743306022
2480.86797158274
2480.865620188555
2480.850918297722
2480.839439748963
2480.839439748963
2480.8323715956585
2480.8323715956585
2480.8323715956585
2480.8323715956585
2480.8304191643747
2480.8304191643747
2480.8304191643747
2480.8304191643747
2480.827107656858
2480.827107656858
2480.827107656858
2480.827107656858
2480.827107656858
2480.827107656858
2480.827107656858
2480.827107656858
2480.827107656858
5290.384224209651
3458.0951623586825
2822.671627995529
2822.671627995529
2765.749756425402
2696.1964477307583
2658.893446181974
2622.485715612838
2603.24025310532
2580.6465206608154
2560.2457869402183
2551.0780794285733
2544.818871511206
2539.0842906099833
2535.139114305733
2530.2388633038645
2524.8776929957485
2522.544965215825
2519.5660911727623
2516.5763640324267
2512.9379832466707
2510.8390946633745
2508.2687493857957
2507.054135467104
2504.8031012266642
2502.0211420869296
2498.6495333991134
2496.676546089117
2494.9120785929626
2493.860170749675
2492.3878810008955
2491.566342843993
2491.212212073439
2490.829205584943
2490.4297697334787
2490.3147481572582
2489.9843150775573
2489.7982218290367
2489.6010746852235
2489.317735365537
2489.071543732673
2489.0117716386258
2488.783937649958
2488.5978245828
2488.4115489886794
2488.345238362996
2488.1923998514376
2488.114864758232
2488.030252858696
2487.893160804928
2487.783631941453
2487.662718578417
2487.522998857995
2487.308562467024
2487.1151189743887
2486.9628350856365
2486.852317938401
2486.8003847408568
2486.7738001395855
2486.696536758373
2486.669255549308
2486.6189922928943
2486.5537466492474
2486.3781182401935
2486.27660818019
2486.1574232045145
2486.053553408058
2485.9068384615375
2485.726755138107
2485.5180311149543
2485.255966960051
2485.051712837005
2484.8294161029326
2484.7055955982114
2484.4169208644994
2483.7938137032056
2483.4736272033047
2483.0669621406087
2482.7159748828453
2482.198418013662
2482.198418013662
2482.135421184917
2482.0462991726804
2481.98912339095
2481.898064211406
2481.8738919811035
2481.8738919811035
2481.8593810090333
2481.8207602684856
2481.749858471581
2481.7010560680983
2481.64940080001
2481.622768178544
2481.622768178544
2481.6057653910916
2481.6057653910916
2481.598788944808
2481.5600901688313
2481.5575319545505
2481.5432699607522
2481.5181654505436
2481.5013445045493
2481.477070180166
2481.47657761101
2481.4564531001174
2481.4564531001174
2481.455827631221
2481.4451608772206
2481.4451608772206
2481.4168622690477
2481.3814451657518
2481.359222274723
2481.359222274723
2481.359222274723
2481.3423375009243
2481.322516123553
2481.3031365711076
2481.2987774385974
2481.2890911702143
2481.2647484246722
2481.2647484246722
2481.2647484246722
2481.263511179065
2481.2549110776163
2481.2549110776163
2481.2516503565103
2481.248603752501
2481.244573244565
2481.238467356875
2481.238467356875
2481.238467356875
2481.231236660552
2481.2253907978097
2481.2253907978097
2481.2253907978097
2481.2253907978097
2481.223054469568
2481.223054469568
2481.223054469568
2481.223054469568
2481.223054469568
2481.2220322472613
2481.2220322472613
2481.2204567215786
2481.21336346552
2481.2100377099846
2481.2100377099846
2481.2100377099846
2481.201231075246
2481.1982938494725
2481.1982938494725
2481.191886585802
2481.191886585802
2481.188287143751
2481.188287143751
2481.1814817617633
2481.1774657250608
2481.172660882383
2481.1675508239728
2481.1675508239728
2481.1675508239728
2481.1675508239728
2481.1669791211284
2481.1669791211284
2481.1556529871846
2481.1556529871846
2481.1556529871846
2481.1556529871846
2481.1556529871846
2481.1556529871846
2481.1556529871846
2481.1556529871846
2481.1538191607265
2481.1538191607265
2481.1538191607265
2481.1538191607265
2481.139533159907
2481.139533159907
2481.139533159907
2481.139533159907
2481.139533159907
2481.139533159907
2481.139533159907
2481.139533159907
2481.139533159907
5290.384224209651
3365.9658893255755
2835.4289032721063
2835.4289032721063
2804.7343681658804
2734.4052229923545
2691.248154984119
2671.0326737065106
2648.9271899139762
2624.904276284652
2611.4552232850733
2601.702697141208
2598.994106691308
2592.221366633422
2584.3714473370633
2579.251002195099
2571.8039186681785
2562.230876790938
2557.3165615773414
2552.673651056105
2546.836025462033
2542.908657422581
2540.7463482142452
2539.245039658722
2536.919513933008
2535.5966363911425
2534.450499959117
2532.1866040155373
2528.5065148251547
2526.329229158465
2523.0489028560323
2519.2115193998015
2516.084940380996
2513.563074337627
2511.535577173582
2509.1640792989374
2507.5302123110314
2505.7693374266996
2504.3435764145947
2502.4985929279005
2501.3777784018653
2501.015117462673
2500.8193993124314
2500.462464198557
2500.2079924023687
2499.8115470124
2499.564007880653
2499.2497761475393
2498.9627233301494
2498.867352773492
2498.645057776732
2498.439559822975
2497.994470069633
2497.438510550788
2496.994955906529
2496.159688707419
2495.1776338610925
2493.6689536493873
2491.7670612102356
2489.815063241677
2488.1322134968786
2487.161132925023
2486.3087886836274
2485.8240331671755
2485.6909800408835
2485.5291987843925
2485.4373561508187
2485.288058009178
2485.189455230862
2485.1474437951347
2485.079539975155
2485.001742998967
2484.9414927300677
2484.9111684475547
2484.8796626430067
2484.825994127982
2484.8033459299554
2484.771262512707
2484.737402433051
2484.699605000831
2484.654930658387
2484.5903988575333
2484.5593718226905
2484.5344330070566
2484.4425609208783
2484.380378666913
2484.3249083889646
2484.2810686691255
2484.2233837933254
2484.1791000956227
2484.127765361505
2484.054912085334
2483.903758258215
2483.8068180749387
2483.6815473371876
2483.587023742509
2483.44218487321
2483.320661180574
2483.241159193798
2483.0916105008555
2482.987639200298
2482.8054609997985
2482.6902792100495
2482.601617265473
2482.385650599997
2482.150014823722
2481.895936094726
2481.739356452591
2481.662759365929
2481.662759365929
2481.645351118287
2481.627652286379
2481.618038400904
2481.5974900001765
2481.5326576667903
2481.485035188851
2481.4149468600176
2481.4116094659926
2481.337647131991
2481.306139510188
2481.285106126751
2481.271297323745
2481.2489957925077
2481.161029990157
2481.1477466794404
2481.1477466794404
2481.1353690475744
2481.115838428284
2481.1058551918113
2481.0448332741817
2480.9807796692803
2480.9807796692803
2480.9807796692803
