3451.6081305875296
3243.6060838239982
3102.517458081452
2976.2967941881047
2779.15726441895
2757.1661352730853
2725.073546006026
2692.716732247477
2681.2921897052724
2677.0802849834386
2665.5095568829474
2643.8498461172435
2632.9372013767234
2622.9655320771144
2617.989578543623
2615.50031934037
2607.1627106281553
2601.4737603699364
2595.4414555770772
2591.6797883076415
2588.6593627781563
2586.6525666208136
2581.716580818213
2578.4981220042328
2575.060621327349
2569.803714135726
2564.199765138468
2559.7038479509056
2555.4619494847766
2549.6607853709747
2545.266573695525
2542.3662567967413
2539.867170256213
2536.25867445822
2533.7293032211387
2530.5476328887585
2528.1673845085384
2524.529500719402
2523.0681438333013
2522.7389348362603
2521.8697708475183
2521.471568146006
2520.994761881888
2520.7006896813364
2520.2850465577862
2519.6882209063037
2519.344668810345
2518.8905623069645
2518.6922722909785
2518.3495113897907
2517.8309912466993
2517.3934794282895
2516.894333163632
2516.494062228712
2516.011397733415
2515.4615034850035
2514.9872971756695
2514.4685366521935
2513.8510541376922
2513.0608232211243
2512.1649221815596
2511.2484161331167
2509.577737235287
2507.8143290132066
2506.0288327243607
2504.3455087972147
2503.1157339471124
2501.9313117341935
2501.1976075740927
2500.707346032835
2500.4242973013133
2500.324070136594
2500.2268738047032
2500.0927337470953
2499.914137582396
2499.7818085464987
2499.587012994366
2499.503453563796
2499.3988097415404
2499.3024062044324
2499.2073543329084
2499.0351626472993
2498.863122156004
2498.6709519940878
2498.4726135218134
2498.1321190542626
2497.523935267613
2496.748873337266
2495.6553673673866
2494.2154536272697
2492.2987724094455
2490.360118675997
2488.751310611019
2487.262236521023
2486.3469226124625
2485.7626724758074
2485.4807601890866
2485.3327648199215
2485.2315568455965
2485.165285341943
2485.0914739852815
2485.024485691186
2484.9857189586196
2484.9142769999144
2484.8732483859303
2484.8154491321225
2484.743018787202
2484.693079261144
2484.655512945327
2484.5900188660053
2484.547105145338
2484.5027453265225
2484.4452903149204
2484.3886305154074
2484.3327870223466
2484.272183818083
2484.205251821849
2484.1353152605143
2484.0833094104187
2484.044011644504
2484.0093528191774
2483.9338117261227
2483.8883883062595
2483.819347766731
2483.67661329618
2483.552756279476
2483.4146065820464
2483.2960869217104
2483.1622079984622
2483.1119920838464
2483.096273824478
2483.0444088541426
2483.019640737682
2482.982526845829
2482.945891157732
2482.906125410507
2482.905062508257
2482.8484924563622
2482.806677201992
2482.7814528558742
2482.7582429797544
2482.7329171327697
2482.703123380965
2482.6524670088993
2482.617454705212
2482.5536470342763
2482.487010334892
2482.4347385158003
2482.3709654838012
2482.3283976547195
2482.2977850768243
2482.1074983392364
2482.058699857563
2481.999660096149
2481.852678324003
2481.8270070302897
2481.7773039186422
2481.598839817049
2481.4626786736226
2481.411450858164
2481.3914239875085
2481.3393586461907
2481.248467778154
2481.2358937611925
2481.1809472407353
2481.1809472407353
2481.126301120784
2481.07285303971
2481.07285303971
2481.07285303971
2481.0165142449396
2481.0165142449396
2481.0165142449396
2480.995762060137
2480.9542296906793
2480.9517523541235
2480.9512840924353
2480.9512840924353
2480.932855214934
2480.932855214934
2480.932855214934
2480.932855214934
2480.932855214934
2480.932855214934
2480.9311487300665
2480.9078484218794
2480.903435661625
2480.903435661625
2480.893475412105
2480.893475412105
2480.8731075713517
2480.8652469736835
2480.8652469736835
2480.8652469736835
2480.8652469736835
2480.8652469736835
2480.8652469736835
2480.8652469736835
2480.8652469736835
2480.8586170665358
2480.8586170665358
2480.856727113212
2480.856727113212
2480.856727113212
2480.856727113212
2480.856727113212
2480.8495777051376
2480.8495777051376
2480.8495777051376
2480.8495777051376
2480.8495777051376
2480.8495777051376
2480.8495777051376
2480.8495777051376
2480.8495777051376
3804.8575797171716
3420.4189662280396
2797.2969648014146
2719.0256069775655
2719.0256069775655
2677.25085259536
2656.924538487851
2638.1912033201506
2625.672843695688
2612.534547730805
2600.6923889062505
2594.726415839211
2587.437827567838
2571.358135568171
2558.5464442863386
2548.7610282354976
2544.4292454827864
2538.5957637685337
2530.4788575436587
2530.158848855167
2521.755969395923
2517.6975920816767
2511.504241725621
2507.106255243484
2503.514238762878
2499.343104613387
2498.5917122058922
2496.3075597706734
2494.859263160001
2493.471575400303
2492.373326527479
2491.401692782179
2490.8758898527703
2490.871267882113
2490.3667929970406
2489.67157518685
2489.4124559445627
2488.9785342638947
2488.492965015023
2487.8455143461324
2487.510138455582
2487.030928969186
2486.5071455060524
2486.068997757524
2485.419353331104
2484.7301157752636
2484.3719181857855
2483.581303155365
2483.2189986142052
2483.2189986142052
2483.2189986142052
2482.995841230781
2482.993492783035
2482.9214788918093
2482.808313185329
2482.673491426204
2482.620247713466
2482.4761691417343
2482.3254472401118
2482.176804808805
2481.97989126955
2481.932429496602
2481.7921879890564
2481.451803994069
2481.3356183389697
2481.2316446405575
2481.1680500320676
2481.102801179087
2481.078196599814
2481.0595719955754
2481.040868185923
2481.0326714574967
2481.002751094083
2481.002751094083
2481.002751094083
2480.994825380582
2480.9816294298885
2480.9816294298885
2480.9816294298885
2480.976398447891
2480.9635202667214
2480.961634272876
2480.947758363781
2480.947758363781
2480.945965391917
2480.945965391917
2480.945965391917
2480.942685235863
2480.942685235863
2480.942685235863
2480.942685235863
2480.942685235863
2480.942685235863
2480.942685235863
2480.942685235863
2480.942685235863
2480.9400463919073
2480.938360057264
2480.934986693954
2480.932501553172
2480.932501553172
2480.932501553172
2480.932501553172
2480.932501553172
2480.932501553172
2480.9295160461297
2480.9276652952694
2480.9276652952694
2480.917794488344
2480.917794488344
2480.917794488344
2480.917794488344
2480.917794488344
2480.9163838725226
2480.9163838725226
2480.9163838725226
2480.9163838725226
2480.9163838725226
2480.9163838725226
2480.9163838725226
2480.9163838725226
2480.9163838725226
3804.8575797171716
3490.038475536936
3125.75371694666
3125.75371694666
2889.7483312804097
2796.5369243195573
2776.3703101985334
2761.53604812645
2718.0369821033105
2699.3815392460765
2689.7992815165658
2678.200247073977
2666.1833274582323
2648.8722565119506
2638.2852236315466
2629.5607444748584
2620.2509976107294
2611.6005454368146
2604.176475002594
2595.3304446015454
2590.7724100588403
2582.702958257075
2577.697708727918
2573.113317472741
2568.2090218077055
2564.4934788737987
2561.386918769759
2560.430625760163
2559.5747126824776
2557.441197506166
2556.447123294062
2555.010144219938
2553.780035871809
2552.6937667549755
2551.169484870053
2549.942351610833
2547.5834108538006
2545.6416975158286
2542.3670359870725
2539.80713245245
2536.7073918306683
2534.3925686861085
2531.4020274298637
2529.82032294081
2527.137509104303
2524.9039933138506
2521.8163168205265
2519.080882797194
2519.000623863788
2519.000623863788
2518.774920821604
2518.6843790473704
2518.3833243497606
2518.1979117035025
2518.0535002290635
2517.9227827485047
2517.7554372333807
2517.5378285142706
2517.294162527225
2517.1277184556875
2516.9467304174664
2516.805289322717
2516.6548093353667
2516.1663973152527
2515.6754011330877
2514.9664964257454
2513.98241509199
2512.637100983695
2511.035595252053
2508.9653273341924
2507.3058033030434
2505.007088576525
2503.5413293057
2502.4317744269665
2501.2364098601433
2500.4760223258054
2500.016520605131
2499.6761169328197
2499.4996864278064
2499.160054867715
2498.7976428936663
2498.387401362665
2497.851221539858
2496.8089881120095
2495.6552123290794
2494.2960252510716
2493.0164190143155
2491.2836203274596
2489.801935258157
2488.7287999855807
2488.074181312556
2487.7164956555544
2487.66919199798
2487.620015534801
2487.5471543036674
2487.4667051268048
2487.3805883444165
2487.293574398333
2487.2153570782066
2487.1264544884084
2487.042785428762
2486.970386842583
2486.8594492861625
2486.793289694927
2486.6668250461926
2486.592263801204
2486.4452290671466
2486.3300869362656
2486.2113421766876
2486.1312885176644
2485.9919212819136
2485.8986304322816
2485.799803257323
2485.6318423453695
2485.529304073
2485.4200790078035
2485.311286336546
2485.1582455391012
2484.9850481275994
2484.8532983985156
2484.6494967330486
2484.514929067532
2484.3659474900924
2484.2628627650083
2484.1425682226377
2484.040853361658
2483.919121797924
2483.8536262361044
2483.8468364012024
2483.7849802059136
2483.649926000918
2483.6290897300532
2483.5644981709406
2483.5093191949727
2483.3895737154817
2483.24856688358
2483.0458451366812
2482.7951772068222
2482.6085787509805
2482.4744547482755
2482.3532041730036
2482.3532041730036
2482.309504842786
2482.0913832242795
2481.9660582636175
2481.8788995901205
2481.736232046952
2481.691468367415
2481.6586430625202
2481.612140863721
2481.5142489640125
2481.48776983925
2481.48776983925
2481.48776983925
2481.48776983925
2481.4721228513117
2481.4721228513117
2481.4245878700967
2481.39247496321
2481.3521869898614
2481.346123844249
2481.346123844249
2481.3032375547023
2481.3032375547023
2481.243339644508
2481.2228781688464
2481.206608393625
2481.206608393625
2481.206608393625
2481.185946521877
2481.185946521877
2481.163159376569
2481.13774856962
2481.13774856962
2481.13774856962
2481.1344275204956
2481.1344275204956
2481.1344275204956
2481.1344275204956
2481.112074647379
2481.112074647379
2481.083464088217
2481.062127098211
2481.062127098211
2481.062127098211
2481.0488556331666
2481.0488556331666
2481.0488556331666
2481.0488556331666
2481.0488556331666
2481.048566161331
2481.0381772670503
2481.023401850685
2481.020133038172
2481.011405181844
2480.998432304718
2480.9853378240336
2480.983886515458
2480.983886515458
2480.983886515458
2480.9628302048086
2480.9628302048086
2480.9628302048086
2480.948702317835
2480.9376598543095
2480.9322733989884
2480.9322733989884
2480.9322733989884
2480.9322733989884
2480.9322733989884
2480.929203122211
2480.929203122211
2480.929203122211
2480.929203122211
2480.9255720803794
2480.9255720803794
2480.912531483485
2480.9083844509296
2480.8918227039926
2480.8918227039926
2480.8918227039926
2480.8918227039926
2480.8918227039926
2480.8918227039926
2480.8918227039926
2480.8918227039926
2480.89095069822
2480.89095069822
2480.888609522587
2480.888609522587
2480.888609522587
2480.888609522587
2480.888609522587
2480.888609522587
2480.888609522587
2480.888609522587
2480.888609522587
3804.8575797171716
3596.065732999059
2843.032791455757
2843.032791455757
2757.6733574793334
2727.0177177430146
2705.6390087735076
2651.3677321648283
2611.805109941227
2586.5157174488377
2573.45615742307
2558.612271025486
2555.54779214584
2546.0430383929547
2540.4311154570787
2535.0240795450923
2529.140586366724
2523.733104028816
2521.450853912274
2519.0036100284915
2517.462794494345
2516.3262583217356
2514.133470008664
2511.527793214026
2509.770338267692
2507.4437454469316
2505.457173250209
2503.5032620102584
2500.7356725828486
2498.54161821599
2495.9454296520667
2494.0437654769257
2492.5482217357758
2491.541119503584
2490.424566078315
2489.8127886051066
2488.8700430657277
2488.041339311786
2487.3212356937397
2487.2089611679876
2486.7784272468352
2486.3079472955146
2485.7477151634616
2485.275466844879
2484.608045582021
2484.0675952673037
2483.4505757292604
2482.940172518933
2482.7150178891598
2482.5795147502076
2482.3546289000956
2482.2534216141007
2482.0521156153623
2481.935065399578
2481.818261684222
2481.7288236014674
2481.5964995789072
2481.503952851541
2481.364227281024
2481.3029887171847
2481.3029887171847
2481.3029887171847
2481.2710227262805
2481.235869460267
2481.2078114545343
2481.1666030514375
2481.1621491127535
2481.1274545100905
2481.0936193256753
2481.0651436945936
2481.0453535123215
2481.035613371184
2481.0199988346662
2481.0186752307154
2481.0019979066383
2480.9997771689264
2480.972635521385
2480.972635521385
2480.972635521385
2480.972635521385
2480.972635521385
2480.972635521385
2480.972635521385
2480.9664837503706
2480.9664837503706
2480.9664837503706
2480.965509342279
2480.9622100850193
2480.9622100850193
2480.9622100850193
2480.9622100850193
2480.9621337915123
2480.9621337915123
2480.9620535031263
2480.9620535031263
2480.9620535031263
2480.9609486339386
2480.9609486339386
2480.9609486339386
2480.9609486339386
2480.9609486339386
2480.9474022530967
2480.9474022530967
2480.9474022530967
2480.9474022530967
2480.9474022530967
2480.9474022530967
2480.9474022530967
2480.9474022530967
2480.9474022530967
3804.8575797171716
3526.97917153433
2913.32132345461
2795.0642145190855
2795.0642145190855
2767.9358787365372
2685.471932059335
2631.916306985556
2616.855885595381
2609.3787003532593
2602.527566664274
2589.338998312496
2581.0326242558667
2566.5674623318796
2557.8637600170086
2554.811638468939
2549.735949299009
2546.2699630006286
2540.621983727618
2534.7784971447245
2530.335509516584
2528.3885998334035
2525.5542869102037
2524.431175338787
2522.736187551884
2520.9672629169645
2519.6299893615974
2517.940967399963
2516.9105212436407
2515.794940042289
2515.0798214192946
2514.5229127990683
2514.222513736307
2513.972091516709
2513.5772159362173
2513.3606871595093
2513.1138610191265
2512.953473299875
2512.758903450475
2512.5769069177636
2512.4425658622913
2512.2965548282273
2512.151679238971
2511.8676456997164
2511.68305988186
2511.4065699312177
2511.160366140589
2510.778236230066
2510.3808312651536
2509.711340245236
2508.9678947895745
2507.8866029479686
2506.82100725566
2505.6562365925824
2504.355066670215
2502.897617026738
2501.6522889456983
2499.758832168019
2497.7030116559317
2495.2689041474055
2492.650394713737
2490.360502535423
2488.6222578707266
2487.0682994883446
2486.962167512368
2486.9132663879504
2486.771175876421
2486.7248783227237
2486.5727708667587
2486.4169448605858
2486.273880389856
2486.199601086984
2486.1090957265465
2486.066017348065
2485.97649114664
2485.931564873151
2485.802360005988
2485.5902028749797
2485.4138932009
2485.199375685973
2485.0061370048556
2484.8344680821415
2484.5394526541013
2484.249269621443
2483.8263992141997
2483.3761239854502
2483.0855906946013
2482.9491568653657
2482.9442494248756
2482.8559561259704
2482.8092157832552
2482.7803889843035
2482.739353270013
2482.7115408929058
2482.6921447246336
2482.6791325382387
2482.659522556057
2482.6364287637884
2482.607841589475
2482.587663115636
2482.5496201317937
2482.5259277038053
2482.498428156681
2482.4839389666126
2482.457658638797
2482.447562524019
2482.4151839279034
2482.394960173184
2482.346321691359
2482.2819672724754
2482.2485941829605
2482.2228719975856
2482.209294078568
2482.1761634241975
2482.1002608884214
2482.064060820899
2481.9833347960284
2481.9484323653464
2481.915343057591
2481.8869509794313
2481.798284816739
2481.7565151412155
2481.6994409683057
2481.672976429193
2481.591979913351
2481.4840760521356
2481.4335235950166
2481.3756253524016
2481.3590648872396
2481.3094692986906
2481.1870518424944
2481.1870518424944
2481.1870518424944
2481.089149160938
2481.089149160938
2481.089149160938
2481.081357551224
2481.081357551224
2481.0477137048074
2480.988102992341
2480.988102992341
2480.988102992341
2480.977353271571
2480.968948062687
2480.968948062687
2480.955998169173
2480.955998169173
2480.948923004362
2480.948923004362
2480.9456243972572
2480.9456243972572
2480.9456243972572
2480.9317008614466
2480.9152433032204
2480.9089718900545
2480.9089718900545
2480.893467753198
2480.8791100417207
2480.8736892107545
2480.8736892107545
2480.8676344779656
2480.8676344779656
2480.8676344779656
2480.8551898813193
2480.8551898813193
2480.8551898813193
2480.85491708108
2480.85491708108
2480.85491708108
2480.85491708108
2480.85491708108
2480.85491708108
2480.845933146769
2480.845933146769
2480.845933146769
2480.845933146769
2480.845933146769
2480.845933146769
2480.845933146769
2480.845933146769
2480.8369559797984
2480.8369559797984
2480.8369559797984
2480.8369559797984
2480.8369559797984
2480.8369559797984
2480.8369559797984
2480.8369559797984
2480.8369559797984
3804.8575797171716
3493.0813044754323
3067.6727334118477
2871.6808806190556
2757.149560314636
2750.1714570002837
2727.0830255286196
2700.268927665954
2690.155620772619
2655.998169819286
2648.459696242697
2640.689418945647
2630.211871206922
2628.971157049527
2625.8222026701733
2611.07924829868
2601.3149289983508
2586.7785287236957
2577.8989216839486
2570.702683488999
2566.137335263093
2559.967593112789
2552.338952715402
2546.983632201704
2539.2405467465433
2534.783131618852
2530.2553223569485
2526.7832267804956
2524.744041645007
2521.895239562422
2517.4704988887975
2512.3062283849927
2507.7347332468353
2503.1271302845607
2499.3980659625895
2497.39734825488
2495.5897124895437
2493.6982517017673
2492.6125757493514
2492.1510629873696
2491.678684442931
2491.0610092448587
2490.6482038176623
2490.4848180699455
2490.254141948378
2490.089962497461
2489.9348212753916
2489.767011616851
2489.5581456926234
2489.2010058981878
2488.967075230819
2488.635736077308
2488.2698617506835
2488.0909615149926
2487.983205065536
2487.826904820684
2487.400324172215
2487.059051102834
2486.6045219594926
2486.330402096996
2485.981183429861
2485.7839370373063
2485.522213282562
2485.4227195039407
2485.3874800224144
2485.373618635228
2485.2992663614123
2485.2531944297125
2485.1989494186073
2485.1673178154956
2485.140818467274
2485.116495089965
2485.060971847751
2485.036173927679
2484.987523753216
2484.9211075664816
2484.8902310310386
2484.851989411669
2484.8063029473847
2484.736163878275
2484.682893778486
2484.616712116682
2484.554791886464
2484.437278599611
2484.2544128182963
2484.1627109724304
2484.0098057266177
2483.790335780119
2483.678970503509
2483.5738558198286
2483.420885019832
2483.3062242368196
2483.202896558564
2483.041700889362
2482.9609240064547
2482.877850648277
2482.7648406382277
2482.631532647747
2482.44888694534
2482.2885759419005
2482.124869299798
2481.9767632897683
2481.6070120352233
2481.418804721257
2481.39848463301
2481.398109068475
2481.368717114203
2481.2812627262665
2481.2812627262665
2481.2567499022016
2481.2567499022016
2481.2567499022016
2481.2189171193054
2481.2189171193054
2481.2132748471654
2481.2072517850957
2481.206515772873
2481.206515772873
2481.205115198025
2481.205115198025
2481.189377623007
2481.189377623007
2481.189377623007
2481.187120561887
2481.181704881257
2481.181704881257
2481.16689177378
2481.161735249307
