3657.6465583471363
3394.263130993235
3305.63695181692
3006.1311815730805
2945.925082985164
2853.5705231093802
2803.5227567221455
2713.3975705239695
2682.7956852454704
2637.3604083241303
2619.3611620972247
2616.6964757713226
2611.1834959509506
2599.348449219541
2596.161028596527
2591.7601721212422
2582.452338943792
2578.00554756391
2575.6045706421314
2575.6045706421314
2572.2244566175177
2568.9585788959644
2565.1908984088086
2563.784911387393
2561.95582672255
2560.548337837692
2559.385412010507
2558.405172631183
2557.142838912051
2555.373666091382
2554.0841964052865
2552.4990378268376
2551.271935525134
2549.6584362169274
2547.1621759782506
2545.3722559361377
2542.154341424992
2539.477105047003
2538.2064457683623
2537.306207965829
2536.371031198457
2535.867799794699
2535.5791296967914
2535.247449474433
2534.9719899382953
2534.565287737955
2533.9783834249383
2533.3039733036367
2532.4575028003246
2531.6526138650884
2530.179713015773
2528.5407921676933
2526.4420821423087
2523.987779436364
2521.8841267482985
2518.747215381895
2515.7371367657693
2513.507396733834
2511.302917657388
2510.696870136631
2510.6298876756664
2510.5013059850685
2510.3462098123164
2510.0844626586863
2509.739474383154
2509.557808304104
2509.0119492853783
2508.2906773694403
2507.651952943828
2506.870062208219
2505.7828020193183
2503.837930629749
2502.223411783872
2500.1523371727853
2498.123730952262
2496.3194986580843
2494.842023899001
2493.641048805862
2492.7542921035283
2492.1966664030856
2492.066661565946
2491.9740688493293
2491.813385241956
2491.671761344587
2491.560652355936
2491.3646273344934
2491.246080040237
2491.0725462779537
2490.909907170704
2490.6918689099207
2490.532136759488
2490.346124962791
2490.2398984018937
2490.1203768759774
2489.9907036872073
2489.8673459213237
2489.7617793928
2489.6122563852527
2489.5372586289277
2489.406136683325
2489.2863874515556
2489.153296286817
2489.0278355761793
2488.89072065659
2488.7814011700893
2488.7185311016433
2488.652470155216
2488.5509959892684
2488.508241205559
2488.4068449540828
2488.3157497919665
2488.1605905587185
2488.002822292947
2487.881234226043
2487.768581337654
2487.4440045304973
2487.264686571716
2487.0507874664186
2486.796373810921
2486.5014924811358
2486.0805498392233
2485.778402369692
2485.5381677181804
2485.264120248872
2485.121976842416
2485.0194933265916
2484.9570292394774
2484.8992331427658
2484.8395205866236
2484.7909750069034
2484.68151654539
2484.6421092176124
2484.5615949874614
2484.49707750877
2484.4103384967625
2484.3288189328987
2484.241652664713
2484.142227634011
2484.064793793458
2484.006186011933
2483.9544996410777
2483.896470515957
2483.821366426295
2483.7653698030517
2483.654030908202
2483.5176192752624
2483.421705327069
2483.3608117071576
2483.3105492107766
2483.2331016009175
2483.060936191752
2482.938873177619
2482.8361354070275
2482.7489528968727
2482.594966621913
2482.420914726359
2482.337244735277
2482.2040204104733
2482.1186419691408
2481.769252805655
2481.672733475115
2481.541708055298
2481.475840772553
2481.426467945482
2481.426467945482
2481.314003677159
2481.2537179106853
2481.193461753011
2481.1400740034796
2481.11618457884
2481.0930119692316
2481.0866667027885
2480.9884889491864
2480.9884889491864
2480.9884889491864
2480.9884889491864
2480.9884889491864
2480.9884889491864
2480.9884889491864
2480.9884889491864
2480.9740954933704
2480.9537509894844
2480.937222902587
2480.931620268506
2480.931620268506
2480.931620268506
2480.931620268506
2480.931620268506
2480.931620268506
2480.913417336667
2480.913417336667
2480.89534922008
2480.89534922008
2480.89534922008
2480.89534922008
2480.89534922008
2480.89534922008
2480.89534922008
2480.89534922008
2480.89534922008
3991.6742910311395
3963.8510321261897
3631.4848142730107
3236.6275859070715
3085.1770812010104
2920.50423832965
2865.839260345092
2787.8413978183657
2725.7330705935033
2686.2898407894118
2659.6872118397764
2631.7371940124253
2618.3619784270318
2610.1358007015533
2601.9992288356307
2594.422335670767
2587.0826792264083
2575.92004444544
2568.270728948688
2565.5020313057958
2559.851014030515
2555.2565690148813
2550.587545169458
2547.7917563686196
2545.1472240217568
2542.07416767199
2536.762687474648
2534.5840677843976
2531.7477049146046
2529.5907209261586
2526.5319182412677
2525.3422833849086
2522.4276812678017
2520.6679342899088
2517.9966583269616
2515.6604592891376
2513.2135454643562
2511.0283971562985
2508.009168556018
2505.37758497577
2503.4924225576624
2501.8819603823686
2500.934759790129
2499.8651048001943
2498.5746252766958
2497.7696660691595
2497.109117669921
2496.5618070746923
2495.9294297602596
2495.6483108007264
2495.237049873417
2494.9812191371884
2494.321292268927
2493.8687493467437
2493.358097443402
2492.992746903077
2492.3724557548076
2491.8991942326375
2491.5001448063904
2490.9423818679525
2490.3401465022353
2489.1676478711793
2488.3833273563864
2487.3857919655698
2486.7176158927573
2486.5933979003476
2486.5933979003476
2486.553315767276
2486.3311325761783
2486.3311325761783
2486.2758431619905
2486.1473223151543
2485.9633764914915
2485.6618844166687
2485.433133547337
2485.260395206251
2485.1058506536683
2484.9565271738074
2484.8843357482438
2484.7528337176705
2484.6318045973994
2484.406964688046
2484.2779796483555
2484.0681753218564
2483.6961253556956
2483.610965012508
2483.5086234744767
2483.3686168754734
2483.178781465411
2483.110038185451
2482.9398478443604
2482.8707731444574
2482.5103351198236
2482.5103351198236
2482.383457937298
2482.1250320427816
2482.1020937867875
2481.9079514201353
2481.70494405528
2481.6841235083407
2481.529528643439
2481.529528643439
2481.529528643439
2481.529528643439
2481.4939082778224
2481.4781198615938
2481.4781198615938
2481.4671851019652
2481.391616723409
2481.391616723409
2481.362771330203
2481.326890718651
2481.326890718651
2481.326890718651
2481.288754849448
2481.1997921829998
2481.1429555758086
2481.1258510561543
2481.1258510561543
2481.1258510561543
2481.1258510561543
2481.0927258872807
2481.053751469487
2481.025710586037
2481.0102268810147
2480.9975898282637
2480.9974871721374
2480.9974871721374
2480.975803253028
2480.9622061495106
2480.9383500339295
2480.929849677492
2480.929849677492
2480.929849677492
2480.911329974677
2480.9001313001513
2480.9001313001513
2480.9001313001513
2480.8950610299676
2480.8835773373025
2480.8833568161326
2480.8833568161326
2480.8833568161326
2480.8833568161326
2480.8833568161326
2480.8833568161326
2480.8833568161326
2480.8833568161326
2480.8833568161326
4513.417164621851
4187.247294149438
3991.378271735716
3523.1866172102064
3312.1633996554215
3203.699764626813
3002.807715392377
2905.5399580492076
2834.055109903128
2774.902233156985
2744.5741856119744
2723.328807256998
2704.456541123117
2690.4839819672916
2680.4916510996595
2670.9677465946515
2664.594017822807
2660.328636644535
2656.521302703646
2650.555887569205
2644.963895759498
2639.90327811187
2635.4867145586227
2630.381025427976
2625.862068784452
2621.0986844298563
2615.537738449238
2611.26295941395
2606.614734284887
2601.9893398426925
2593.9900480026404
2588.2907226535053
2580.2112667840497
2573.3861208751878
2566.801558293724
2561.1317909290956
2555.517904965503
2551.1697571557243
2547.254418918637
2546.4697565127226
2545.7420133486326
2545.224290305096
2544.8993222080903
2544.7584977327106
2544.56464851725
2544.3437593577814
2543.733795355218
2543.6825367377087
2543.391689098248
2543.182464862566
2542.841727648571
2542.551816307974
2542.317976658018
2541.779139214336
2541.42605773621
2541.1413014469904
2540.9430766878745
2540.686166457359
2540.203004888688
2539.954893166555
2539.6570382740742
2539.2226259106988
2538.8992397538113
2538.269282001982
2537.5048092011257
2536.9674336865137
2536.0814563658773
2535.312620287977
2534.3542205148674
2533.3811994784805
2532.548304787817
2531.3087651071364
2530.174828655284
2528.7988350216147
2527.016153970899
2526.218349465146
2525.3367897273893
2525.2032847929004
2524.732280766412
2524.5117421318946
2524.2992943730937
2523.527749937839
2523.196832030073
2522.4000969026574
2521.6320924962433
2520.58364909452
2519.666028141375
2518.8225394211586
2518.335970143855
2517.8569522312114
2517.5751377657507
2517.2705939976245
2517.0574433103784
2516.7614637859606
2516.498268866939
2516.3107993984104
2516.005749290212
2515.7339834844
2515.438267085122
2515.12654733209
2514.864583400832
2514.5375970858886
2514.227696278902
2513.9316437626894
2513.440133196854
2512.8487106883545
2512.2977580214374
2511.7890513601965
2511.3568405091396
2510.8201460032387
2510.0916220395525
2509.210221312147
2508.0897629029555
2506.7093734884606
2505.1650847535925
2503.4871962051625
2502.3505802918166
2501.3287492578097
2500.8771527546223
2500.667980965969
2500.533107268513
2500.446270424343
2500.3367934249122
2500.1714694742514
2499.979841775323
2499.7974234190237
2499.589320570997
2499.383433389268
2499.2130484079166
2498.98966182318
2498.8103678504335
2498.5335775621606
2498.110473813771
2497.6627872844915
2497.281599343518
2496.919653424351
2496.4149310329167
2495.844088102608
2495.1741718570665
2494.503762335405
2493.543324683669
2492.8788841395512
2491.621980776924
2490.8595654717824
2490.2975486861224
2489.2245493072874
2488.7460474010004
2487.7635551800086
2487.501560955929
2487.394305859057
2487.31883207493
2486.887213201253
2486.887213201253
2486.796777992859
2486.796777992859
2486.796777992859
2486.796777992859
2486.796777992859
2486.790648535541
2486.659410916026
2486.610093949529
2486.509990334993
2486.2711170960633
2486.2219714161774
2486.15800028672
2486.103516970337
2485.8533146587956
2485.7947658841554
2485.6937224762873
2485.4731451387156
2485.095778323402
2484.5704023847034
2484.253834518526
2483.4770859184514
2482.6872343837995
2482.292654855341
2482.058808171731
2481.7202353627576
2481.655612082134
2481.524890194093
2481.4864721221006
2481.3592654048634
2481.2639651152476
2481.197295216403
2481.1022551791893
2481.100001608883
2481.083335279114
2481.083335279114
2481.0548306058904
2481.030637585816
2481.030637585816
2481.021922186205
2480.997246035441
2480.997246035441
2480.9783913084193
2480.9783913084193
2480.97262846337
2480.9694181118166
2480.9502282042417
2480.937354032628
2480.930556090886
2480.930556090886
2480.930556090886
2480.9239079743697
2480.9239079743697
2480.9239079743697
2480.9217936875034
2480.9217936875034
2480.9217936875034
2480.917018652888
2480.917018652888
2480.917018652888
2480.917018652888
2480.91561707466
2480.91561707466
2480.91561707466
2480.91561707466
2480.9068424563493
2480.9068424563493
2480.9068424563493
2480.9068424563493
2480.9068424563493
2480.9068424563493
2480.9068424563493
2480.9068424563493
2480.9068424563493
4513.417164621851
4190.820398073557
3811.4292696269363
3616.0143231010434
3316.3452775161704
3189.9791789426226
3053.9445971020405
2968.81451564318
2905.86241428452
2867.0220200902813
2848.240537844983
2809.7982035048412
2769.111875509287
2748.128250833239
2731.7496512684083
2705.790112464581
2691.8529056969237
2678.9070910938844
2671.4077803094187
2660.2396375305552
2648.9754657557382
2640.3950916657295
2631.1167277589016
2624.9459703228717
2621.6200284237384
2617.95365770711
2616.322230225428
2614.1818258631242
2610.9035692781804
2605.8028045722144
2601.641054892985
2596.1626811454917
2592.2047362273265
2588.5957021739314
2580.3712407842395
2577.3861186611316
2574.098495675881
2570.2184949760417
2565.470452632321
2561.659194276708
2557.4626371490676
2554.4621395808394
2552.185007202366
2549.6695095715477
2547.588302310404
2546.194318825189
2544.3117407697723
2542.3905507875265
2539.9444720594765
2537.2082325317547
2534.288408247669
2530.1533822517213
2530.1533822517213
2529.803500512341
2529.482094861651
2529.2118921210777
2528.89047878503
2528.65224449701
2528.2045885746434
2527.3980217334324
2526.916883498803
2526.5215346458062
2526.2545354745716
2526.010967538794
2525.4837364451623
2524.9649867131643
2524.054505441535
2523.474837315491
2521.9173816353978
2520.814054097134
2519.4926956252007
2518.7903758188722
2518.177568941651
2517.595217033733
2515.735176677558
2514.4438975922762
2512.4130720695985
2511.2657215443214
2509.4425098923302
2508.314196788005
2507.352128623884
2506.0089220221375
2504.1872979349478
2503.2732577819256
2503.2732577819256
2503.2732577819256
2502.9528057074126
2502.9528057074126
2502.9528057074126
2502.6414826979294
2502.517039407381
2502.0202262700404
2502.0139383364767
2501.110549431844
2501.093668720861
2500.6298410759214
2500.4132778050744
2500.1039495068103
2499.9577593897625
2499.8342699434447
2499.759116687392
2499.7402953496435
2499.645115142589
2499.645115142589
2499.645115142589
2499.20716652779
2498.83980649286
2498.5167308670098
2497.922141852232
2497.200345130274
2496.6264526052187
2496.039404358632
2495.5474350150166
2494.7899714631862
2494.096370415018
2493.789475271039
2493.619131573736
2493.449874517968
2493.1737506776644
2493.032582928447
2492.7910482508523
2492.5339891013027
2492.203284287755
2491.884192570514
2491.6220489454304
2491.3528459606623
2490.9908510016007
2490.4172542966116
2490.2389940779944
2489.8852440120827
2489.573629592626
2489.337294102916
2489.1817746366587
2489.044291889208
2488.8061688151893
2488.61032366481
2488.351351864512
2488.019924456967
2487.771317290794
2487.4405238462073
2487.0112466672936
2486.4293228983165
2485.7554465431176
2484.524625286913
2483.376582517745
2482.371667607412
2481.643575120652
2481.2666584116605
2481.1430867741933
2481.1003542540066
2481.0899172353656
2481.086462275488
2481.0460113538397
2481.0255001279415
2481.006262106531
2480.9850308316777
2480.9817898221395
2480.969649012344
2480.9690126560317
2480.9561730096207
2480.9561730096207
2480.9561730096207
2480.952426850432
2480.9327689710267
2480.9327689710267
2480.9327689710267
2480.9327689710267
2480.9327689710267
2480.9327689710267
2480.9327689710267
2480.9327689710267
2480.9327689710267
4513.417164621851
4461.214806629841
4021.8120176522507
3791.613951562472
3516.3619435030932
3320.322100957912
3152.1279197805793
3015.8321297403136
2951.0548516853496
2875.9779273656195
2836.7044831335566
2764.8016977182906
2714.014877009264
2668.3580935458685
2634.6397850290246
2600.5823475473644
2587.531417136651
2567.1452293267494
2560.2189441518053
2552.8018313859056
2545.098797506622
2541.6953992001563
2536.7384015442913
2532.808619294684
2528.8248632244786
2525.6474886351534
2522.9149411879102
2518.808004911533
2515.802180446231
2512.67898466377
2510.5455198743225
2508.435665259958
2506.2657816677893
2504.330577168983
2502.5489700868006
2500.1936373412686
2498.5593348848456
2497.3181097311062
2496.330746256803
2495.8235692566122
2495.3352603510057
2494.9969988047064
2494.746207246931
2494.5608967384123
2494.4172027430914
2494.282333857521
2494.2082377399256
2494.140808076015
2493.9730158255793
2493.6901752235035
2493.512610761976
2493.162944021905
2492.9959788786987
2492.68017776923
2492.42649509844
2492.2198483888424
2491.967650359525
2491.802920177275
2491.6594637581625
2491.464303338104
2491.3240331552224
2491.201050412453
2491.0386532032553
2490.8461498041456
2490.6121240773896
2490.4631079792503
2490.280381813051
2490.139347503011
2490.0311448047437
2489.942547287272
2489.7673533093434
2489.6752372224355
2489.5564684044302
2489.444204411693
2489.3206442717014
2489.2069473429037
2489.082948565694
2488.92271601225
2488.81140642383
2488.714988298747
2488.5415410400174
2488.4099842220708
2488.1981148522646
2488.036100200423
2487.961933601473
2487.7743706459883
2487.6345768803562
2487.432218229583
2487.300789634242
2487.052792122953
2486.841518712358
2486.6455220217226
2486.3652001316636
2486.2753669089225
2486.1957669164462
2486.0531204430163
2485.980113135149
2485.8258868542466
2485.8258868542466
2485.8179873957033
2485.8179873957033
2485.683082538735
2485.683082538735
2485.576647043703
2485.422203506118
2485.2854101203475
2485.177396344107
2484.954172417118
2484.8505427238388
2484.8160141109165
2484.8160141109165
2484.620791863808
2484.5759872889903
2484.5759872889903
2484.5326640192934
2484.514251981063
2484.310701801728
2484.240733082078
2484.1343190640678
2484.056726650503
2483.9580324717185
2483.8745917695232
2483.8298617434198
2483.703917641247
2483.569976768338
2483.2557176705895
2482.945151062943
2482.945151062943
2482.7583504859613
2482.633747245053
2482.5198582684084
2482.3646829892436
2482.172106899765
2481.917059785401
2481.808351016925
2481.7896825745306
2481.7527254756055
2481.719109405778
2481.638207352851
2481.5697096028916
2481.56069732928
2481.554258585579
2481.499705187524
2481.444487890766
2481.307667610309
2481.307667610309
2481.307667610309
2481.3000842124907
2481.3000842124907
2481.2926865845675
2481.288197208043
2481.2736178119085
2481.2506369211956
2481.2506369211956
2481.243439862163
2481.23848628326
2481.23848628326
2481.23848628326
2481.226016359968
2481.2192748868
2481.2192748868
2481.2192748868
2481.2192748868
2481.2192748868
2481.20298164757
2481.1925933156886
2481.180524892582
2481.167825092605
2481.167825092605
2481.167825092605
2481.1564207309016
2481.1564207309016
2481.1318868899557
2481.1318868899557
2481.111164183696
2481.111164183696
2481.0992510868045
2481.0992510868045
2481.07381790292
2481.0128122531896
2480.9739503389524
2480.95819965251
2480.95819965251
2480.93688480205
2480.9353355773455
2480.9148218801743
2480.9148218801743
2480.8923200734303
2480.8885809797757
2480.880758962975
2480.880758962975
2480.875549156094
2480.8627383949024
2480.8627383949024
2480.8627383949024
2480.8619270192958
2480.8619270192958
2480.8592172317076
2480.8592172317076
2480.8592172317076
2480.8592172317076
2480.8592172317076
2480.8592172317076
2480.8592172317076
2480.8550493545968
2480.8550493545968
2480.853176019311
2480.853176019311
2480.851000855013
2480.851000855013
2480.851000855013
2480.851000855013
2480.851000855013
2480.851000855013
2480.851000855013
2480.851000855013
2480.851000855013
4513.417164621851
4212.103528048992
3901.4097747223896
3496.990983413082
3401.3824952609516
3173.105192760753
3053.4208924625023
2935.8099361400955
2850.9772202965987
2758.0190168215804
2730.3869222434414
2703.258923718545
2687.373668649186
2669.689839370695
2658.3394374302425
2649.3250325100926
2639.7168034409656
2631.5602404201095
2627.08425515566
2621.695514045678
2618.704365215537
2614.4665796727954
2611.634909477013
2609.502818408503
2608.743598918303
2607.8687965795516
2606.7944397030515
2605.8688205395592
2605.3367416822243
2604.7311909944274
2603.54438754157
2601.3141470341666
2598.7741466969474
2596.5199185667802
2594.3435540986316
2592.2034499282368
2590.4702628916916
