4077.116326396457
3659.135510688019
3346.2359981632108
3046.329860465793
2978.2984941047425
2865.0098341735193
2761.532121674839
2696.4409601984144
2660.504762443217
2637.724835623102
2604.780964515089
2586.875768060406
2572.924298704444
2567.3501295933256
2563.3615788588904
2557.8824433778095
2551.848396156765
2548.8704931168295
2544.142071864028
2538.012328788317
2534.5120151061305
2531.5387379390995
2529.3962507324773
2527.342388199993
2525.2724460253653
2523.2761592460856
2520.5076618206613
2518.7382405540984
2517.7742975927476
2516.4126114330465
2515.115123067387
2513.938010476163
2512.9675049787347
2512.3079449786187
2511.5147351323176
2511.005257244564
2510.6924187582304
2510.173524380588
2509.8690960640142
2509.4969163818887
2509.277663357569
2508.5124504329897
2508.0656078502616
2507.4573916157665
2506.9401302287506
2506.232166068092
2505.4180757687413
2504.6742334502183
2503.98552830015
2503.268651494662
2502.4316580362124
2501.413411244435
2500.4149223986697
2499.1369241083835
2497.901677560352
2497.2114088307017
2496.727149312584
2496.380683695735
2496.182744337776
2496.077396004057
2495.8955424941028
2495.7317528623175
2495.5968581436114
2495.4501318314065
2495.3117728015677
2495.1601444514686
2495.0172567716504
2494.86805900624
2494.7362254579107
2494.5992455208698
2494.4406053320754
2494.2815654210094
2494.1417073437806
2494.003812481515
2493.8390029097877
2493.6648659738207
2493.504387634711
2493.3513892461624
2493.2617570791003
2493.1477706508654
2493.079306779844
2492.967938307044
2492.8451319010705
2492.7246565270816
2492.570609799808
2492.454146397649
2492.341329247288
2492.212510434465
2492.0562286626396
2491.9429585040025
2491.7768971325395
2491.605421884721
2491.432395437521
2491.2089023517046
2490.9063596230612
2490.569827222948
2490.117636069396
2489.4072786480797
2488.6882554376707
2487.999605201581
2487.3424538907293
2486.99745238136
2486.8976563249557
2486.885492261355
2486.882350146341
2486.8228424712374
2486.776634290656
2486.7229597054256
2486.6430307757264
2486.559500315631
2486.469180254982
2486.4183058277986
2486.2976101697836
2486.2109206878927
2486.11496125365
2486.012378290586
2485.8938213120323
2485.821618237705
2485.7551126390163
2485.6429837820147
2485.55321733617
2485.4518918858344
2485.2777777520428
2485.1420500802788
2485.001749408122
2484.8584820139354
2484.712227789252
2484.5059202423026
2484.317961489259
2484.1197208474246
2483.9290871711114
2483.673164245873
2483.2701535799
2483.019505146209
2482.6685355963937
2482.49109630148
2482.333300423032
2482.171721467798
2481.8446644137775
2481.8109431641797
2481.8109431641797
2481.8109431641797
2481.736502582522
2481.6235410734116
2481.516614491155
2481.516614491155
2481.516614491155
2481.411152881052
2481.411152881052
2481.3229043184597
2481.14303093551
2481.14303093551
2481.14303093551
2481.1224087980345
2481.120663818941
2481.120663818941
2481.120663818941
2481.1160635050205
2481.093846810056
2481.093846810056
2481.093846810056
2481.087966192845
2481.087966192845
2481.082734196393
2481.082734196393
2481.078032835262
2481.0546070042246
2481.0352636965026
2481.0352636965026
2481.0286299564427
2481.0249612786765
2481.0249612786765
2481.0247383641154
2481.0247383641154
2481.0247383641154
2481.0247383641154
2481.0247383641154
2481.0214143049584
2481.0214143049584
2481.0214143049584
2481.0214143049584
2481.0175818494085
2480.996254574001
2480.996254574001
2480.996254574001
2480.996254574001
2480.996254574001
2480.9822190578916
2480.972910857785
2480.9688085205535
2480.9688085205535
2480.96613036151
2480.96613036151
2480.96613036151
2480.956792281077
2480.956792281077
2480.956792281077
2480.956792281077
2480.955300704216
2480.9487431216853
2480.945753271121
2480.9449401662564
2480.944366626802
2480.9277305889213
2480.9277305889213
2480.9277305889213
2480.9277305889213
2480.923791752975
2480.923791752975
2480.916420952147
2480.9053781094094
2480.891821509083
2480.891821509083
2480.891821509083
2480.891821509083
2480.891821509083
2480.891821509083
2480.891821509083
2480.891821509083
2480.891821509083
4493.571655940961
4257.110072282383
3654.7706308022425
3174.790790035166
2982.7861372734287
2905.6134412357674
2810.062035055372
2761.480371911694
2732.2292226893333
2698.1500279214415
2685.0398289373607
2656.4835133387155
2637.147193354719
2616.1712357308047
2601.6697299397015
2590.717600125598
2579.095520568519
2576.034631145065
2573.345328963802
2569.921735784959
2566.8405485349313
2562.4017688818194
2559.4142498410356
2557.1463717480965
2554.798796251765
2551.5667168801865
2548.138858582815
2544.044624504223
2539.8276024304528
2537.985195996374
2536.39343436359
2534.6652395517312
2533.7895598992063
2532.774361944102
2530.748875090407
2529.0879527653547
2527.9351139683554
2526.759631208647
2525.5980768061618
2524.584652252276
2523.752478587836
2522.846132413092
2521.9903503963237
2521.3215659423404
2520.8039218471254
2520.3003861067214
2519.894309154664
2519.2757941263726
2518.713478793557
2517.8769773959984
2517.284200294793
2516.5697630052623
2515.8179146170864
2514.915332202221
2513.901476791869
2512.6229782879172
2511.517359081789
2509.9553557478876
2508.5600931918125
2507.148355115335
2506.111040652318
2505.2109689232566
2504.2140315214756
2503.302848958301
2502.28233271595
2501.4207272459194
2500.5919292363824
2500.018058595722
2499.752361180257
2499.5185402978464
2499.2272730885516
2498.9027695756686
2498.5266098396037
2498.3018321345658
2498.1149563354493
2497.9810946398443
2497.7808363532163
2497.406270813077
2497.1530426692516
2496.7626098616647
2496.337326735188
2495.84066881362
2495.1392095776687
2494.350776456532
2493.4508544932182
2492.131335921135
2490.8453673967488
2489.828815777661
2489.1720113899773
2488.8369339772626
2488.6372680366753
2488.5613109625606
2488.493626350671
2488.377449322797
2488.3269665195016
2488.270791358901
2488.1542631919706
2488.0169786872243
2487.8374031029443
2487.6756939489774
2487.4869722388735
2487.216754061003
2487.051932803398
2486.9043698431506
2486.7108990476845
2486.450291175681
2486.3038188830096
2486.080653348039
2485.6734438336644
2485.2396800969286
2485.0392138639027
2484.50921679482
2484.1031535796765
2483.6913914182624
2483.3805720669784
2483.052980053152
2483.052980053152
2483.052980053152
2483.0320197266688
2482.912388750482
2482.839859165203
2482.755997978028
2482.6998656043097
2482.672237693812
2482.643867384741
2482.594663532826
2482.5701599104837
2482.5405255642227
2482.4588652242282
2482.3484577864474
2482.1544592051314
2482.0923687642717
2481.8963286695202
2481.5530509424707
2481.3051779070183
2481.257876132615
2481.225490235506
2481.176885745198
2481.1080750079846
2481.0711187826337
2481.03404515946
2481.0288735362556
2480.9791883960856
2480.9737815795684
2480.97298917731
2480.9602442422824
2480.9407510004994
2480.935682806896
2480.935682806896
2480.933036748335
2480.895858291661
2480.895858291661
2480.879422293414
2480.8702525262656
2480.8702525262656
2480.861401304219
2480.861401304219
2480.861401304219
2480.861401304219
2480.861401304219
2480.861401304219
2480.861401304219
2480.861401304219
2480.861401304219
4493.571655940961
3969.8513590692787
3710.122323371635
3196.8570227645487
3081.428140829106
2927.8430159271606
2839.402002446858
2769.354171922955
2714.7607758264976
2693.8470248885405
2656.518819650543
2656.518819650543
2643.194199212314
2628.883337757873
2618.7791408672924
2611.13386723488
2600.944684575994
2592.446731785305
2585.8705139078293
2581.2144987135716
2578.31487420495
2574.336323195337
2571.7408382344083
2569.103531682691
2566.957783490167
2565.2372943308906
2564.313367635099
2562.736285073256
2562.553747302324
2561.561661518756
2560.4298589855416
2559.508817650796
2557.8471429119977
2557.341688832784
2555.391961375858
2554.2268251725955
2552.2593488144003
2549.649614557397
2547.153821440557
2544.623477589278
2540.9685055085956
2537.9049547063632
2535.369522647767
2533.1030079619973
2531.1837815068
2529.5989664456274
2528.1060409993606
2527.229272965348
2526.1885133812766
2525.57484497706
2524.7628590496665
2523.8926200555775
2522.6980667094012
2521.2967191833595
2520.1227068436992
2518.45105814814
2516.299075958797
2514.428840224245
2512.349296000546
2509.965800680973
2507.3955045067296
2503.280866241346
2499.9352066110077
2496.467164192214
2493.265582703487
2490.625912357221
2488.9866941200235
2488.316918059434
2487.696982510736
2487.382253001812
2487.2662663024594
2487.204299660816
2487.074719511381
2486.924973208808
2486.745416121414
2486.627528779355
2486.4657438718637
2486.391670510391
2486.301534446967
2486.2613355970543
2486.1727395983694
2486.124762692463
2486.0550614784866
2485.9721208473475
2485.900977638928
2485.824992694328
2485.764527265566
2485.698627462696
2485.630315023516
2485.577086262605
2485.4429459469825
2485.3556252322273
2485.210863573325
2485.088875683261
2485.0012865402778
2484.914633998929
2484.8134509699935
2484.7187626118216
2484.6274922251005
2484.514674870852
2484.4201175366106
2484.3331187883414
2484.2331114281697
2484.172128617538
2484.0951483543904
2484.018605112572
2483.916039207941
2483.824834432697
2483.6897075520624
2483.6227126033054
2483.400967954221
2483.3081923825175
2483.226646162468
2483.0422153299405
2482.860478785454
2482.715710762106
2482.5714350240382
2482.549678326686
2482.516934731382
2482.498868301818
2482.4262477031593
2482.350292222336
2482.2280499922445
2482.1358746849937
2482.0683107536142
2482.033835259868
2482.001208130928
2481.9378557553605
2481.8532706333403
2481.8532706333403
2481.831953114398
2481.8229800418517
2481.7522648050317
2481.693693803112
2481.626467078229
2481.545436767998
2481.4506575745236
2481.373311613596
2481.3089444752586
2481.25085473187
2481.2027011172004
2481.1631194465317
2481.135716411644
2481.1251274665674
2481.1028727555836
2481.097352034866
2481.0669681140616
2481.0645773329
2481.060225645237
2481.028458644246
2481.028458644246
2481.0228464309016
2480.994851565708
2480.974770979481
2480.974770979481
2480.974770979481
2480.974770979481
2480.9500508277642
2480.9367308109076
2480.936120630789
2480.936120630789
2480.936120630789
2480.924788351976
2480.924472544982
2480.924472544982
2480.924472544982
2480.924472544982
2480.923937124585
2480.913869690153
2480.913869110855
2480.913869110855
2480.913869110855
2480.913869110855
2480.913869110855
2480.913869110855
2480.911409252329
2480.9080677359734
2480.9080677359734
2480.907760222653
2480.907760222653
2480.9034768866263
2480.9034768866263
2480.9034768866263
2480.9034768866263
2480.9034768866263
2480.9034768866263
2480.9034768866263
2480.9034768866263
2480.9034768866263
4493.571655940961
4152.871657830918
3669.5294918470418
3155.840290406926
2961.117885608229
2863.029023095668
2825.658260562653
2803.169286907398
2770.1373769823076
2722.6126074301774
2703.024073026478
2669.678650395162
2653.235657815633
2638.343524596807
2616.2244153816746
2601.6680661506975
2587.0355583487153
2573.8654380809107
2563.825722546262
2558.1099216603725
2550.132602429879
2546.7062794838807
2546.7062794838807
2544.7752774959504
2541.543097107135
2537.3317040292045
2535.8761532929757
2531.277554186744
2528.1564264181707
2525.481831637906
2523.4175770969405
2521.5628100114686
2519.918579992562
2518.4333183627286
2516.638510998015
2514.877790556063
2513.5254891758714
2512.3683633216788
2511.8057610920655
2511.088723606949
2509.9646206761186
2508.6562680865077
2507.6333382442745
2507.6333382442745
2507.4685276343184
2507.294486316045
2507.216379516233
2506.9734001264205
2506.803801769335
2506.6746189026394
2506.582724772434
2506.433964515585
2506.293985099167
2506.038020771334
2505.7916862034485
2505.5792005339154
2505.49750821339
2505.2963567528745
2505.1428722293513
2504.9755988118904
2504.770906992141
2504.542033404633
2504.297670282958
2504.0640533958485
2503.742726180444
2503.3194839533035
2503.0608149626405
2502.526442064369
2502.171283486525
2501.773848528337
2501.4439443259366
2501.0637279418124
2500.7418809437504
2500.3784269825615
2500.062485801853
2499.5199264563275
2499.1893748809384
2498.781918381797
2498.402384555764
2498.1357599193634
2497.725071111436
2497.214520265197
2496.6327261459433
2496.1374175046126
2495.5538350929887
2494.9846834156
2494.0121131597225
2493.288415972117
2492.6659871668076
2492.1866260800984
2491.3380422903683
2490.4539922119534
2489.6219294687244
2489.2597877334574
2488.7966351655377
2488.664188711042
2488.645259186226
2488.5950583166627
2488.5622517196102
2488.504555453551
2488.491259588759
2488.449785580463
2488.4137096066356
2488.334597711668
2488.260359765005
2488.199713982784
2488.1227973186533
2487.9625866129395
2487.734436408415
2487.6168781044266
2487.6045656492447
2487.474070546022
2487.3255042353508
2487.2092341386406
2487.1281375596877
2486.9276239722576
2486.81545895647
2486.66194675316
2486.416334911256
2486.2555250804703
2485.9130440965114
2485.6707726651607
2485.482961867112
2485.2153998950184
2484.9994612329942
2484.700257430479
2484.523247301302
2484.2493446268354
2484.1363205777625
2484.0440018216927
2483.9950222824486
2483.9426717770043
2483.920079989486
2483.8980096285813
2483.8637871503315
2483.793146405334
2483.788912789484
2483.5709419250647
2483.383417570854
2483.2091416871785
2483.1805992026066
2483.15085681178
2483.1116388641794
2483.073504374075
2482.9167409493953
2482.5787990060353
2482.253910820372
2481.980155846438
2481.8110226078015
2481.689356883695
2481.5299966495263
2481.5179450129685
2481.5179450129685
2481.4689978381853
2481.430364252594
2481.430364252594
2481.3901700617666
2481.3901700617666
2481.3899657667002
2481.3611816595885
2481.3611816595885
2481.3611816595885
2481.328001037297
2481.328001037297
2481.3053413576154
2481.29312185599
2481.2647956136984
2481.2647956136984
2481.2606320727145
2481.2277658941557
2481.2129144160435
2481.2004377174994
2481.156320549711
2481.110987950127
2481.0390339295855
2480.9849337644105
2480.953831149297
2480.9346870016398
2480.923020532044
2480.911831077011
2480.9110706310216
2480.8841601480103
2480.8821937631246
2480.873331290819
2480.873331290819
2480.865180598488
2480.8540289652547
2480.8540289652547
2480.8407479888783
2480.835219761166
2480.835219761166
2480.835219761166
2480.8348506253824
2480.8348506253824
2480.8348506253824
2480.8336289839717
2480.8336289839717
2480.8336289839717
2480.8336289839717
2480.8336289839717
2480.8336289839717
2480.824531707703
2480.824531707703
2480.8234613775217
2480.821002105835
2480.821002105835
2480.821002105835
2480.821002105835
2480.821002105835
2480.821002105835
2480.821002105835
2480.821002105835
2480.821002105835
4493.571655940961
4247.892173175811
3878.478698582694
3357.1496187128737
3019.4546396532296
2952.232578068704
2890.6670259191364
2816.6419139612426
2778.9026400991074
2716.054481399801
2669.240756343662
2641.411336514926
2629.7755753130236
2621.137066503208
2616.240672900806
2607.735821772272
2598.791961749424
2589.978668944878
2581.8203852399856
2581.180637532622
2576.6406726560513
2572.9536604780933
2570.277013190017
2566.4078901820353
2562.3328996641712
2559.1350135205926
2557.0130051266033
2554.9262614586205
2553.2133963904953
2550.8046453491697
2548.876135959386
2546.665160289326
2545.944205799753
2544.714136019121
2543.3413716134437
2539.700255629072
2535.5962555269693
2532.5687483337865
2529.7499993163665
2526.387979327635
2523.848383788535
2523.041979633394
2522.6743897333786
2521.767802162769
2519.934790671201
2518.0894556743997
2515.678659111089
2512.497132862289
2509.4898705500727
2506.3865455633586
2503.3845743980582
2500.1568404823583
2497.413013912414
2494.977870043457
2493.021006210215
2491.692332465247
2490.78090769333
2490.1845278250803
2489.99158621303
2489.8094998021543
2489.614554246382
2489.481333536845
2489.406129231159
2489.2947163095846
2489.1500641937505
2489.0269095633853
2488.861424926734
2488.7394403960334
2488.5545395229315
2488.4005046204616
2488.266783424714
2488.122536159629
2488.002973255283
2487.8444761884366
2487.733179779995
2487.6099046859367
2487.4752258906547
2487.346483668725
2487.244194264932
2487.0894118905753
2486.9884370627824
2486.855461352257
2486.7451324153276
2486.6033008188488
2486.476143746434
2486.309802955021
2486.1128600630823
2485.9577443900293
2485.8303200760465
2485.7342945487276
2485.653894606861
2485.490735081008
2485.3707607980855
2485.169846996784
2485.027100000979
2484.80964138882
2484.6894513852108
2484.6105024297517
2484.392641005812
2484.259319573473
2484.102322408609
2484.0562259681988
2483.8476748667226
2483.8310297560643
2483.6816518522846
2483.5948883504198
2483.4211362237534
2483.222789478615
2483.1113587822138
2482.987651701678
2482.8875838229965
2482.8666944642246
2482.7836153015173
2482.6032068051604
2482.3888432571007
2482.3537830239584
2482.3537830239584
2482.2843862168916
2482.2843862168916
2482.271670160411
2482.253218622709
2482.2244973744437
2482.168521449632
2482.141190245833
2482.141190245833
2482.1314136319143
2482.1008638977282
2482.089819183204
2482.043512347841
2482.019137449415
2481.9708499552926
2481.8925217286383
2481.7725274771856
2481.669656417205
2481.6003035120093
2481.513072165651
2481.380417799255
2481.315411400624
2481.305931402889
2481.305118472962
2481.3035654112127
2481.272913692366
2481.272913692366
2481.2556410326442
2481.2556410326442
2481.2527895222247
2481.2527895222247
2481.245712020846
2481.2288547673375
2481.2288547673375
2481.214527393984
2481.2102868504558
2481.2102868504558
2481.2102868504558
2481.205977806309
2481.203392942803
2481.1913371179676
2481.1913371179676
2481.1913371179676
2481.1854400554103
2481.1736482092906
2481.1736482092906
2481.1611631513983
2481.1611631513983
2481.1611631513983
2481.1588222236783
2481.1540523006925
2481.1530149845944
2481.1530149845944
2481.1443309653705
2481.1443309653705
2481.1443309653705
2481.1443309653705
2481.1443309653705
2481.1443309653705
2481.1443309653705
2481.1443309653705
2481.1443309653705
4493.571655940961
4213.919446365217
3756.0628261950224
3224.9377358965617
3043.9194167758496
2892.8706440188143
2789.795967361668
2715.1896000194333
2653.181283560578
2618.4089158743623
2591.6143873146075
2573.7544174618065
2567.1395773794434
2553.34224781349
2544.529072890152
2542.1649977767383
2532.849301655213
2530.0177124157644
2526.5199830993365
2523.9342849417453
2523.261676325616
2520.356007038326
2519.06092768511
2515.7876885053433
2513.9177113992855
2511.9123240394792
2510.622337200941
2508.193248047422
2506.047530680748
2504.487193675652
2503.198801806707
2501.7677915704444
2500.4306534619086
2498.9546050545255
2497.914985654162
2496.858131103879
2495.4479086792167
