3478.8987897134016
3108.834803333841
2871.1350586936105
2672.6071588285013
2650.8993885328055
2636.480053930326
2606.9603208830977
2602.5497564616808
2602.5497564616808
2583.7079197038156
2569.46897980431
2563.0444518203963
2553.0134229592995
2549.020853498596
2542.252807508161
2535.1869161794366
2533.5427264616587
2521.448932509071
2516.2368566625064
2512.609389117064
2509.6607264399445
2506.100007134096
2502.7389164990063
2499.2582468376067
2495.9599405910694
2495.146095693139
2493.906547490996
2492.9337845305267
2491.7868922352736
2490.6368019743613
2489.7754306288452
2488.924501030019
2487.533001027983
2487.064034990694
2486.2138786566466
2485.796558534178
2485.4441164874033
2485.19406631942
2484.9345076113086
2484.7565976426094
2484.5645330960656
2484.3561317773956
2484.1970104018046
2484.033509920226
2484.033509920226
2483.971041731171
2483.903210774856
2483.886024318123
2483.747392888372
2483.734428120691
2483.7337083053453
2483.611085407782
2483.569176067589
2483.4866267908415
2483.4372865961277
2483.3773732686655
2483.320658543382
2483.252730190697
2483.1946834786745
2483.1096830478286
2483.088806231402
2482.934240617103
2482.671945364554
2482.4954544712214
2482.4008518955434
2482.2915670681673
2482.125198763514
2481.866582548412
2481.866582548412
2481.79188371479
2481.79188371479
2481.688807959731
2481.688807959731
2481.688807959731
2481.684837318485
2481.671438513833
2481.6377797538767
2481.6188800436453
2481.6000087402776
2481.5531426592
2481.5531426592
2481.5264110768876
2481.50559062073
2481.50559062073
2481.4819517662027
2481.445789518104
2481.396562024377
2481.3612888331913
2481.309800993524
2481.289642419037
2481.2462713033156
2481.1896932711747
2481.1518795444135
2481.144288470685
2481.1090796614762
2481.097961869992
2481.097961869992
2481.097961869992
2481.084794009068
2481.084794009068
2481.084794009068
2481.084794009068
2481.077679790875
2481.067805871533
2481.06308218228
2481.06308218228
2481.06308218228
2481.06308218228
2481.0623253714994
2481.055992905568
2481.0473601719236
2481.0415175259072
2481.0415175259072
2481.0385590419096
2481.038532480105
2481.032895201298
2481.032895201298
2481.032895201298
2481.0185999051855
2481.0185999051855
2481.0185999051855
2481.0185999051855
2481.0185999051855
2481.0185999051855
2481.0185999051855
2481.0185999051855
2481.0185999051855
3595.304517065132
3593.7507530430685
3355.518828194832
3056.3431672928364
2936.6561426540793
2906.1148362399795
2801.154920910305
2702.2162003806184
2666.300422505654
2647.6909358889375
2647.6909358889375
2643.2040211375834
2631.656532612331
2623.2739124889713
2611.404754283742
2603.115346353339
2595.759188962626
2586.094337033989
2581.049469294238
2575.649191087726
2568.610106756477
2563.631588035752
2560.5129257961926
2557.7224232682065
2554.577680912049
2553.371918269188
2549.3370760250173
2546.5032339157806
2546.353750964351
2542.263760349471
2539.4153538469873
2536.897526090418
2534.5650190492142
2532.825570842743
2530.9367933458025
2530.16401995039
2528.8131131070936
2527.376799028755
2525.7479923531846
2524.133025653299
2523.2135703967624
2522.269295120357
2521.1163061586667
2517.6430760312996
2516.0874749871327
2514.23501163543
2511.6864298345427
2510.8017069597213
2509.272443318878
2507.9564087990307
2507.9564087990307
2507.625010655023
2507.465625645323
2507.465625645323
2507.3519594909226
2506.9261385168084
2506.78513543127
2506.1753181454073
2505.8830977578255
2505.492276967629
2504.988059790359
2504.1791538527905
2503.2768793393752
2502.400638205398
2501.413475947564
2500.600334979888
2499.9865550268
2498.842740394638
2497.705447254292
2497.0033218609433
2496.4158664750157
2495.96208982483
2495.511064595196
2495.14356704309
2494.85554884061
2494.6617903441906
2494.619842028521
2494.566479468692
2494.4277196394505
2494.286750291876
2494.161670935441
2494.054395257995
2493.5679748096304
2493.000217304183
2492.4842744956086
2491.7851391594554
2490.9460966627544
2489.796352421932
2488.511377293074
2486.5608659058144
2484.714533458784
2483.315501461773
2482.2236078785104
2481.6905387534925
2481.6905387534925
2481.5543083406997
2481.531656878871
2481.4266559293906
2481.3876554735307
2481.274745356237
2481.2036286120538
2481.1959563284945
2481.1808668231174
2481.14749980694
2481.1158354872427
2481.1147263582866
2481.1027799847
2481.1027799847
2481.0961576270815
2481.060055883817
2481.048389353845
2481.048389353845
2481.048238750343
2481.036543329069
2481.023659641416
2481.0214606967156
2481.018066921387
2481.018066921387
2481.018066921387
2480.9942555935104
2480.9942555935104
2480.9942555935104
2480.9942555935104
2480.9942555935104
2480.990513421992
2480.990513421992
2480.988368614339
2480.981369878989
2480.981369878989
2480.981369878989
2480.981369878989
2480.981369878989
2480.977272139051
2480.9745925275306
2480.9745925275306
2480.971562613434
2480.971562613434
2480.971562613434
2480.971562613434
2480.971562613434
2480.971562613434
2480.971562613434
2480.971562613434
2480.971562613434
3595.304517065132
3174.255084657487
2994.261321704446
2938.746175938346
2747.1002414868976
2744.9907134907207
2711.3687920970074
2692.775400388826
2682.9052331475277
2656.4342602921106
2650.937261376233
2642.1148281402725
2628.832615723998
2628.832615723998
2625.5764828373044
2620.8491538778835
2617.402896303292
2603.9904459470413
2598.0395081784304
2589.8820359006304
2583.7333981036936
2575.777835663808
2569.6227215713916
2565.57112365997
2563.38980297649
2560.5666499899035
2557.8310083387964
2553.7290206264615
2550.530998658023
2545.972927891812
2542.1323171095787
2538.1824230975617
2534.4429233962146
2530.158502808527
2527.7251342142545
2525.071520305384
2522.488592038673
2520.9203896782683
2520.703603075685
2519.6283046039553
2519.0721943226954
2518.5422457971295
2517.9848556004467
2517.392937718505
2516.9285130015883
2516.3773164510994
2516.253275004592
2515.6713599636378
2515.3699067341136
2515.038327541147
2514.7930753318633
2514.426569141238
2514.1549507191285
2513.950211047238
2513.719522715089
2513.450528545296
2513.193757079736
2512.924717573731
2512.6567797499083
2512.403279235154
2512.1713467067257
2511.996530470962
2511.8294283480163
2511.682334324425
2511.5248263197554
2511.4066220854515
2511.251777759967
2511.1012203542127
2510.908519065149
2510.7552234257505
2510.6327514160876
2510.519093205936
2510.4036314888767
2510.284315831219
2510.124029228924
2509.899335444948
2509.6438812657243
2509.391922865416
2509.2165189036277
2508.998018881552
2508.7862718564625
2508.633959777017
2508.4496124984425
2508.340370217734
2508.1858127999767
2508.0484521781536
2507.8959647956244
2507.707529084918
2507.510653185294
2507.316682949447
2507.1557396522207
2506.909698449185
2506.6887249883675
2506.332484363134
2505.998130963874
2505.756384152374
2505.4187608886505
2505.143362078648
2504.8535995024977
2504.608035007858
2504.292066128037
2504.1234854648296
2503.7370444031876
2503.4691150055774
2503.111399102
2502.6472479238537
2502.2746004810383
2501.779033532357
2501.3301688308807
2500.7101687027616
2499.9242275189963
2499.4168060838797
2498.4839166769507
2497.7098901227173
2496.947441020965
2496.2890650766667
2495.1064356793454
2494.204820981435
2493.024644388643
2493.024644388643
2492.7084867862045
2492.7084867862045
2492.7084867862045
2492.6832164185207
2492.507687971409
2492.459478770781
2492.459478770781
2492.324572177839
2492.2302823171076
2492.1679786905133
2492.0480255335115
2491.992748154449
2491.9410233218696
2491.7974467728905
2491.543283105664
2491.1932761639755
2490.985141698686
2490.623744149754
2490.5022645274366
2490.427552059325
2490.3415202390815
2490.2871073330666
2490.1625607349124
2490.021762072524
2489.773098026112
2489.5703343412183
2489.382945136086
2489.2211613023705
2488.9352601086907
2488.748679303427
2488.5170304792578
2488.2937431269647
2488.093092395223
2487.902955704491
2487.656457983897
2487.2685874260915
2487.033312802212
2486.6466553640216
2486.315121580393
2485.912486275708
2485.5378696346825
2485.2512036367
2484.8223073102067
2484.441310519362
2484.1026796106244
2484.074336939106
2483.8958747296083
2483.8722787859415
2483.8722787859415
2483.7437275354205
2483.7437275354205
2483.653837147485
2483.63673712855
2483.6148444664727
2483.406656252302
2483.3277355460077
2483.231442392827
2483.1665404999458
2483.0892150094032
2483.056585211369
2482.98430910657
2482.9381026637584
2482.8985799068405
2482.8036314798233
2482.5138532743667
2482.390224837826
2482.0938564641565
2481.708197133904
2481.5843167065086
2481.3090140963127
2481.3052001709466
2481.2861581923053
2481.2793213945315
2481.244444183464
2481.2257662146817
2481.1694248246467
2481.1694248246467
2481.1545253656514
2481.129264194593
2481.101938420697
2481.0694698600596
2481.033186188988
2481.011965586784
2481.004785999823
2480.994003971507
2480.9919814504483
2480.9779269466144
2480.9478600850985
2480.9299920027356
2480.922885486836
2480.922885486836
2480.922885486836
2480.922885486836
2480.9056104973583
2480.904588243287
2480.904588243287
2480.901307761489
2480.901307761489
2480.898904292431
2480.8961741589105
2480.8961741589105
2480.886229565446
2480.8689129045633
2480.8688378577967
2480.8688378577967
2480.866410327408
2480.866410327408
2480.866410327408
2480.8636469168996
2480.862907799302
2480.862907799302
2480.8599878636446
2480.8599878636446
2480.8599878636446
2480.8599878636446
2480.8599878636446
2480.8599878636446
2480.8599878636446
2480.8599878636446
2480.8599878636446
2480.8596263007603
2480.8596263007603
2480.8596263007603
2480.8596263007603
2480.8596263007603
2480.8566276563997
2480.8566276563997
2480.8566276563997
2480.856562937677
2480.856562937677
2480.856562937677
2480.856562937677
2480.856562937677
2480.856562937677
2480.856562937677
2480.856562937677
2480.856562937677
2480.856159322663
2480.853099118383
2480.853099118383
2480.853099118383
2480.853099118383
2480.853099118383
2480.853099118383
2480.853099118383
2480.853099118383
2480.853099118383
3763.7682024526607
3763.7682024526607
3530.2725007516983
3150.2700008864613
2872.474641363362
2790.8689931910626
2750.8227853708036
2739.2578383102814
2710.549380958728
2698.7635798095325
2681.7902857337162
2659.7838276821335
2646.566752224267
2637.7444336040776
2625.376638899669
2616.333955200849
2607.6478902649133
2601.3399591502252
2593.702832813422
2583.3856749319516
2577.1403212064797
2566.854505174355
2558.6495794824737
2550.907685586631
2547.2103667275574
2541.843634929019
2537.5956652730697
2534.021543533109
2528.927324857406
2527.314711921083
2525.009840537056
2523.2129704440517
2521.791018500143
2520.6276233151166
2519.8558575022785
2519.5444837296036
2518.798094299483
2518.2038409496004
2517.893515572808
2517.5786394848333
2516.93516251438
2515.8355325965485
2515.063490956087
2514.1508413374177
2513.12831681758
2511.4768532039348
2510.034883523347
2508.075783473951
2505.495879176753
2503.4347294275312
2501.3806255696313
2499.6410613169905
2498.095736903222
2496.920178004596
2495.9464934175053
2495.2755377787353
2494.956960433673
2494.805567454365
2494.608910044565
2494.3811778852228
2494.0598771387777
2493.76444872558
2493.5707510884126
2493.28090962144
2493.100255404799
2492.8737955052457
2492.653795378428
2492.5765557373825
2492.4025822019566
2492.189073023814
2491.9171797054914
2491.714327254618
2491.5078117050607
2491.388908514362
2491.146893444028
2490.75069939023
2490.424902922276
2490.066477356261
2489.6829546088666
2489.384825061547
2488.9415789802874
2488.6205358294064
2487.9973924130777
2487.931953414753
2487.8168846287376
2487.8168846287376
2487.731095417261
2487.630957218434
2487.5227032632024
2487.425625378432
2487.3016679074303
2487.163721850874
2486.8962922486244
2486.7448133740986
2486.692050103367
2486.4146258302117
2486.136523573734
2485.9781809633655
2485.7152482593756
2485.5242672197073
2485.408801555859
2485.3642374939827
2485.3404603307845
2485.07879194598
2484.5853069026844
2484.4134377973537
2484.182589497227
2484.1447728523253
2484.0118568157604
2484.0118568157604
2483.4625121456907
2483.3512857986984
2483.1191484044825
2482.927668918382
2482.610948604768
2482.567216188307
2482.3680129547824
2482.0702556001575
2482.036873424614
2481.8141202055485
2481.6741971278993
2481.519688391027
2481.497030372323
2481.3747130775337
2481.3264620058444
2481.302908547256
2481.25039704582
2481.179671400294
2481.1766769460883
2481.129189604728
2481.129189604728
2481.1283574598137
2481.075276521985
2481.0568634285337
2481.0568634285337
2481.048503447312
2481.048503447312
2481.047962469154
2481.044055903221
2481.0128985044907
2480.991449221602
2480.991449221602
2480.9803824941537
2480.9803824941537
2480.967435555584
2480.967435555584
2480.913057308938
2480.913057308938
2480.906267588984
2480.8788841988116
2480.845296654792
2480.845296654792
2480.845296654792
2480.845296654792
2480.845296654792
2480.845296654792
2480.845296654792
2480.845296654792
2480.845296654792
3763.7682024526607
3763.7682024526607
3662.1113739035986
3083.8516539138236
2933.9985072249383
2856.89472825282
2800.1689055229713
2727.494395755475
2698.700808453486
2672.3796443041238
2654.0442446919933
2642.798850792165
2627.5780587952117
2620.720858422402
2616.9387544731976
2615.529905535892
2609.83888774843
2605.0410704679794
2601.578485549769
2593.1118999395894
2583.0550660111953
2574.6367788071866
2569.074575567255
2560.3779234244507
2551.4130998065357
2544.611367605129
2536.4848983527445
2530.7321907166006
2526.1466899514508
2522.466499169515
2520.7700182260955
2519.2551723038528
2517.893195853181
2516.646270554747
2515.2419550298173
2514.324010024414
2513.2804175245724
2512.655739412177
2511.655528931605
2510.5448954908093
2509.215754028468
2508.3582235767803
2508.265838378549
2508.017284075576
2507.878936527104
2507.5463156937467
2507.1678487752324
2506.929596589094
2506.6914701458786
2506.4624843629645
2506.2515130089405
2506.0746716294525
2505.8802727088214
2505.6128464780004
2505.3562310861735
2505.014695128503
2504.371492607648
2503.6964576120504
2502.8646458875837
2502.0045941049384
2500.2783469111837
2498.1551679352924
2496.2102593691475
2494.383681905785
2493.1076177242453
2491.942760068209
2491.1143933558765
2490.7620409764572
2490.641412836924
2490.57797175335
2490.482149678904
2490.2993792528687
2490.160102169035
2489.995608588199
2489.8291853447968
2489.7427009603903
2489.5407246586137
2489.3328416410613
2489.099371305348
2488.858815421725
2488.6269257566014
2488.4437156545337
2488.285962611613
2488.1626291411185
2488.0238327729303
2487.8745153848026
2487.7284403074077
2487.6376517517256
2487.3808356664654
2487.207080701504
2487.0277808581823
2486.8177524704292
2486.646601445743
2486.436147196575
2486.161374131465
2485.9673354131155
2485.681873810518
2485.3829934138403
2485.084301576281
2484.7799483797894
2484.3302749866707
2483.929237361833
2483.6373168958253
2483.379009559178
2483.1625082961646
2482.8103354746277
2482.8103354746277
2482.569982197986
2482.4834271082586
2482.2439081372772
2482.0691880671056
2481.9603066761856
2481.870858498264
2481.7020376159667
2481.7020376159667
2481.69229337645
2481.5371451222727
2481.5371451222727
2481.4966279544615
2481.4912413103943
2481.413237478646
2481.376487519773
2481.2861853742265
2481.2861853742265
2481.231960664295
2481.231960664295
2481.1182539311058
2481.1149636732875
2481.1149636732875
2481.1149636732875
2481.095852256218
2481.0596322539486
2481.04064346177
2481.04064346177
2481.0154054245804
2480.9964981429134
2480.983936980469
2480.97853034309
2480.97853034309
2480.97853034309
2480.976814525871
2480.969696469173
2480.9672626697493
2480.9672626697493
2480.958705116126
2480.958705116126
2480.9564949991127
2480.933573901025
2480.914836446363
2480.914836446363
2480.8994316129583
2480.89853143586
2480.88763854993
2480.873263362325
2480.873263362325
2480.8598798218545
2480.8598798218545
2480.8528394752266
2480.8486151184447
2480.8486151184447
2480.8336426570763
2480.8336426570763
2480.8336426570763
2480.8336426570763
2480.8336426570763
2480.8336426570763
2480.8336426570763
2480.8336426570763
2480.8336426570763
3763.7682024526607
3752.375228374911
3449.8485137941843
3099.563459690369
3012.8292388754285
2929.6015120366096
2843.0524683536946
2796.3518652323796
2743.9171298746764
2711.3450402271565
2674.0295039850143
2659.738030008607
2628.9367346641325
2618.1108482700374
2610.8261658810134
2605.4779214206287
2600.520407941452
2595.0930237087155
2590.9306671499007
2586.366257677012
2585.6053068982164
2578.611134358984
2575.689254414298
2571.1502503392803
2568.1987717735697
2565.1140132512305
2562.712298670558
2559.878768885482
2557.5528774638024
2553.3579584056442
2545.4942278681156
2538.854006187027
2533.861297024552
2530.6846320786535
2525.466963514733
2521.3324524008667
2518.904587256217
2516.0602046195318
2512.8241153286053
2511.9961570876685
2511.9961570876685
2511.8101007714763
2511.6259031868162
2511.194605315503
2511.069090300637
2510.373498949011
2509.7989990000688
2508.7985603784036
2507.9392272685327
2506.853500952391
2505.7903424403476
2503.958958563608
2502.208105144641
2500.4936589959148
2499.683630219495
2499.2299118234732
2499.0381963704776
2498.683559560445
2498.3859532137626
2498.151076720158
2497.968975719005
2497.6938035964104
2497.553099829934
2497.367966171954
2497.2192897441705
2497.039416858399
2496.8951513498764
2496.7439668317234
2496.658338178313
2496.5633461397256
2496.420190484016
2496.3371861193527
2496.201292811973
2496.013627672762
2495.8543209342506
2495.6067797410724
2495.3754151733706
2495.1282782193575
2494.8826799971966
2494.703828098377
2494.493512058816
2494.2553577060244
2494.0641266645653
2493.764649270372
2493.4084607003992
2493.0053161168867
2492.605550644662
2492.182739945621
2491.804322571282
2491.2787511158804
2490.859859552397
2490.2304839950466
2489.7654825111467
2489.5461601884676
2489.419428714439
2489.232596399262
2489.122153407646
2488.9777208889413
2488.826743446987
2488.557146091476
2488.2616799982993
2487.838847323766
2487.4556420734875
2486.981400505333
2486.2956264439363
2485.407751415173
2484.3685998708684
2483.5046365868156
2482.450000217602
2481.930331640486
2481.700345097211
2481.6639558159623
2481.658787932149
2481.6566889354403
2481.6349882073273
2481.593566294967
2481.572416414744
2481.5438166281992
2481.5248895313935
2481.493374745954
2481.470850323645
2481.4557972812663
2481.4211504385157
2481.4171773098446
2481.382788839569
2481.382788839569
2481.3781520362713
2481.3718277513194
2481.3436083515303
2481.324132674183
2481.315056542167
2481.311545833498
2481.286205186221
2481.286205186221
2481.2668779875853
