2909.9782655991835
2909.9782655991835
2786.3375908131075
2709.2738497203727
2690.3842575520307
2685.841456693651
2670.1762008009923
2649.5226083064763
2647.945388366661
2647.3569445268226
2637.7013535166548
2637.3726727514454
2627.7521672835283
2624.8953870991186
2619.4673400501506
2617.876638185172
2608.3605809797455
2597.8292024795182
2596.8450231424686
2593.26464747269
2588.7721785622966
2582.9660884006657
2575.341940697637
2569.950419417556
2563.4460945658066
2555.312313521342
2547.274268691809
2542.3845666524367
2536.648275960733
2532.810949606112
2527.758524598383
2523.652628104544
2520.919454150432
2516.8925962452167
2515.9428272865266
2514.2812488597315
2513.2056249845978
2512.0581100603267
2510.7338740929795
2509.6458661252736
2508.4539168967613
2506.752016744429
2505.621711733323
2504.628367587647
2503.659296289848
2502.456903391676
2501.942520463158
2501.5925485915627
2501.283066149711
2501.1534978968175
2500.801840102052
2500.5546765379313
2500.083071471256
2499.4340976709254
2498.587028479117
2497.082359728223
2495.8840389007537
2494.593499329784
2493.156041261112
2492.1252943800705
2491.266124694007
2490.7159881183816
2490.6705293695286
2490.637146783826
2490.4775831603365
2490.338143285067
2490.187189376328
2489.982099005286
2489.7519237613437
2489.512183590186
2489.290976977708
2489.1234024030255
2488.8241531113053
2488.6819119008023
2488.413792732747
2488.0653659771165
2487.6637780313463
2487.1128728010635
2486.656970586757
2486.036961047863
2485.622074502743
2485.356145801699
2485.098540808836
2484.7378242209584
2484.40865768177
2484.363368479164
2484.3466412908815
2484.226794185543
2484.1861585568167
2484.1243866309646
2484.094121637188
2484.0135352739617
2483.968353255499
2483.8931064018075
2483.874565447587
2483.8171868039162
2483.791675072145
2483.715388377691
2483.6935673162225
2483.641400715179
2483.621760003482
2483.5731429447237
2483.5337730949464
2483.4955636352997
2483.4598952310785
2483.4086271567476
2483.365553605134
2483.2903795429697
2483.202962766397
2483.120500016609
2483.0781836205047
2483.017554320985
2482.972080416218
2482.9394131823874
2482.9026890944174
2482.875336904408
2482.8457720795195
2482.789064524405
2482.728806801152
2482.6663813251475
2482.6176517166223
2482.5781050195537
2482.541828830084
2482.5086314988744
2482.448715437662
2482.413376427886
2482.3815022819063
2482.34038137775
2482.2973923304708
2482.2914375342616
2482.24509377894
2482.176629805492
2482.1541732623696
2482.119232520385
2482.1130652581405
2482.0248876191204
2482.0004672123123
2481.952583892144
2481.9078202292167
2481.9078202292167
2481.8886299252845
2481.8699702606436
2481.859884598432
2481.839828619718
2481.661021826391
2481.600130943972
2481.4687918129453
2481.4687918129453
2481.3746531910665
2481.3746531910665
2481.3746531910665
2481.2940842738894
2481.2407008458113
2481.2407008458113
2481.2217089325186
2481.2217089325186
2481.2217089325186
2481.05352665321
2481.05352665321
2481.0508115615116
2481.001722712075
2480.9940608450706
2480.974243963323
2480.974243963323
2480.974101712468
2480.974101712468
2480.9508061072033
2480.939485641285
2480.9315563770338
2480.9315563770338
2480.9315563770338
2480.9273020583355
2480.9273020583355
2480.916319549556
2480.906540438938
2480.9051425108455
2480.901395629723
2480.901395629723
2480.896749390654
2480.896749390654
2480.896749390654
2480.87782699321
2480.8672307171064
2480.8672307171064
2480.8672307171064
2480.8582587470178
2480.8539809524013
2480.8539809524013
2480.845061026931
2480.845061026931
2480.845061026931
2480.845061026931
2480.845061026931
2480.845061026931
2480.845061026931
2480.845061026931
2480.845061026931
2909.9782655991835
2909.9782655991835
2907.3504831534374
2771.8774273614413
2749.5967732681984
2716.8235828836055
2712.5356420246453
2705.1265520257243
2694.141827232345
2687.6854436747517
2680.2208168526763
2675.2674026564855
2668.939596789034
2664.6220199735417
2656.3526722431257
2649.9081053946684
2640.9419155690084
2633.7964061938283
2623.6724118464253
2610.5377988030373
2599.4439215661596
2585.43789296053
2577.3105455228956
2567.4395678116352
2562.5430658688792
2559.1379449616334
2554.4320179728356
2550.802007639707
2545.3711350578997
2541.995428008244
2535.9863836564823
2533.453068172633
2531.652165495636
2530.676979145813
2529.317752116256
2528.031048845545
2526.837782744479
2524.6324558312444
2523.318105952775
2521.65580484272
2519.54201685772
2518.0471238375785
2516.839027273179
2515.868809897782
2514.580104700477
2512.8698437125868
2511.3067026502085
2509.7709975396147
2508.4535004994846
2507.0040661297026
2505.7922234266753
2504.544974725117
2503.435812346666
2502.472467972277
2501.6455982764637
2501.3221226893443
2501.050532205816
2500.617899139797
2500.3287575850563
2500.03246142845
2499.8019422799175
2499.5358217964044
2499.301791900478
2499.036675216232
2498.7738707175395
2498.469744827033
2498.1820876208144
2497.931393334658
2497.616038501844
2497.356351787244
2497.076132987263
2496.7261128712516
2496.4596579055437
2496.1689455932383
2495.9010522937447
2495.562504357442
2495.3182545498566
2494.773600688563
2494.2050718425467
2493.6846923708395
2493.0186676946482
2492.589495564434
2492.2566855666887
2492.2013652145224
2492.1555977135636
2492.057447155274
2491.926982449085
2491.801008986117
2491.7298034447795
2491.6382424150124
2491.5728893200576
2491.510902105482
2491.4099232933786
2491.3443866451316
2491.218871290493
2491.1205708256375
2490.9826748061046
2490.846566231214
2490.6422908494455
2490.54012013248
2490.3397054763814
2490.10408983228
2489.782705727248
2489.456389083085
2489.21289624868
2488.935125248304
2488.7105828251215
2488.3473597023767
2488.0362458855925
2487.44483610524
2487.166401848222
2486.8506013424453
2486.2982446693145
2486.0314997718588
2485.7366678860176
2485.479043706396
2485.322826851835
2484.913447467986
2484.4074295871396
2484.4074295871396
2484.3358681666564
2484.3358681666564
2484.205843293371
2484.205843293371
2484.1092866035087
2483.9844963140536
2483.9844963140536
2483.897090969006
2483.5615431223728
2483.5615431223728
2483.5615431223728
2483.5615431223728
2483.5615431223728
2483.5615431223728
2483.5615431223728
2483.5615431223728
2483.5013351286857
2483.4403329046004
2483.354565859545
2483.304685112271
2483.2714548286863
2483.2714548286863
2483.2663503473314
2483.2663503473314
2483.2541981276045
2483.2541981276045
2483.194301615937
2483.1832100009915
2483.079787569619
2483.0357802612953
2482.9835718815652
2482.947012460326
2482.908038576864
2482.81604763413
2482.748866855095
2482.604269124439
2482.5198147647725
2482.45049541981
2482.3771165306107
2482.304168504427
2482.1701325670933
2482.0548979477817
2481.9026500039345
2481.8134292207965
2481.675694407242
2481.601223102227
2481.5382172333857
2481.5204202998784
2481.507095248064
2481.4875136386772
2481.361791410238
2481.2765574063455
2481.15692776483
2481.0796353502255
2481.016666578974
2480.9811626300407
2480.9799745215823
2480.9500967068348
2480.9028482364897
2480.8978926254836
2480.8978926254836
2480.8955170386826
2480.893073964999
2480.8874085657394
2480.8874085657394
2480.8874085657394
2480.8846029605807
2480.8807117788647
2480.861902131012
2480.8585467781395
2480.8585467781395
2480.8585467781395
2480.8483982827547
2480.8483982827547
2480.8483982827547
2480.8483982827547
2480.8483982827547
2480.8483982827547
2480.8483982827547
2480.8483982827547
2480.8483982827547
2909.9782655991835
2909.9782655991835
2909.6389821170897
2830.8019099925577
2769.025824839037
2736.109793199536
2699.300412021358
2673.7762611651347
2654.319093139845
2648.705865003184
2644.070690213867
2636.135078657113
2625.5135148745185
2622.8106008854925
2619.826401312105
2612.646191907862
2608.1574259558683
2603.7174924242
2599.3563789100094
2591.1871423690604
2579.7231279155794
2571.4357469401098
2562.2582353698363
2555.1621008346733
2547.455808086042
2545.447929808858
2544.126949339812
2543.1401765189776
2540.4105010093785
2538.269644017974
2536.2279391830657
2533.3137791216736
2531.2740521806845
2529.7525911417565
2528.1326475804667
2527.0678646717206
2526.1053798867238
2525.154773253744
2524.1873548358526
2522.6097477889016
2521.580188585091
2520.061570448202
2519.021032050323
2517.3724603769656
2515.4712392282254
2513.464865856605
2511.610283244554
2509.332677263944
2507.4940169456795
2505.523453893572
2502.9773440914487
2501.0231617571494
2499.542206273877
2498.2973319849757
2497.1994837553066
2496.415402353064
2495.7733746198037
2495.0829486345474
2494.531366575734
2494.124677117826
2493.8821831402697
2493.7712191395008
2493.4826226404475
2493.3459093645756
2493.128267189488
2492.9186459441808
2492.676802458457
2492.46103140338
2492.2278965719242
2491.973616337783
2491.614208684605
2491.1882897954665
2490.677150682677
2490.068463238245
2489.4614391088185
2488.691575048492
2487.816824246073
2486.9848154714377
2486.106450546356
2485.327831334869
2485.1911320827408
2485.1911320827408
2485.1252118195052
2485.0726210411494
2485.0138488174052
2484.9606324425054
2484.8764142003674
2484.802350426646
2484.7586251281386
2484.7029204841715
2484.643463061426
2484.585475157105
2484.537884371827
2484.4851775000816
2484.4226377021273
2484.3426297970755
2484.268700534738
2484.208314310783
2484.1654790609978
2484.116025563047
2484.0439824506143
2483.9738823025004
2483.903855771656
2483.860722496263
2483.7843410778637
2483.7425360950388
2483.6852991868764
2483.646137687956
2483.603576091473
2483.548297405181
2483.4983178325956
2483.441507907563
2483.401315976767
2483.35169527186
2483.3114640422928
2483.2591296767423
2483.233001350921
2483.1731191191607
2483.1434473010067
2483.092504807678
2483.0593690073547
2483.008659875592
2482.9807806839935
2482.9529743233215
2482.869560973694
2482.7923328486067
2482.703390818266
2482.5966989830895
2482.490004698856
2482.44386221468
2482.346387771468
2482.289960232582
2482.2329855249545
2482.123239314643
2481.9648575884994
2481.912946153535
2481.849339942077
2481.8258231196464
2481.813027508802
2481.7929892503075
2481.7929892503075
2481.7856520668374
2481.7849941645172
2481.781058429775
2481.764856206148
2481.7477446184607
2481.7046587674945
2481.6782332441912
2481.62414102131
2481.5813553009552
2481.5498220050217
2481.4677945880535
2481.429301999518
2481.3925812298853
2481.3848578817515
2481.3724618542096
2481.3714294543083
2481.344534979172
2481.332866441817
2481.3138283947333
2481.2682130564986
2481.2682130564986
2481.261893052854
2481.2442011085254
2481.1962157873227
2481.1802777527882
2481.159092345109
2481.157659414231
2481.12782244254
2481.096696024102
2481.039955755261
2481.039955755261
2481.029867738577
2481.0062058437175
2481.0062058437175
2481.0062058437175
2481.0062058437175
2480.979658075865
2480.9678976764926
2480.9259052312423
2480.9259052312423
2480.9173816570355
2480.9173816570355
2480.9173816570355
2480.897601224373
2480.897601224373
2480.8945464342287
2480.8945464342287
2480.8945464342287
2480.8945464342287
2480.8945464342287
2480.89187103591
2480.89187103591
2480.89187103591
2480.89187103591
2480.89187103591
2480.89187103591
2480.89187103591
2480.89187103591
2480.89187103591
2909.9782655991835
2909.9782655991835
2909.9782655991835
2866.2132529213054
2726.8785898103947
2726.8785898103947
2703.265041110241
2702.1106690410506
2689.2697724672676
2680.975072472783
2671.2524544332055
2664.473854550308
2659.9208270076383
2656.8535344394304
2649.090108498321
2645.060845292619
2643.389642708291
2638.618020874654
2630.7980417918307
2624.980850951602
2611.469075586332
2604.432698742139
2596.039412231607
2587.4250368576536
2573.582082369601
2568.6079009027053
2559.017919090444
2552.541643444084
2546.5571173989106
2541.9654595495963
2537.9879038964264
2533.9911915991793
2530.4469065373437
2525.929142229129
2522.217303850116
2517.9499176936306
2515.574877692949
2514.5586371545132
2511.9054773694534
2511.041702974102
2509.642951500325
2508.721493701356
2508.0542129082182
2507.6077004828353
2507.0131762511155
2506.286978198168
2505.7599581227237
2505.1348236862086
2504.1510047737897
2503.023856571389
2501.636988614008
2500.2227332613334
2498.7876577426823
2496.4441539532754
2493.9623890695198
2491.9437367808387
2490.3000471107484
2489.3457521421637
2488.8321226178937
2488.651576155883
2488.477070701653
2488.1738629464226
2487.940459495412
2487.6654611639424
2487.4757648657023
2487.276745319594
2487.1604770399954
2487.0628557347823
2486.9565332019774
2486.872021360119
2486.7893265997513
2486.7106914173323
2486.641248624804
2486.539869370598
2486.432687225742
2486.336664546604
2486.185710989704
2486.0368351661928
2485.8027178876573
2485.6565463494712
2485.4877081677064
2485.223076210191
2485.014014854603
2484.791251695184
2484.599349293046
2484.4038590493133
2484.269075928855
2484.1661250030265
2484.100443500823
2484.054414109568
2483.9713491679217
2483.924880307937
2483.855742200026
2483.823777049707
2483.761866064614
2483.7315176785423
2483.673164897713
2483.6438151578323
2483.563320775546
2483.524414678718
2483.4872777696123
2483.4574242445683
2483.4365733976056
2483.4057397112038
2483.385212423851
2483.338379764371
2483.2862172032815
2483.1950228424566
2483.1319831375854
2483.0938695939526
2483.0620967141767
2482.979430164429
2482.904525566401
2482.844100792159
2482.737633206613
2482.710719473833
2482.692858272393
2482.6082790631635
2482.5136254584972
2482.4414915251505
2482.379244103754
2482.3192390471545
2482.264265197382
2482.2117513462053
2482.1851505692584
2482.162460674227
2482.162460674227
2482.128132048657
2482.0690149396446
2482.0405466459342
2482.0045765965924
2481.968602891474
2481.926512034168
2481.8784276439637
2481.854365649235
2481.8319922804026
2481.8072577471967
2481.7905393724996
2481.7802810305693
2481.7557277152578
2481.666737991438
2481.6182308147745
2481.604266278702
2481.5714770275763
2481.540717552751
2481.5397095843855
2481.484454584826
2481.3777938479116
2481.2801757347165
2481.152666980733
2481.0359298991866
2481.0359298991866
2481.0359298991866
2481.0250688195356
2481.024045129424
2481.024045129424
2481.024045129424
2480.9710212865616
2480.9710212865616
2480.9710212865616
2480.937758671692
2480.937758671692
2480.937758671692
2480.937758671692
2480.937758671692
2480.937758671692
2480.9150266340985
2480.9150266340985
2480.9150266340985
2480.8839369437014
2480.8839369437014
2480.8839369437014
2480.8632442386925
2480.8632442386925
2480.8632442386925
2480.8632442386925
2480.8632442386925
2480.8484889133797
2480.8484889133797
2480.8484889133797
2480.8484889133797
2480.8484889133797
2480.8484889133797
2480.8462217680194
2480.8462217680194
2480.8462217680194
2480.8454320238666
2480.8444321857937
2480.8444321857937
2480.843577817737
2480.8429979431235
2480.8429979431235
2480.8357366909013
2480.8357366909013
2480.8357366909013
2480.8357366909013
2480.8357366909013
2480.8357366909013
2480.8354462702473
2480.8354462702473
2480.8354462702473
2480.8342606419624
2480.8342606419624
2480.8342606419624
2480.8342606419624
2480.8342606419624
2480.8342606419624
2480.8342606419624
2480.828822247058
2480.828822247058
2480.828822247058
2480.828822247058
2480.828822247058
2480.828822247058
2480.828822247058
2480.828822247058
2480.828822247058
2909.9782655991835
2909.9782655991835
2909.3505140196876
2838.085599391942
2752.5383677087125
2711.0775346470864
2711.0775346470864
2685.934480150588
2680.603384774747
2670.0867265922775
2664.7678019420896
2647.745923455119
2642.9916355331225
2633.1874400480838
2620.0107249475573
2613.7860134275197
2598.2534860293995
2591.7584480571622
2583.9477073415155
2575.1108099441167
2570.1476639278476
2564.3657956294196
2560.711509675484
2556.5095396657557
2554.2977430595647
2551.4518669545387
2548.763315924285
2545.4914616931906
2543.3506184348694
2541.085777697004
2539.5971520161866
2538.8016956427577
2538.041530427288
2537.1876904946407
2536.3967191111788
2535.4315239186285
2534.454112477314
2533.2535579664936
2531.8472113593048
2530.514730161919
2528.536314723414
2526.3884575225375
2524.5230970215052
2522.716050984717
2521.757336457571
2521.330941061626
2521.097278723655
2520.6581297171742
2520.183350749503
2519.884110541904
2519.5465523495654
2519.244023426462
2519.026647687429
2518.790592435658
2518.632443185655
2518.419895652137
2518.229250210116
2518.0747296894015
2517.865828943354
2517.625777029931
2517.3930548758367
2516.968091487245
2516.529958244215
2515.8832771696134
2515.1241201475827
2514.2486244625447
2513.147810914758
2511.9320583902704
2510.139476221356
2508.6763540846337
2507.2054084259526
2505.7615133764903
2504.7351896531036
2503.968461927168
2502.942978065734
2502.3776439853546
2501.6691963352655
2500.9807541542295
2499.8753591416207
2498.5249167480815
2496.9577600002885
2495.4730710711588
2494.4079848994666
2493.910155431129
2493.6360532433773
2493.4078471652665
2493.237398736962
2492.976542470714
2492.5441058060233
2492.1090754081015
2491.5432203802166
2491.0659658871973
2490.57998158669
2490.1958040091326
2489.595028696248
2488.444849932401
2487.7861801341874
2486.504024796697
2485.762079394291
2485.289392686374
2484.8378919146244
2484.504520357193
2484.4945410075707
2484.4119788907965
2484.3488209630304
2484.342991836752
2484.2582823942894
2484.1254766341585
2483.9727242224735
2483.9009923108993
2483.8756886553165
2483.8320467394424
2483.6534326566443
2483.633801124172
2483.610483553147
2483.489275459179
2483.489275459179
2483.4299536291237
2483.317801793387
2483.317801793387
2483.260989901787
2483.208571660034
2483.1813170546693
2483.114199471899
2483.0469523781044
2483.024168581355
2482.915471247116
2482.8821279037816
2482.8253328648498
2482.776283096293
2482.6820877392083
2482.5408477350993
2482.328874249334
2482.0895329492937
2481.9370359066684
2481.9328075068606
2481.9068165130698
2481.842570819462
2481.842570819462
2481.787437124801
2481.787437124801
2481.784591161343
2481.744071723445
2481.4497177651283
2481.4497177651283
2481.4497177651283
2481.4497177651283
2481.4497177651283
2481.4497177651283
2481.4497177651283
2481.4433031918993
2481.4136081447864
2481.4115690333665
2481.3934254465667
2481.3934254465667
2481.3489895129405
2481.3261721889844
2481.3261721889844
2481.28859250145
2481.28859250145
2481.271332504715
2481.2685113466723
2481.2528995176895
2481.2528995176895
2481.241167145074
2481.2285835250964
2481.218185013633
2481.2059327142115
2481.2059327142115
2481.1982103016535
2481.1982103016535
2481.1982103016535
2481.194447006214
2481.194447006214
2481.187000563799
2481.187000563799
2481.15402732798
2481.1431239208478
2481.1431239208478
2481.1431239208478
2481.1431239208478
2481.1431239208478
2481.1431239208478
2481.139694224255
2481.1335759281965
2481.1330216025262
