3599.1169966251587
3233.715907316162
3061.312776088345
3061.312776088345
2913.5067188998228
2843.0655294448934
2806.118399778799
2756.6642456922277
2703.7396474689435
2670.9285470200525
2651.707469704567
2620.750172316144
2607.344173151168
2593.032411090384
2581.1434146126207
2574.874919438792
2567.137941307972
2559.373686714128
2554.2046207534086
2547.39592261008
2542.0691803485297
2538.5199781001347
2532.4451321765023
2527.5609188139797
2523.0149968555797
2519.312171790491
2516.9433097965803
2514.9992229857626
2513.6774675543115
2512.617205091797
2511.5377667169614
2510.733590803924
2509.5911547567193
2508.735338509202
2507.9394417672165
2506.282625820478
2505.6063986557515
2504.712775689617
2504.074309651321
2503.56116231066
2502.398490863676
2501.4350655005574
2500.3127005819347
2499.9058525851733
2499.7707828935663
2499.370320186865
2499.162999785023
2498.909357768979
2498.643878692505
2498.463011629333
2498.220276500018
2497.9831375825306
2497.811157538913
2497.657000396509
2497.3080253158455
2497.051051187379
2496.2619108954877
2495.5256250510192
2494.2466675464784
2492.8432689502124
2491.327867882269
2490.233746416302
2489.1731631539187
2488.5172288432664
2488.2489119926518
2488.072718440075
2487.988802999647
2487.881767991766
2487.820415583001
2487.784311544602
2487.7030951377637
2487.6655934457576
2487.569430464108
2487.502985659626
2487.416679700145
2487.3421099948273
2487.197695275821
2487.1195382824394
2487.0252081545186
2486.943089766796
2486.904526171396
2486.8470779087284
2486.815314318085
2486.745260565698
2486.65922009029
2486.5888963103394
2486.502195502086
2486.4143732002917
2486.3539514052804
2486.309102183158
2486.266990715256
2486.1826013020664
2486.0974894465076
2486.001914922289
2485.941858916537
2485.7588898837375
2485.6324770560955
2485.5079032230005
2485.3980898657833
2485.2915065753164
2485.134781141328
2485.023255489303
2484.890510970763
2484.7846551070543
2484.5992200591727
2484.4969466129787
2484.324722793374
2484.214687498073
2484.085850826447
2483.925739733574
2483.7234549143977
2483.3919557269082
2483.025302582475
2482.6929090050367
2482.3761899633605
2482.105800034972
2481.909966983487
2481.877623432514
2481.85830272104
2481.85830272104
2481.8577262198264
2481.839247369102
2481.839247369102
2481.8043359176313
2481.7899750527813
2481.7441418097305
2481.7441418097305
2481.7216874355067
2481.6828921031533
2481.6828921031533
2481.6712753490438
2481.646550013155
2481.6335602981826
2481.609906697395
2481.577040911156
2481.5276635423834
2481.4753481287044
2481.4753481287044
2481.4695390266506
2481.4068374722847
2481.3937161443732
2481.367444072627
2481.3247374648504
2481.2905760358412
2481.2166340055646
2481.1802208590434
2481.0722035858407
2480.9946221188447
2480.9946221188447
2480.9743525595713
2480.9677512819403
2480.950296024199
2480.921010537583
2480.921010537583
2480.9184257474017
2480.9116631471643
2480.9116631471643
2480.9116631471643
2480.9089651583445
2480.9077782531986
2480.9077782531986
2480.9077782531986
2480.9077782531986
2480.902150956969
2480.902150956969
2480.902150956969
2480.902150956969
2480.902150956969
2480.902150956969
2480.9016653261724
2480.9016653261724
2480.8973498990645
2480.8973498990645
2480.8973498990645
2480.8973498990645
2480.8973498990645
2480.8904760372143
2480.8904760372143
2480.8904760372143
2480.8904760372143
2480.8904760372143
2480.8904760372143
2480.8904760372143
2480.8904760372143
2480.8904760372143
4059.4246242179183
3582.6932912322604
3326.1269771574016
3097.80362220825
3063.2554402480546
2905.851029883098
2859.724097728568
2802.6412764637253
2776.320589252639
2715.6237725405595
2678.562171238219
2652.3955161983577
2622.596862310284
2600.32667820106
2587.0614811956993
2577.3927346031605
2574.689348960044
2564.4172669696522
2558.4957865546025
2553.9911490674676
2548.724786675076
2544.4006596355694
2541.766050576357
2538.606284915355
2535.0584152118627
2531.8240292415776
2529.789048926754
2526.8977126498876
2526.1852957988394
2525.167328804925
2524.0700469216617
2523.18442409882
2522.6062972709055
2521.5356417243465
2520.9788031307303
2520.493677694856
2519.5837916361706
2518.5437017356116
2516.700486407739
2515.8970506076603
2515.351430809608
2513.047276248638
2511.341905839698
2509.9181586727955
2507.025809266193
2506.440126624378
2505.358183364985
2504.872781492261
2503.315709272485
2502.723545347818
2502.5141504887392
2502.4074504631562
2502.2096054780063
2502.0340340033044
2501.8600287736863
2501.5841817434953
2501.335887990164
2501.090255468372
2500.8528644624867
2500.6212902433626
2500.428004051638
2500.1827824739
2499.95027602398
2499.581545918288
2499.2964784158967
2498.8284834648466
2498.2347916394365
2497.8257553911367
2497.28940053184
2496.546834242033
2494.918223620835
2493.926710724305
2493.926710724305
2493.926710724305
2493.857451670501
2493.857451670501
2493.7493930221485
2493.4489207987954
2493.2883944999553
2493.1912096566757
2493.0717161849902
2492.91409425519
2492.778590800072
2492.5178880847307
2492.156500030458
2491.735253063075
2490.407573251633
2488.6455467358514
2487.4833066848537
2486.239546060167
2485.406602634867
2484.7380291884197
2484.336432742761
2483.821698607501
2483.391974879802
2483.1728403921616
2483.1130222090997
2483.0689606447463
2482.980133497135
2482.9179962010367
2482.8764824934133
2482.839156961206
2482.8093996062394
2482.7692785790177
2482.727837674843
2482.698571811062
2482.6845861706342
2482.660334912531
2482.5937215784293
2482.552241683644
2482.4813972233733
2482.4472168386183
2482.3392839574185
2482.3125903235546
2482.224423585458
2482.1503364783516
2482.0476992576146
2482.017086844784
2481.9642179391785
2481.8829190435595
2481.8173253510354
2481.688862961318
2481.634051536075
2481.634051536075
2481.59246129049
2481.548895402483
2481.39332855436
2481.39332855436
2481.39332855436
2481.2614350435606
2481.2487609685777
2481.232833229321
2481.232833229321
2481.228287214305
2481.228287214305
2481.205119934434
2481.1598547776416
2481.133797788701
2481.10897245603
2481.095189268926
2481.0756687619923
2481.0756687619923
2481.0756687619923
2481.0756687619923
2481.0756687619923
2481.0756687619923
2481.0582855948605
2481.0582855948605
2481.048644824523
2481.0175325265677
2481.0005608818983
2481.0005608818983
2481.0005608818983
2481.0005608818983
2480.984140948274
2480.984140948274
2480.9797695706766
2480.9797695706766
2480.9773970404212
2480.9737185501463
2480.9621020411378
2480.926909692371
2480.926909692371
2480.926909692371
2480.9098440268654
2480.900481471747
2480.898120145903
2480.8929833961593
2480.8929833961593
2480.8929833961593
2480.8705602871373
2480.8705602871373
2480.8705602871373
2480.8705602871373
2480.8705602871373
2480.8656170178156
2480.8656170178156
2480.8656170178156
2480.8656170178156
2480.8656170178156
2480.8656170178156
2480.8656170178156
2480.8597648259974
2480.8597648259974
2480.8597648259974
2480.8597648259974
2480.856526451733
2480.856526451733
2480.856526451733
2480.856526451733
2480.856526451733
2480.8555801253774
2480.8555801253774
2480.8555801253774
2480.8555801253774
2480.8555801253774
2480.8555801253774
2480.8555801253774
2480.8555801253774
2480.8555801253774
4059.4246242179183
3748.7297916492007
3548.134427895636
3466.4926306038224
3105.63212559874
2939.40399278532
2769.539989519514
2749.3136057148977
2715.3369252751872
2656.0478317958377
2632.725923320634
2598.4798067124434
2576.0293243393985
2562.098091261222
2552.4453574922036
2543.964216896409
2538.694601517235
2532.804148432912
2528.9619403647566
2524.6568562432008
2520.6425854072418
2516.004663732473
2514.581859154921
2512.5051137999335
2510.5251397806724
2509.209416741463
2507.67381784594
2506.1967843386283
2504.509626659165
2503.3162815720384
2502.023627490819
2500.9999576988366
2500.174566683529
2499.6432615871213
2499.3051916258173
2498.9150465977423
2498.5658778253005
2498.2375613120776
2497.902883963422
2497.6048031286173
2497.2842319427864
2496.979680609586
2496.423162115687
2495.956565460378
2495.4066973341996
2494.989247328066
2494.6282671062368
2493.698119312273
2493.018227494141
2492.4928637965954
2492.120057733102
2491.963889803079
2491.8099681138183
2491.670490939304
2491.5026319485687
2491.3746838316792
2491.2088218775693
2490.9708514594236
2490.740512071257
2490.532218476545
2490.3692115174467
2490.21838763527
2489.998147295864
2489.751597872351
2489.605549063294
2489.3398424261263
2489.036234098912
2488.7184792845496
2488.4281110310217
2488.233597453726
2488.022439018207
2487.805161247327
2487.6312891992056
2487.2169470298386
2486.891177317356
2486.4762452062832
2486.0837778677874
2485.823915037875
2485.19405262315
2484.9480296329184
2484.9480296329184
2484.821582346817
2484.821582346817
2484.731231247732
2484.7275438351257
2484.5925859743315
2484.512419616117
2484.425049512471
2484.242125353551
2484.242125353551
2484.2065404832533
2484.051344065728
2483.993393028219
2483.8691987466377
2483.833343877218
2483.77317155153
2483.7060998190377
2483.604424066285
2483.473128717448
2483.361296300395
2483.1758781912486
2482.96310835529
2482.8481867831624
2482.7110341969756
2482.621202102758
2482.54586313581
2482.4769628580243
2482.4234751322215
2482.3635236424107
2482.2987450774294
2482.20348155167
2482.095369757923
2482.0177519835997
2481.9505335602207
2481.8708824629275
2481.856024395303
2481.804905565537
2481.780772189433
2481.7507683120266
2481.697284554437
2481.652398296711
2481.6410467611045
2481.608428816428
2481.5632112148396
2481.5585641740654
2481.5163275952495
2481.4841563184923
2481.4517527245525
2481.441935189498
2481.43521958358
2481.4152786742793
2481.4152786742793
2481.415088160685
2481.3938734409476
2481.385242722694
2481.3802470070414
2481.3782289793935
2481.3782289793935
2481.370531979189
2481.343317424341
2481.26074827445
2481.26074827445
2481.26074827445
2481.26074827445
2481.241917288293
2481.1939530799214
2481.18018966083
2481.18018966083
2481.18018966083
2481.18018966083
2481.178015387499
2481.1718922387277
2481.159756708892
2481.159756708892
2481.1284411352644
2481.1284411352644
2481.1284411352644
2481.124731369913
2481.124731369913
2481.1126800545144
2481.106559963895
2481.106559963895
2481.1025656058687
2481.0959889649844
2481.0959889649844
2481.0905292071375
2481.0853175361144
2481.082392816338
2481.082392816338
2481.073759576655
2481.073759576655
2481.073759576655
2481.073759576655
2481.073759576655
2481.073759576655
2481.073759576655
2481.073759576655
2481.0708279632067
2481.034126658262
2481.034126658262
2481.034126658262
2481.034126658262
2481.034126658262
2481.031230698422
2481.031230698422
2481.031230698422
2481.031230698422
2481.031230698422
2481.0288086626247
2481.0288086626247
2481.02806651418
2481.02806651418
2481.0263918173896
2481.0263918173896
2481.022064127498
2480.8554867740568
2480.8554867740568
2480.8554867740568
2480.8554867740568
2480.8554867740568
2480.8554867740568
2480.8554867740568
2480.8554867740568
2480.8554867740568
4059.4246242179183
3600.6844406758973
3510.8681349691306
3282.096812801421
3028.5743008673007
2864.1885887759554
2726.305776515853
2693.5480310658786
2646.7654704011757
2643.960729505736
2612.554592495022
2597.9870292692744
2594.521905478783
2577.061361591355
2576.2746126014017
2568.31889893727
2554.0465813409896
2543.4660460611235
2535.8503843914486
2529.442925482923
2523.448327520533
2517.558339851006
2515.0825571380838
2511.4874868744037
2509.016649836814
2507.629002236445
2506.478009821352
2505.7027327522446
2504.409946578277
2503.442134196695
2502.623278319016
2501.578874535861
2500.478976471995
2499.138177794504
2498.2473156879655
2497.375669175807
2496.200351120915
2495.336153402252
2494.83968787129
2493.7063185568654
2493.2716025440686
2493.086543967441
2492.9602599812256
2492.8034779652135
2492.640642633266
2492.579475591697
2492.4841860458623
2492.386713169732
2492.288092722702
2492.1643856012074
2492.0233166462576
2491.897151847512
2491.741605377841
2491.5776258258093
2491.1924918301397
2490.935509073072
2490.6496921734847
2490.4736180024643
2490.1718123308638
2489.861506062562
2489.5637333384175
2489.0656097422993
2488.686813745318
2488.418484494005
2488.156397378274
2487.983716125338
2487.787561106164
2487.3024998113087
2486.915186848241
2486.557432889381
2486.1604197215593
2485.875192687158
2485.4217371338605
2484.7971667830825
2484.0039873745523
2483.348258997301
2482.795276986344
2482.6685016696747
2482.4624782650762
2482.3094623787247
2481.7786904332265
2481.7786904332265
2481.592961724944
2481.5726966757884
2481.5725124285696
2481.5725124285696
2481.5725124285696
2481.5725124285696
2481.5553092806813
2481.4940700588313
2481.369187339508
2481.365376489663
2481.365376489663
2481.365376489663
2481.365376489663
2481.365376489663
2481.343995118923
2481.2495940831614
2481.226733946838
2481.226733946838
2481.1978977482754
2481.1433402287603
2481.1433402287603
2481.073150171564
2481.073150171564
2481.073150171564
2481.073150171564
2481.073150171564
2481.073150171564
2481.073150171564
2481.073150171564
2481.073150171564
2481.071360361665
2481.048650156294
2481.048650156294
2481.048650156294
2481.0481137873435
2481.042519595643
2481.042519595643
2481.042519595643
2481.042519595643
2481.026352866704
2481.0204724951386
2481.0145833119177
2481.0104057066605
2481.0104057066605
2481.0104057066605
2481.0104057066605
2481.0104057066605
2481.0104057066605
2481.0104057066605
2481.0104057066605
2481.004663101993
2481.004663101993
2481.004663101993
2481.004663101993
2481.004663101993
2481.004663101993
2481.004663101993
2481.004663101993
2481.004663101993
2480.9970446274565
2480.9970446274565
2480.9970446274565
2480.9970446274565
2480.9970446274565
2480.9970446274565
2480.9970446274565
2480.9970446274565
2480.9970446274565
4059.4246242179183
3754.738256305992
3470.2106625855804
3206.0848559583565
3079.930243850757
2897.5350356025956
2784.217211956866
2706.804171951423
2674.357459473699
2630.321680093919
2609.829375768076
2591.3799657581903
2577.9235164364604
2563.4835885329226
2559.158615441356
2549.155442509617
2545.926640615745
2541.643275051066
2537.08581206909
2533.9572808152575
2529.8873297373866
2527.302164240553
2525.503403198722
2524.20084566124
2522.2712804219022
2521.382100858571
2519.9022160769846
2517.744887054843
2517.026232620291
2515.6153439616287
2514.252723472947
2513.568671464161
2512.292524182815
2511.264466966755
2509.8538497488635
2507.9608173386996
2505.2340548701573
2503.109666247665
2501.471566952237
2500.1064255011775
2499.3731770250297
2498.456881432708
2497.5538360572145
2496.86111750408
2496.2013783003567
2495.9789050982054
2495.745544005008
2495.468306967049
2495.4104123892207
2495.254157297811
2495.0100244308287
2494.7071405638017
2494.4236075982326
2494.2683814774473
2494.09840485732
2493.861128192163
2493.638457116437
2493.258669620243
2493.09057432042
2492.8117923140962
2492.6618775699994
2492.256122111628
2491.762488896039
2491.3315592086947
2490.679791958932
2490.361733182009
2490.304183155664
2490.187514501393
2490.120329377387
2490.023277553617
2489.950548978416
2489.858338853527
2489.730288441555
2489.586484380623
2489.379136641019
2489.170222739919
2488.6883916809393
2488.2169199356217
2487.4315476662496
2486.641416076156
2485.8404990010727
2484.9241231609517
2484.0547675985026
2483.048767971205
2482.040705244545
2481.530114473987
2481.226529195634
2481.0956323356677
2481.033778641199
2481.0045053438507
2480.982373173229
2480.9597034947483
2480.9512572014746
2480.939306995471
2480.9390879268885
2480.914183897652
2480.914183897652
2480.900970502862
2480.900970502862
2480.900970502862
2480.900970502862
2480.900970502862
2480.900970502862
2480.900970502862
2480.900970502862
2480.900970502862
4059.4246242179183
3599.499971363244
3288.870995131388
2980.914545903167
2924.4818688495748
2886.813810434053
2750.9612788749696
2690.1071093681107
2635.094934721472
2594.5527304526236
2576.2490070706376
2565.6322244170215
2558.4074085334946
2555.1235005070844
2552.5096664967164
2547.96755859186
2542.5826569422584
2536.7868948843
2532.1442293738005
2530.258361115546
2526.455705455545
2524.142575832952
2520.677350698689
2519.0040130180532
2516.717150236606
2514.47100268257
2511.6006329040156
2511.019300798583
2509.4697012828747
2508.3704406869833
2507.6296732500414
2506.387421486605
2505.911420578559
2504.8684973445634
2503.782281577808
2502.474422107698
2502.0128312749794
2501.7417949072287
2501.6325040246256
2501.3721085756147
2501.2421167779817
2501.000378111984
2500.754960606926
2500.5701909771265
2500.323228158698
2500.1040385891024
2499.8540876429793
2499.6728539105434
2499.4101575997406
2499.1228439670435
2498.574062189655
2498.0182679035333
2497.4080955274276
2496.7132948313356
2496.1516883374384
2495.4815313231375
2494.57063161519
2493.3271139496374
2491.5298415458255
2490.1032706383276
2488.6741936735516
2487.459884339709
2486.488119747578
2485.7205240637427
2485.6201529901887
2485.5020198898987
2485.1156885303762
2484.96057357797
2484.7977305078844
2484.566362236706
2484.3743719355925
2484.185430650685
2483.9658920920697
2483.7620362335374
2483.593709929679
2483.4103479405753
2483.2709020726134
2483.106226608287
2482.949766272378
2482.713436638291
2482.57704439801
2482.354283255645
2482.1392842577147
2482.0681355515203
2482.0474842611284
2481.920645889653
2481.920645889653
2481.906313185196
2481.752139250293
2481.740868736207
2481.6333375736385
2481.6333375736385
2481.5714832968647
2481.5653272720233
2481.5653272720233
2481.515025867132
2481.4307220743312
2481.354645127402
2481.354645127402
2481.2887873744926
2481.278220525874
2481.278220525874
2481.2581268523854
2481.2264672639276
2481.2075186856646
2481.155618367524
2481.1501248493214
2481.127311007599
2481.1096374583203
2481.102609790043
2481.1025269542943
2481.0892716844783
2481.0690388553876
2481.061020920107
2481.05941633223
2481.056536458848
2481.056536458848
2481.0536731576863
2481.049552717607
2481.037742527563
2481.035196151269
2481.035196151269
2481.035196151269
2481.035196151269
2481.035196151269
2481.035196151269
2481.031807158351
2481.013590247301
2480.995054849925
2480.995054849925
2480.995054849925
2480.9790805390826
2480.9790805390826
2480.9790805390826
2480.9786841986834
2480.9786841986834
2480.9786841986834
2480.9657951326044
2480.9578248679763
2480.954600745441
2480.954282343823
2480.954282343823
2480.954282343823
2480.954282343823
2480.954282343823
2480.935826481052
2480.9275317799443
2480.9275317799443
2480.9275317799443
2480.9275317799443
2480.9275317799443
2480.9275317799443
2480.9275317799443
2480.9275317799443
2480.9275317799443
4059.4246242179183
