4286.166524172986
3887.879826833698
3669.2227853420363
3453.232854818833
3204.598219951864
3052.0773075113725
2966.815509213853
2897.8738858758798
2858.906521496383
2828.295660154652
2782.7346321087452
2749.4793257100564
2717.2730994588246
2710.513452673266
2692.158419147387
2669.2671669619253
2648.337942180188
2637.3861455677416
2627.3076380537523
2612.725103485277
2603.3142894070697
2593.385255779883
2587.2173038279475
2584.120446578318
2580.1221919431346
2576.536770364182
2574.3899002077396
2571.993384625026
2570.8732484744887
2567.4723281978263
2563.577912501338
2558.4540145431497
2554.5089567119467
2548.4803332364495
2544.3646740932586
2540.5151655178956
2537.878949794105
2534.9466003107095
2533.9078530445804
2533.4235364715923
2532.567630518358
2531.982986588165
2531.718092781088
2531.266044164143
2530.8288401469913
2530.0976325024353
2529.552566116908
2528.9861344390847
2528.3297404818595
2527.77474906485
2527.1018909800628
2526.228647515864
2525.334955309827
2524.1222514835104
2522.5940553048977
2520.5968609284973
2517.817555263368
2515.0484007160944
2512.627243895254
2510.1484553070004
2508.2242849935087
2506.8599509502246
2505.8201556837325
2505.4912643328485
2505.3284575807484
2505.142110647089
2505.029750771701
2504.87294172311
2504.7516006713686
2504.606030799589
2504.347082026161
2504.0980666168207
2503.7295355032734
2503.042297046514
2502.0454767986325
2501.1252499697785
2499.8943472362866
2497.873986093646
2495.8343720563153
2493.8706518239233
2492.032127424657
2490.2133764810287
2488.9636300552934
2487.945224813772
2487.143138330559
2486.707089478691
2486.4712106427023
2486.146414993079
2485.786835218888
2485.465813876635
2485.170752175227
2485.0791771950676
2485.0128615713547
2484.951698078433
2484.9210411955605
2484.8712744958884
2484.825362480515
2484.7711040638796
2484.6857371203264
2484.5773835337213
2484.4883057732054
2484.3787763850123
2484.3126002747804
2484.237214019302
2484.1294610708946
2484.0624490631
2483.9912726669354
2483.893442803745
2483.8267774920473
2483.734637687207
2483.7020607631457
2483.6656895633296
2483.6214283474146
2483.588323272579
2483.539642152914
2483.419783622161
2483.356401616888
2483.2976344557255
2483.2235643201866
2483.0885722224393
2483.013351670558
2482.85683746116
2482.7187442846725
2482.526307091828
2482.3584263498715
2482.272274853278
2482.196931708352
2482.168452540635
2482.136225628776
2482.0696573426785
2482.008698978185
2481.968495376885
2481.934588096752
2481.9044855982997
2481.8580899606395
2481.7914714702497
2481.7593019267833
2481.7432241237357
2481.545596668013
2481.545596668013
2481.545596668013
2481.4902385073947
2481.488772221815
2481.474932447816
2481.474932447816
2481.474932447816
2481.474932447816
2481.463230333328
2481.4322992930624
2481.4322992930624
2481.4075418013826
2481.3865425546546
2481.363466668421
2481.3356736711057
2481.3127504822282
2481.2593918822436
2481.1692437121924
2481.1363999287605
2481.0742512399815
2481.066502500001
2481.06468424959
2481.06468424959
2481.059357295288
2480.9931862864128
2480.961688841838
2480.9539007835456
2480.938832387902
2480.938832387902
2480.938832387902
2480.9302210499627
2480.9302210499627
2480.9275825395666
2480.9275825395666
2480.9275825395666
2480.9275825395666
2480.927465450089
2480.9042651562036
2480.889577385221
2480.8856661094214
2480.8856661094214
2480.8701005714233
2480.8701005714233
2480.8629382954764
2480.857535935165
2480.844967101654
2480.844967101654
2480.832157707359
2480.8307951502848
2480.827150836192
2480.827150836192
2480.821278485204
2480.821278485204
2480.81806924296
2480.81806924296
2480.81806924296
2480.81806924296
2480.81806924296
2480.81806924296
2480.81806924296
2480.8166043186325
2480.8166043186325
2480.8166043186325
2480.8166043186325
2480.8166043186325
2480.8166043186325
2480.8166043186325
2480.8166043186325
2480.8166043186325
4904.008184987861
4330.2543799969535
3804.6415129707675
3413.299705197207
3284.3840681020497
3070.121158177159
2990.978508275383
2869.8465307311108
2787.985527685377
2729.544969713286
2694.357993898653
2671.8073325553214
2659.5816748448115
2643.7395369839824
2639.0463269180764
2633.1923117476836
2630.695021676668
2625.184365381594
2615.9365207205997
2610.3355581848978
2603.738165521104
2596.327887862332
2589.1187685325535
2583.3649324812227
2580.43710338767
2578.5575021177538
2575.965937237414
2574.060558802184
2571.507945868018
2570.4266343370246
2570.1499141819913
2569.3275110361374
2568.7400317477122
2568.194807431881
2567.6253450255645
2567.114429943378
2566.8447490878366
2566.5337137349425
2566.332540846408
2565.9807236973925
2565.0406094599207
2564.1234282469177
2563.132937256474
2561.922223636666
2560.8434218633515
2558.9890623396277
2557.3332119552647
2554.644973934898
2551.6182642396707
2547.702266326764
2543.0467449777507
2538.498940825497
2535.5832068688924
2535.49586010812
2535.49586010812
2535.35802682423
2535.150758850222
2535.0239963832337
2534.8310163318633
2534.6719152171045
2534.5169073143397
2534.240026956376
2533.963939864128
2533.6719661644875
2533.2731231231946
2532.843734191311
2532.406007485066
2531.614333172885
2530.2077018147006
2528.9918191546535
2527.468326192462
2526.0753626166643
2524.492137801514
2522.003134093515
2520.31878626326
2518.671800473866
2517.6013790691018
2516.711112936318
2515.90791428697
2515.2818235320306
2514.6441944274907
2514.0773191783137
2513.598291456168
2513.0089053030715
2512.20788602061
2511.1844990281293
2510.302924223535
2508.59546503089
2506.823394748465
2504.61795710171
2502.986865283272
2501.7515764263912
2500.5678544784396
2500.122287186642
2499.528604208177
2499.0482578252363
2498.835421671674
2498.4103969756156
2498.109068157445
2497.9649263550405
2497.797511400339
2497.6414566414614
2497.401715208287
2497.190745781241
2496.9103363763293
2496.6526309494047
2495.9324801158036
2495.844699338486
2495.501948133393
2495.2850900614826
2495.2850900614826
2494.709670581206
2494.215424432158
2493.3410733771016
2493.3002174178755
2492.8529678704567
2492.479447926019
2492.011895499556
2491.0887827513884
2489.9010598521895
2488.5823729515723
2486.9298839826497
2485.1205278241705
2484.012213727505
2483.095286626434
2482.4277065227325
2482.2614298689914
2482.1377307091157
2482.0000832242386
2481.8828630792987
2481.7801185080625
2481.728854808263
2481.687743035963
2481.598375739688
2481.545059821601
2481.497953989272
2481.4588917461247
2481.4429822965258
2481.4045072388444
2481.3863929262425
2481.3552077286677
2481.297568598074
2481.271325608261
2481.1930082249823
2481.1833772616237
2481.152144189904
2481.09703265874
2481.0690554232738
2481.061035976977
2481.0321524414785
2481.0276699684264
2481.0276699684264
2481.018040973796
2481.0126362218434
2480.9929660187945
2480.9841559334504
2480.9753231363948
2480.9753231363948
2480.9753231363948
2480.965562885759
2480.950065144428
2480.9454755515094
2480.9265842012437
2480.9171572525097
2480.8923692545673
2480.8923692545673
2480.8923692545673
2480.8923692545673
2480.8923692545673
2480.8923692545673
2480.8923692545673
2480.8923692545673
2480.8923692545673
2480.8884508083706
2480.8884508083706
2480.8884508083706
2480.8884508083706
2480.8878497771084
2480.8878497771084
2480.8878497771084
2480.887489570511
2480.887489570511
2480.8874868828593
2480.8874868828593
2480.8874868828593
2480.8874868828593
2480.8874868828593
2480.8874868828593
2480.8874868828593
2480.8874868828593
2480.8837738734815
2480.8837738734815
2480.8837738734815
2480.8837738734815
2480.8837738734815
2480.8837738734815
2480.8780766844834
2480.873059307496
2480.873059307496
2480.873059307496
2480.873059307496
2480.873059307496
2480.873059307496
2480.871568342356
2480.871568342356
2480.868911810585
2480.868911810585
2480.868911810585
2480.868911810585
2480.868911810585
2480.868911810585
2480.868911810585
2480.868911810585
2480.868018857463
2480.868018857463
2480.868018857463
2480.868018857463
2480.868018857463
2480.868018857463
2480.868018857463
2480.868018857463
2480.868018857463
4904.008184987861
4339.816932721415
3853.6008239800626
3378.8810941305906
3231.529892338348
2991.378727699049
2877.286545925182
2802.6780984795296
2756.320024588479
2715.0677219383983
2693.9164338115484
2677.099652273335
2668.336701751994
2659.7127697444103
2650.436261527024
2641.646980275436
2628.818576889519
2619.11864290784
2609.4549542942063
2599.396663086727
2592.3932953412805
2587.071495678317
2582.649162142752
2578.852660774471
2573.9839621376364
2571.0509717043597
2567.840059005758
2564.6789227580784
2562.2230336442312
2559.155566632884
2556.2007316630547
2553.618630426734
2551.528581707188
2549.3609332249325
2548.7210796174886
2548.5816425815788
2548.380222183594
2548.0599080501142
2547.6771963686338
2547.5084305629075
2546.811846260225
2546.392937438053
2545.959669948907
2545.50261351156
2544.79566773305
2544.203027311189
2543.153135312646
2542.14578173038
2540.772120517109
2539.255062663751
2537.957131295154
2536.3957400913087
2534.8565995799054
2532.8777835326723
2531.519494000797
2528.556615888707
2526.0000100530133
2523.633333733023
2520.959640167903
2520.5111850813
2520.1654627651305
2520.05347527695
2519.945353226292
2519.7352038037634
2519.3728060817316
2519.177822538773
2519.070046670573
2518.776167435204
2518.4517535390773
2518.1067680448937
2517.924144265079
2517.5966245994946
2517.423723728335
2517.1563988287307
2516.841283230772
2516.5692577165087
2516.277982356023
2515.9199458131725
2515.609502299729
2515.308226099608
2515.061712372122
2514.739869393066
2514.367216295078
2513.969553018724
2513.5500979708086
2512.9930679576896
2512.4542368641232
2511.885429457981
2511.217550521826
2510.5306602232276
2509.745622394462
2509.141827585167
2508.743815169975
2508.5455354554165
2508.384560955839
2508.2827283351335
2508.078863394531
2507.897039850732
2507.706173395679
2507.528738750332
2507.136620821598
2506.8448194650846
2506.5500135100524
2506.214007676985
2505.8775819685166
2505.536235097986
2505.276183470787
2505.0124635688917
2504.8646153038526
2504.659901989432
2504.2750825604053
2503.899217089826
2503.5814363929235
2503.1356531916044
2502.6795852409296
2502.2547815715216
2501.436925249573
2500.889701418894
2499.833434702695
2499.0217001488395
2498.31678741399
2497.6116719268975
2497.077854052182
2496.429380786451
2495.4031989824985
2495.107121810165
2494.870541765005
2494.870541765005
2494.8630399407843
2494.8549320251273
2494.5213732141
2493.984620819501
2493.8968059588015
2493.8968059588015
2493.8258987369236
2493.46241433287
2493.094532227254
2492.228212498818
2491.7667666036655
2491.0820890779833
2490.612822850394
2489.8831461657815
2489.2416777572726
2488.643116806081
2488.2300110924475
2487.2614668725455
2486.9105595735273
2485.9882155891582
2485.4957899646724
2484.7832049537183
2484.4871844272598
2483.9819628264886
2483.841085180494
2483.475847858246
2483.330550898725
2483.162467188091
2483.052971341528
2482.9306218096303
2482.8273630198746
2482.780453888129
2482.731863553053
2482.65109415988
2482.6013593684524
2482.556320648815
2482.504438678446
2482.45111826657
2482.418987836684
2482.3773856304783
2482.2944001119345
2482.2133376711977
2482.108087853081
2482.010436792477
2481.885071700708
2481.756740078392
2481.591403827201
2481.373342464571
2481.2123431968766
2481.0486599376864
2480.967912633392
2480.936438577269
2480.913579325682
2480.902384801063
2480.899592401407
2480.8736921778427
2480.8736921778427
2480.8736921778427
2480.8736921778427
2480.8736921778427
2480.8734590569625
2480.8734590569625
2480.871331107031
2480.871331107031
2480.8539309743073
2480.8539309743073
2480.8539309743073
2480.8531064253657
2480.8531064253657
2480.8531064253657
2480.8531064253657
2480.8531064253657
2480.8531064253657
2480.8531064253657
2480.8531064253657
2480.8531064253657
4904.008184987861
4176.873386172145
3929.922569981164
3675.9699994827124
3330.1554724563475
3330.1554724563475
3221.8027640802925
3091.056979362485
2942.1712293517044
2862.9994835781863
2798.086125684851
2747.8819955232634
2718.226796300464
2697.1545442688257
2686.539073888099
2673.6852246991284
2664.9898982766604
2651.91109461589
2638.808130150547
2625.3049384927326
2616.4420092140635
2609.546270957809
2600.1479321562856
2591.2716746646447
2584.68822327908
2579.8424802253053
2575.3207279964713
2570.0218204959037
2566.1990601622365
2562.8642603178523
2559.61267321129
2557.4331100150534
2554.5791864108137
2550.6414616391626
2547.567998435631
2545.010513001324
2542.131579007515
2539.0626056546894
2536.429975080725
2534.3599141040295
2532.4917501481436
2531.4785716328533
2530.7766410135187
2530.4531202761937
2530.159167495657
2529.849768747095
2529.457264968427
2529.039907957813
2528.414086989226
2527.8850505506803
2527.2044506718303
2526.8151808415773
2526.235290305272
2525.5908536691068
2525.0197610001615
2524.519275423291
2524.0295224941196
2523.6066755840984
2523.06102390101
2522.609930857912
2522.026393022029
2521.627526825364
2521.1643757408838
2520.3803658879224
2519.8783777613994
2519.305140329842
2518.8031496248886
2518.2550281820254
2517.3940366021393
2516.4177762229815
2515.1327593123788
2513.650624024094
2511.879639953265
2510.73829324892
2510.6546689219103
2510.473940443404
2510.3295616924715
2510.172355709368
2509.9630566907113
2509.6662428476957
2509.407674365744
2508.949465755809
2508.545361212885
2507.801398172947
2507.0847581794246
2505.836121136049
2504.4092508580375
2502.809782903836
2501.5688197687796
2500.431473154302
2499.7964445796442
2499.2631064283623
2499.0575272345664
2498.9394240289994
2498.840532977986
2498.6783307484166
2498.5129706310568
2498.311529196253
2498.12634816761
2497.9607261961514
2497.7565326565423
2497.485634906092
2497.257125563047
2497.0216114924297
2496.7769004615675
2496.550885228437
2496.1289910186188
2495.6617169673063
2495.2548469281064
2494.759404972354
2494.3315020333575
2494.0141599159883
2493.6494710543975
2493.297592842437
2492.940944862065
2492.5921365502204
2492.185474147171
2491.9252449227397
2491.656581837286
2491.5136034692264
2491.420490476916
2491.3341115328367
2491.23690677533
2491.1438275526393
2491.050726502522
2490.940375735411
2490.8368874147172
2490.715599712956
2490.5639479228453
2490.4430618843026
2490.3674727004072
2490.2643954050027
2490.1472682025387
2489.9823336824684
2489.7942439739377
2489.5407428714484
2489.398957879692
2489.294047933287
2489.2357062243505
2489.195037332311
2489.1245495845187
2489.062423120908
2488.9150773206343
2488.7558748516267
2488.499929486575
2488.3581428704997
2488.1742843293423
2487.8979341430436
2487.68152169002
2487.382178089315
2487.058454579814
2486.838474264686
2486.557840802015
2486.360465145112
2486.2366878340013
2485.9944549533493
2485.879172693566
2485.732316251069
2485.590899605257
2485.206609901391
2485.009070755031
2484.833501127542
2484.737439538075
2484.591469700998
2484.261717149369
2484.0415250652586
2483.9379036495457
2483.9379036495457
2483.9070935208374
2483.9070935208374
2483.9070935208374
2483.899948511447
2483.8614929705254
2483.8614929705254
2483.8614929705254
2483.8614929705254
2483.8574453251085
2483.8574453251085
2483.801856994691
2483.7355873016722
2483.6492791054434
2483.471534161723
2483.370026633867
2483.252794963051
2482.966089978423
2482.643825729842
2482.3214429039444
2481.696595897623
2481.3797521218517
2481.225148799859
2481.225148799859
2481.188896788973
2481.1515329307426
2481.1266198455382
2481.0948929283027
2481.0513279466986
2481.0143073760123
2480.9928386739152
2480.965278922106
2480.9602886499483
2480.929285097172
2480.9073159907985
2480.9073159907985
2480.903795755006
2480.8888497875173
2480.879597063722
2480.866750898317
2480.862312579631
2480.851982835306
2480.849132836739
2480.849132836739
2480.849132836739
2480.849132836739
2480.8482938301954
2480.8482938301954
2480.8482938301954
2480.8482938301954
2480.8482938301954
2480.8481876925953
2480.8481876925953
2480.847082467164
2480.847082467164
2480.847082467164
2480.847082467164
2480.847082467164
2480.847082467164
2480.847082467164
2480.847082467164
2480.847082467164
4904.008184987861
4341.300271988828
3827.075395394798
3396.9890148657078
3213.8322133313877
3127.394555974651
3014.5461947922304
2925.5883396786944
2868.253288630476
2813.7237497022893
2782.2459325142477
2757.133137171836
2728.4208169910303
2706.707728166169
2690.094765719418
2679.819055201609
2670.1185491598435
2657.166218008163
2649.69591580891
2641.8439478040327
2634.2104114253125
2620.6284730746956
2610.979368037671
2601.3730914843795
2590.0915071680856
2577.4824580771174
2566.5956731685847
2556.316006263024
2549.1116309356626
2544.3973271867317
2540.6648800457224
2536.861657087021
2533.954919627769
2530.465896310583
2527.002519915756
2524.135725013452
2521.4295035555147
2518.908406874866
2516.749705398619
2515.2537440177466
2513.865776012323
2512.755660529846
2511.3366242871193
2510.6778690675137
2510.199648413858
2509.869403156056
2509.5556264711936
2509.122400068013
2508.7882874085312
2508.505418080772
2508.225219771959
2507.896853451689
2507.261728864675
2506.4401388410915
2505.645477994239
2504.6369948982765
2503.906780554586
2503.3126357065107
2503.1488527518495
2503.0366527208203
2502.8851068690674
2502.751612186319
2502.578892534151
2502.472214641051
2502.317527078896
2502.157715788717
2502.0071083103207
2501.8894145849595
2501.6911681748365
2501.5794001931145
2501.4607323359787
2501.327161308651
2501.152171419249
2500.9717361211224
2500.7545490446532
2500.5596934529767
2500.3287871785283
2500.1058748293394
2499.748066295964
2499.2794729193206
2498.635262238555
2497.985597146377
2497.2342395201376
2496.3620940295727
2495.5301344404024
2494.6176191338236
2493.7849491108277
2493.4806004282673
2493.430641192798
2493.3281120556608
2493.269189876658
2493.1606749025505
2493.047916002255
2492.9413685129266
2492.802144080663
2492.711488915255
2492.5308157051413
2492.4215460414875
2492.083106178952
2491.8496272985712
2491.4880745706105
2491.1229350888484
2490.7774006437944
2490.330288888287
2489.4685147625405
2488.682988876756
2488.1539167117216
2487.793909276257
2487.1799324233452
2486.9116660366653
2486.503445409185
2486.3201243154576
2485.880116675782
2485.6296640569044
2485.5822121024
2485.5579544999778
2485.556354594477
2485.556354594477
2485.527560564929
2485.483045616488
2485.4517801915053
2485.4517801915053
2485.4089329264793
2485.317141273669
2485.2347543257843
2485.0853845880333
2485.029138793689
2484.922049251286
2484.922049251286
2484.9218618268887
2484.8072179855412
2484.471842412914
2484.1440164354744
2483.8884337212944
2483.527426286109
2483.1529951042826
2482.773362842674
2482.2701114993824
