3876.3904358360323
3482.922123193212
3223.18220338589
2999.817752442774
2850.4560445594375
2784.8452032201903
2753.655732279064
2747.364815462702
2723.49416939382
2698.9562254265047
2680.781532746062
2671.135972531877
2654.0454283137733
2635.5593000503472
2619.534381095981
2603.364274220321
2591.9646130223728
2574.8538994653027
2568.2204848382994
2558.180526804231
2549.59056221547
2544.047315863474
2533.804262394143
2527.29301412233
2520.9279729783707
2515.2983810695005
2509.605424097811
2504.900215515024
2504.900215515024
2502.4263231700725
2501.853194064047
2500.7659439554527
2499.681124865717
2499.1610479896785
2499.1610479896785
2499.1610479896785
2498.7763618083095
2498.645280582236
2498.20551297992
2497.9066390286866
2497.5547500833295
2496.8197232165016
2496.5825326762415
2496.3001149371294
2496.1049529550833
2496.1049529550833
2496.0705496634664
2495.7832319474146
2495.329033405081
2494.9269064941136
2494.388965798399
2494.0982143914625
2493.390857213517
2492.495762324782
2491.847081848805
2490.71807696882
2489.7436514881574
2489.1148007111897
2488.4597353266713
2487.760533798992
2487.1263252375747
2486.5014271136415
2485.762587546685
2485.137363230277
2484.7747317412513
2484.4818097716807
2484.2218925294856
2484.1435530073713
2484.115010588243
2484.115010588243
2484.0470089635273
2483.8895263865834
2483.677392243497
2483.5400575244216
2483.3790530723586
2483.059177294353
2482.879102130419
2482.7252566135253
2482.5595070552
2482.4921601726564
2482.4478769198754
2482.4478769198754
2482.4198626005937
2482.3820406062086
2482.3403058539866
2482.275529074969
2482.2256912789967
2482.1947955874566
2482.163104090266
2482.1610901010276
2482.0941859083177
2482.0426661273345
2481.9956269137906
2481.9524652553678
2481.9435815073084
2481.9248471191268
2481.890840601539
2481.877770408256
2481.8537510341166
2481.8219195890833
2481.8045832448543
2481.8045832448543
2481.7910259767727
2481.7877832720046
2481.784150747764
2481.764080435058
2481.751580298407
2481.7291047826916
2481.7022359699145
2481.7000100993523
2481.6906004957677
2481.662831775324
2481.643933965795
2481.6029303445107
2481.5802823066133
2481.5342304976366
2481.492863344538
2481.478418766025
2481.478418766025
2481.387564617021
2481.3823178055286
2481.3072923550912
2481.2779259881327
2481.2779259881327
2481.2326224708613
2481.19816568908
2481.1833182747187
2481.115650094417
2481.0987281042408
2481.0771613185325
2481.0771613185325
2481.0771613185325
2481.0719530957526
2481.016012029205
2481.0008664809993
2481.0008664809993
2481.0008664809993
2480.95892342967
2480.95892342967
2480.95892342967
2480.9588191132725
2480.9588191132725
2480.9588191132725
2480.922658904818
2480.922658904818
2480.922658904818
2480.922658904818
2480.9195403976337
2480.914268251485
2480.914268251485
2480.914268251485
2480.9111022516217
2480.884055369615
2480.884055369615
2480.884055369615
2480.8532302417334
2480.8532302417334
2480.8532302417334
2480.8532302417334
2480.8532302417334
2480.8532302417334
2480.8532302417334
2480.8532302417334
2480.8532302417334
3879.403778156533
3751.723507083726
3463.1775901728643
3068.8170509306897
3003.9510243401105
2913.547868612737
2858.0761636813468
2788.2542298760513
2741.3112826706083
2723.7103705352483
2696.7766175451916
2684.2585426007968
2666.662883773328
2656.997462204119
2646.856155017279
2638.2877959697526
2630.3718522783356
2623.5417139819497
2612.063992651855
2601.588038439233
2591.775421090515
2586.185976575464
2582.85737650881
2574.212377106336
2568.500942235458
2563.16951026765
2557.619687219866
2551.8433861021963
2544.24797323688
2540.7039236722585
2538.715060119462
2536.3160229297864
2533.5575207789207
2531.753911511504
2529.5417573587074
2527.6958668847706
2525.5815443256256
2523.879383489951
2522.3329661456937
2520.6691216207523
2518.6390493124295
2516.9017396999006
2515.5306877785
2513.445184986864
2511.6807723234506
2510.3972745031347
2509.4820441466622
2508.879342701221
2508.273359425049
2507.341175944299
2506.8022403612918
2506.398804508301
2505.6605617601367
2505.0918816787557
2504.37978723375
2503.84509474006
2503.1871126100505
2502.734371466116
2502.1967165212372
2501.527129671471
2500.9368288472597
2500.019424666356
2499.1738146940006
2497.9847521816546
2496.8597219697403
2495.356019613085
2493.9065259663885
2492.3028812575058
2491.1010536829244
2490.026766876514
2488.920739654418
2488.087686710465
2487.380798534643
2486.9388852162874
2486.805703005934
2486.6496632409735
2486.540277573283
2486.423835188246
2486.275000038719
2486.15272285276
2486.0799475905837
2486.017088133686
2485.95365418022
2485.912676050455
2485.8522111488915
2485.8181362284367
2485.73682206595
2485.589624327111
2485.533214065258
2485.4035742613423
2485.3366732242853
2485.2530537451717
2485.123502025105
2484.946181515583
2484.8087182705362
2484.632818850474
2484.47534287299
2484.3542268874317
2484.152792740336
2483.9801679055645
2483.7272701009824
2483.4366506638203
2483.0913331666907
2482.708656792298
2482.1533532050425
2481.7024717077
2481.4659877855315
2481.4398968342666
2481.4398968342666
2481.4133669560497
2481.4037906384465
2481.3807375711767
2481.336519470588
2481.32213898013
2481.2973310823254
2481.274328534197
2481.274328534197
2481.274328534197
2481.2527391205117
2481.2423498609724
2481.224779469968
2481.2133900740855
2481.203860223465
2481.19119226169
2481.172259973542
2481.146664545826
2481.1167647791085
2481.1035057490776
2481.072856386476
2481.0310935083685
2480.998157328195
2480.9745379516457
2480.9431927892047
2480.9230009703297
2480.9088101129714
2480.892203273349
2480.892203273349
2480.879098151897
2480.879098151897
2480.870855147784
2480.861297940682
2480.861297940682
2480.861297940682
2480.861297940682
2480.861297940682
2480.861297940682
2480.860937062109
2480.8571118029363
2480.8571118029363
2480.8571118029363
2480.856535090351
2480.856535090351
2480.856535090351
2480.856535090351
2480.856535090351
2480.856535090351
2480.856535090351
2480.856535090351
2480.856535090351
3879.403778156533
3876.3904358360323
3561.9632751182044
3344.5142773952944
3168.2419908600455
3019.9925175255757
2909.5193059855433
2824.7527604940046
2801.8233033630904
2786.5715179630292
2763.777111211293
2746.834982126083
2743.3369198661426
2732.017983377222
2716.773347216857
2710.175151870183
2705.9427745828625
2704.0086675270754
2699.6257607918255
2690.7333782465084
2685.6142116549954
2675.0517490649936
2669.0510428281764
2657.542220232457
2649.292623535504
2642.1792753221553
2634.765657050105
2630.2384733186955
2624.2030723231615
2617.948441080547
2612.451181414512
2605.2566063032677
2597.387503290273
2593.115646578078
2588.272533468525
2583.1623914439047
2578.784607500636
2574.9516036438927
2571.531283657529
2568.4196947336504
2565.7980555089425
2564.6280776915796
2563.386052545799
2562.086869502345
2560.8448922092016
2559.564687324938
2558.071382306445
2556.5908331900328
2555.256349112062
2554.068079884113
2553.22115314284
2552.802406760294
2552.487822716461
2552.132392515044
2551.7331932873662
2551.23201649064
2550.547804029879
2549.7273264828923
2548.8998492437054
2548.2564261939942
2547.3135350133794
2546.5575964898826
2545.6711596027153
2544.279640045712
2543.0148696829406
2542.0230251250528
2540.94474864103
2540.1927323399477
2539.5921759292714
2538.830059386276
2538.384672126449
2538.098767493416
2537.794584733496
2537.539777878621
2537.2123267514007
2536.910421412871
2536.665974824992
2536.490862140121
2536.3035033336664
2536.0571427626383
2535.7881040829593
2535.556873235855
2535.3423544920765
2535.0549172369742
2534.8170524868247
2534.484920489452
2534.18468520077
2533.8911946820995
2533.6154099823316
2533.3292767421085
2532.949249792355
2532.6311014312246
2532.261547046626
2531.7083781724014
2530.912174023756
2529.801405451937
2527.903351360923
2525.932539980597
2523.953612647558
2521.4158346868944
2519.83198468125
2518.479017655926
2517.784224060442
2517.6654893270475
2517.3430165870377
2517.1890295784287
2517.043703266142
2516.9129871838823
2516.653321186609
2516.3886663591566
2516.070269897402
2515.747867542653
2515.439386490365
2515.1134213904243
2514.635816905959
2513.789700803031
2513.185231409307
2512.394229128985
2511.6296447440263
2510.900963492266
2509.701654649774
2508.8576401679506
2508.356384925205
2508.1741363693477
2507.807078276662
2507.482369698498
2507.1498445216876
2506.917615957731
2506.5466995615698
2506.311287412479
2505.9597839531825
2505.6119599143285
2505.348080632494
2505.073634371313
2504.811828161954
2504.6553462408283
2504.1267047524743
2503.7006184031798
2503.243848314669
2502.8893639644607
2502.689081723116
2502.6041091848533
2502.3303381288197
2502.2996139818997
2502.0735782194797
2502.0735782194797
2501.991544154848
2501.8453983838385
2501.730013358923
2501.5429715329665
2501.238426652432
2500.5994673512205
2500.3228728695562
2499.867761522445
2499.2992071873277
2498.596308219659
2497.9990981878536
2497.3878160980425
2496.896943754519
2496.5690897112886
2496.24903004997
2495.8260623752303
2495.4430635885255
2495.1923467608085
2494.940515432269
2494.8589191389665
2494.786356097636
2494.6932512637495
2494.5548273295326
2494.435425705886
2494.2873224265904
2494.1155061841196
2494.0267777302424
2493.947922944368
2493.817848621219
2493.6390938672826
2493.43993207395
2493.253651786056
2493.02296901517
2492.7819022129734
2492.561336778784
2492.384939149793
2492.19090976741
2491.9660974538783
2491.726541436251
2491.2439756655735
2490.692016932205
2490.0879886573157
2489.3107646229255
2488.553264906935
2487.5926363784056
2486.702010088267
2485.6639987036024
2484.6603973139854
2484.002140388604
2483.473421198879
2483.233643868829
2482.8085285620236
2482.6142444262005
2482.340325685372
2482.277142388978
2482.1732086603597
2482.090694008049
2482.0319686677094
2482.0012958083985
2481.9708166160117
2481.930927490641
2481.8622338470623
2481.846823922349
2481.8013921255865
2481.738943942472
2481.680712800804
2481.6409673000826
2481.6120120339647
2481.603080571458
2481.5780665190277
2481.5780665190277
2481.5610235042977
2481.5434883921002
2481.516021765089
2481.4944698364066
2481.4787359272286
2481.4787359272286
2481.4787359272286
2481.4689401229566
2481.465228001701
2481.4376473801353
2481.4259749086623
2481.3963138886297
2481.3885762118643
2481.368753276421
2481.368753276421
2481.368753276421
2481.3672014249896
2481.361742262366
2481.3533941211535
2481.336122405972
2481.3228213266093
2481.3009305688233
2481.2775895897944
2481.218011473361
2481.218011473361
2481.2041014745682
2481.2041014745682
2481.199459394573
2481.199459394573
2481.192289491578
2481.183747062947
2481.179266278278
2481.179266278278
2481.179266278278
2481.179266278278
2481.175924015934
2481.175924015934
2481.1609940763447
2481.1609940763447
2481.1583299721706
2481.1583299721706
2481.1583299721706
2481.1220889932724
2481.1220889932724
2481.010224357795
2481.010224357795
2481.010224357795
2480.9982377291362
2480.9982377291362
2480.9925858468964
2480.9644338739404
2480.961577097292
2480.961577097292
2480.9484192680497
2480.9484192680497
2480.945111772593
2480.933198961535
2480.933198961535
2480.933198961535
2480.933198961535
2480.933198961535
2480.933198961535
2480.9297016638725
2480.9297016638725
2480.9189217425046
2480.9053545394763
2480.9053545394763
2480.9053545394763
2480.8920659824275
2480.8920659824275
2480.8812717648602
2480.8812717648602
2480.8812717648602
2480.8812717648602
2480.8812717648602
2480.8812717648602
2480.8812717648602
2480.8812717648602
2480.8812717648602
3879.403778156533
3876.3904358360323
3665.4688420878
3477.7319767191684
3086.934286675354
2922.2194318381366
2864.3726353141756
2829.0573179111125
2795.60313656524
2759.2463873341176
2746.341844279944
2719.761999563857
2709.659847171888
2704.501064499492
2698.831288851565
2694.9592197758584
2687.521582070411
2677.8978420545827
2669.455365777954
2660.398789114916
2654.8730956352647
2648.168424593213
2644.2443529686025
2639.1393565515996
2634.6573310366684
2630.2430674045813
2624.9427466918037
2621.084684653829
2616.0008648772323
2613.4593962656877
2608.479058677717
2606.957833857333
2602.487347537234
2601.4266441608697
2598.4702010477704
2595.7257960348234
2591.2969008842024
2585.6739666503254
2580.5122268515124
2574.9829068273802
2567.291164679333
2563.050091575812
2557.995147029576
2552.881850281219
2549.422079814215
2544.5400104726477
2541.26192340987
2537.9904431095465
2535.670337915094
2534.0693069040894
2533.237950346733
2532.5068539527488
2532.01657434541
2531.5985694843057
2531.1802521760123
2530.7841212171693
2530.2711695734906
2529.8533488307485
2529.098772243361
2528.236084373077
2527.437992246758
2526.8328907136747
2526.2292961726594
2525.3510618278897
2524.531876778967
2523.9737249031286
2523.202233148904
2522.654864500292
2521.995276039215
2521.1819567618622
2520.5013120613444
2519.8872217257126
2519.342721498693
2518.796697988489
2518.3571815414134
2517.9408912122863
2517.4854241309513
2517.0512859435194
2516.521427137405
2515.959542551551
2515.3168643318845
2514.5713496495105
2513.7950345517247
2512.8759809517724
2511.792037197476
2510.7653287692146
2509.3158952943504
2507.8005094888917
2505.7408080419336
2503.855967212983
2502.4812899326043
2502.2541948268963
2502.068826217839
2502.012273815908
2501.9027566387804
2501.7839704402795
2501.7069348679374
2501.6061936319816
2501.396980851671
2501.214028686675
2500.9423134515073
2500.6686578300914
2500.331750771793
2499.682089862276
2498.8585284827373
2497.750808112023
2496.048660334466
2494.1599488144657
2492.6317790105154
2489.940129550105
2487.898480568173
2487.6334508999284
2487.601088974052
2487.513721035557
2487.482742423907
2487.4353801613415
2487.354292789239
2487.292386327796
2487.231689083602
2487.123257864936
2487.0434112429357
2486.9418486826776
2486.8839944279925
2486.8147259668513
2486.7108047621155
2486.6450454927963
2486.565382909523
2486.311586569502
2486.172754037088
2486.031043934318
2485.8704444278983
2485.81549727767
2485.7193505406767
2485.6617413151566
2485.5540220002954
2485.481243642736
2485.349506948735
2485.2244011134194
2485.0886191568975
2484.889029485079
2484.7020787476113
2484.5943705821437
2484.5622067866766
2484.552523324392
2484.509821212574
2484.462950105861
2484.402637090414
2484.3596754871855
2484.3129578914527
2484.2772909124214
2484.213464039259
2484.18732874512
2484.163097777481
2484.1502983698474
2484.109963877408
2484.100467702139
2484.069293395674
2484.039529841691
2483.998976325288
2483.9683293038424
2483.925217630757
2483.8844127916004
2483.8340345007505
2483.702365926371
2483.615545040562
2483.451485852723
2483.397344424051
2483.2627824909077
2483.065185972867
2482.799133895085
2482.609758547456
2482.609758547456
2482.5333792509177
2482.5333792509177
2482.497063309779
2482.440093343613
2482.4315496581685
2482.411173617091
2482.3910079191423
2482.3509735448497
2482.3289488027017
2482.3009090244673
2482.273075081088
2482.265561939016
2482.2528484064574
2482.23474408962
2482.2184772480055
2482.205290035315
2482.1959669112084
2482.126376090784
2482.1009763285088
2482.0846560387813
2482.0846560387813
2482.0483739305487
2482.0112748684005
2482.009398061579
2481.9705684512155
2481.9266775674914
2481.9045271260748
2481.8824922359245
2481.844228003649
2481.6057240544465
2481.4613629351243
2481.3736103112083
2481.3673292032195
2481.3673292032195
2481.3673292032195
2481.323592155073
2481.286727803845
2481.2387588300426
2481.163647525886
2481.068569929669
2481.068569929669
2481.068569929669
2481.068569929669
2481.030477880951
2481.030477880951
2481.0265079903966
2481.0152222527563
2481.0152222527563
2480.9924487244984
2480.9924487244984
2480.9924487244984
2480.9924487244984
2480.9738722389066
2480.968334521904
2480.968334521904
2480.968334521904
2480.968334521904
2480.968334521904
2480.9556407150376
2480.9120701105203
2480.9120701105203
2480.9120701105203
2480.9120701105203
2480.9120701105203
2480.910232591026
2480.910232591026
2480.910232591026
2480.8612979034274
2480.8612979034274
2480.8612979034274
2480.8612979034274
2480.8612979034274
2480.8612979034274
2480.8612979034274
2480.8612979034274
2480.8610206686903
2480.842730938489
2480.842730938489
2480.842730938489
2480.842730938489
2480.842730938489
2480.8367431713746
2480.8367431713746
2480.8367431713746
2480.8367431713746
2480.8359220927073
2480.8351233650433
2480.8351233650433
2480.8351233650433
2480.8351233650433
2480.8351233650433
2480.8351233650433
2480.8351233650433
2480.8351233650433
2480.8351233650433
3879.403778156533
3802.0261489800055
3560.323162459327
3195.555640878876
2879.9908760790995
2870.921936586763
2791.227408662325
2746.506010775007
2723.120279761322
2702.964101696887
2686.44836674957
2677.013820857364
2655.111378904486
2641.142639916416
2631.937587655549
2620.7845418324773
2614.3247195562944
2609.659844614205
2604.1322185980794
2597.58333550384
2589.996295938111
2582.2787655297407
2580.4639359452776
2576.1191288055957
2573.132033496625
2562.5010981958894
2557.858323900338
2548.8310597907166
2543.3647363984014
2536.853034553381
2530.7811591673794
2524.7308604112927
2519.7234369780012
2515.3060841191823
2512.482069269034
2510.126067402981
2509.4777033723567
2509.025121658869
2508.709377725399
2507.9541158870934
2507.514206726574
2506.888471926055
2506.4328772738845
2506.1570084025548
2505.7530545485474
2505.3738337402337
2505.048499796372
2504.6961430448473
2504.2384974520537
2503.773904325961
2503.2536885482155
2502.6889072249983
2502.1288959883323
2501.4155928375844
2500.491862379529
2499.9141584972062
2499.9141584972062
2499.620258142226
2499.5376070266684
2499.353008935679
2499.215059766305
2499.0608462936816
2498.9202908612997
2498.802261052578
2498.6150877535606
2498.475249383728
2498.2439183717142
2497.961159775905
2497.8200999586425
2497.5624426153518
2497.354789021103
2497.2286412381764
2497.098456414659
2496.954233853336
2496.6685522587313
2496.4666875572407
2496.2168861366636
2495.8709258150207
2495.404030336207
2495.0309417323365
2494.262881764978
2493.7149628108878
2492.875319793094
2492.0047131687347
2491.3853450462207
2490.648696632633
2490.3407354912306
2489.759906684457
2489.396912503828
2489.2466767443707
2489.2466767443707
2489.1520439492883
2489.1520439492883
2489.045944549971
2489.0016881879037
2488.9931469565186
2488.7628643925873
2488.544882369072
2488.298798152172
2488.123123056353
2487.974044454556
2487.6289765783504
2487.3195128910406
2487.108927585664
2486.835627557261
2486.695040126854
2486.5055564029967
2486.29332972209
2485.989043519322
2485.806997618672
2485.7132721120233
2485.6597991022077
2485.4707609680477
2485.4707609680477
2485.4307403736348
