3714.9794367981176
3527.2725804805905
3374.2961107601914
3104.5060154332755
3040.6759050758683
2982.1674605089256
2906.294437147032
2850.7675416478723
2801.863295882867
2768.0784135817244
2731.5540636602036
2701.727881757492
2690.0062433179373
2672.9317304834153
2652.733953243952
2638.7949497650175
2636.357055831798
2621.7648680052507
2615.040541043954
2606.2074750040047
2595.110692273467
2587.3730127697177
2582.313257640628
2578.4932335160884
2573.990467618976
2569.518429271583
2564.141273907854
2557.9304543873923
2553.2900805577137
2549.5228027251937
2545.9254162128236
2542.236021708437
2540.2845725585275
2537.0969233065543
2535.6183428792233
2534.0813151937737
2531.872898278274
2530.4422206144573
2528.056523925413
2526.3315204996097
2524.69706662565
2523.301455007785
2522.2475317138937
2521.015431709193
2519.440554688061
2518.4628474033184
2517.6141479294056
2517.0879110924516
2516.801545304235
2516.474192375779
2516.2785689540833
2515.9401498599286
2515.505023763379
2515.0215416012375
2514.471921539198
2514.028323430251
2513.1032029663866
2511.929980620913
2510.783086693713
2508.8769509402564
2507.073050600542
2504.3940437985807
2501.2888817197013
2498.278825412982
2494.705003945031
2491.5541098489884
2489.701568595133
2489.510839893523
2489.446894588029
2489.446894588029
2489.4086864095266
2489.311029857325
2489.1481584698017
2489.032822589499
2488.793971682031
2488.635716837718
2488.393978157937
2488.2234566952093
2487.980166422965
2487.73626616815
2487.492682336244
2487.1178244904004
2486.9130757710655
2486.7733895851916
2486.640872583045
2486.5673070813723
2486.4971966343915
2486.389622489212
2486.2862304693754
2486.206480645678
2486.082221302368
2485.967515189344
2485.8705643555477
2485.773511332954
2485.637430380756
2485.5479077599516
2485.5386003951944
2485.523821786774
2485.4512895060307
2485.3601929158012
2485.273939189233
2485.20293096405
2485.11124693765
2485.0573415958697
2484.990987691129
2484.919659282377
2484.844317404158
2484.7656603869923
2484.7243574746494
2484.671377320877
2484.5671398456334
2484.5133541154764
2484.4476882900417
2484.394627484085
2484.2990551411826
2484.222864274464
2484.119809386663
2483.890968319355
2483.7749300308324
2483.5692372830385
2483.4398250278514
2483.2813187475276
2483.139564055248
2482.995177349615
2482.885339250939
2482.7561983341675
2482.6560893891688
2482.532653633277
2482.0541948745918
2481.7847098050274
2481.6886984942967
2481.6886984942967
2481.598590591464
2481.558292803139
2481.558292803139
2481.5009662151933
2481.5009662151933
2481.5009662151933
2481.483632296091
2481.43294152199
2481.426167971274
2481.3777539240828
2481.354026520628
2481.301282750256
2481.2784136303403
2481.2758086190697
2481.1853070399925
2481.1853070399925
2481.162297977175
2481.162297977175
2481.162297977175
2481.162297977175
2481.1566416581227
2481.140914915614
2481.140914915614
2481.133871898199
2481.1254631915476
2481.121675295369
2481.121675295369
2481.121675295369
2481.121675295369
2481.121675295369
2481.121675295369
2481.121675295369
2481.121675295369
2481.121675295369
4412.394135362221
3937.916907545427
3637.9420870979375
3268.5425503757456
3182.880273978797
3137.6273083015967
3091.620919280751
3022.35654079047
2954.9612611799826
2899.740938079018
2821.9216394715895
2778.5297122518573
2748.8417507177587
2724.390029905268
2706.3234001972887
2691.8315780521652
2681.8962983593615
2667.8473963690462
2661.411541558234
2648.182775199007
2643.4350476988275
2634.5119688326404
2624.784464784164
2610.833861605318
2598.9878525675626
2589.4892707031017
2578.7980967020303
2568.2602199802523
2559.257555170019
2551.96217311055
2549.162059513489
2546.778078816069
2543.0038388548314
2541.149593606895
2537.537551643431
2535.645523639312
2532.932605391577
2532.0221932567965
2530.7931000370627
2530.061840484264
2529.2000326403017
2527.9190113687005
2526.4302771199687
2525.1411064056215
2523.6689469650332
2522.4779047403763
2521.7557260964927
2521.2130827033625
2520.583878440648
2520.0003166633996
2519.27671718125
2518.7240875982957
2518.2903968752576
2518.009171035407
2517.8562849863933
2517.716483210515
2517.5320314712285
2517.404617376011
2517.1736555521484
2516.9806143893206
2516.7625357211978
2516.4912256468538
2516.2608088644565
2516.0650394067475
2515.841944744719
2515.6236627545723
2515.3803012948115
2515.082455910443
2514.835602610444
2514.435148262783
2513.928000498795
2513.2966876797504
2512.3517893625844
2511.1240539393248
2510.057738092284
2508.57404914015
2507.2397483714863
2505.5115583158245
2503.9095533250447
2502.2844956272393
2500.730283736533
2499.431202821752
2498.374524205366
2497.1081152787588
2496.0328548249186
2495.330022937253
2494.8025998095836
2494.3186437565173
2494.010574223753
2493.791893077209
2493.608468386763
2493.4646968140382
2493.327654765725
2493.257893312668
2493.200381086055
2493.1314553558964
2493.0573571313084
2492.9827000596506
2492.8966287934645
2492.8177321019693
2492.711525746644
2492.598593015879
2492.536104146539
2492.4052022144842
2492.284092733093
2492.1650595718656
2492.0447218171485
2491.9585786935736
2491.8353581198435
2491.6546894870385
2491.4544154858286
2491.2796239723352
2491.0805191849367
2490.9311707814063
2490.5982518936235
2490.372073896395
2490.102632534246
2489.779639544878
2489.351426341684
2489.025946537852
2488.714680744542
2488.4101580309334
2487.8054020305435
2487.2135543471286
2486.7125988542716
2485.9372000318394
2485.485510245043
2484.7739928081196
2484.450693078169
2483.977933674085
2483.769118857347
2483.360528912509
2482.957499124107
2482.848621414471
2482.5923995260155
2482.4405528689153
2482.4266898431956
2482.3798731181523
2482.3798731181523
2482.3798731181523
2482.345176334671
2482.288285068015
2482.249203637509
2482.1986633684865
2482.12491571202
2482.062173944313
2482.022602309795
2481.9842711177457
2481.977918377779
2481.86599174582
2481.832391610579
2481.8106572343186
2481.7913976027207
2481.7391249424113
2481.7240484847903
2481.7038544178263
2481.6833529605346
2481.6657748091043
2481.663800866899
2481.637627825137
2481.6264446261
2481.604053118477
2481.5917837706047
2481.58964357791
2481.556978143678
2481.556978143678
2481.556978143678
2481.5466209052856
2481.5324453839175
2481.5182757421653
2481.4827800886383
2481.4827800886383
2481.459495063097
2481.459495063097
2481.428986249613
2481.415000912282
2481.3891901041743
2481.3891901041743
2481.3891901041743
2481.384675429197
2481.384675429197
2481.3817923169486
2481.35859640886
2481.35859640886
2481.3551217373342
2481.3502979353902
2481.3477724339814
2481.342287201144
2481.3413591317762
2481.3413591317762
2481.340392976425
2481.3318346738324
2481.313694301854
2481.2903083507085
2481.264328349353
2481.264328349353
2481.258938681427
2481.257922859143
2481.2476503863436
2481.2469251862553
2481.215204232575
2481.215204232575
2481.2134384303013
2481.1957357088436
2481.1957357088436
2481.1957357088436
2481.1957357088436
2481.1872433287026
2481.1700986651404
2481.1500204142676
2481.1328499796523
2481.1328499796523
2481.109565056209
2481.109565056209
2481.109565056209
2481.109565056209
2481.109565056209
2481.109565056209
2481.109565056209
2481.109565056209
2481.109565056209
4412.394135362221
3793.6475039836555
3617.4147628734545
3318.601045135685
3318.601045135685
3182.995822000388
3035.7346640548894
2902.6489550977626
2800.497369014179
2735.5370989575895
2698.2810072699617
2673.933083750505
2666.2884810763526
2659.8697771406896
2653.331516549788
2645.0517715370515
2638.422991268767
2631.165208152945
2625.628170952536
2619.014487147399
2614.2626854475534
2611.316138593865
2605.066727361555
2602.3006825806087
2598.02557555679
2592.457579004335
2587.3918608844883
2582.5362345945787
2578.4069273947443
2575.6393631270475
2569.4758449615515
2565.780025076613
2561.9650964483244
2558.8573475481376
2556.3553752213697
2553.024908885576
2549.797916459171
2546.43140075773
2543.494577648392
2541.0936404934428
2538.843857563231
2537.737025935473
2536.6115119020687
2535.8742912681896
2535.0765908427807
2534.3943572486564
2533.7527807425768
2533.47454247119
2533.0484068407586
2532.654842270602
2532.3701346699117
2532.072962715195
2531.660047500379
2531.2490906113017
2530.7833059072423
2530.4321742758952
2530.0525886493724
2529.681474468315
2529.180224755474
2528.7897159587155
2528.2657629758846
2527.6380653861647
2526.8645717366617
2526.005475840235
2525.0472332901395
2523.863513667715
2522.650117176688
2520.8895031226184
2518.8078660364886
2516.7173270629482
2514.073691802242
2511.6335401074684
2509.3963566286475
2509.325350907832
2509.3247120540905
2509.208587351777
2509.1905186502922
2508.877521450212
2508.609673079575
2508.3720814870903
2508.156876825188
2507.9298130855377
2507.712940460008
2507.499285616293
2507.2106144077097
2506.8105071455134
2506.145159095771
2505.6089885547467
2505.3740482734033
2505.005038147108
2504.702513533159
2504.337070170932
2502.826662206207
2501.4364633079254
2500.3925532662565
2499.466460780888
2499.2116893353577
2498.929959947805
2498.6123715780514
2498.1519351367424
2497.666436617941
2497.2286511136745
2496.6599404251165
2495.9086590927905
2495.3730214682805
2494.9839440597816
2494.56269298437
2494.1626905351704
2493.887949223804
2493.361126725837
2493.0895912548067
2492.722611734294
2492.3723650674638
2491.9907092981593
2491.5392657969933
2491.278106416735
2490.760417059141
2490.324947817294
2489.907907337616
2489.709459447966
2489.556788509691
2489.4243246844035
2489.2331619962083
2489.1267319197373
2488.9596880665786
2488.9596880665786
2488.8309728928816
2488.6201402095076
2488.4143166260524
2488.199517983002
2487.9410266370505
2487.674339709807
2487.4295646445457
2486.966876565922
2486.353004790591
2485.909759035989
2485.535453918293
2485.124215377433
2484.7390123986415
2484.302004008738
2484.0757039155023
2483.788969884249
2483.770326581766
2483.5763751989853
2483.228518570905
2482.9408949857093
2482.70814289346
2482.571899356031
2482.507498063998
2482.4421348914098
2482.4056369503455
2482.4056369503455
2482.379535628081
2482.277250280425
2482.277250280425
2482.246573831392
2482.2070969705296
2482.1414079326264
2482.1169208556707
2482.081588172357
2482.035772624462
2481.9921097695765
2481.9377768253944
2481.8986507068666
2481.8854669452844
2481.8519584051396
2481.8250072890364
2481.79705878661
2481.776934034759
2481.7317348744787
2481.6784253811416
2481.639522330518
2481.5677406886375
2481.4935132501996
2481.45173901256
2481.265379344583
2481.154089934872
2481.1444401492413
2481.1319212785265
2481.1082155585327
2481.090042346747
2481.0779386021454
2481.0673192511013
2481.066070545356
2481.0529181889783
2481.0529181889783
2481.0529181889783
2481.026607534639
2481.0254079364518
2481.02318260953
2481.011577337553
2480.9972920134487
2480.996127030356
2480.996127030356
2480.979961874933
2480.979961874933
2480.9680094036385
2480.9680094036385
2480.9680094036385
2480.9680094036385
2480.9680094036385
2480.9680094036385
2480.9680094036385
2480.9645328429474
2480.961946722111
2480.961946722111
2480.961946722111
2480.961946722111
2480.9603648470825
2480.958695390271
2480.958695390271
2480.958695390271
2480.958695390271
2480.958695390271
2480.958695390271
2480.953891897002
2480.953891897002
2480.953891897002
2480.953891897002
2480.953891897002
2480.953891897002
2480.953891897002
2480.953891897002
2480.953891897002
4412.394135362221
4349.952860722878
3751.6278085741105
3725.752754897943
3393.0248334953276
3172.5683361990395
3065.284764490944
3000.3453647569004
2967.956273297183
2911.833618681517
2874.355724800652
2847.5089973051163
2828.307579351447
2807.771584527969
2782.6260445459225
2769.01598258705
2745.1556183248267
2735.796584023939
2725.9789431059908
2716.8109515851697
2707.943333015486
2702.806059429782
2697.3059268373454
2688.1884479676387
2677.5639065226064
2667.2606068398572
2654.6001681417033
2639.8700456697966
2627.347381657624
2615.8502105888006
2605.172660458803
2587.6545703909733
2577.150206212553
2568.6853538796313
2560.958667469125
2554.298422667338
2549.9929844234375
2546.9074302017607
2544.752662157035
2542.918687207371
2541.4156929086394
2540.4216157192186
2538.6519322788718
2537.094495890072
2535.3025595174126
2534.036349163257
2532.942840116897
2532.4554912526387
2531.9200867533477
2531.222478867881
2530.596831211174
2529.885264950627
2528.8971952866973
2527.9248502843298
2527.1738530290754
2525.379580082955
2524.1976772304747
2522.9570520373127
2521.877071974664
2520.6537734660383
2519.3672524157782
2518.2056586278695
2517.558584021212
2517.262866873631
2517.108034692753
2516.892538738245
2516.6177404378213
2516.42791718815
2516.1157985501686
2515.763992378441
2515.373660799264
2515.044876355354
2514.7552865399366
2514.4481315387875
2514.0594809534355
2513.608612910446
2513.1966127997193
2512.7049136620526
2512.1768973634244
2511.6175878712766
2511.103178146156
2510.38559278604
2509.679763297915
2509.117922645327
2508.0884992539654
2507.212877454179
2506.202023661451
2505.0349477387686
2504.408350159886
2504.257990049109
2504.1517989315726
2504.0100774546686
2503.8949472487416
2503.6617397339605
2503.5154153253643
2503.367210087888
2503.2307835870997
2503.093029507055
2502.990033458087
2502.902271747903
2502.681205013248
2502.156521441468
2501.5252650053476
2500.352353319794
2499.3119396718926
2498.2141144239763
2497.2320072951015
2496.5121238822644
2496.148518455744
2495.9374172061725
2495.797576675277
2495.6735938582196
2495.5935362614473
2495.428989371956
2495.229791903445
2494.9473954095006
2494.7768700778192
2494.6130798230706
2494.2541573043054
2493.87315340125
2493.6632945597885
2493.469084560924
2493.322199770804
2493.1020722311587
2493.006696296814
2492.843896328333
2492.6299714056695
2492.4580592578304
2492.2728902089343
2492.08493927985
2491.7989555691065
2491.5904097550483
2491.2949959458665
2491.033102154522
2490.711618288599
2490.4682436919566
2490.145715638596
2489.6790213700074
2489.359744420338
2489.0192753567444
2488.497142909221
2488.462602868368
2488.3163533101133
2488.1608309649664
2488.0732639150006
2488.0732639150006
2488.031859041051
2487.7489767927086
2487.498591857268
2487.2604977520164
2486.9229567279795
2486.6446294958596
2486.3578213250366
2485.8336343339006
2485.319264934529
2484.931978858011
2484.6669163910133
2484.378771875621
2484.29043956856
2484.2405807681635
2484.168538403156
2484.062087146241
2483.8661524501786
2483.783452568491
2483.6736126368087
2483.633700805846
2483.5669640106457
2483.535633278909
2483.468686997566
2483.4282275068745
2483.401551833396
2483.388538992258
2483.388538992258
2483.366139350175
2483.3243784154693
2483.272284239331
2483.2332236708053
2483.20680827331
2483.1694061412445
2483.1168607226755
2483.0564999248127
2483.011498083525
2482.978271746665
2482.925545403563
2482.885859636715
2482.8222308184827
2482.770757344625
2482.738164364588
2482.7100890694237
2482.666653230569
2482.6221203430655
2482.5438323503713
2482.4596244245595
2482.384445323328
2482.325150560392
2482.1956536545586
2482.083691726819
2481.9777100905044
2481.874722617717
2481.6757529081374
2481.4288699849158
2481.22457116853
2481.0300215988705
2481.025208660399
2480.9901562446
2480.987708218457
2480.973805147897
2480.973805147897
2480.973805147897
2480.973805147897
2480.9188205883
2480.9188205883
2480.9188205883
2480.9188205883
2480.9188205883
2480.9188205883
2480.9188205883
2480.9188205883
2480.9188205883
4412.394135362221
3782.671296234317
3547.331250064417
3334.4406998080904
3176.0136218279677
3145.114767618626
3094.402075372759
3002.006760868245
2928.566994578097
2865.606865049672
2811.291680385846
2781.1640956505357
2764.1603135086343
2757.1680855084887
2745.2497342272304
2737.9930408750292
2733.3272024333423
2727.3136176830158
2721.4549010526007
2716.043955546427
2711.5079707827217
2703.818052568259
2699.684524581483
2691.8317718048906
2686.9311520699875
2681.663436033575
2677.4884351553737
2673.4520129171115
2665.3088115338987
2659.280188905917
2651.493609017083
2644.0028934349766
2638.2372720462554
2629.663373928243
2621.217280024486
2611.9653555854843
2608.524558862886
2604.3190016822164
2600.9483173405692
2597.9672790781806
2594.985311347489
2592.4219193399176
2590.9732865103088
2589.7518731757677
2588.5317242813667
2587.5369444937996
2586.8843949128827
2586.2245801168065
2585.8862444004117
2585.6892341413754
2585.3655962965086
2585.180944535936
2584.893771529026
2584.6515893368774
2584.3517504077986
2583.9508186912253
2583.593281284674
2583.2772590639715
2582.8921562146697
2582.612875854509
2582.255646728731
2581.8403333881297
2581.4448552427693
2580.9921020128986
2580.6189951459232
2580.2422960265385
2579.8754538313538
2579.6762909263985
2579.3877820610687
2579.1304609438853
2578.779078953465
2578.572091932914
2578.1713039295064
2577.7779138430565
2577.4069737207124
2576.7319073955787
2576.190804483909
2575.6048248560774
2575.0757471348747
2574.2140500688192
2573.374171142677
2572.3514242049487
2571.006668928969
2569.395377446309
2567.6913546270307
2565.513377845465
2562.8074073457856
2560.0290258787595
2556.9700777351372
2553.194712802153
2550.078419837401
2547.684811025412
2545.6508158778006
2544.725685967433
2543.7382360084434
2543.1912374869376
2542.903173619864
2542.6745291998573
2542.056313289137
2541.7790136543003
2541.219022435643
2540.9666234637157
2540.675850380255
2540.223711792569
2539.8758936959175
2539.533077030516
2539.102986749106
2538.69894572908
2538.0975583018267
2537.590570923302
2536.8071033903557
2536.104511534623
2535.159425168727
2534.2046875143287
2533.1368445897
2531.9181126901103
2530.8174558898713
2529.3983854372696
2528.18615336955
2526.509565264053
2524.036406424936
2522.027233439347
2520.15804268113
2518.627699958226
2517.424895360031
2516.858779519463
2516.620847621144
2516.501607610938
2516.2422892692907
2515.952809243474
2515.6292317481098
2515.2601689143094
2514.761256678422
2514.13788817543
2513.118937763293
2511.8222451415027
2510.1096774420866
2508.183052907851
2505.924704088637
2503.6604863558423
2501.663793179717
2500.587076341272
2500.5837721782777
2500.5260897032354
2500.28064679336
2500.1225002456167
2500.0489562120197
2499.954815595628
2499.825901226636
2499.71400207584
2499.6019584500973
2499.510394596793
2499.3602274006603
2499.2053665015455
2498.9253459291012
2498.6040861247975
2498.2749346091246
2497.93119478261
2497.6135349419505
2497.250974986782
2496.934912650926
2496.478160227641
2496.0958413480607
2495.4699962061463
2494.7748521480075
2494.0512920291394
2493.167744281628
2492.4453119488144
2491.8456206679316
2491.447883644277
2491.240395064883
