3283.5823889866924
3148.298020139917
2920.60223651449
2790.959506818228
2715.5807610608003
2706.6569123549216
2701.644047660415
2668.697712206632
2665.0662849410946
2644.5087001194943
2625.880273476423
2616.273500755022
2601.673257833639
2590.0453419512414
2582.979686064025
2576.510461978765
2568.277739722217
2563.2754141706655
2553.156498989581
2541.8243090783176
2532.3559114682075
2525.3459774871244
2518.1466741820336
2514.988300095937
2512.736156966223
2509.989867779146
2507.848001182646
2504.284899698852
2502.626025170121
2500.7364430657613
2499.6071298886195
2498.404113048825
2497.6618274229736
2496.8397314462622
2496.061033748788
2495.2531437924044
2494.4380090375785
2493.727617465785
2493.191504927331
2492.7460414761895
2492.528601992976
2492.341849246197
2492.1456312584132
2491.905759750156
2491.716768592598
2491.4297540545645
2491.2756236872037
2491.1079608028517
2490.9781301926378
2490.7754251019996
2490.587726417792
2490.4301172615687
2490.2377531523252
2490.0867274748534
2489.9592887434287
2489.8055877932834
2489.679736565393
2489.6363548993913
2489.5555046568597
2489.5029209166064
2489.479458399146
2489.4235290605734
2489.364686720747
2489.3249477867753
2489.2431045307508
2489.177382228653
2489.1085818748143
2489.011876855656
2488.9318607935033
2488.6906872703994
2488.6169661348404
2488.5554255462102
2488.4663138415995
2488.4052221630213
2488.317727841305
2488.23956086662
2488.154285663102
2488.0780117896174
2487.956900356263
2487.833500986239
2487.698426578927
2487.5862260212334
2487.340309618641
2487.221949107192
2487.134854637556
2487.0532056342495
2486.84649491434
2486.704054106877
2486.4606827164253
2486.164622963371
2485.8223467150915
2485.5520275501717
2485.2987864146467
2485.17863524311
2485.1652846240113
2485.0898279866547
2485.056641112511
2485.005402404865
2485.000261573369
2484.95081581077
2484.9010312200076
2484.858527027925
2484.81788161655
2484.7532357226
2484.6786447466498
2484.5856595561936
2484.486004295868
2484.403674292723
2484.342902519879
2484.2108161963192
2484.044103372586
2483.8790433516237
2483.6224105772517
2483.391397892738
2483.1830812693047
2482.93424868899
2482.5469059163534
2482.368487097075
2482.1911756740374
2481.7512623317166
2481.4997277064745
2481.4997277064745
2481.2912078354057
2481.2758600165525
2481.18545493765
2481.15193722439
2481.15193722439
2481.09371015751
2481.09371015751
2481.0726435549827
2481.0726435549827
2481.0503375964286
2481.0503375964286
2481.0503375964286
2481.0503375964286
2481.0503375964286
2481.043319864072
2481.043319864072
2481.043319864072
2481.027379697758
2481.0222716195044
2481.0194030016014
2481.0065216196426
2481.005931294638
2480.9760449940154
2480.9760449940154
2480.9760449940154
2480.967711959246
2480.962647735672
2480.951613712594
2480.951613712594
2480.951613712594
2480.945469083295
2480.9186301508635
2480.895442325331
2480.895442325331
2480.878716409302
2480.876692332879
2480.860076570607
2480.8312811747282
2480.8312811747282
2480.8312811747282
2480.827385794894
2480.827385794894
2480.827385794894
2480.827385794894
2480.827385794894
2480.827385794894
2480.827385794894
2480.827385794894
2480.827385794894
4443.484280420642
3355.985862826975
3329.007013710577
2995.4860032705546
2812.2964692531305
2723.6288750566355
2685.5291149216905
2657.2551888603193
2644.417374193676
2631.741573185357
2617.3668792762764
2600.4084246505195
2590.6661847663763
2577.07513219429
2568.206484874169
2557.369440130986
2550.471031234825
2543.749993479711
2540.0509054663644
2537.343240062371
2535.226076722798
2533.8905125441966
2533.540588419287
2531.3255450638108
2529.727371936859
2527.2857840301585
2524.5185174195567
2523.353591287261
2520.6251239163157
2519.4190089441554
2518.750368211673
2517.8114138745086
2517.27421816159
2516.997882986577
2516.689716467955
2516.689716467955
2516.689716467955
2516.476770199442
2516.0590638908643
2515.3360135652497
2514.2736062562713
2512.7218608324774
2511.2694638154
2509.682152714483
2508.310231198085
2506.373729636575
2503.857138494861
2501.35931339812
2499.144494121393
2497.3086433942235
2495.3768403920844
2493.775149532831
2492.4080200399176
2491.6894132400384
2491.2025180453716
2490.702697133113
2490.356596883293
2490.060074854353
2489.6549853109877
2489.451018479719
2489.125989781747
2488.8888782791264
2488.5556714935833
2488.325970380797
2488.149704410974
2487.9747537844164
2487.8113739723617
2487.5870763998732
2487.35959017365
2487.0620760190386
2486.8486690116815
2486.5687454457156
2486.428573975148
2486.1833697685674
2485.995796785917
2485.7033826288007
2485.4210201135725
2485.2047815337287
2484.7322271473845
2484.384906536494
2484.0782266079236
2483.8241558207865
2483.7518961231253
2483.587073226099
2483.509587665978
2483.3686792651556
2483.2970373046937
2483.1093462403865
2482.971546086914
2482.8894200246937
2482.790626554981
2482.708091533991
2482.587632181695
2482.3916177582823
2482.072676319097
2481.9114853449196
2481.7451418569967
2481.6850582493753
2481.6187912113814
2481.542030652677
2481.53136687611
2481.53136687611
2481.462099704472
2481.409307863954
2481.3503747728414
2481.3503747728414
2481.3503747728414
2481.300612046728
2481.300612046728
2481.300612046728
2481.257058444069
2481.2367343261444
2481.2217153345405
2481.2052519056288
2481.1921355125205
2481.1921355125205
2481.0388519441954
2480.983521303129
2480.9795225314015
2480.978159431552
2480.9652833117634
2480.9652833117634
2480.959524768781
2480.9435976832374
2480.9081743363417
2480.9081743363417
2480.897837738486
2480.897837738486
2480.897837738486
2480.897837738486
2480.897837738486
2480.883220400054
2480.874044678486
2480.8719833981845
2480.8719833981845
2480.8677547841594
2480.846812983784
2480.846812983784
2480.846812983784
2480.846812983784
2480.846812983784
2480.846812983784
2480.846812983784
2480.840888760369
2480.840888760369
2480.840888760369
2480.840888760369
2480.8396230832773
2480.838417876551
2480.8380398411
2480.8373351552864
2480.8327006220575
2480.8327006220575
2480.8327006220575
2480.8327006220575
2480.8307127793037
2480.820134804971
2480.820134804971
2480.820134804971
2480.820134804971
2480.820134804971
2480.820134804971
2480.820134804971
2480.820134804971
2480.820134804971
4443.484280420642
3427.3816242286002
3268.013834415404
3063.254794159541
2854.4125294288897
2815.251181610603
2759.6971480372868
2727.378602301396
2706.8363594879293
2682.7577374152224
2658.2690696978557
2648.9061689897244
2627.2034074852554
2607.524555762182
2595.3445799294045
2584.8803343089444
2577.821525116341
2571.439110536731
2563.015979726273
2555.938376340841
2552.4910663245073
2550.0194444500785
2547.574302077541
2544.991030036725
2542.9131889176383
2540.375448599769
2538.030337545003
2536.3530176184922
2533.419421377622
2531.406509093491
2529.4719965964355
2528.4620562591626
2527.376742664299
2526.3691872522786
2525.0295112494796
2524.2641203300923
2523.6043360936546
2521.951844404682
2520.694467984366
2519.4573244436506
2516.090350972019
2512.852982853149
2512.3335251051403
2512.280919208497
2512.096461569838
2511.72593323451
2511.2787554329975
2511.0443297311504
2510.866353332029
2510.438496283976
2510.231793170168
2510.031772499596
2509.637470070986
2509.2286625795305
2508.7745674413172
2508.490568471091
2508.135191953362
2507.858729166766
2507.60189096225
2507.385495315279
2507.26329935891
2507.156055643975
2507.052688222143
2506.901307649954
2506.7836671166065
2506.6146010938073
2506.4673617060485
2506.3878334041283
2506.2359766933137
2506.052056415482
2505.8242730725174
2505.661673656286
2505.3662271410344
2505.144474710785
2504.782771245672
2504.2855695837825
2503.8837126110748
2503.2709824318063
2502.611270907884
2502.007975040354
2501.1720675197294
2500.425680198481
2499.4836541811687
2499.0961227177304
2499.029847547399
2498.931470888573
2498.931470888573
2498.9292434483546
2498.866625868261
2498.7284004683465
2498.610783871609
2498.4909462374467
2498.3602201599897
2498.2373027386293
2498.131798169786
2498.0220162610917
2497.884809862369
2497.5913366632813
2497.413895466349
2497.183578247383
2496.895610091046
2496.585068215279
2496.2429905032877
2495.853221792583
2495.4577098810205
2494.952267197963
2494.3629179379222
2493.764283636484
2493.095746425148
2492.4278039712267
2491.5532306953014
2490.7080835058487
2489.627673292714
2488.700116490901
2487.9075113280983
2487.332651698075
2487.0122863893007
2486.7140641577303
2486.5178621940063
2486.326591228685
2486.2051244635577
2486.1311921193756
2486.074566639622
2486.036647502937
2485.9752046312415
2485.941230046775
2485.9094150678043
2485.825180961267
2485.7524983310145
2485.673213069125
2485.601301404697
2485.5032195386857
2485.4319911892962
2485.344479273387
2485.2795872047154
2485.1634472352157
2484.9816956009086
2484.75410558546
2484.584637358604
2484.4099387802607
2484.2492506816243
2484.05419898807
2483.810097469884
2483.6616835705686
2483.5348154613052
2483.4374983169096
2483.050333380556
2482.845050355493
2482.573357105358
2482.3129492067537
2482.161650335988
2482.0670055413784
2482.0386116730647
2481.826496645444
2481.801824553295
2481.5628003774527
2481.2911111104254
2481.228969028497
2481.039146196188
2481.039146196188
2481.039146196188
2481.039146196188
2481.0330956700004
2481.0330956700004
2481.0330956700004
2481.001489150904
2481.001489150904
2481.001489150904
2480.994234061763
2480.9524011030494
2480.9524011030494
2480.9524011030494
2480.944596349371
2480.9399283007438
2480.9399283007438
2480.902771321395
2480.8991867306977
2480.8948219915947
2480.8948219915947
2480.8784652833333
2480.8784652833333
2480.877615579868
2480.866984385355
2480.866984385355
2480.8584838667216
2480.8453865350994
2480.8453865350994
2480.831474465035
2480.831474465035
2480.82977294565
2480.82977294565
2480.82977294565
2480.8281314644005
2480.8281314644005
2480.8249969294857
2480.8201793809612
2480.8153145388515
2480.8153145388515
2480.8153145388515
2480.8153145388515
2480.8153145388515
2480.8153145388515
2480.8153145388515
2480.8153145388515
2480.8153145388515
4443.484280420642
3404.388769382009
3247.13594910779
2951.8185017644214
2753.4604516614754
2727.338594705149
2718.312489113025
2683.6760421314134
2666.3627423557678
2656.9761282034688
2652.4300623663426
2646.284729375871
2637.2005624536
2632.1651241389486
2625.1021188682166
2611.4821575515575
2604.3019055050067
2595.599457142182
2586.2996844368913
2580.1577855350824
2574.2903789277707
2565.41837471953
2558.970763849232
2552.7429633930005
2547.65415299013
2542.0781198133645
2538.688820591795
2535.8802822773096
2534.5002225667636
2533.345684263704
2532.965723924738
2531.9378405728075
2531.3322160177067
2530.4156192521673
2528.8520714462306
2526.895957411585
2524.7509708333578
2522.9171726717527
2521.013946968322
2518.9260468514976
2518.483972802138
2517.925185333386
2517.664520643797
2517.595931031457
2517.487659315414
2517.3070537951476
2517.215801717865
2517.215801717865
2517.181167198932
2517.018984774406
2516.8654850832827
2516.7216501057464
2516.4345011226487
2516.2683718648377
2516.0871461705638
2515.907183316236
2515.7475195760644
2515.5204005392625
2515.1911290980133
2514.899096873862
2514.5565234150386
2514.2230834699985
2513.90376010752
2513.6169575069994
2513.2575015523275
2512.856337836804
2512.374127232229
2511.6106244318466
2511.014428697695
2510.3156146763354
2509.468636747053
2508.688362607926
2507.7789781677993
2506.727176609
2505.7659168464265
2505.187563923064
2505.152088313417
2505.0239521958833
2504.796483954522
2504.697916659546
2504.5764970389596
2504.4985874010376
2504.321471172716
2504.1709634767917
2504.063804038596
2503.9693366070874
2503.875658288667
2503.7553166785747
2503.650080542524
2503.50016020173
2503.3820299274357
2503.2637162982555
2503.126228375117
2503.0164237802787
2502.887849576829
2502.762559630776
2502.6202686400275
2502.492691815856
2502.400038870114
2502.3412261117032
2502.2214169544845
2502.153598050871
2502.0855812248683
2501.999399100036
2501.904186473418
2501.8332544535774
2501.7478697773463
2501.679396142823
2501.6033857123816
2501.4804432052997
2501.4008103497217
2501.18746007397
2500.927058436351
2500.5034531245483
2500.118831831185
2499.632419489833
2498.8557288211264
2497.1929661520203
2495.3854017625617
2493.6638409327993
2492.173326404271
2490.8051885249847
2490.0837415936803
2489.639721417001
2489.528310828763
2489.465515806541
2489.38640722237
2489.3404900188866
2489.2831910183922
2489.2351108044822
2489.18617703766
2489.144196742578
2489.083913437953
2488.9830009304983
2488.8791745504027
2488.797736571917
2488.715302949574
2488.629273543699
2488.537406627627
2488.454824079099
2488.359983322871
2488.2909118902544
2488.2507223915163
2488.1709642283295
2488.042751194038
2487.8500628129586
2487.776687730083
2487.6623756880535
2487.517839221743
2487.3638251891502
2487.233911291678
2486.8907635596047
2486.6486058334535
2486.4082964300865
2486.1099112541942
2485.730512103252
2485.5564601175533
2485.4442449170806
2484.9689724561686
2484.7333185192274
2484.487672802707
2484.2422750486908
2483.9744972515573
2483.404995694502
2483.1760025341005
2482.823043802583
2482.58714669025
2482.58714669025
2482.287137157578
2482.240047025509
2482.240047025509
2482.1798049899203
2482.1798049899203
2482.1798049899203
2481.992505783329
2481.8677410374003
2481.797462477919
2481.797462477919
2481.5975246519533
2481.533360630639
2481.4435928239996
2481.3638348829977
2481.2988986934347
2481.2863466775216
2481.268962443165
2481.268962443165
2481.250082439648
2481.2303566868313
2481.2303566868313
2481.1452893128
2481.1397191119977
2481.1287675210015
2481.1287675210015
2481.1075475480975
2481.1075475480975
2481.1075475480975
2481.1075475480975
2481.1075475480975
2481.1075475480975
2481.1075475480975
2481.1075475480975
2481.075146848433
2481.0148990411476
2481.0148990411476
2481.014482213129
2481.014482213129
2481.0049101892337
2481.0049101892337
2480.9845213796866
2480.9831988840965
2480.9790553212824
2480.9790553212824
2480.9492815898234
2480.9492815898234
2480.9492815898234
2480.9492815898234
2480.946767910722
2480.9392770559753
2480.916403975767
2480.9043461124415
2480.9043461124415
2480.9032716354263
2480.8967977269394
2480.8967977269394
2480.8967977269394
2480.8967977269394
2480.8967977269394
2480.8967977269394
2480.896503971805
2480.896503971805
2480.896503971805
2480.890077749764
2480.8870248437497
2480.865753522847
2480.865753522847
2480.865753522847
2480.865753522847
2480.865753522847
2480.8572502759316
2480.8572502759316
2480.8572502759316
2480.8572502759316
2480.8572502759316
2480.8572502759316
2480.8572502759316
2480.8572502759316
2480.8572502759316
4443.484280420642
3288.6438750141656
3183.846844575714
2986.210862335454
2878.569129179031
2774.9678078352363
2720.9126111009627
2680.317727135723
2643.1738962771115
2627.391005703674
2613.884763234988
2604.290875804836
2591.878097693557
2574.135605843022
2563.4890548398885
2561.6292893108357
2557.773665634922
2552.9110855812446
2548.3859612096203
2547.9186887681076
2545.0474462340626
2542.895267336032
2540.424883369757
2538.4923789863615
2533.561640670923
2531.3836886071113
2527.2746909542625
2523.8756939724967
2521.154750757279
2517.37218811358
2514.75140449382
2512.2080856234743
2509.4010823664307
2507.4905732289844
2505.114744810523
2502.1078489683523
2500.56685379525
2499.0394469645453
2497.9171059129635
2496.3760307166317
2494.9182194856457
2493.703195571645
2493.319447572979
2492.9854579513312
2492.734231865082
2492.6595879590595
2492.5425309855214
2492.4104274284696
2492.2328051204995
2492.13802591827
2492.0524715875276
2491.8883313090387
2491.789558605872
2491.683931371347
2491.526959647649
2491.4396515989406
2491.322428388658
2491.168258164646
2491.0799709055873
2490.975514167303
2490.868307579097
2490.7051639997035
2490.627142814439
2490.4829902983597
2490.2676703995066
2490.1500511337817
2489.951740187651
2489.8105388055656
2489.518788660402
2489.219239485503
2488.8608569476664
2488.5452334206648
2488.1621522190453
2487.7257226859865
2487.3856330976732
2487.028639585457
2486.8631395731686
2486.7886833645844
2486.76935489127
2486.7284031147537
2486.6787279521427
2486.6271446447254
2486.5895224961887
2486.5359379348706
2486.4736382915567
2486.4195540113546
2486.369930815912
2486.27836985255
2486.2258435666263
2486.143233911411
2486.0961260619542
2485.994118570448
2485.9236481143894
2485.828178052398
2485.7640957205067
2485.677461182184
2485.608633093553
2485.552877107337
2485.5026654122876
2485.4252804672656
2485.324171480939
2485.1846474920785
2485.09427368236
2484.971994342141
2484.8893770064496
2484.7231853036824
2484.6670977874255
2484.508251069354
2484.387068759644
2484.2470200549183
2484.0848464770625
2483.9860585514675
2483.805519297814
2483.6699650461114
2483.541878851163
2483.055730868744
2483.055730868744
2482.8093045457513
2482.6824431404516
2482.6824431404516
2482.614632008274
2482.614632008274
2482.614632008274
2482.5467321628644
2482.529407075975
2482.529407075975
2482.5170408282165
2482.5106367011767
2482.460826463151
2482.4188031724457
2482.389670107876
2482.3196405654653
2482.2802057982803
2482.2296532301243
2482.206178258804
2482.1893071315267
2482.183446759564
2482.140112833571
2482.1241074808154
2482.100446837402
2482.059408446192
2482.0201210222276
2482.0201210222276
2482.017841183864
2481.999399840815
2481.964541095952
2481.924502547932
2481.91817326801
2481.8597231128406
2481.7598303174996
2481.759092327182
2481.6194179465215
2481.6111054698517
2481.486014234586
2481.338112161785
2481.318806002696
2481.318806002696
2481.2358044752455
2481.008045889394
2481.008045889394
2481.008045889394
2480.9826058187464
2480.9826058187464
2480.955795382908
2480.955795382908
2480.955795382908
2480.9520072116093
2480.9236420447114
2480.9212225488072
2480.9212225488072
2480.919687863279
2480.9058858787475
2480.900725243089
2480.8729381252197
2480.8547389388787
2480.8526554205564
2480.8526554205564
2480.8454980092793
2480.8454980092793
2480.8454980092793
2480.8351583642398
2480.8351583642398
2480.8351583642398
2480.8351583642398
2480.8351583642398
2480.830556921476
2480.8263018188245
2480.8263018188245
2480.8263018188245
2480.8263018188245
2480.8263018188245
2480.8251375922086
2480.8251375922086
2480.823630428071
2480.823630428071
2480.823630428071
2480.823630428071
2480.823630428071
2480.823630428071
2480.8220396231804
2480.8220396231804
2480.8220396231804
2480.8220396231804
2480.8220396231804
2480.8220396231804
2480.8220396231804
2480.8220396231804
2480.8220396231804
4443.484280420642
3282.200440618376
3134.596622999355
3023.3905130332123
2958.5778590621317
