3399.912704920148
3235.477116953721
3020.0224728793282
2873.5296192775118
2783.5647744242406
2729.7497350063854
2721.529077028756
2694.5119909883383
2668.915189907102
2647.691368429092
2632.9757401024535
2611.920043705866
2598.179530828109
2585.490232463378
2578.5720937674805
2572.619699514299
2567.511438714103
2560.3203629007535
2552.99515528575
2547.1010867892974
2538.5600311377057
2531.2130233111698
2525.3850659239615
2519.8021292812123
2517.2845664113934
2515.7949612351995
2514.7147949063533
2513.3386716173177
2511.011136417696
2509.813523936748
2508.518293272666
2507.9107816356955
2507.140084105013
2505.877827107823
2504.9554011614
2504.1848117933578
2503.2694080568076
2501.8232629316403
2500.647972252781
2499.9621424135066
2499.522761654559
2498.5065484570982
2497.8662162884025
2497.6807962318344
2497.502555487733
2497.271649587575
2497.0888417422093
2496.8436723031837
2496.586463561316
2496.106274752135
2495.4432220647845
2495.274783648837
2494.8852103924864
2494.3111477626026
2493.803746393804
2493.748546585852
2493.6932087257046
2493.5539032175934
2493.5539032175934
2493.530344353555
2493.5113338213228
2493.434221090206
2493.2616042154477
2493.1160391311137
2492.9590350601566
2492.8574317990337
2492.739859114651
2492.596605359989
2492.4115870193036
2492.2686677035917
2492.153642047324
2491.96868764963
2491.769781756987
2491.5508093411822
2491.341054876556
2491.0638226047136
2490.6772327634144
2490.3973425213835
2490.0410721496673
2489.7862088334737
2489.5027385129665
2489.1409684417804
2488.857049498685
2488.609673843411
2488.2465655022784
2487.9111621950165
2487.727419201217
2487.6583961798633
2487.6297630911586
2487.5620283297935
2487.5034033064003
2487.310932984972
2487.2439104656223
2487.147838245994
2487.026296806119
2486.996524167078
2486.9851819509017
2486.8914768164086
2486.81031806286
2486.7591782138543
2486.560382933054
2486.4783476959833
2486.2592150535606
2486.1460707274546
2486.0032927974544
2485.902724280131
2485.7365808697955
2485.45039381905
2485.104501595384
2484.7078675844573
2484.535208708342
2484.3730045942666
2484.1634603856696
2483.8117964555795
2483.7669968842206
2483.5871551417463
2483.07815366694
2482.7005252705985
2482.3286137823934
2482.133248928123
2482.133248928123
2482.133248928123
2482.063786147867
2482.063786147867
2481.9851769666966
2481.7764746982184
2481.6951818497855
2481.6728433672715
2481.5809758904797
2481.5462359505827
2481.4432270465772
2481.442093105779
2481.3917779290136
2481.363815227817
2481.3442002120214
2481.3001380784476
2481.2857232663205
2481.267218111299
2481.262137955581
2481.2419410030507
2481.212818376791
2481.212818376791
2481.212818376791
2481.2065027043955
2481.2065027043955
2481.189770958701
2481.189770958701
2481.169742493292
2481.169742493292
2481.12529109126
2481.1125227151383
2481.08956124643
2481.0438668704774
2481.0438668704774
2481.022999666983
2481.022999666983
2481.0226076626723
2481.0024132114004
2481.0007634055937
2481.0007634055937
2480.976995856536
2480.976995856536
2480.966410560143
2480.966410560143
2480.966410560143
2480.966410560143
2480.966410560143
2480.9658057348015
2480.9658057348015
2480.9658057348015
2480.9658057348015
2480.9641381682213
2480.9641381682213
2480.960426620091
2480.95461916334
2480.95461916334
2480.95461916334
2480.95461916334
2480.95461916334
2480.95461916334
2480.95461916334
2480.95461916334
2480.95461916334
4116.427787167141
3514.7266721580877
3394.6145995333773
3013.80913366853
2945.7464406333584
2867.256779360161
2788.5109573446075
2745.317671871572
2736.38843604216
2720.5690104695614
2678.424185975731
2666.448276125138
2656.8142038079222
2633.6678039096796
2625.4097465975665
2611.9833070465024
2602.1737733097098
2585.051716714957
2575.914098424223
2564.1095316780616
2558.5206134677305
2551.2013382654095
2541.967923216669
2532.3181976914866
2523.4319800720828
2516.9276397227063
2510.819542999381
2506.468947896647
2504.200114210342
2501.59209792756
2498.8515183338027
2497.6726774777126
2496.6053974976226
2495.572403150424
2493.5470011577972
2492.28306532555
2491.8787051601894
2491.1929021358956
2490.868462179217
2490.5268714295175
2490.095765394636
2489.7570174018256
2488.865798160573
2488.489452940741
2487.928269632398
2487.514336820843
2486.8184939045336
2486.4530239522196
2486.030785586347
2485.870928639149
2485.454217781805
2485.011761307437
2484.691841231841
2484.685507249426
2484.4352040806475
2484.338573918172
2484.234534718878
2484.1061955681844
2484.014486622224
2483.987433128112
2483.893583260893
2483.8118178266195
2483.758415995756
2483.7082929777525
2483.7082929777525
2483.65190952835
2483.6475250031954
2483.6366220888776
2483.6092233604754
2483.586394011726
2483.5591894813947
2483.538467341228
2483.502666328021
2483.416401738415
2483.385795698627
2483.380729919395
2483.3597298309855
2483.3283339831937
2483.2553296851975
2483.1791806887295
2483.107241558339
2483.049215407936
2482.9800591843505
2482.9037302589386
2482.809991731319
2482.6801756585846
2482.5950593384355
2482.4691126534576
2482.3328840546455
2482.227993215034
2482.154606441285
2482.0956436432475
2481.8966176058543
2481.738796829599
2481.63248113207
2481.597303896867
2481.4160209521574
2481.3528177906974
2481.305319723892
2481.2509559733176
2481.229884947172
2481.1052160836807
2481.1052160836807
2481.1052160836807
2481.1052160836807
2481.0919343109185
2481.063568309722
2481.063568309722
2481.0425457383826
2481.0425457383826
2481.0425457383826
2481.016509582998
2481.016509582998
2481.0155940016048
2481.0155940016048
2481.0010322891567
2480.9706323891073
2480.9706323891073
2480.9706323891073
2480.9628415335856
2480.9628415335856
2480.939405759314
2480.915962568716
2480.909975524275
2480.9065354880177
2480.9065354880177
2480.895603142885
2480.8803124362303
2480.8604683359404
2480.856250449865
2480.853696334652
2480.84848209506
2480.84848209506
2480.841168829225
2480.841168829225
2480.841168829225
2480.841168829225
2480.841168829225
2480.841168829225
2480.840803327003
2480.840803327003
2480.832630330733
2480.832630330733
2480.832630330733
2480.832630330733
2480.832630330733
2480.832630330733
2480.832630330733
2480.832630330733
2480.832630330733
2480.8254819438275
2480.8254819438275
2480.8254819438275
2480.8254819438275
2480.8254819438275
2480.8254819438275
2480.8254819438275
2480.8254819438275
2480.8254819438275
4116.427787167141
3658.0749340000293
3346.700738104344
3126.565953204359
3018.067642792445
2913.2180015836757
2827.489457704107
2792.060744844737
2749.268742934487
2719.924991105954
2688.3538535965117
2666.018639751102
2644.7291491747487
2627.3003084234297
2618.1865790315105
2606.320963799294
2597.195969108916
2588.6639080546347
2582.5940301007076
2573.2861359311155
2565.05483763472
2558.4235945116325
2554.4545628238147
2551.1778922500025
2548.0539246306907
2545.8533143979575
2543.3432310333314
2541.6380182330918
2540.2601763224943
2538.2340018962122
2537.4311434841275
2535.786729351627
2534.0405984360095
2532.721757123092
2530.8076753431133
2527.7636747708016
2524.769076580308
2521.5708351232456
2520.6152203810743
2520.0471269282802
2519.773999211255
2519.6135929022194
2519.185955200858
2518.456895643037
2517.026894258258
2516.3323547416885
2515.0007860640926
2513.983238249566
2512.9772959924317
2511.469972741367
2510.482220159105
2508.943685233817
2508.905924267862
2508.3600680567924
2507.90468661309
2507.506854128284
2507.183148890551
2506.8934585647826
2506.4943970908666
2506.3333235163295
2505.974336980547
2505.8116238723824
2505.5291204774817
2505.099545376033
2504.7315369088547
2504.2556932359416
2503.752342616227
2503.140345910979
2502.669791854225
2502.196408000232
2501.8717204581494
2501.3795762868676
2501.0309763844048
2500.7889383759657
2500.5053451797876
2499.6647818509614
2498.9881037354894
2498.242767428704
2497.7194566261255
2496.8382950658356
2496.2058578149085
2495.7436738050746
2495.5079030764527
2495.5079030764527
2495.500379694202
2495.500379694202
2495.3828455474068
2495.3828455474068
2495.11889835251
2495.11889835251
2495.11889835251
2495.029322946728
2494.975666865878
2494.8243953217643
2494.768685008863
2494.6251313280627
2494.487341521775
2494.225636630689
2493.8423523724055
2493.8202922557443
2493.7321945054464
2493.452916488046
2493.1566791363903
2492.904267172174
2491.868539064486
2490.881202089601
2489.862910017719
2487.91933533287
2486.4381608703916
2484.7531013520193
2483.6750395392196
2482.9253795033646
2482.473439182418
2482.194513149992
2482.0700851391794
2481.9626727948585
2481.868326691148
2481.7690477826595
2481.7110942315585
2481.6418830821017
2481.6244393388156
2481.5877766509343
2481.5416596601253
2481.5121264392637
2481.5022737134004
2481.4511109639125
2481.441385467622
2481.4172218977546
2481.4172218977546
2481.3973315207686
2481.356212354084
2481.3060095739943
2481.268502490931
2481.2623762911044
2481.2560608467834
2481.244317845166
2481.224995914123
2481.224995914123
2481.2088651993417
2481.1937620769527
2481.1937620769527
2481.1759928867496
2481.1704883047714
2481.167127263186
2481.163805970487
2481.146030471804
2481.146030471804
2481.1302512344405
2481.104567926493
2481.0305017205674
2481.0136485993453
2480.9500614754097
2480.9174639790867
2480.9163654292934
2480.9148314289996
2480.9127723537904
2480.9127723537904
2480.904091116545
2480.904091116545
2480.9033656028987
2480.9013913318317
2480.9013913318317
2480.899960586945
2480.88527430461
2480.874954313894
2480.874954313894
2480.874954313894
2480.8745185545213
2480.8616508375226
2480.8616508375226
2480.857948686043
2480.857948686043
2480.8498095066225
2480.8498095066225
2480.849586679973
2480.849586679973
2480.849586679973
2480.8396168639983
2480.8396168639983
2480.8396168639983
2480.8396168639983
2480.8396168639983
2480.8396168639983
2480.8396168639983
2480.8396168639983
2480.8396168639983
4116.427787167141
3835.388899818879
3140.457479876496
3040.151624775853
2931.06528761727
2794.1776456693597
2783.939762226551
2738.6911785477096
2725.887725774095
2713.5201827416668
2693.930762676061
2680.6240881689887
2672.5658439556823
2663.300558468054
2656.308361824247
2651.1062243588567
2648.7494224774105
2646.2568166259034
2643.878991202264
2641.08351298546
2636.5829941469933
2630.5848215019846
2625.071271503557
2620.4846855313854
2614.7675236675605
2611.4364987552235
2606.2256244579685
2602.0488879471422
2598.066224854967
2595.366575275394
2591.6139023540054
2589.4052511451355
2586.741455458555
2584.3182867385267
2582.2128708647583
2579.83645211678
2577.283160638889
2574.8918064931167
2572.0111250107448
2569.6872957681644
2567.8642516574323
2566.0772235983736
2563.669162483757
2560.9225090983514
2559.571946282539
2557.913721131866
2554.756257984674
2551.918538342642
2549.378039038043
2546.589922970417
2543.49793652076
2540.59038256843
2538.17779251902
2536.3188640486037
2534.9510060160887
2534.919257484571
2534.5150452047783
2533.7643973261474
2532.7939130581944
2531.97974360176
2531.240052204861
2529.868099186529
2528.461312102787
2526.2289978655717
2524.4631094491906
2520.8434258902967
2516.8778219077813
2513.128915199059
2509.6083442281247
2508.6957901149003
2508.518413788205
2508.4378392302533
2508.247143862284
2507.9256261134396
2507.6888644369014
2507.196927096881
2506.7628900378163
2506.082256120776
2505.282170340188
2504.0063097079355
2502.910930505265
2501.8103728834417
2500.9799506869103
2500.2384408938015
2499.620353923923
2499.04741649376
2498.4891379962282
2498.1584914503983
2497.9053439604904
2497.722287370343
2497.540776960491
2497.4246384341577
2497.141445125479
2497.009002230975
2496.8129315149895
2496.6509171256093
2496.3916600830153
2496.161601558615
2495.927361992023
2495.679942867603
2495.460141439212
2495.1397276064417
2494.6359586182866
2494.082869999971
2493.498266018957
2492.7552137482035
2491.882515217133
2490.960052272575
2489.9782464986174
2488.889584327407
2487.718522944559
2486.671540631467
2485.9431415009194
2485.5977354069423
2485.3725641360033
2485.2950106287044
2485.205239336994
2485.1623767670903
2485.124608019972
2485.057107387196
2484.9635199036948
2484.905046930038
2484.86998568884
2484.8484494244726
2484.8077153320905
2484.7621882098706
2484.7419442179753
2484.713435150834
2484.713435150834
2484.6702444531074
2484.5857627537325
2484.534012751905
2484.4730789461414
2484.4056990492586
2484.323837853334
2484.2637509460205
2484.1679633765693
2484.127680971055
2484.00030935475
2483.9215562718928
2483.800444372257
2483.7156863656373
2483.6297719751938
2483.5901753421476
2483.3634933914796
2483.1856428083393
2483.0068827867917
2482.880684929084
2482.76811587676
2482.610469820086
2482.407327329912
2482.2728611806647
2482.1700741528507
2482.043740373611
2481.9060670684808
2481.8136900661584
2481.680265622592
2481.6606619351583
2481.5645839359645
2481.498301295308
2481.4781874946857
2481.3901175005
2481.382084726564
2481.365526764034
2481.362151019457
2481.3204101439082
2481.3204101439082
2481.31126789245
2481.304809109479
2481.266155026837
2481.228422693421
2481.2105762785027
2481.203971423446
2481.1772388032423
2481.130813489517
2481.111450928698
2481.0270301655737
2480.9664248956265
2480.9296062445937
2480.917747178204
2480.916839979208
2480.908282762718
2480.908282762718
2480.8612035626816
2480.8612035626816
2480.8612035626816
2480.856216964307
2480.856216964307
2480.8544547386564
2480.8544547386564
2480.8544547386564
2480.8495146891437
2480.8495146891437
2480.83883110861
2480.8291468436964
2480.8291468436964
2480.8291468436964
2480.8291468436964
2480.823721841642
2480.823721841642
2480.823721841642
2480.823721841642
2480.823721841642
2480.823093377774
2480.823093377774
2480.8226547324743
2480.8226547324743
2480.8226547324743
2480.8226547324743
2480.821822733302
2480.821822733302
2480.821822733302
2480.8196893070362
2480.8196893070362
2480.8185589272493
2480.8185589272493
2480.8185589272493
2480.8185589272493
2480.8185589272493
2480.8185589272493
2480.8185589272493
2480.8185589272493
2480.8185589272493
4116.427787167141
3458.8368145398304
3312.765064587901
3010.096770422719
2921.297808280969
2844.7255088470115
2843.902339243502
2803.266631763633
2803.1280156411012
2772.904700672347
2732.4062293459665
2703.1854886242913
2687.913519273501
2669.3827058112447
2663.187254888853
2654.61961036571
2650.151336616418
2640.801336635852
2631.0525570089994
2625.7212793942
2621.8511893503874
2613.7475679682184
2599.081552292809
2593.1487045049485
2587.362679065093
2578.9550203553426
2570.540626318731
2563.7472367890414
2557.109090772511
2553.9492771623636
2550.5752246539246
2547.6627351068983
2544.4463166879864
2540.299909169588
2537.2196703485133
2536.1416339434163
2534.588504374307
2532.956928921275
2531.441295096608
2530.1285829208714
2528.2548305891632
2526.3622643543586
2523.6097515607894
2520.976125416444
2518.960523963052
2517.2431206027927
2516.505954648027
2516.185444037313
2515.178642750438
2514.74065180004
2514.2715444401438
2513.9032195977634
2513.413034319431
2512.686601881263
2512.0340541513765
2511.181640496466
2510.3932167672224
2509.4758387286884
2508.507667987935
2507.502588624957
2506.550210449639
2505.594377804647
2504.955563059092
2504.6376870755143
2504.459107972376
2504.2252435572277
2503.975585736711
2503.7753592465447
2503.5708906285017
2503.4102877773967
2503.243139613195
2503.0668908560615
2502.9583623973294
2502.790619331549
2502.5989144201535
2502.4737609622052
2502.3930634304797
2502.3007021665426
2502.1616570713927
2501.967655655849
2501.740401325842
2501.567820476089
2501.418168555399
2501.2660407165736
2500.9472162133884
2500.6567669159517
2500.2196927182486
2499.837548548317
2499.5430822378744
2499.2289644444836
2498.867388310288
2498.417851724683
2498.0727942382928
2497.7638950335795
2497.280011786809
2496.8999155747892
2496.4282744721736
2496.011671642632
2495.7092626806225
2495.314204830802
2495.279798571181
2494.9500585776186
2494.7466700382956
2494.388111840825
2494.091434295155
2493.737269742294
2493.36355719562
2493.0431193004224
2492.6177415032535
2492.250299553603
2491.754822751345
2491.465520494503
2491.3062229334564
2490.8086578579687
2490.297437306533
2489.6759377003914
2489.4133857784473
2488.9768078340417
2488.352540789287
2488.2403449443887
2487.9072726212557
2487.505825475154
2487.4886809237246
2487.1214768054365
2487.1214768054365
2487.05648648244
2486.6015510423817
2486.5617861583914
2486.5617861583914
2486.5617861583914
2486.5285132668864
2486.427860868843
2486.3605944499204
2486.3387612188026
2486.3387612188026
2486.259386302354
2486.199618544968
2486.167094666604
2486.118307995741
2486.0558258801043
2486.030311558483
2485.9249014716142
2485.807689132041
2485.7174066504317
2485.664771307601
2485.566771371772
2485.4505218812783
2485.267550057103
2485.1285074267394
2485.0016949722335
2484.8506959468587
2484.71349586256
2484.6439193029696
2484.5753040655563
2484.488530549363
2484.4216774269235
2484.3339580037596
2484.1726957711517
2483.9961043388716
2483.8264887583086
2483.635209770385
2483.450017633679
2483.1865835628587
2482.8673394718035
2482.531190044827
2482.186506204979
2481.733111604301
2481.3638639156266
2481.228302802579
2481.0850100084117
2481.0392167114405
2481.007068622226
2480.986632399739
2480.955268424576
2480.9337321568014
2480.919277044683
2480.908942619968
2480.885272537039
2480.883722645741
2480.883058221291
2480.883058221291
2480.880531213586
2480.8579602051577
2480.8579602051577
2480.8498665329857
2480.841468096124
2480.841468096124
2480.840015196108
2480.8339565393853
2480.8339565393853
2480.82630532512
2480.82630532512
2480.82630532512
2480.82630532512
2480.82630532512
2480.82630532512
2480.8213031520904
2480.8213031520904
2480.8208643888006
2480.8208643888006
2480.8208643888006
2480.8208643888006
2480.814227363714
2480.814227363714
2480.814227363714
2480.814227363714
2480.814227363714
2480.814227363714
2480.814227363714
2480.814227363714
2480.814227363714
4116.427787167141
3803.2234681970635
3466.931787007676
3180.8504854913344
3006.1341488326616
2933.71858959623
2808.010643003019
2780.715804051032
2730.8413037431656
2705.049068781449
2677.5599880838945
2668.1119396279605
2658.6160319242917
2643.9145923015203
2631.379299102031
2620.401669376546
2613.2332661044893
2604.9714470550225
2598.2129708272473
2590.222615317785
2582.005599292669
2572.780077249178
2565.287550559672
2555.745968799984
2549.823428357375
2543.694865005858
2540.62788400967
2537.800851214937
2534.9516482082504
2532.152287028525
2528.993736489695
2525.8770140301567
2522.4727551016445
2518.8813454668675
2516.1484454895663
2514.2012232232373
2513.923641198829
2512.9120054354107
2512.432882278834
