4211.010429007295
3816.6068674879607
3333.2607670197935
3182.7695520007965
2999.8389144318544
2892.849642441638
2810.9339620567225
2760.9708835155698
2713.29377582943
2675.456590145739
2650.9398781046584
2625.5432909128867
2609.8991117694304
2588.1814961424893
2578.532344551516
2568.8301310262673
2556.7251754255817
2545.502589118568
2539.6186668422433
2534.1780382858506
2530.336418364536
2526.915186451328
2524.045921122035
2521.2244022470813
2518.5964026320526
2515.4780328297525
2513.2283003236325
2510.9570195528013
2509.17194516112
2507.993741040515
2507.0997069771424
2506.48988368706
2506.238411899783
2505.917145903788
2505.6502810211987
2505.2413519849515
2504.6479705959077
2504.2307755595716
2503.654196684886
2503.2170572831737
2502.70775825188
2502.2334120766604
2501.8660708223056
2501.4679662889735
2501.0968058097974
2500.774265088227
2500.474252176916
2500.2457901606094
2499.9497864934974
2499.6401487908115
2499.289612247069
2498.905030153976
2498.413561804299
2498.0993346015666
2497.7165294737115
2497.3036744678934
2496.747430499683
2496.2271798217243
2495.494724068247
2494.7149303707906
2494.0476365582417
2493.7852481498335
2493.5680268997526
2493.4094286957747
2493.188812871503
2492.9321004951717
2492.6839852702333
2492.471937548016
2492.311870781943
2492.2001445795577
2492.029936794985
2491.828403146401
2491.6263534224095
2491.3436734970114
2491.009553640607
2490.664584853109
2490.228331375472
2489.813352962
2489.1219481685134
2488.529266459514
2487.7301747268234
2486.8424475272086
2486.2159572998976
2486.0678944491506
2485.948356497965
2485.9141953351245
2485.8894788155603
2485.8634601171725
2485.7544031765747
2485.676036948319
2485.644100751401
2485.601409068134
2485.5587036220822
2485.52010871519
2485.4368073233522
2485.354385803984
2485.2920835631203
2485.223484642525
2485.14149681562
2485.052197180706
2484.969786510623
2484.9065522872115
2484.850312297451
2484.777504361238
2484.6749051433194
2484.6020956863085
2484.527744621726
2484.4796886121176
2484.43529524985
2484.397128778166
2484.322664336313
2484.2783310256327
2484.2152935954778
2484.151993142794
2483.9243661967475
2483.761296761099
2483.513513350894
2483.3459970633776
2483.233531338227
2483.0237580542025
2482.8594725321504
2482.623983470554
2482.623983470554
2482.5433369420207
2482.491322203055
2482.4314766420266
2482.3840700179103
2482.344520743844
2482.3074877775775
2482.2773703430903
2482.2583271362755
2482.208422821201
2482.176756024305
2482.1445725113977
2482.092204438404
2482.0820766011284
2482.042029057776
2481.992730825564
2481.9785154540027
2481.9549147855014
2481.923247821478
2481.907235168168
2481.907235168168
2481.876231415894
2481.8289662915304
2481.8158189009787
2481.754538436819
2481.7389653601863
2481.713236624808
2481.682812273955
2481.662751206234
2481.6379077912634
2481.614614430974
2481.6090937398944
2481.608369119202
2481.601899330905
2481.5972373594927
2481.576154972537
2481.5226597553374
2481.517320181988
2481.4998297612146
2481.49905379544
2481.478517089954
2481.478517089954
2481.4121771977925
2481.396133689801
2481.371661187724
2481.370473248312
2481.3354565869645
2481.33289079429
2481.3083124175214
2481.3083124175214
2481.295724262102
2481.2937251902513
2481.143710798714
2481.11339666956
2481.0885640923766
2481.0822158586175
2481.0822158586175
2481.0627040871937
2481.0627040871937
2481.001261677343
2481.001261677343
2480.9856307212867
2480.9856307212867
2480.9856307212867
2480.9856307212867
2480.975096637334
2480.9737945679667
2480.971306314739
2480.9523466605133
2480.9523466605133
2480.9398951716953
2480.9205794804466
2480.914791431747
2480.914791431747
2480.914791431747
2480.914791431747
2480.906431948026
2480.906431948026
2480.9055712176178
2480.868551074194
2480.868551074194
2480.868551074194
2480.868551074194
2480.8637419338256
2480.8637419338256
2480.8637419338256
2480.8637419338256
2480.8637419338256
2480.8607572404126
2480.8607572404126
2480.8607572404126
2480.8469840566654
2480.8469840566654
2480.8469840566654
2480.8469840566654
2480.8469840566654
2480.8469840566654
2480.8469840566654
2480.8469840566654
2480.8469840566654
4216.177533465895
4003.5187442438055
3398.5503889701363
3117.8273740740597
2923.964940250876
2849.0943824996184
2808.202190200124
2722.3120369108656
2687.9863353116857
2661.8873092820277
2623.833598542031
2603.3817066283773
2591.9429068496165
2578.0257442494067
2566.0327452507354
2556.487154294665
2545.8585842549
2540.9485044831044
2539.2734329593136
2532.2832784478164
2529.7352252464852
2529.5224399497583
2527.060500597749
2525.900063885486
2524.770580597986
2523.002838322537
2522.648047707872
2521.219900033522
2521.219900033522
2520.568662512595
2519.684959415013
2518.8131665702363
2517.5088446769905
2515.7914779056205
2514.4522542538234
2512.705535822026
2511.4833130452603
2509.683407830605
2508.7739367963927
2507.6970899174985
2507.0011361897296
2506.7032297849482
2506.2064039315296
2505.945582460542
2505.533127979094
2505.099470937577
2504.610667325356
2504.016685125776
2503.4229146087
2502.5204147890427
2501.4798275197904
2500.382026840245
2499.3975382050885
2498.262154679364
2497.019833391449
2495.7395810198477
2494.4755029783514
2493.0489834227715
2491.973887463989
2491.1586912841954
2490.798101268198
2490.5667444692144
2490.44022875599
2490.358143663807
2490.2437892293865
2490.1071448516836
2489.9292666570223
2489.778642061216
2489.5625537794076
2489.355731222545
2489.2159039978883
2489.0617375281313
2488.941012666042
2488.8591718690604
2488.78623077512
2488.708376364242
2488.609438338663
2488.508858431559
2488.4178352658428
2488.3192948796973
2488.1445364131428
2487.9934219872243
2487.747537276608
2487.480020396995
2487.1092444801834
2486.7323481549734
2486.3404628203216
2485.974363438659
2485.673940203026
2485.057042967512
2484.5932510971093
2484.159370134237
2484.148047625329
2484.1263856787928
2484.0378725674627
2483.985557091975
2483.9496396692566
2483.897403950348
2483.8579440981193
2483.799936070788
2483.714037913446
2483.6078830387137
2483.5093175710326
2483.4426872664208
2483.3775765634887
2483.3640059925565
2483.30101446074
2483.190450991073
2483.072482977951
2482.9859142430746
2482.9688302133645
2482.9688302133645
2482.9688302133645
2482.9380270392658
2482.9151831792597
2482.896827498208
2482.881504421522
2482.8631293851986
2482.848461574202
2482.818477526132
2482.8042386121833
2482.729073020732
2482.601744163517
2482.525857230217
2482.4118368207032
2482.3491092212007
2482.2249504352462
2482.1414477619146
2482.058211802649
2481.960714480394
2481.8626815543225
2481.7503925297037
2481.6411689367474
2481.5229500823516
2481.428586048903
2481.3480465354864
2481.3005345270262
2481.283508378079
2481.2503872402385
2481.2436878555377
2481.2436878555377
2481.2368601116464
2481.224042393199
2481.213183400435
2481.213183400435
2481.213183400435
2481.2009318227488
2481.186133224521
2481.1784539369196
2481.1505397244673
2481.1505397244673
2481.145885679054
2481.1411335406797
2481.1379507234133
2481.123962856735
2481.123962856735
2481.1204632278636
2481.1204632278636
2481.1178038429744
2481.1178038429744
2481.1178038429744
2481.1133065052354
2481.1133065052354
2481.1133065052354
2481.1133065052354
2481.1133065052354
2481.1088655481685
2481.1039258517235
2481.1039258517235
2481.094584751725
2481.094584751725
2481.090300340922
2481.090300340922
2481.08804291505
2481.08804291505
2481.08804291505
2481.08804291505
2481.08804291505
2481.08804291505
2481.08804291505
2481.08804291505
2481.087106416906
2481.0863835057385
2481.0732942561817
2481.0732251197114
2481.0732251197114
2481.0732251197114
2481.0732251197114
2481.0732251197114
2481.0732251197114
2481.0732251197114
2481.0732251197114
2481.0732251197114
4765.77040652635
4099.726200002747
3585.793979247463
3324.405282402632
3118.2097398292963
2993.27422561417
2934.2186133300734
2862.8504832051335
2806.26417534912
2749.201086191989
2707.6265322258146
2673.9656549733004
2649.166381878238
2636.663605400145
2620.487800563703
2608.8285686852473
2600.875919414307
2591.55633241437
2584.4375012703217
2576.003784238169
2568.4501076641877
2561.806864457777
2555.4944992425862
2550.093669003989
2546.5465389901615
2542.761407935036
2539.3748949000865
2536.6671135886227
2533.2179319143015
2531.027474439336
2528.934774537198
2527.072932877927
2525.4354922092125
2524.0571507682475
2523.3497917090685
2522.6682369754017
2522.184517182791
2521.865643406232
2521.2744403986476
2520.7792091292263
2520.4984855069365
2520.204166665287
2520.001131962371
2519.5909876966366
2519.424254630214
2519.1974775309873
2518.8970433386
2518.7203319366618
2518.4818582565404
2518.0381659358977
2517.4816350362735
2517.0445419645803
2516.42070117134
2515.717852519603
2514.9263897285728
2513.9252922742035
2512.996644353037
2511.873135344189
2509.9327172861817
2507.3384867598643
2504.6868639675668
2501.4438843783396
2498.7930256072946
2496.241067892448
2494.0727667508486
2492.2896595721345
2491.6154912827856
2491.3718109793126
2491.184496894113
2491.0467146664737
2490.8990558812807
2490.7508686419596
2490.6788957385625
2490.642160402401
2490.5374322945177
2490.444007094892
2490.357058685893
2490.218828020228
2490.1300104441616
2490.0311359426355
2489.816140725811
2489.569284129571
2489.359792939043
2488.858699458389
2488.485793778147
2487.872456082894
2486.829768941369
2485.9100444111723
2485.771691975954
2485.6695115764633
2485.488752292314
2485.3952254212136
2485.328114530731
2485.2419377180254
2485.1525236555353
2485.0696769591455
2485.0035525156695
2484.944898521025
2484.9143395081164
2484.868400728489
2484.796048889527
2484.74939117909
2484.702350869794
2484.6640576018062
2484.6199056305295
2484.5205011798216
2484.4036093404507
2484.3427030240896
2484.227423000391
2484.173307966055
2484.0688204624607
2483.9691311177235
2483.883816036902
2483.767293435836
2483.6782960795335
2483.6179395479567
2483.555392561934
2483.463526320089
2483.4139934418895
2483.315954388697
2483.2153449502935
2483.1378291517153
2483.0713066396065
2483.001266747433
2482.932917020738
2482.8765533529963
2482.8357692116974
2482.717091888781
2482.6528626852464
2482.5204863684357
2482.4566032100097
2482.322978552784
2482.269319224192
2482.1832245738688
2482.084898541944
2482.0428657508505
2481.9861286960545
2481.950536767763
2481.886632835187
2481.845884070707
2481.8099891031356
2481.7323421668366
2481.7036702074815
2481.6737628067026
2481.647395627628
2481.5924164155676
2481.5798059221115
2481.4151348544947
2481.390783212128
2481.390783212128
2481.297778059521
2481.2840609555124
2481.274099323317
2481.234763508406
2481.234763508406
2481.234763508406
2481.234763508406
2481.193084688972
2481.1733022015555
2481.1209560608763
2481.1209560608763
2481.1209560608763
2481.1209560608763
2481.093083592984
2481.0904341183405
2481.0639843799086
2480.9843882088403
2480.9716507566573
2480.939970845066
2480.9199566517573
2480.9036671165522
2480.9036671165522
2480.901379453313
2480.8974145034294
2480.8974145034294
2480.8974145034294
2480.8752105272697
2480.8752105272697
2480.8752105272697
2480.8752105272697
2480.8752105272697
2480.8718282212203
2480.8674763954136
2480.8674763954136
2480.8674763954136
2480.864195747123
2480.8633380914703
2480.8633380914703
2480.8575746970378
2480.8575746970378
2480.8575746970378
2480.854642442708
2480.8526002640706
2480.8526002640706
2480.8526002640706
2480.847933961585
2480.8474106770873
2480.8474106770873
2480.8474106770873
2480.8474106770873
2480.8474106770873
2480.8444306248048
2480.8444306248048
2480.8444306248048
2480.8444306248048
2480.8444306248048
2480.8444306248048
2480.8441369235384
2480.8424549770157
2480.8424549770157
2480.8424549770157
2480.8345420363703
2480.8345420363703
2480.8345420363703
2480.831832933638
2480.831832933638
2480.831832933638
2480.831832933638
2480.831832933638
2480.831832933638
2480.831832933638
2480.831832933638
2480.831832933638
4765.77040652635
3852.2796374381087
3478.4326736178573
3246.484479668259
3178.763320458468
3139.9513568917737
2987.711057527329
2952.9162714638305
2880.2323839726632
2840.778597930392
2800.7602424029706
2784.443778382285
2777.111486790769
2754.3818061005186
2737.9648402200323
2725.560558281005
2716.875676089504
2705.1083837954843
2695.728532381075
2686.4497048243866
2678.178117834404
2670.2508762030197
2661.6124753288523
2653.813190454201
2646.803600181262
2639.0417243853817
2631.5641288638813
2624.801173498012
2617.4001313883814
2611.3838725094934
2605.8391162581374
2604.9483486861573
2603.287474669941
2601.3460641156735
2598.0806225140013
2594.759967677795
2590.946184406524
2587.7534686672493
2584.767720248432
2581.4961884258078
2578.1684548697694
2575.1348834622077
2572.5144051331417
2570.12181392016
2567.8716465075813
2565.813064845691
2565.1585039060624
2564.799167604501
2564.0879493971256
2563.4849402899326
2563.127502311914
2562.3406362074525
2561.770545326698
2561.1353000891513
2560.1539986216853
2559.189072670821
2557.656882171649
2556.051274681593
2554.2374139489066
2552.1601781414192
2549.598508777896
2547.55566684752
2545.6435731918546
2543.933603774458
2542.8747910234206
2542.2480198677627
2541.834669191558
2541.597669957807
2541.3051540468227
2541.0927262756313
2540.8705193061387
2540.6893033862148
2540.4287174728415
2540.1231504978987
2539.808676332907
2539.530074692914
2539.2576822656474
2539.0180519475853
2538.835834100711
2538.581968820819
2538.28707640278
2537.9502892682226
2537.668790731358
2537.432813880524
2537.087954756505
2536.8396859453173
2536.578479148644
2536.328716606813
2536.0854485338014
2535.754836377162
2535.238617720757
2534.837346278479
2534.4066074014263
2534.0363448934604
2533.6873597328404
2533.2734795978604
2532.9227091208127
2532.4322060096997
2531.782126659845
2531.3155955664424
2530.73302469466
2530.0712017003457
2529.487296371358
2528.92791165888
2528.3498890788132
2527.8015934059754
2527.460414467423
2527.1189638099086
2526.6330897689168
2526.3232934791654
2525.9542818169225
2525.462074283849
2525.0020614094506
2524.388366833717
2523.934734405178
2523.3398398874415
2522.7837509079413
2522.2756795449845
2521.434034520754
2521.1268274100566
2520.789174925264
2520.4725460829454
2520.1078223448103
2519.780160652008
2519.4511802404645
2519.131693692858
2518.8004738152936
2518.568272311028
2518.325642053594
2517.9608164700167
2517.7255119956158
2517.402653397082
2517.1100121245945
2516.78480763094
2516.4725293467045
2516.1229067286995
2515.7884336338298
2515.446760784927
2515.185898866619
2514.9259890659764
2514.603599646475
2514.3569743092185
2514.054532877771
2513.829369363034
2513.5568553146545
2513.2778702760224
2513.0421471922687
2512.807970374248
2512.399593882194
2512.106265853531
2511.816820044941
2511.4725151828115
2511.021751438567
2510.6489841382136
2510.22116204014
2509.866608708373
2509.4833856026917
2509.178612454899
2508.800956593229
2508.480573913319
2507.84211818397
2507.259607343794
2506.7268817564213
2506.2818219335454
2505.868164307645
2505.365381976052
2504.907038873263
2504.4864002066142
2503.9997943066774
2503.566495630735
2503.0589119510437
2502.7176854762697
2502.2718590647855
2501.824690601295
2501.385940896363
2500.8798855315326
2500.1636638354917
2499.4569707635915
2498.851975852042
2498.2921121241634
2497.750028987803
2497.276207256957
2496.746017074643
2496.2166839207384
2495.743413184913
2495.245898181275
2494.333147839217
2493.326972056145
2492.15587607592
2491.384672300703
2490.748237746782
2489.629503854968
2488.9103990141352
2488.5173306752317
2488.2132192050385
2488.103017776875
2487.9776935405966
2487.935837654146
2487.7531502931233
2487.6009411067243
2487.4906271567397
2487.3663325040857
2487.2957357743494
2487.1254304823556
2486.9697639855667
2486.853923231379
2486.7403624434705
2486.633260547742
2486.5198690539437
2486.1168653884433
2485.9543870461757
2485.7543740248475
2485.7197904648474
2485.4952698954335
2485.2795868969497
2484.9037985652726
2484.8248972502183
2484.632079690933
2484.632079690933
2484.632079690933
2484.632079690933
2484.632079690933
2484.6096509475447
2484.6096509475447
2484.5885587598314
2484.5847532680145
2484.5149494326843
2484.4061326999768
2484.1927107905785
2483.9907692903275
2483.7653936111888
2483.557393405329
2483.294914342198
2482.8632827281617
2482.64300332861
2482.360506473709
2482.155872928302
2481.7155798400954
2481.6349450515636
2481.5849248456298
2481.536158846343
2481.468307507206
2481.4010193473964
2481.329468965491
2481.324167383259
2481.324167383259
2481.324167383259
2481.2519572263604
2481.2100736778893
2481.1829258199814
2481.132978648883
2481.132978648883
2481.132978648883
2481.1260531615035
2481.1162959122044
2481.11212723625
2481.11212723625
2481.082160702427
2481.082160702427
2481.082160702427
2481.081944838952
2481.0811238503884
2481.078272982984
2481.078272982984
2481.0630407332874
2481.0630407332874
2481.0630407332874
2481.0630407332874
2481.0587323629156
2481.0587323629156
2481.0587323629156
2481.0587323629156
2481.0587323629156
2481.0587323629156
2481.0587323629156
2481.0587323629156
2481.0587323629156
2481.0565900665983
2481.0565900665983
2481.055033890794
2481.055033890794
2481.055033890794
2481.0482081512973
2481.04331366576
2481.0404206448607
2481.0404206448607
2481.0404206448607
2481.031669660915
2481.031669660915
2481.031669660915
2481.031669660915
2481.031669660915
2481.031669660915
2481.031669660915
2481.031669660915
2481.031669660915
4765.77040652635
4290.717300791421
3550.158223003828
3334.711961120644
3203.017125693159
3089.290170651342
2968.0251770661052
2929.4956225164733
2883.883606788344
2860.8589482868683
2820.2094389079684
2800.90254654344
2782.468385343459
2763.0157384511826
2746.6891730110647
2737.544984631682
2720.7503595399294
2707.017582857679
2697.445545663876
2686.462731218535
2671.831869045872
2665.5874544204485
2656.0969136501085
2645.855583767156
2638.951512088797
2631.7662525328965
2624.670933741805
2616.035170669343
2610.576095116609
2604.0970942599665
2595.9099774731444
2590.7531226747856
2587.672747602779
2585.0673948963
2583.975101815397
2582.499405180983
2581.367041999254
2579.902982952998
2577.9264472036207
2575.995132953206
2574.3091483261087
2572.0104749173083
2567.9096263699685
2563.781381479029
2559.4864749828334
2554.328923861379
2550.4470715203724
2546.595613663245
2543.2827851504053
2540.1674629347963
2537.2978098950816
2534.506356352846
2532.5967618131244
2531.02930445699
2530.287464068916
2530.0379849399233
2529.7098396193505
2529.438934504019
2529.1563418318046
2528.8962696423487
2528.4807840589983
2528.323565848588
2528.0921320191355
2527.8194657794625
2527.558118704176
2527.282322001178
2527.084561541271
