3287.7767176329553
3210.7293702290726
3074.1039498906007
2974.237526405816
2842.969893827811
2755.1415158268646
2724.6032285059923
2722.561151690566
2700.5848230390884
2688.9048068211137
2658.810804087952
2652.293682233445
2636.588914663973
2630.731518831169
2621.8154297651718
2618.6729326528284
2615.5020589394508
2605.924661847686
2599.9299610287867
2590.261404784246
2584.247938718757
2578.2897152399464
2570.5104559748356
2562.6998584181447
2560.5925056242813
2558.9110529399445
2556.0758692057234
2554.393582309127
2551.2283867378796
2549.192334378531
2545.9018681678276
2543.681294354238
2541.7069964611737
2540.0377170721617
2538.234956442091
2536.6606209852653
2535.3229984691884
2535.068812344631
2535.0135148325858
2533.5308394587023
2533.4050001937007
2532.3122627120774
2531.3805501586376
2530.666322204677
2528.722241989368
2527.1225748371144
2525.322423023319
2523.093170107426
2520.5820089805907
2518.13370564922
2516.30614833276
2514.4381886127803
2512.950143271282
2511.5425984322364
2510.201768254457
2508.6753865801757
2507.822194393445
2506.775236113384
2506.3348565721603
2505.8180361098816
2505.7105771673764
2505.5354868928853
2505.268078947006
2504.838581949688
2504.3611452783944
2503.353910216296
2502.074014751057
2500.9329708493024
2499.6979219803334
2498.5509335094503
2498.040526924932
2497.9491040924277
2497.8845204288896
2497.782670235707
2497.7169192843
2497.639177952351
2497.5211197867548
2497.3172232504257
2497.1717238859956
2497.036032015943
2496.8693841728436
2496.6710401602545
2496.538546611357
2496.3114582382436
2496.1093279538386
2495.7187617825834
2495.258085556711
2494.574182062199
2493.8766716612267
2492.735291110403
2491.39325661746
2489.884423637428
2488.261782183445
2486.421403907008
2485.1658998427783
2483.8626930002056
2482.8488288617336
2482.3175325920793
2482.2068661306507
2482.128753678973
2482.1096105873694
2482.1096105873694
2482.0997497018147
2482.0822258573216
2482.057037786084
2481.9884665847817
2481.925561517915
2481.8640749872525
2481.8041844617005
2481.7965631683605
2481.7254630748976
2481.6759503368344
2481.5742485911724
2481.488373683198
2481.4053582883726
2481.316534272056
2481.240473744375
2481.162892994346
2481.1410692185827
2481.137166999678
2481.1149161058015
2481.1149161058015
2481.110651150513
2481.110651150513
2481.1035849055074
2481.0938746387114
2481.0739825210258
2481.0739825210258
2481.068792218992
2481.061812302708
2481.061812302708
2481.0496816912123
2481.0484498840387
2481.045048719776
2481.0347698020128
2481.0282281631294
2481.0282281631294
2481.027697222574
2481.027697222574
2481.0246108514416
2481.0211948895067
2481.0134767648187
2481.0134767648187
2481.0134767648187
2481.0134767648187
2481.0134767648187
2481.0134767648187
2481.0079213097206
2481.000955136771
2480.9982395242387
2480.9982395242387
2480.9982395242387
2480.9982395242387
2480.9982395242387
2480.9982395242387
2480.9982395242387
2480.9982395242387
2480.9982395242387
3345.211506285422
3263.942501109872
3153.6773019466273
3020.5489285851454
2879.8865905550215
2815.781684248659
2742.956906428404
2697.7342937008025
2683.4734307371814
2683.3342332835205
2680.62619853868
2669.2263114532952
2665.770654761215
2657.6529188057048
2652.1370599626707
2645.3263771725537
2638.4446731593307
2626.986951804174
2616.485998768628
2606.2164731038456
2597.137990552934
2588.0227841739625
2579.0781535105502
2571.7098540327333
2561.1031065532147
2553.8315989833554
2546.760694151253
2540.8908127120017
2536.0386870736265
2531.126720393924
2525.3180050384276
2522.0256193345976
2520.2570544238
2518.5519528800523
2516.9492898555914
2514.3724182645324
2512.0521474191487
2510.34307848386
2508.875741509808
2508.2743794012304
2507.655461971424
2506.9309967687686
2506.6119562234217
2506.17755944042
2505.8175599050637
2505.4136129399394
2505.009268886489
2504.675356423706
2503.955618949111
2503.3358004371235
2502.9150027907913
2502.582324884588
2502.1010423977605
2501.835341230191
2501.4434428382465
2501.205402911959
2500.9030544129514
2500.1622613822906
2499.090253465197
2498.722538993501
2497.5963569462906
2497.0795599906696
2496.212397129523
2495.6095317812037
2494.941623637654
2494.220063622347
2493.5580134823545
2492.9502551632518
2492.6323103225336
2492.340272492763
2492.340272492763
2492.340272492763
2492.2436398982063
2492.2436398982063
2492.203036574716
2492.1415184267566
2492.1003851180717
2492.0563897185366
2491.9694595861965
2491.7695640513434
2491.5233361805567
2491.067072320996
2490.642215808101
2489.9676784069234
2489.304887974628
2488.469525085839
2487.520422862581
2486.6391888690564
2484.954669208553
2483.8832251068393
2483.84891079878
2483.7225853750833
2483.7225853750833
2483.614778596716
2483.5709274226806
2483.5087285477525
2483.4305307276063
2483.322053091648
2483.139775980436
2482.991844992197
2482.8465038271115
2482.649226662694
2482.454424102397
2482.434458852358
2482.354564045881
2482.2626123255022
2482.223372598715
2482.1190101974457
2481.960848088802
2481.812595906895
2481.676540470112
2481.580650990812
2481.485073006674
2481.384976092292
2481.362562436364
2481.335752597614
2481.296890814955
2481.292168256044
2481.2469529645446
2481.2469529645446
2481.2388126268215
2481.2145036216466
2481.2126846050096
2481.202744668179
2481.202744668179
2481.202744668179
2481.198062197684
2481.1807126710282
2481.1807126710282
2481.1807126710282
2481.173026696347
2481.162872137916
2481.162872137916
2481.162872137916
2481.162872137916
2481.1571476970366
2481.1437155754224
2481.1437155754224
2481.140041487514
2481.140041487514
2481.140041487514
2481.1235048676403
2481.1235048676403
2481.112300149541
2481.1087954420436
2481.1087954420436
2481.1087954420436
2481.1087954420436
2481.107125309089
2481.099767790693
2481.099767790693
2481.099767790693
2481.0929759133305
2481.0929759133305
2481.0929759133305
2481.0929759133305
2481.0929759133305
2481.0929759133305
2481.0929759133305
2481.0929759133305
2481.0929759133305
3345.211506285422
3273.599639005083
3116.1587284198586
2917.0033545111505
2917.0033545111505
2891.5196576426424
2841.921610055898
2815.2393668343443
2801.197780143414
2766.923769452043
2744.940235931094
2734.7459533074452
2719.5591387188274
2708.7026273389165
2706.7848844669793
2699.8499989377588
2691.664891012268
2685.0503613692304
2681.3263041263567
2676.992165627434
2671.5488058650963
2660.9930400227295
2655.5402023917327
2650.9218364465023
2644.3099335629972
2637.177214611861
2624.5182962720082
2620.1964917923583
2617.3365377713785
2610.958564667322
2604.865791834899
2599.4207511567556
2593.106293821389
2587.162600997344
2581.2831829720394
2576.7401013283115
2571.4623268644823
2569.5554451656353
2567.9369844139383
2566.901199150079
2565.350631993889
2563.8844316924688
2563.3864806194115
2561.7642469334837
2560.2120965159793
2558.558147375498
2557.1862172333313
2555.761894464288
2554.693818446465
2553.3641522618504
2551.8348995594483
2550.314840621264
2548.4199241013393
2546.291644817948
2543.892904223019
2539.939499673057
2536.1139447499595
2532.643659906571
2528.551546402108
2524.519799302382
2520.9084848472794
2518.056780282871
2515.0750338299117
2513.041199848162
2511.4522747665073
2510.140399050592
2509.3331777498797
2508.958448448112
2508.6539657711596
2508.363005239722
2508.128073163616
2507.743096260091
2507.343827061661
2506.8972326641733
2506.4621184890857
2506.116125577938
2505.8124474321094
2505.556021575568
2505.1757095916378
2504.4070741601913
2503.6352297651933
2502.8562083002084
2501.825239856808
2501.2253780274655
2500.572121537441
2499.981679377858
2499.6832608153186
2499.295763235749
2498.880982829038
2498.257977827959
2498.057237636344
2497.8883430886513
2497.589953117286
2497.3985621708234
2497.1384961291246
2496.9436526593886
2496.731068156557
2496.4600465853796
2496.173214966039
2495.8888120270944
2495.6829948835207
2495.443126562932
2495.2590301276095
2495.042602384698
2494.8601173397883
2494.569905764573
2494.3535973780745
2493.990715494634
2493.7462972062017
2493.300338385913
2492.9829626800065
2492.653740906581
2492.316716222466
2491.939260117257
2491.563106189491
2490.764236354753
2489.7372216509634
2488.639602764799
2488.4025640076775
2488.0625533812404
2487.71840152222
2487.114291807889
2485.647113068736
2484.6548960531836
2484.292527748241
2483.959114747355
2483.864474673118
2483.8579106125835
2483.330941852394
2483.0084477457845
2482.8378517812216
2482.7021034363747
2482.6732349577605
2482.6732349577605
2482.616661597493
2482.459652403094
2482.322637654466
2482.0240494576965
2481.8294167873264
2481.7381457308206
2481.7381457308206
2481.726064057082
2481.6808837085073
2481.6309315852864
2481.4014090847168
2481.3370717370626
2481.2273870545905
2481.1999083788182
2481.135143310156
2481.135143310156
2481.0847317726157
2481.0665255548543
2481.037553057994
2481.014616241702
2481.014616241702
2481.0092734882232
2481.0092734882232
2481.0092734882232
2480.997442862627
2480.974718113857
2480.974718113857
2480.9549989756847
2480.9549989756847
2480.9549989756847
2480.9549989756847
2480.952630140529
2480.952630140529
2480.9391167270937
2480.9391167270937
2480.9366018290043
2480.9247471088315
2480.92036891149
2480.92036891149
2480.92036891149
2480.92036891149
2480.92036891149
2480.9185031738057
2480.9185031738057
2480.9185031738057
2480.9150738753447
2480.9150738753447
2480.9139724348734
2480.9139724348734
2480.9139724348734
2480.910025982439
2480.910025982439
2480.910025982439
2480.910025982439
2480.910025982439
2480.9085544827767
2480.9085544827767
2480.9085544827767
2480.9085544827767
2480.9085544827767
2480.9085544827767
2480.9085544827767
2480.9085544827767
2480.9077860726043
2480.9077860726043
2480.9077860726043
2480.9077860726043
2480.904173135457
2480.904173135457
2480.8948258186533
2480.8948258186533
2480.8935387783185
2480.8935387783185
2480.8935387783185
2480.8935387783185
2480.8908953969385
2480.8908953969385
2480.8908953969385
2480.879157706018
2480.8758987944075
2480.8758987944075
2480.8758987944075
2480.8758987944075
2480.8758987944075
2480.8758987944075
2480.8758987944075
2480.872078295489
2480.863311156041
2480.8596038599976
2480.8596038599976
2480.8596038599976
2480.8596038599976
2480.8596038599976
2480.856896082847
2480.856896082847
2480.856896082847
2480.856896082847
2480.856896082847
2480.856896082847
2480.856896082847
2480.856896082847
2480.856896082847
3345.211506285422
3218.5635958640173
3064.6924363535627
2996.5805147221618
2919.9413098190516
2784.541989036702
2747.4625847253737
2703.617161301777
2689.293454737185
2675.475726723862
2667.757253299268
2656.39576953149
2648.6371252846966
2641.794162721552
2633.5170729265747
2629.232208977068
2621.719724006638
2615.24469988093
2604.228231473158
2598.7492430732123
2588.9842825643386
2583.356392293796
2573.2313519532763
2565.13061607721
2558.077651890175
2550.63610544857
2544.3563329632834
2537.2919915444995
2530.72154530024
2524.4379443477465
2519.196874413792
2514.5163612799124
2510.340459510263
2507.008647498937
2505.8201753853596
2504.8474760536383
2503.3127345293938
2502.964898040436
2502.3389045562635
2502.1697442083096
2501.4578815912364
2500.607524506682
2500.022639238307
2499.700920958893
2499.4350573258394
2499.1505363938904
2498.9111821987294
2498.702389201154
2498.5077212412416
2498.28115340814
2498.0389623807914
2497.7516465842427
2497.4524945223898
2497.203185722466
2496.9168504442464
2496.6615756282
2496.2558823349545
2495.9150739755196
2495.433225022067
2494.996789082633
2494.5211726961716
2494.0271267726384
2493.616298371311
2493.3328179428568
2493.192463222884
2493.1137789702398
2493.0042712523955
2492.855036046511
2492.7122930078385
2492.5491149187565
2492.4378340619287
2492.2817262272997
2492.1709719930604
2492.0934953629876
2492.0036821123254
2491.9422225702583
2491.8973916928544
2491.8065679168617
2491.719667453798
2491.6789658149514
2491.602155352211
2491.538905346772
2491.4367685202274
2491.3553650860954
2491.2675852543703
2491.1688508959805
2491.0827963637607
2490.9510081817684
2490.8564258297633
2490.691935571218
2490.4612537809458
2490.216013453097
2490.02161682868
2489.8465552343914
2489.67250685137
2489.3464530762344
2489.143827187431
2488.8751010320548
2488.6786623589965
2488.419274737118
2488.218420184457
2487.889039319388
2487.5101430504715
2487.2310040264338
2486.9211735427716
2486.716852916088
2486.4242358128604
2485.9092452247555
2485.4097392279086
2484.8737435840635
2484.5421636392925
2484.118549041345
2483.906270461294
2483.5824427089174
2483.069852102574
2482.982098059557
2482.8216593398997
2482.8216593398997
2482.753949189788
2482.637295351178
2482.593105463188
2482.5246810875733
2482.46467643902
2482.4129774608455
2482.3183867487214
2482.294291012642
2482.269143957017
2482.2403440281682
2482.215843788804
2482.154691281831
2482.1469858666333
2482.1066451380775
2482.054353374793
2481.9813823648024
2481.9365917866735
2481.8900415521857
2481.8320762188027
2481.810381768597
2481.7385255633594
2481.706841624768
2481.6726513979056
2481.637506537861
2481.61787459685
2481.58303519819
2481.58303519819
2481.5608874442783
2481.4999030246695
2481.477940501891
2481.4565588351097
2481.3658241080025
2481.315409977829
2481.28494411025
2481.235024384946
2481.156921918131
2481.0999621389433
2481.0123625968704
2480.967934683895
2480.967934683895
2480.963577571101
2480.9547936806957
2480.9547936806957
2480.9482228701836
2480.9482228701836
2480.9482228701836
2480.9176856975364
2480.8924850969297
2480.8909624030684
2480.8909624030684
2480.8843983957504
2480.8843983957504
2480.8692691726483
2480.8692691726483
2480.8692691726483
2480.8692691726483
2480.8666808487787
2480.8589755507096
2480.85391452874
2480.8528157071555
2480.8528157071555
2480.8528157071555
2480.8528157071555
2480.852095964573
2480.852095964573
2480.852095964573
2480.851442213188
2480.851442213188
2480.8432730886852
2480.8432730886852
2480.8432730886852
2480.8432730886852
2480.8432730886852
2480.8432730886852
2480.8432730886852
2480.8424439605806
2480.837625786463
2480.837625786463
2480.837625786463
2480.8344835269404
2480.8344835269404
2480.834260784383
2480.834260784383
2480.834260784383
2480.830947838342
2480.830947838342
2480.830947838342
2480.830947838342
2480.830947838342
2480.830947838342
2480.830947838342
2480.830947838342
2480.830947838342
3345.211506285422
3280.349951232325
3163.0315083077644
3012.1876804016783
2911.013516514622
2816.154272407268
2733.5695052446754
2682.777999774862
2668.255887946976
2656.553619269436
2651.2954411035216
2651.2954411035216
2650.6016733112424
2644.7526891395946
2637.607260058581
2628.7414532511657
2620.547538370051
2615.8520122125747
2604.1126858423063
2599.4940332266997
2593.710193354722
2585.906305609504
2580.4088978201107
2575.879002145851
2571.669689995102
2567.804653213178
2563.4512057777006
2559.8188256791877
2558.3756845765142
2557.119891077366
2553.6835123534925
2552.03042119265
2550.2000724609284
2550.036131643951
2549.2607599510297
2549.0417912007993
2548.5187871512685
2547.903129863217
2547.3425478550503
2546.6752317249484
2545.946969877289
2545.3105071396362
2544.810989599768
2544.2322607792767
2543.7832075876704
2543.278897539052
2541.9692029236526
2540.9419181410185
2540.1333300154843
2539.714250363006
2539.329190296023
2539.008487568726
2538.6281087072584
2538.2324266990604
2537.7234442540694
2537.287095366273
2536.63498181879
2535.382864104577
2533.808536169947
2531.678655404353
2529.0752794247533
2526.384256078444
2523.0455163366046
2520.121203730086
2516.682934779601
2513.5136134812255
2510.305470490124
2507.4887007918614
2505.4423711344593
2503.9202866742335
2502.7565818059807
2502.586811420567
2502.250016061418
2501.879994222575
2501.6075241128315
2501.4089933547957
2501.2058329179176
2501.0366710816074
2500.913460754017
2500.767242088148
2500.662539923477
2500.5484198563354
2500.4409485108945
2500.3212919007224
2500.2323470124784
2500.141317702413
2500.0424186890273
2499.9440314890676
2499.8188946647756
2499.701988501521
2499.57634386667
2499.4494367965463
2499.3158600522606
2499.1784020170835
2499.03756965081
2498.9275598239105
2498.8284646899983
2498.6147927989487
2498.43187205407
2498.1929601134375
2497.842810177868
2497.440767215849
2497.0864024261386
2496.6005841594783
2496.0848443248615
2495.5361460366425
2495.0115811934074
2494.660035798467
2494.3939418789428
2494.251080818123
2494.1166037810644
2493.9841243073
2493.864315374525
2493.7252327875885
2493.621040584606
2493.4557005418224
2493.33078080525
2493.1825811499543
2493.074326126308
2492.9555494465108
2492.831183995814
2492.728143649331
2492.6292348794705
2492.4909826628054
2492.366993545542
2492.1778969873867
2492.0461206331724
2491.8918153103796
2491.686304183213
2491.4593584635327
2491.250619071879
2491.0237829457164
2490.7853521978645
2490.610040326737
2490.4376347096713
2490.2231743396596
2490.035366959431
2489.8229229863323
2489.65608703025
2489.4908697716673
2489.3093947549323
2489.150344866951
2488.887170443197
2488.682270210909
2488.5405633231007
2488.37907509634
2488.148238795523
2487.927871425631
2487.6754053078666
2487.3371280397496
2487.003195470525
2486.6753238820174
2486.4699866363558
2486.3367309633395
2486.2311255951035
2486.1700677025715
2486.141468540677
2486.091924315439
2486.0277920634285
2485.984081633039
2485.9202915991264
2485.8687487327325
2485.8250171837553
2485.7928149002346
2485.739755224597
2485.7108356946655
2485.6671906579163
2485.6403829378232
2485.6028948698213
2485.558320127269
2485.520157181097
2485.479307463276
2485.4310706964357
2485.369177044737
2485.298411776024
2485.1825186545216
2485.037497398922
2484.9540241687087
2484.8346872417455
2484.6965430517475
2484.5854821871358
2484.508572207318
2484.4175431067274
2484.3154746287105
2484.2351790450584
2484.165010742626
2484.0962450386696
2484.0148280710023
2483.7068938493026
2483.5256990535095
2483.37285301275
2483.37285301275
2483.357699310992
2483.3124907894776
2483.2720250124426
2483.2567271559205
2483.239176320128
2483.2102444932107
2483.171866779518
2483.123919059911
2483.1083207078273
2483.0533439368646
2482.9848831155027
2482.9116813043206
2482.8548220061466
2482.800696760193
2482.7570099195536
2482.7003248276087
2482.630267435289
2482.593730147219
2482.528498938664
2482.3704244355504
2482.2140816054266
2482.177346363389
2482.110823330848
2482.050514933047
2482.0253903717617
2482.007661429353
2482.007661429353
2481.922797893742
2481.678382282909
2481.666997998483
2481.438755317542
2481.427011129899
2481.427011129899
2481.4016489807336
2481.389128296381
2481.3577020904277
2481.297804408112
2481.297804408112
2481.297804408112
2481.271263710715
2481.2338759823556
2481.2022841823255
2481.200498951431
