3847.449771843977
3591.9252421482097
3178.1083404289116
2996.9889472279465
2842.0799849779632
2745.5241119565153
2703.5866291524712
2675.0623735415807
2652.743439377627
2645.4633445062004
2636.5314123646376
2627.5265129314557
2619.030940447821
2608.9466368471562
2603.2907314763397
2597.2008192256876
2592.636023325104
2587.067072430108
2578.0296279295185
2574.9812860788106
2570.534726486817
2565.2030040226146
2560.6023593779787
2556.890587532139
2553.999624513159
2550.2627797939076
2547.605316963042
2544.960072300834
2542.8950198707093
2541.9142769848727
2540.791564812425
2539.296923087225
2537.551050768116
2536.355495665621
2535.8292341268325
2535.0061266563866
2534.2461566308943
2533.4065056212003
2532.592282963087
2531.432061810609
2530.728173869906
2529.9388304453855
2529.254230073461
2528.5162455441346
2527.766492427512
2526.4645857357627
2525.15773256061
2524.0472643255043
2521.756284562078
2519.4365443765237
2517.097483369541
2514.7554375550226
2512.9763459319197
2512.2437254535844
2510.1711142024365
2509.254604341492
2509.0550353834983
2508.894908192604
2508.8629737232677
2508.8347090777243
2508.1615079531875
2507.496572453117
2507.237298145522
2507.0995020270975
2506.6375386719724
2506.337157735224
2506.1399573504264
2505.784982059216
2505.508967078319
2505.332438499282
2504.987725365772
2504.454033944773
2504.1966905889294
2503.8498144427467
2503.331340706802
2502.9668518429085
2502.437484271983
2501.339133453487
2499.8491483934463
2498.9765100861164
2497.9213474445382
2497.6336575395144
2496.893233170064
2495.585116129879
2495.0389439134165
2494.3659671792107
2493.643428065245
2492.6455254094903
2491.884047521305
2490.3834949377947
2489.1584392072705
2487.548031088242
2486.250914768259
2485.3689479080344
2484.4574550899406
2483.769877572361
2483.2955669108946
2483.099722816674
2483.020385666395
2482.969621135429
2482.902076724739
2482.8740699758737
2482.822303790611
2482.7838889785507
2482.7476795388243
2482.6914968943333
2482.622347713437
2482.553206233823
2482.4779406492908
2482.4469637363063
2482.406366862255
2482.3764246629435
2482.353516393574
2482.3467139588306
2482.3246813253054
2482.3098121266657
2482.280573730671
2482.2515649015695
2482.249096534724
2482.222215454687
2482.2074034872603
2482.184075821405
2482.165511649694
2482.1103297348536
2482.0633509770228
2481.9962358806256
2481.9069254280353
2481.7996428467986
2481.639363030229
2481.5312289475714
2481.4208188168536
2481.2937470149113
2481.1493719495106
2481.1493719495106
2481.077856103979
2481.077856103979
2481.038630751885
2481.00055631836
2480.9830179762544
2480.9830179762544
2480.97507863141
2480.9185389391123
2480.8965514362967
2480.8965514362967
2480.8965514362967
2480.8965514362967
2480.8965514362967
2480.8965514362967
2480.8949194945576
2480.8949194945576
2480.8949194945576
2480.8919074310074
2480.8864297866476
2480.8864297866476
2480.8830696158475
2480.882027356865
2480.8801197079238
2480.866882248232
2480.866882248232
2480.855876193149
2480.855876193149
2480.855876193149
2480.855876193149
2480.855876193149
2480.855876193149
2480.8533157784773
2480.8533157784773
2480.844336503102
2480.844336503102
2480.844336503102
2480.844336503102
2480.844336503102
2480.844336503102
2480.844336503102
2480.844336503102
2480.844336503102
3992.8180064856824
3991.1532350529683
3631.5974360517894
3245.4975904998328
3185.920915528708
3085.932320996552
2996.5355535508997
2930.0877428399685
2874.6010296826876
2811.934749754314
2759.919607773944
2730.679026773077
2712.9678235279366
2706.0821721922484
2697.6637329149085
2692.5464555618887
2685.735776004795
2679.470062866615
2672.5864858579093
2668.5981476050433
2664.0347930968433
2660.33275964114
2658.623795439168
2652.582687679634
2645.1437355027756
2638.9597742184355
2635.342453589959
2629.779181472875
2621.990207899933
2618.152661478297
2613.4365415188213
2609.4316855046823
2604.8595976716533
2600.331426525398
2596.2763640310595
2591.64787983718
2588.2218622646224
2583.952723586259
2580.9672013653753
2578.504559310469
2576.32810904865
2574.8980556045094
2573.510854808342
2572.3751672472454
2571.67332694826
2570.9437773230406
2570.597434926647
2570.1361474892806
2569.820639087881
2569.4015811256395
2569.0535529991266
2568.53410738291
2567.7166449414053
2566.741766171476
2565.891295770417
2564.5747882627456
2562.796641117881
2560.8601004594184
2558.944820920966
2557.475262887088
2557.2512278930544
2557.2512278930544
2557.2159926805352
2557.0679476537543
2556.838572885365
2556.6290931792773
2556.354326738881
2556.049406315127
2555.7159528794277
2555.4066301803723
2554.500029215192
2553.6993731386683
2552.554275246913
2550.8772475210217
2549.4780101309952
2547.78958744303
2545.7421190221667
2542.793747700062
2539.706758934337
2536.099181409471
2532.0925028438232
2528.33106779312
2524.5832927044357
2521.2760066275387
2517.9138283934003
2514.841759570762
2512.640571417543
2510.74673205159
2508.8754810151504
2506.86736762479
2505.61165870401
2504.8487475489997
2504.315809702204
2503.8290601350227
2503.311118936292
2502.8656618684095
2502.4943688755193
2502.103533037232
2501.627428341024
2501.3841683821197
2501.1861683217567
2501.092134726802
2500.9911114499364
2500.8813477521344
2500.7516881303504
2500.6356740597
2500.48784485709
2500.335389320602
2500.2092391551473
2500.1100192783297
2499.9835065648795
2499.8649652748118
2499.768030981331
2499.6639024104993
2499.581930399909
2499.474403071379
2499.3259587352245
2499.1858857382363
2499.0236390843793
2498.8298947527073
2498.692773240295
2498.4740026944123
2498.300175259353
2498.0432530647295
2497.7404141187635
2497.4253820240765
2496.9972040458006
2496.4850382201707
2495.74640918081
2494.9658024323
2493.998749007913
2492.7491364170764
2491.1405633991817
2489.922703885552
2489.1027487291312
2488.4957868185265
2487.9464630681496
2487.376991608896
2487.147063640299
2486.8836561269063
2486.707368854041
2486.5287023311375
2486.3611084083323
2486.154946707737
2486.0190791676573
2485.8623041688775
2485.7229920486798
2485.5799596005404
2485.45790944187
2485.365352455627
2485.255285467461
2485.1723419748937
2485.0859352996345
2484.975439779935
2484.887780768884
2484.8276911862436
2484.7551593850158
2484.6885476140255
2484.564180231487
2484.4758184786997
2484.389814349241
2484.2650682999483
2484.153287582503
2484.0666855996224
2483.9383650094524
2483.8413259082545
2483.722466345683
2483.6304521475513
2483.4871722054963
2483.370976329978
2483.3208705745487
2483.305764324143
2483.254519229217
2483.2532510596916
2483.2218802955376
2483.1718595405746
2483.150529904294
2483.1096739575414
2483.032754588974
2482.9882013343286
2482.88158603333
2482.821598367523
2482.788431408488
2482.7776489709913
2482.711120929022
2482.6976085368005
2482.6585926403754
2482.6356589419624
2482.589041108788
2482.5370759949787
2482.490172262888
2482.4300941916576
2482.386071393107
2482.3725634088055
2482.333172402699
2482.308545022368
2482.29673809281
2482.2883535431415
2482.278587061972
2482.278587061972
2482.265430553127
2482.260667256921
2482.240286304637
2482.2275105809717
2482.199023645918
2482.1852767659143
2482.168342168338
2482.1433480249075
2482.123394422587
2482.1136765114757
2482.047529123648
2482.0030486947076
2481.9899340820148
2481.931383904193
2481.857015149238
2481.8006933546803
2481.726161734235
2481.586696550074
2481.528267754557
2481.485566545736
2481.402608282419
2481.2294432929375
2481.179378059562
2481.153380992766
2481.117261412671
2481.107454160375
2481.107454160375
2481.107454160375
2481.078975885196
2481.073610004916
2481.064763629744
2481.064763629744
2481.0555767999176
2481.015880087922
2481.015880087922
2480.9989570648704
2480.9838346901815
2480.9612115927866
2480.9479773151484
2480.9454763917597
2480.8999827200228
2480.8999827200228
2480.8999827200228
2480.8999827200228
2480.8999827200228
2480.8999827200228
2480.8999827200228
2480.8999827200228
2480.8744347408665
2480.8744347408665
2480.8739237327222
2480.8739237327222
2480.8739237327222
2480.8691526059765
2480.850147973128
2480.8467443051
2480.8467443051
2480.8467443051
2480.8467443051
2480.8386517230056
2480.8386517230056
2480.8386517230056
2480.8386517230056
2480.8386517230056
2480.8386517230056
2480.8336604372794
2480.8336604372794
2480.8336604372794
2480.8336604372794
2480.824953094521
2480.824953094521
2480.824953094521
2480.824953094521
2480.824953094521
2480.824953094521
2480.824953094521
2480.824953094521
2480.824953094521
3992.8180064856824
3315.738502346464
3071.394759664696
3032.358158961083
2981.9746969942307
2901.6748980778398
2856.7500856022516
2814.3569858354094
2773.4097448168613
2733.4328018726574
2716.1136813653466
2677.134355196755
2659.825147276814
2656.0354979350623
2648.3666221926687
2642.3661628572736
2637.1249056656725
2628.168083847363
2624.834804790756
2622.045148301937
2618.845451313992
2615.823903442877
2614.0621197399305
2612.3004979260722
2609.03273206067
2602.6335379053016
2596.5973550372173
2591.6717889994343
2587.1018386775922
2582.235661049806
2576.6672385728593
2570.939138029306
2565.7422432846474
2560.4316909230456
2556.2841987965985
2552.341970606819
2548.178326721505
2545.292818443971
2541.7827489940096
2539.643813817374
2538.1790744901173
2534.8768250854137
2532.0277435165376
2527.916305709517
2523.7554510940768
2519.2577048025114
2515.266912517195
2512.092789386452
2509.2538727197166
2506.682776127824
2504.11855105762
2502.2535884082754
2500.407613780818
2498.6262895086775
2496.9798455878313
2495.3282163938434
2494.1978575892326
2493.4345297984923
2493.1272260125716
2492.963711862983
2492.6870367371416
2492.4331875433377
2492.2561369748278
2492.002177800896
2491.8082426332853
2491.694664498312
2491.5987345025924
2491.510765175223
2491.392919567459
2491.3108017795216
2491.1884742795346
2491.098734990935
2490.9413389948736
2490.8386585083495
2490.7560212596345
2490.638215700561
2490.4876726856296
2490.275596175875
2490.0553286268246
2489.754710958029
2489.3102905764727
2488.7600759570473
2488.1232064959404
2487.14478966484
2486.2589105119405
2485.1731635555366
2484.493526655263
2484.0106614070623
2483.8936703220434
2483.8262615391677
2483.775329402153
2483.651293812575
2483.5799927619537
2483.543125987722
2483.519858510548
2483.4891665079017
2483.4407136728323
2483.4123239253317
2483.368165775111
2483.3331742653827
2483.280437181734
2483.1767448327364
2483.1114075787805
2483.046414510995
2482.9547767965155
2482.8579290223033
2482.757108224774
2482.6395983512034
2482.5902537293755
2482.465433473405
2482.3303249134183
2482.2465300261674
2482.160378236901
2482.128383224195
2482.0878091841682
2482.0621500075777
2482.0318277046927
2482.024777915544
2481.9835233439226
2481.950708729098
2481.922107897946
2481.9089794521647
2481.883230418638
2481.8551111335005
2481.798386388431
2481.768357246674
2481.7270190033164
2481.700617659647
2481.6836108322664
2481.66297524257
2481.6593708664554
2481.599527630736
2481.5955136532207
2481.5758181228803
2481.557800470151
2481.5426327371265
2481.5213878638115
2481.504249441393
2481.4585180696313
2481.4221579495634
2481.400685007603
2481.390149373692
2481.3560936531835
2481.3279923809837
2481.3065481661597
2481.2913570321953
2481.275059379469
2481.258782851552
2481.232527506152
2481.1943159815555
2481.1943159815555
2481.1943159815555
2481.174032200346
2481.1644658739274
2481.1435918016978
2481.1236397686803
2481.1110487139567
2481.101850048139
2481.095870297004
2481.083560874711
2481.070993222065
2481.0559788126075
2481.0559788126075
2481.0559788126075
2481.0558201307103
2481.0494134603323
2481.040218765323
2481.036477294866
2481.036477294866
2481.036102492266
2481.034457734082
2481.029282171085
2481.029282171085
2481.0276048066034
2481.0276048066034
2481.0276048066034
2481.0171776878674
2481.0121382338393
2481.0121382338393
2481.0121382338393
2481.0121382338393
2481.0121382338393
2481.009069542451
2481.008063487291
2481.008063487291
2481.008063487291
2481.008063487291
2481.008063487291
2481.008063487291
2481.008063487291
2481.008063487291
2481.008063487291
3992.8180064856824
3415.2022094650965
3266.483981057898
2939.0209744368335
2858.0361000689113
2763.109199221482
2708.6831501317074
2678.5665807971645
2668.954426261143
2656.7983013181483
2653.4141637418147
2644.8443112305713
2635.7385166508734
2626.6514532704978
2620.958729562014
2615.0061333657013
2608.129568477914
2596.2540924761547
2589.923642714688
2582.452824525186
2574.5634862565144
2565.7607417351815
2559.278094141696
2553.7046339634767
2548.41620370308
2543.4003628388523
2539.5410271966607
2536.1105746495427
2532.832855462243
2529.901788509545
2527.9387510389843
2527.258032021802
2526.51309292615
2525.6374758224606
2525.0691265480295
2524.3417369123517
2523.244247812576
2521.837832121164
2519.9552774680487
2517.7705521488747
2515.7545319273236
2512.9112075607336
2509.8928284267367
2506.824251441025
2504.445644710015
2502.074910631795
2499.840021622944
2497.755520695114
2496.417991952437
2495.003408529913
2494.226511370707
2493.5037158715177
2493.056183962339
2492.8430986494213
2492.600068233415
2492.419622224024
2492.1895608462314
2491.993820328324
2491.7540778104326
2491.585373942841
2491.4716715714576
2491.3378785695486
2491.270155033465
2491.15738272795
2491.0416817918767
2490.967305451783
2490.821450307658
2490.6980617068252
2490.454128656299
2490.1890269800288
2489.9466441285435
2489.677129636292
2489.488201108119
2489.362056871873
2489.1645673139847
2489.0324043032865
2488.897839661374
2488.76291181721
2488.650495599434
2488.516696707673
2488.418706825583
2488.221178813368
2488.0730257608175
2487.95721311788
2487.7985680418856
2487.6349109982048
2487.4708811271475
2487.29710414289
2487.123883393383
2486.9739490554402
2486.9101809975123
2486.709931487032
2486.4530556831983
2486.0688963817533
2485.776727208635
2485.5306527857506
2485.3170421975537
2485.068691722688
2484.785912183329
2484.3169906690737
2483.9330998107844
2483.6338215642554
2483.243993625678
2483.063801150603
2482.9285152196862
2482.8467004987233
2482.8071301301206
2482.7665093733326
2482.741846728614
2482.708217916221
2482.655104813469
2482.604318975415
2482.537115693353
2482.4926696605608
2482.4583056154042
2482.405845031008
2482.3710891811234
2482.3361753965683
2482.273980666635
2482.158820884561
2482.0033808523744
2481.8917744625237
2481.819970008598
2481.805572342487
2481.7544167140377
2481.7297958977088
2481.698290516643
2481.698290516643
2481.698290516643
2481.698290516643
2481.698290516643
2481.698290516643
2481.695875205298
2481.637911653086
2481.637911653086
2481.609220238923
2481.609220238923
2481.5833039368654
2481.5770707484485
2481.5676208884315
2481.5477113828947
2481.5477113828947
2481.5310271328117
2481.5196440029627
2481.5196440029627
2481.5196440029627
2481.4922123807346
2481.4739858923535
2481.4655333629016
2481.4435867909665
2481.3893637743295
2481.3501090484424
2481.3011006468687
2481.2409322451726
2481.1652763431553
2481.1007780937443
2481.013063096899
2480.950540225179
2480.926713836002
2480.917215868318
2480.911778013152
2480.911778013152
2480.8987930386666
2480.8987930386666
2480.895338469474
2480.8948188917293
2480.8876144774904
2480.8876144774904
2480.8876144774904
2480.8660709224414
2480.8660709224414
2480.8660709224414
2480.8660709224414
2480.8660709224414
2480.8644414494865
2480.864146458638
2480.8584838393945
2480.8584838393945
2480.8584838393945
2480.8584838393945
2480.833400745318
2480.833400745318
2480.833400745318
2480.833400745318
2480.833400745318
2480.833400745318
2480.833400745318
2480.833400745318
2480.833400745318
3992.8180064856824
3738.384617945644
3307.1378612490535
2954.1398862552473
2861.9794536008967
2830.050776846957
2763.033743359687
2723.4207416241397
2696.864388498917
2669.300080694248
2647.115447630961
2637.441798559372
2623.2383864035887
2608.6335836378903
2595.333959974858
2585.1994534096752
2570.9563102775064
2554.6886535108492
2549.7408534319648
2543.8932471703333
2539.329818238757
2535.492488278741
2531.91515037985
2527.5665452920616
2523.7855618545636
2520.009992103102
2517.776991828661
2516.7655469300917
2516.676120826318
2515.3534789701284
2514.867777920714
2514.385580925744
2513.896102428594
2512.751587181553
2511.790336973124
2510.465219393091
2508.899068690663
2506.81311698222
2504.7348492473193
2502.9220882867876
2501.257808674653
2500.109213554681
2499.036997543527
2497.9524192979557
2497.221807509064
2496.664036992124
2496.339932885506
2496.0553722038667
2495.8430520414995
2495.6110659162623
2495.447334883577
2495.3149214253376
2495.0448702956164
2494.852023662842
2494.6329733965486
2494.442980678316
2494.215834948867
2493.7585619305855
2493.3124945508785
2492.66310836585
2491.847352305632
2490.8509267088098
2489.664347631381
2488.1620713815837
2486.722013993326
2485.308310619152
2484.1561489030732
2483.4788529512703
2483.314548993021
2483.3004702871835
2483.298479041714
2483.252376289523
2483.1883098736794
2483.129080448427
2483.010939497313
2482.9603921725684
2482.851431497569
2482.765647257383
2482.7303190286493
2482.655829288537
2482.5527453153472
2482.432373676979
2482.348795591263
2482.1195783129633
2481.965089619622
2481.8554775429116
2481.8185420747673
2481.8185420747673
2481.7913102904104
2481.75690639097
2481.7317746808685
2481.7069933537664
2481.6915517595685
2481.6744956005473
2481.655767660275
2481.627043332432
2481.615164933999
2481.6019602105243
2481.5914410933956
2481.586459756332
2481.556578191522
2481.534372422565
2481.5103120669633
2481.481203830811
2481.4719194946065
2481.4545114083676
2481.4291751966166
2481.4140637860273
2481.3965185796615
2481.367114660356
2481.3604276958704
2481.3526804752737
2481.3399517764897
2481.3244270075943
2481.3244270075943
2481.3102097665624
2481.300882253656
2481.2905471028976
2481.2885013336136
2481.2885013336136
2481.2885013336136
2481.2885013336136
2481.2755000400766
2481.263894935113
2481.227177277418
2481.1951384148006
2481.1951384148006
2481.1951384148006
2481.1581849033305
2481.140413001096
2481.1402565880157
2481.1343394556843
2481.1343394556843
2481.124383045192
2481.124383045192
2481.1059522825535
2481.06303135999
2481.06303135999
2481.06303135999
2481.06303135999
2481.06303135999
2481.06303135999
2481.06303135999
2481.0598873084555
2481.0598873084555
2481.0486873019463
2481.0486873019463
2481.0486873019463
2481.0486873019463
2481.0486873019463
2481.0470850318156
2481.0260263762602
2481.0014482558863
2480.9978475966673
2480.970689146894
2480.9504946787647
2480.9504946787647
2480.9504946787647
2480.9504946787647
2480.9504946787647
2480.9495069303603
2480.9372131538353
2480.9250922011397
2480.9016483285495
2480.9016483285495
2480.9016483285495
