3950.3035907481053
3623.970427775809
3137.665594034729
2994.3115895308615
2954.519211240022
2787.1310673660837
2670.6903096794426
2649.3567515021978
2613.265926934467
2594.2502838723944
2581.9699209413757
2561.2388160235732
2554.3941785835823
2546.3308074197544
2542.8734588681514
2538.9998007170916
2533.61932518303
2529.5055661688375
2526.4704528447155
2523.3662313468835
2520.8860926421744
2518.2111388788867
2515.583896013611
2514.747385281284
2512.918189354251
2511.5537733207534
2510.0605478479865
2508.676871384752
2506.8850704282067
2505.032276280139
2503.2849730944054
2501.44709954684
2499.7390995368423
2498.625800439769
2496.8744703257235
2495.2250942682663
2493.968983311082
2492.744153113004
2492.089735408937
2491.5036723232324
2491.0214694816664
2490.881828225023
2490.713050469545
2490.509304915443
2490.2760469406544
2490.0874170175944
2489.8672243873666
2489.684283751333
2489.527312308395
2489.3630564150208
2489.2057967578994
2489.0595412633047
2488.954725940082
2488.7972739070037
2488.5199094878126
2488.214894188944
2487.9020053262807
2487.661559638562
2487.4121237448558
2487.113844700725
2486.8921927528886
2486.5050059837613
2486.127988026612
2485.7597581358555
2485.306698861835
2484.6231478237564
2484.1315744843973
2483.971518333819
2483.951040494263
2483.9360025500896
2483.877904604465
2483.8290977543334
2483.7970314028494
2483.7823782187875
2483.7452187340773
2483.6847858076744
2483.598445502527
2483.5328493964103
2483.413237950812
2483.355388013244
2483.2561858680865
2483.1738769300555
2483.0325439739704
2482.921829040327
2482.7874980602373
2482.6971976172467
2482.5594438242388
2482.4637145219576
2482.2517618045867
2482.1045482934983
2481.7072221300377
2481.570753999111
2481.358730965132
2481.3579022772374
2481.2747132191157
2481.2747132191157
2481.2070207585534
2481.2053188398363
2481.1786244105
2481.167463603827
2481.167463603827
2481.153584449557
2481.153584449557
2481.1329716845
2481.119277315649
2481.1171089392474
2481.1121471624256
2481.089850141115
2481.070522695537
2481.0446930753305
2481.033321604519
2480.994626958433
2480.994626958433
2480.979016022881
2480.96814142345
2480.96814142345
2480.96814142345
2480.96814142345
2480.9608144223575
2480.9608144223575
2480.958720598739
2480.958720598739
2480.940140916929
2480.940140916929
2480.931184306551
2480.9273540266595
2480.9273540266595
2480.9273540266595
2480.9273540266595
2480.9273540266595
2480.9273540266595
2480.9243006288675
2480.9243006288675
2480.9243006288675
2480.9243006288675
2480.9243006288675
2480.9243006288675
2480.9243006288675
2480.9243006288675
2480.918985143691
2480.918985143691
2480.918985143691
2480.918985143691
2480.918985143691
2480.918985143691
2480.918985143691
2480.918985143691
2480.9189619695426
2480.9189619695426
2480.9189619695426
2480.9189619695426
2480.9189619695426
2480.9189619695426
2480.9189619695426
2480.9143274855483
2480.9143274855483
2480.9143274855483
2480.9143274855483
2480.9110187608276
2480.9110187608276
2480.9101749678734
2480.9084330692904
2480.898061660757
2480.898061660757
2480.898061660757
2480.898061660757
2480.898061660757
2480.898061660757
2480.898061660757
2480.898061660757
2480.898061660757
4315.730841806404
3944.1159389617205
3607.6689758712564
3317.9756126273833
3114.3890601308376
2971.4038426891943
2940.635302046432
2844.836904085911
2733.5994591617236
2691.902432361095
2669.787756667787
2652.0573484770266
2640.866355734565
2618.7661461234015
2589.221569604016
2574.0259768879264
2557.595681015226
2548.09346851254
2539.5761200600887
2537.9931355574327
2533.616532416644
2524.8880232398337
2519.75214282943
2514.442778620156
2511.3337895791574
2507.0847686005245
2503.3705177050565
2499.875767002015
2498.1224925008846
2497.201384941894
2497.1433939510916
2496.1096749093394
2494.3370244514963
2493.3208254908486
2492.2358874066144
2491.3241491053564
2490.68392931765
2490.1879685621925
2489.6749022813096
2489.3247991123526
2489.293940017932
2488.7948265460527
2488.0051864640986
2487.5696579676314
2487.1364860548147
2486.66594622655
2486.3043584228926
2485.5803021947127
2484.774727649147
2484.247496512205
2483.8411899752177
2483.262317377749
2482.9163440441657
2482.8428643959887
2482.7636627260595
2482.689162756201
2482.689162756201
2482.6077577876235
2482.54276954287
2482.4845736488437
2482.446030623976
2482.3077606680404
2482.2026109717604
2482.129107517625
2482.022456410413
2481.9359175014606
2481.7787495280404
2481.6338202448933
2481.455491526976
2481.3627200690926
2481.3181799703275
2481.256282980757
2481.197665421978
2481.181838161457
2481.1343614464
2481.1146000301665
2481.113121551094
2481.0777055650583
2481.073676746262
2481.0627256533326
2481.058995391628
2481.0476273885965
2481.0401075020036
2481.0316711073847
2481.0258452114326
2481.0240915749446
2481.016369292874
2480.996914978093
2480.991914547884
2480.987440790691
2480.9758531843445
2480.956486228899
2480.956486228899
2480.956486228899
2480.955224123439
2480.955224123439
2480.9280558734795
2480.9280558734795
2480.9280558734795
2480.9280558734795
2480.9265536950475
2480.918069041929
2480.9177698517315
2480.9162931312007
2480.9162931312007
2480.9162931312007
2480.912094988682
2480.912094988682
2480.912094988682
2480.912094988682
2480.912094988682
2480.912094988682
2480.912094988682
2480.912094988682
2480.912094988682
2480.9116577561394
2480.9116577561394
2480.9116577561394
2480.9116577561394
2480.9116577561394
2480.9116577561394
2480.9116577561394
2480.9116577561394
2480.9116577561394
4315.730841806404
3914.0306710222453
3480.039667532006
3326.4823386816847
3082.850116520788
2976.0669762922753
2886.2529687652964
2858.5187216147538
2804.627898280073
2779.8114848147507
2739.8359592186775
2723.3491194989892
2686.6477352855773
2648.550597802473
2619.7902086500735
2606.883903432779
2593.1298010772425
2581.9247569397667
2575.302911665069
2565.377182513785
2563.6886076315873
2561.8719541132104
2560.2776094743003
2556.773068882744
2551.327993519899
2547.664350623268
2543.6491713064643
2540.966069797726
2538.434198898122
2534.5476116089303
2533.24988934974
2531.4574349288505
2530.5133818609197
2530.5133818609197
2529.553392787626
2528.306213381117
2526.839019684351
2525.7689713192617
2524.269563147407
2522.1781372332807
2520.4498026910574
2518.1614349916003
2516.7483685934526
2514.551245711732
2513.0397675795834
2511.521692015868
2510.446818977917
2509.578222681095
2508.6160008594757
2507.9434392934677
2507.629392347403
2507.102792915055
2506.73022978026
2506.288841923953
2505.9557678643087
2505.6537461051535
2505.279491816084
2504.8954188297503
2504.3661216194846
2503.9208543164787
2503.558008752178
2503.179461493687
2502.842578794758
2502.396879263083
2502.03283087204
2501.668235335974
2501.1853190807956
2500.825341925885
2500.4258102495987
2499.9255459142373
2499.557821807351
2499.110516739431
2498.6884222732233
2498.2614809969164
2497.8955851664814
2497.718427827108
2497.5866661758655
2497.4335272373455
2497.2978692921492
2497.159550529623
2496.9966896000215
2496.8545061950017
2496.681009254038
2496.492610623471
2496.241974756082
2496.0395133903194
2495.856370532537
2495.67131414666
2495.461579542174
2494.987120043318
2494.4251032612115
2493.9226605091762
2493.5794287614635
2493.2774750184553
2492.743368156855
2492.450441912443
2492.450441912443
2492.450441912443
2492.33127085245
2492.280615566415
2492.2657637839993
2492.193556443535
2492.02198686225
2492.0102026574223
2491.862174147567
2491.862174147567
2491.7387825124515
2491.6585194152976
2491.6200713799053
2491.539885955685
2491.404306275325
2491.3437429840014
2491.3437429840014
2491.3437429840014
2491.2483123146258
2491.162285580317
2491.0721038468287
2490.962958275158
2490.7776055737313
2490.5111121854375
2490.4384200204036
2490.1942187980885
2490.1367831103494
2489.5282062277356
2489.061370850189
2488.6465670294633
2488.4633276156405
2488.3534845432823
2487.6949720538896
2487.347093475349
2487.3014348013203
2487.167840733889
2486.3848898619813
2486.1924503141345
2485.8364073588473
2485.6831811117863
2485.6565141344154
2485.6565141344154
2485.642270636296
2485.642270636296
2485.6399144166094
2485.607643314294
2485.607643314294
2485.5031707979024
2485.5031707979024
2485.397810550337
2485.349891277009
2485.349891277009
2485.324753926083
2485.324753926083
2485.234555718788
2485.234555718788
2485.1693986616797
2485.026376681218
2484.940573228904
2484.753243144731
2484.627238077863
2484.395282106494
2483.995483578347
2483.536530563142
2483.123144443007
2482.53818506105
2481.8426452628073
2481.8043428164283
2481.5510370384445
2481.5510370384445
2481.4181214724126
2481.377958260271
2481.347038133242
2481.2905074326536
2481.2079439941717
2481.1100814889937
2481.0887913312245
2481.015632769298
2481.015632769298
2480.9693779727977
2480.9551479109195
2480.9551479109195
2480.9551479109195
2480.951652426403
2480.9335455766454
2480.9335455766454
2480.9335455766454
2480.9335455766454
2480.931773353055
2480.916358668408
2480.916358668408
2480.913919298226
2480.913919298226
2480.913919298226
2480.9005405337057
2480.897036474137
2480.897036474137
2480.897036474137
2480.897036474137
2480.897036474137
2480.897036474137
2480.897036474137
2480.897036474137
2480.885313396546
2480.885313396546
2480.885313396546
2480.885313396546
2480.885313396546
2480.885313396546
2480.885313396546
2480.885313396546
2480.8839938297833
2480.8822697980977
2480.8779102998174
2480.871079953889
2480.871079953889
2480.871079953889
2480.871079953889
2480.871079953889
2480.871079953889
2480.871079953889
2480.870460832557
2480.870460832557
2480.870460832557
2480.870460832557
2480.870460832557
2480.870460832557
2480.870460832557
2480.870460832557
2480.870460832557
4315.730841806404
3997.8432784457523
3495.2488885026532
3259.641230787969
3034.117791818612
3009.1355095735894
2893.6280568810394
2839.6466751543585
2787.8605194888223
2722.161444589088
2687.8324665031037
2655.433768486325
2611.900384571377
2590.2099449649313
2575.849015950267
2560.2667875151983
2549.8169811176
2542.7398651207573
2537.082287248011
2530.8131997724345
2525.001116554652
2520.355705040032
2516.265750865629
2513.620901498141
2511.6905320912165
2510.4887147649733
2509.3570152573275
2508.3721982514917
2506.85205217028
2505.847420391022
2504.784843922957
2503.839235135276
2502.2186747787073
2500.860095227076
2499.6004107605418
2498.6013931202697
2498.373986649336
2498.13702135768
2497.8489007626067
2497.651825295738
2497.4945531943426
2497.216485759924
2497.093185018193
2496.9449726308017
2496.780614000784
2496.6745181783276
2496.551523327511
2496.40921634523
2496.244854231029
2496.146079165999
2496.024116184829
2495.875122496362
2495.7025657177596
2495.5495326020086
2495.4112895474404
2495.2972177051192
2495.190097541536
2495.065543461895
2494.9263330377607
2494.77734452635
2494.605259959741
2494.41928243494
2494.258142392557
2494.1485326419615
2493.9807355525154
2493.9070245652633
2493.689293613457
2493.5514667796965
2493.322842984801
2493.164140494421
2493.011235121079
2492.777644488874
2492.6085139092093
2492.444615448858
2492.2589995224907
2492.0054676833583
2491.769321529682
2491.5298564674436
2491.202417231893
2490.8953482234556
2490.359743611424
2489.607135181263
2489.353038286047
2489.13611675687
2489.1229518014284
2489.0078380422124
2489.0078380422124
2489.0078380422124
2488.9957698622634
2488.933744599226
2488.712989849634
2488.5591927781625
2488.4006909537034
2488.2563161921626
2488.039049327383
2487.601185200322
2487.0396194168447
2486.2942850221566
2485.718454148122
2485.2509367905636
2484.313505054294
2483.499676905994
2482.867495736023
2482.5222075921606
2482.42780092134
2482.3457256135407
2482.3327582892402
2482.2971084295064
2482.273143297491
2482.273143297491
2482.260110216486
2482.2352088143134
2482.2049480420537
2482.192837064146
2482.1695638557226
2482.145104151362
2482.0938707129408
2482.0223931055134
2481.91902409961
2481.8049917884255
2481.679567588103
2481.483730344614
2481.339689427469
2481.2398411051627
2481.2011453886716
2481.194932442233
2481.194932442233
2481.193042005079
2481.193042005079
2481.193042005079
2481.193042005079
2481.193042005079
2481.181554639787
2481.181554639787
2481.181554639787
2481.175321092337
2481.163764209294
2481.163764209294
2481.163764209294
2481.163764209294
2481.159210475328
2481.159210475328
2481.158791035314
2481.152223093314
2481.1518445357005
2481.1448525396945
2481.1353217661917
2481.118198784324
2481.1057002319762
2481.103044186406
2481.103044186406
2481.103044186406
2481.103044186406
2481.103044186406
2481.09681350428
2481.0893183419266
2481.0672936309957
2481.0634326454074
2481.0634326454074
2481.050893817534
2481.033774763125
2481.031852871252
2481.031852871252
2481.0305032631372
2480.974267852753
2480.974267852753
2480.974267852753
2480.974267852753
2480.974267852753
2480.974267852753
2480.974267852753
2480.974267852753
2480.974267852753
4315.730841806404
3908.3289083266664
3689.3994730984573
3468.8759937544783
3338.2846998123323
3234.3179642794767
3014.3622740221617
2906.968768889269
2815.3944140785916
2745.499349391969
2680.736226117565
2652.7730190843536
2627.005422175366
2599.791222328387
2575.3208942152614
2557.479451032975
2545.206371643906
2543.1028987493273
2542.1406010831315
2540.1430428414537
2535.6751341361405
2533.12684785779
2529.493460165247
2526.818731514138
2520.841227539873
2517.2952961933865
2514.5875610766034
2510.788924826247
2509.7741384254587
2507.5528722788213
2506.6596653867123
2505.9204148360723
2505.3668746864128
2504.7889239068854
2504.036822180488
2503.3317728704865
2501.889401374318
2500.8525733362258
2499.748141510815
2498.63416361134
2497.878116403985
2496.923314901869
2496.0598216965273
2495.345295955079
2494.7748974688425
2494.4615269326337
2493.8333143794207
2493.0482887967087
2492.391313517699
2491.732049026586
2490.8936837860933
2490.36108089992
2489.5889531154216
2488.7069634481345
2488.030869198842
2487.532064100757
2487.012242213783
2486.6380709132186
2486.4114626140604
2486.1899083405597
2486.0706290034473
2485.930675202766
2485.8196442676035
2485.6177520534357
2485.431673506914
2485.2541866069905
2485.053898093332
2484.548873126824
2484.3798166857505
2484.2346155268197
2484.0047069932784
2483.727060773388
2483.6154303961325
2483.534767773408
2483.4707571215476
2483.398075079895
2483.2797035476965
2483.2411868168506
2483.20557161835
2483.1429249178814
2483.0818032824855
2483.0338790634687
2482.944909137061
2482.8477227111157
2482.7467958519333
2482.6619352861594
2482.5644547583443
2482.4524906003035
2482.3272824841274
2482.267541921
2482.135622404359
2482.073461413535
2481.986888807163
2481.93715771587
2481.846786103706
2481.688114598835
2481.56626590612
2481.4668865226026
2481.3569524021927
2481.2420994043127
2481.18741576656
2481.1490282779723
2481.1474640051056
2481.146102882968
2481.1042489740275
2481.080994964238
2481.0325520420956
2481.00049524426
2480.948804420802
2480.937950743377
2480.933144782281
2480.923453795012
2480.9026501970948
2480.9026501970948
2480.9026501970948
2480.88734051128
2480.8840161256867
2480.882554947209
2480.8812963287596
2480.855812827219
2480.855812827219
2480.854321059205
2480.8541483116674
2480.8541483116674
2480.8536036899404
2480.8536036899404
2480.850583699213
2480.850583699213
2480.8478821243248
2480.845462676016
2480.845462676016
2480.845462676016
2480.8411640523586
2480.8411640523586
2480.841092450459
2480.841092450459
2480.841092450459
2480.841092450459
2480.841092450459
2480.841092450459
2480.841092450459
2480.83611465685
2480.83611465685
2480.83611465685
2480.8325983743603
2480.8325983743603
2480.827970665727
2480.827970665727
2480.827970665727
2480.827970665727
2480.827970665727
2480.827970665727
2480.827970665727
2480.827970665727
2480.827970665727
4315.730841806404
3660.1851437151345
3266.639921796508
3126.8290102673805
2993.783423573256
2862.451877449744
2813.910705300005
2745.3598875761672
2693.4884590487654
2664.8244764234983
2637.0733085675497
2617.6250090054773
2596.5426523310443
2582.157392230218
2569.9114108191307
2559.5452528249125
2550.9722692663945
2541.035949996396
2537.0344285653878
2533.2070385518155
2531.0821781271343
2528.975007827233
2525.423052714273
2523.9343867480543
2520.9872080462087
2518.498683016206
2516.437451265272
2513.8433567297393
2512.8175375355536
2511.3261365303197
2509.632961539805
2507.580564734939
2505.5051562510876
2503.716813310624
2501.8918890696787
2500.4179879626845
2499.169279253985
2498.1453706498132
2497.401922366043
2496.9580329015134
2496.021853542492
2495.0300619308464
2493.8303399341007
2492.410836843879
2490.3687546554506
2488.6910232708406
2487.1071319374023
2486.199802841693
2485.4487275439524
2484.997236721214
2484.6298105800656
2484.392394748244
2484.279596544632
2484.151028566591
2484.0531951432536
2483.969188531639
2483.8991228960294
2483.8682515983496
2483.8336725957306
2483.807637311516
2483.7585458119142
2483.6583303995535
2483.581391086186
2483.500334637366
2483.4012598294394
2483.3458967496554
2483.1661460353207
2483.088017815749
2483.0165510779498
2482.975986603213
2482.922743445381
2482.8921970767537
2482.817538125754
2482.7654674210903
2482.696995558803
2482.6274909993476
2482.5686167522626
2482.4719441986376
2482.396290220275
2482.2406615388263
2482.155191884412
2482.034642159906
2481.967058611378
2481.888510093725
2481.797211678547
2481.688688004963
2481.61746001128
2481.515142527123
2481.431847611053
2481.415042772485
2481.3781271273965
2481.365444399214
2481.3383699290625
2481.329225526846
2481.323911801578
2481.323911801578
2481.3126547187435
2481.2954271529093
2481.254149807077
2481.2269549547104
2481.21950272455
2481.201256835788
2481.1639800422436
2481.1489909622155
2481.1361289855267
2481.125791695234
2481.103970534736
2481.103970534736
2481.103970534736
2481.103970534736
2481.092357159512
2481.0723058110184
2481.0723058110184
2481.0546672522078
2481.0546672522078
2481.0440133850134
2481.0427163259114
2481.0427163259114
2481.0331820265696
2481.011859151192
2481.00474452895
2480.997350295534
2480.981763059916
2480.981763059916
2480.981763059916
2480.9796144912043
2480.9757541280474
2480.948137391106
2480.922135964851
2480.922135964851
2480.922135964851
2480.912299743649
2480.9039113287085
2480.9039113287085
2480.9039113287085
2480.8958427234634
2480.888831771989
2480.888831771989
2480.8754908467026
2480.852535530702
2480.838856164626
2480.838856164626
2480.838856164626
2480.838856164626
2480.838856164626
2480.8245653125173
2480.8245653125173
2480.8245653125173
2480.8245653125173
2480.8245653125173
2480.8245653125173
2480.8245653125173
