4035.0396315135968
3580.795483950809
3441.4509248835607
3147.8801941329575
3072.4950499879988
2986.8870095300404
2913.5304610641097
2843.9460776191027
2801.497950265718
2766.9409825865364
2725.2240806770774
2697.1065932893293
2678.683287945542
2659.121571812388
2652.682522845932
2644.684804758471
2637.555378323027
2631.661080239192
2623.645595234349
2614.314529437437
2603.6654826081376
2593.8764813927864
2587.3120235670613
2579.0444645698926
2572.6885181995444
2565.7722774033546
2560.4751390239167
2556.2102377566666
2550.0829458436187
2545.306815335309
2541.341610784041
2536.5789364835136
2532.2404366149617
2531.704880029941
2529.623717416076
2528.418634602942
2526.763933620996
2525.38362538999
2523.8986597745584
2521.7434154219263
2519.7506118546103
2517.5009829829633
2515.5663717528705
2514.1189477083917
2513.9895248441844
2513.6050907013205
2513.3705730231336
2513.07794866887
2512.821601358212
2512.589988765904
2512.3822587414065
2512.0827705062497
2511.8050665285296
2511.3696328362726
2510.944447350693
2510.524829976749
2510.0715545204653
2509.465424412888
2508.741113214027
2507.8256396635843
2506.7269763619224
2505.2565262057296
2503.8308560529917
2501.1369649388644
2498.5202084590405
2495.73586672038
2495.4242718299556
2495.146089670451
2494.9801780642792
2494.9011559238843
2494.840868587192
2494.7386624493392
2494.6061329141894
2494.458141210439
2494.38578256055
2494.2672534347466
2494.0850092903806
2493.820632751348
2493.5999541912743
2493.2785351755165
2492.894621670811
2492.536389088497
2492.0316295392854
2491.483322130177
2490.9241672696985
2490.557915420604
2490.3412351887487
2490.0454282228866
2489.8728033801285
2489.717088616294
2489.6047148479906
2489.515385332858
2489.3873917252427
2489.324469259478
2489.2739477201935
2489.182306928342
2489.1176579828693
2489.0479051239163
2488.9670818513764
2488.881923136939
2488.8145717481625
2488.746612155881
2488.7069238564814
2488.6287991263425
2488.5704456813924
2488.5181416866085
2488.4580840574195
2488.29819265478
2488.161882462313
2487.949392828152
2487.6622142862143
2487.3428711853294
2486.966458189862
2486.5800584940325
2486.1036881509617
2485.365874181046
2484.7703898997015
2484.201026978545
2484.066999084468
2484.006844131614
2483.946241760181
2483.9298732756747
2483.850904834175
2483.811512876164
2483.7996867834195
2483.7728688614443
2483.7169540976593
2483.642985225266
2483.5488955225123
2483.468737544433
2483.4397257430896
2483.390583101701
2483.3648170040633
2483.30918941917
2483.229001598632
2483.196851203493
2483.157274392917
2483.11538310438
2483.0910628801157
2483.052145313425
2483.018395222632
2482.9787877778917
2482.94854756417
2482.91336517133
2482.887502088616
2482.8559285313263
2482.8142759731313
2482.7555149052755
2482.721377274287
2482.669138736414
2482.531518073353
2482.429077355867
2482.3482614975514
2482.2471116426327
2482.129678245838
2482.019768859253
2481.8850643205587
2481.7225803241827
2481.7225803241827
2481.6940577382506
2481.6314026115115
2481.549890642632
2481.445799409924
2481.445799409924
2481.445799409924
2481.440126874139
2481.3958863328935
2481.3524539249393
2481.260163484828
2481.2098898849263
2481.200486064381
2481.1918818720505
2481.1918818720505
2481.1878540399343
2481.158825939849
2481.157336196603
2481.130750782035
2481.114013660955
2481.071405575544
2481.047081887488
2481.0339048794135
2481.0339048794135
2481.0339048794135
2481.0216723351623
2480.9893437258397
2480.9860130760662
2480.9324514586265
2480.9324514586265
2480.916562339307
2480.9139379714434
2480.8971393043007
2480.8971393043007
2480.8971393043007
2480.8957213437757
2480.8957213437757
2480.8957213437757
2480.8957213437757
2480.8957213437757
2480.8938138891
2480.8938138891
2480.8938138891
2480.8938138891
2480.8938138891
2480.8880209930826
2480.8848065006296
2480.8848065006296
2480.8848065006296
2480.8848065006296
2480.881115268559
2480.881115268559
2480.881115268559
2480.881115268559
2480.881115268559
2480.881115268559
2480.881115268559
2480.881115268559
2480.881115268559
4035.0396315135968
4035.0396315135968
3471.700337237928
3435.576303406253
3105.5874029295164
2977.9717889894364
2882.384080101092
2855.1229948691575
2791.746147181536
2728.7532035127006
2694.094949250905
2669.8546713962965
2652.5198610833518
2646.594402205945
2634.111608871216
2625.4464152094956
2618.48913389815
2612.869505306863
2609.648337297428
2603.707355676586
2596.5717620354258
2591.9488047003224
2585.642447949467
2578.9264259792853
2572.443046744996
2565.6484949275336
2558.527260447555
2553.4052845072147
2551.854689237688
2551.854689237688
2550.7486263053843
2549.899419871797
2548.5737971030776
2547.961769236495
2547.0721447989863
2545.2196532009234
2543.711171605398
2542.693321267765
2541.5532936494396
2540.697717266977
2539.522602905112
2537.4887401546994
2535.3120295551116
2533.6831320666506
2532.06688528165
2531.7416613091323
2531.512393887889
2531.3328748665435
2531.135769025428
2530.486275031524
2529.4268566353276
2528.21228115404
2525.9808692018305
2523.420479072582
2520.8021946172958
2517.150287608443
2514.5431293744928
2511.7146897684315
2508.929467846735
2507.9774225520327
2507.94039001814
2507.9329073638464
2507.644772468968
2507.54439138358
2507.3937841647703
2507.2564706182898
2507.13891736844
2506.9605175759843
2506.8111182398993
2506.6531141054766
2506.487391142172
2506.391003411298
2506.226199349354
2506.034660563795
2505.904594593292
2505.6996875314885
2505.510625798861
2505.292418709758
2504.9816147603183
2504.666569259977
2504.339598469368
2503.8845415114347
2503.44711429487
2503.0308673948757
2502.5443191911895
2502.112756625485
2501.742587191581
2501.3726054171025
2501.15724314939
2500.917119198516
2500.7278554996633
2500.532800318438
2500.3873964641475
2500.211565493787
2500.0561238783803
2499.8641396641437
2499.7073144756055
2499.559990585688
2499.292586688238
2499.055030991234
2498.786082268785
2498.5432801643165
2498.3092019982178
2497.9267398048974
2497.6243869010486
2497.277691095361
2496.877532659605
2496.614496514744
2496.4279078453847
2496.145914530007
2495.8495325493323
2495.6543639287775
2495.3067183814946
2494.9502909534767
2494.53871901529
2493.949138377489
2493.1935289549165
2492.533169404822
2491.710417696466
2490.979609305631
2490.425643598235
2489.851338863772
2489.5572398292247
2489.501616507496
2489.436755490803
2489.325934888603
2489.2237985896886
2489.1096463638096
2488.9971494120264
2488.8912045738266
2488.7595738030172
2488.6074498709404
2488.392838919026
2488.0692824543216
2487.7718767663055
2487.396241149716
2486.898515150824
2486.5632405843144
2486.2989855191954
2485.9571260818557
2485.7214690579503
2485.5376742185626
2485.44546208516
2485.4018586233296
2485.3699131177736
2485.322260999214
2485.284021109675
2485.2249207506484
2485.167826321238
2485.0872426069
2485.019653593362
2484.951969764883
2484.9219825580244
2484.8715844319704
2484.8248790555203
2484.7732375327532
2484.73982958832
2484.6873708081143
2484.609415843061
2484.5635102461083
2484.50858822546
2484.441670788526
2484.3245732320006
2484.2357591671307
2484.1057914518615
2484.0053185895263
2483.9106798590683
2483.8055029340303
2483.7158880242287
2483.62766362442
2483.531531326966
2483.4795207663406
2483.428551275071
2483.3504214617406
2483.3055426906153
2483.222305620444
2483.1728717631768
2483.1104769416056
2483.0518623425423
2482.9992484129716
2482.9287070808077
2482.8194694113045
2482.671694033501
2482.588981623137
2482.5013238744473
2482.425515376868
2482.288001117761
2482.2171257398627
2482.2171257398627
2482.144775649412
2482.144775649412
2482.144775649412
2482.092697476539
2482.02249801189
2481.8404474616586
2481.7241889398974
2481.534886110273
2481.534886110273
2481.440637625029
2481.434791049851
2481.3308276931043
2481.3308276931043
2481.2757146776576
2481.2757146776576
2481.2190069587136
2481.2111848695686
2481.188933624741
2481.1881815653865
2481.1440222049505
2481.1126932703914
2481.0215426011423
2481.0215426011423
2481.0215426011423
2481.0215426011423
2481.0037426361623
2481.0037426361623
2481.0037426361623
2480.9715437492705
2480.9715437492705
2480.9715437492705
2480.9662427781795
2480.951787571772
2480.951787571772
2480.945258155147
2480.9305088498504
2480.9305088498504
2480.925417554913
2480.925417554913
2480.9242640981615
2480.919497023566
2480.9193028391956
2480.9193028391956
2480.9193028391956
2480.9193028391956
2480.9024649090397
2480.9024649090397
2480.895459403014
2480.895459403014
2480.895459403014
2480.895459403014
2480.8656193164175
2480.8656193164175
2480.8656193164175
2480.8656193164175
2480.8656193164175
2480.8656193164175
2480.8656193164175
2480.8656193164175
2480.8656193164175
4035.0396315135968
3994.0715314423915
3409.339332995788
3338.7923161875315
3051.5301459950533
2949.019701836217
2886.8722107561543
2783.128753401527
2747.856386190523
2726.939797864929
2713.03065743519
2694.4853476973585
2683.8425399936104
2669.1699833268926
2662.7016777306467
2651.550757326008
2641.1049207906567
2634.3275305141333
2630.029180447305
2624.7405080207295
2617.86626540671
2613.132930428955
2610.1862442104893
2604.0886733616385
2599.610366610938
2593.956401713933
2589.891595238524
2585.1707075831073
2579.288723624352
2574.876663587854
2570.0577718075087
2565.0104099777736
2559.723035161842
2559.0822427774137
2558.996133503705
2557.852468375979
2557.372282091323
2556.6958075101957
2556.306453921372
2555.905353277223
2555.3325965809763
2554.8220961996367
2554.2334835813826
2553.641883180669
2553.077461669463
2552.58769706759
2552.0913879655604
2551.63239638736
2550.848904218742
2550.0551642514934
2548.717108162413
2547.2278135272027
2545.438487729422
2543.448429511322
2540.8102668708852
2537.7426361010057
2534.677595884157
2530.9494391645494
2528.064107918577
2525.012466246577
2521.668913869299
2518.6541488404578
2515.037375686128
2512.211015559515
2508.801513922045
2506.4758723766145
2506.060054374746
2505.9067367136704
2505.6846363998966
2505.599311679446
2505.4333467236165
2505.3121463705766
2505.2138790892323
2505.156327971561
2505.0313981542445
2504.8708419386835
2504.6049075364563
2504.3819580167446
2504.020159258169
2503.594989612378
2503.072081056914
2502.4920361039085
2501.941012900356
2501.1693153939686
2500.4281071116243
2499.550638206723
2498.4749577825255
2497.520229167796
2496.8667356550354
2496.406992720163
2496.2098999519308
2496.0900942634385
2495.8711053324478
2495.6983398846533
2495.500338486084
2495.3273576243937
2495.1326107247933
2494.9036105367913
2494.685701409542
2494.483152128189
2494.2490202357912
2493.995456621814
2493.8186824858785
2493.6345594224863
2493.4668115146383
2493.3610270202025
2493.229485121546
2493.0812992357937
2492.9936754043097
2492.8188515063516
2492.6955467632074
2492.571705768988
2492.4260501693243
2492.231568768858
2492.0895484107873
2491.864402218808
2491.631996901483
2491.458861215979
2491.2453168778984
2490.964113100193
2490.6262574148705
2490.299525401856
2489.9293664072557
2489.5397477311712
2489.1872142029465
2488.8936157730864
2488.672169110313
2488.421336627879
2488.3112084403874
2488.1689257427297
2488.131066092909
2488.0822051807463
2488.0158233335724
2487.9852033101233
2487.9264478333544
2487.863266865528
2487.8071612064846
2487.7396743457402
2487.6772096259256
2487.638028678026
2487.5485660244326
2487.4951252860224
2487.3987263835766
2487.2814150957806
2487.1829049341836
2487.1641267112736
2487.1024638492154
2486.9283233928645
2486.7164425688707
2486.6917525120766
2486.5223477902255
2486.387410027334
2486.2671058207743
2486.172667952004
2486.018776909677
2485.6358470535065
2485.32583862807
2485.034299396915
2484.302287557045
2483.8413958112537
2483.360363628244
2482.77566082354
2482.5512133944085
2482.4613876564126
2482.307064864867
2482.288079823305
2482.1864449008212
2482.079019902246
2482.079019902246
2481.862155426984
2481.8583121487645
2481.80769985357
2481.7082011790044
2481.3608319336095
2481.3439190603544
2481.195668278817
2481.1633587036417
2481.1633587036417
2481.1064550704295
2481.1040565265707
2481.1040565265707
2481.0584239073937
2481.0584239073937
2481.0584239073937
2481.05603097527
2481.031998394987
2481.0275740754546
2481.0166812283724
2480.9970214709588
2480.985411832059
2480.9786630027224
2480.977322472113
2480.977322472113
2480.977322472113
2480.965397454052
2480.9612801052704
2480.949081120808
2480.949081120808
2480.94698754995
2480.940763707562
2480.9173468522754
2480.9133114509405
2480.898786195484
2480.898786195484
2480.8880551741863
2480.8880551741863
2480.8851096600592
2480.8851096600592
2480.8851096600592
2480.8851096600592
2480.8851096600592
2480.878505257875
2480.878505257875
2480.878505257875
2480.878505257875
2480.876933416866
2480.8715588202863
2480.8684049741523
2480.8684049741523
2480.8651818317594
2480.86396310452
2480.86396310452
2480.856922044818
2480.856922044818
2480.856922044818
2480.845023819358
2480.845023819358
2480.845023819358
2480.845023819358
2480.8438098582874
2480.8438098582874
2480.8438098582874
2480.8438098582874
2480.8438098582874
2480.8438098582874
2480.8438098582874
2480.8438098582874
2480.843327506354
2480.843327506354
2480.843327506354
2480.843327506354
2480.843327506354
2480.843327506354
2480.843327506354
2480.843327506354
2480.843327506354
4035.0396315135968
3421.4629857839755
3412.9061140170784
3165.251779243753
3089.1543809743616
3006.186725343533
2886.6321930847485
2789.0254558857914
2725.0397507791336
2691.5446983568118
2659.2976970918335
2643.7630807967635
2627.7998868370046
2612.6744464109884
2596.65939177032
2587.9854086122973
2584.5342375014006
2578.584870108304
2571.259921359725
2566.223873126852
2563.0852399394576
2559.1715485791533
2555.563142972201
2550.7796303822497
2546.3028921618047
2541.910115912091
2538.5342191448585
2535.9565326364923
2533.3369931832517
2531.657336041884
2530.648108126092
2529.84383967396
2528.8907225829685
2527.5072731303458
2526.647270719106
2525.224694040267
2524.2969688337416
2523.2739122213834
2522.375048866957
2521.4430492847305
2520.3190917027064
2519.037883117976
2517.41632114868
2515.734917907352
2514.0651760079977
2513.4744273436168
2513.1969283190965
2512.9711283323195
2512.8526698194646
2512.666065225212
2512.445984659798
2512.260704380524
2512.0943675510807
2511.8688244959467
2511.7094470109228
2511.473832589181
2511.348072588725
2511.2197476182578
2511.0905121270566
2510.926811512397
2510.710169140389
2510.505287431152
2510.304034379249
2510.1054618462695
2509.865999829671
2509.6134113442017
2509.3662912180716
2509.179510483772
2508.9347381882194
2508.7413728389033
2508.4088212839815
2508.1445706694876
2507.8843093922083
2507.6611741389456
2507.3300395316896
2507.0742198382463
2506.8113968166235
2506.588501702685
2506.2738409364147
2506.0580521225806
2505.780310961489
2505.4611201798416
2505.1286925285162
2504.8655314863363
2504.5405512904285
2504.267400120518
2503.985895538676
2503.6212914654257
2503.090712362748
2502.7762179852207
2502.4218158827216
2501.9843293015647
2501.524085008767
2501.1365428022978
2500.463118789873
2499.8326565876514
2499.4521099018375
2498.7869583999613
2497.895931455916
2496.745665795514
2495.4831854415233
2493.2590676901564
2491.5351300029824
2489.958106172894
2488.5224641791065
2487.717807252722
2487.0301147307223
2486.6592917783555
2486.5369003340406
2486.4246626815766
2486.3037621819703
2486.1929908896286
2486.0463126192208
2485.926744160878
2485.8418282974544
2485.7562530045752
2485.65063639206
2485.5514862968575
2485.4313643075284
2485.3268953838274
2485.1797282977286
2485.042416599737
2484.861485569375
2484.6283815237102
2484.357878208612
2484.1520828275143
2483.959113198867
2483.7778806726415
2483.703595877727
2483.681653324141
2483.679083604435
2483.6581501975315
2483.6323521003683
2483.6187065498934
2483.600758551708
2483.5822559731237
2483.5714531168996
2483.5628018700413
2483.530782476027
2483.5107135072512
2483.4823950843506
2483.474181107399
2483.43776785084
2483.4329259777624
2483.3990720759857
2483.3792854660232
2483.311870478444
2483.2539045444028
2483.125506544552
2483.0731904621807
2482.9728780403525
2482.918183825256
2482.8289046939803
2482.7486159255604
2482.6627614456775
2482.6128404338197
2482.5492937724416
2482.4927552819922
2482.4423029765594
2482.3606337280603
2482.2967367816586
2482.13411498442
2482.080531071267
2481.9302286140914
2481.8106149395676
2481.7209172924886
2481.694141287242
2481.694141287242
2481.568622706949
2481.518648838372
2481.4165013223087
2481.4165013223087
2481.4165013223087
2481.411016287458
2481.408837699148
2481.393388619572
2481.3445153493917
2481.2422658363994
2481.2094033573458
2481.204194544921
2481.0786408276877
2481.051470782872
2481.051470782872
2481.0496019109555
2481.0345285088765
2481.0345285088765
2481.0345285088765
2481.0345285088765
2481.0345285088765
2480.991668712485
2480.991668712485
2480.991668712485
2480.9760766224517
2480.9702955747443
2480.9702955747443
2480.9611546320657
2480.9601745384425
2480.951183456388
2480.951183456388
2480.951183456388
2480.9447651762994
2480.9370305222906
2480.9370305222906
2480.9321376384632
2480.9321376384632
2480.9321376384632
2480.9321376384632
2480.9321376384632
2480.9321376384632
2480.9321376384632
2480.9321376384632
2480.9321376384632
4035.0396315135968
3897.269978488286
3449.015056345188
3217.8915705560275
3072.8384707260516
2907.934774020759
2832.6917130578295
2798.9431356454716
2728.7984232980657
2680.321066629194
2632.057852460235
2605.1085646433244
2583.8811695335007
2568.915225988581
2558.562215819745
2549.609896462178
2544.086802422147
2536.6905585811487
2532.0614937993682
2528.2730486428104
2522.839863724964
2518.618901897058
2514.7505767633043
2511.0513346814214
2508.541030328472
2506.0231982602213
2503.257136435114
2501.5553525240193
2500.2464368925785
2499.005158497878
2498.3587016230904
2497.769548922856
2497.05767973949
2496.4306876681
2495.9294785764105
2495.4367002074646
2495.040139996549
2494.6164209490853
2494.140298714693
2493.543926608553
2493.332347740192
2492.9016426187354
2492.4820335185887
2492.0615445299404
2491.009977547985
2490.1541102758683
2489.3698079344767
2489.325568811071
2489.1873073734782
2488.9957540633586
2488.7758350911363
2488.5257311219702
2488.2781155142775
2488.0479817573964
2487.5859495457116
2487.4019963390024
2487.1971889845368
2486.9612987527
2486.7608895164003
2486.581931811044
2486.4078953164003
2486.195029324127
2486.032177914201
2485.902603667177
2485.8231989547317
2485.691550676743
2485.6089158485674
2485.4985350830807
2485.283501045636
2485.228533644384
2485.0961646393102
2484.9852823168853
2484.8272500447315
2484.653836031101
2484.512718025743
2484.390597801377
2484.359989316682
