2425.8086802335292
2338.4293384579346
2255.4704738316104
2221.5942423591437
2221.5942423591437
2205.4141998459804
2205.4141998459804
2168.203857410059
2120.3420310759557
2120.3420310759557
2120.3420310759557
2110.6626755649686
2110.6626755649686
2107.227628217633
2107.227628217633
2107.227628217633
2107.227628217633
2107.227628217633
2107.227628217633
2097.042692928489
2097.042692928489
2094.8459645507987
2094.8459645507987
2094.8459645507987
2089.9512262082167
2089.9512262082167
2086.6282773736134
2086.6282773736134
2082.304293449217
2082.304293449217
2082.304293449217
2082.304293449217
2082.304293449217
2080.1708105488715
2080.1708105488715
2080.1708105488715
2080.1708105488715
2079.4807102583923
2079.3544147155876
2078.539660713053
2078.539660713053
2077.264790515942
2077.264790515942
2075.686870791474
2075.686870791474
2075.686870791474
2075.686870791474
2075.686870791474
2075.686870791474
2075.686870791474
2075.686870791474
2075.686870791474
2668.5034557059225
2437.050851653954
2239.110855473307
2239.110855473307
2239.110855473307
2239.110855473307
2239.110855473307
2154.9502076283284
2154.9502076283284
2154.9502076283284
2154.9502076283284
2154.9502076283284
2154.9502076283284
2145.7926566021633
2145.7926566021633
2145.7926566021633
2139.7001070142755
2139.7001070142755
2139.7001070142755
2139.7001070142755
2139.7001070142755
2139.7001070142755
2139.7001070142755
2136.5457409396495
2135.375811690269
2133.486665417222
2131.108785264681
2129.62542238067
2129.62542238067
2127.7706111431535
2127.7706111431535
2127.7706111431535
2127.245667903821
2127.1351046281684
2126.358435679486
2126.358435679486
2125.4701492584472
2125.4701492584472
2124.119197391133
2124.119197391133
2124.119197391133
2123.8653613595775
2123.8653613595775
2123.5764250589573
2123.5764250589573
2123.5764250589573
2123.5764250589573
2123.5764250589573
2123.5764250589573
2123.3398218908364
2123.21849368807
2123.21849368807
2123.21849368807
2122.915299988615
2122.915299988615
2122.8647479905153
2122.8647479905153
2122.8647479905153
2122.8647479905153
2122.8647479905153
2122.8647479905153
2122.8647479905153
2122.8647479905153
2122.6638561332134
2122.491273335179
2122.491273335179
2122.491273335179
2122.491273335179
2122.491273335179
2122.491273335179
2122.491273335179
2122.491273335179
2122.491273335179
2668.5034557059225
2431.692765744174
2431.692765744174
2427.1869675202724
2427.1869675202724
2412.1486986829323
2402.0788546123013
2402.0788546123013
2344.743806021144
2344.743806021144
2268.4580411646284
2268.4580411646284
2268.4580411646284
2268.4580411646284
2268.4580411646284
2264.7391168090367
2256.1043519775276
2256.1043519775276
2253.891436417635
2238.210625940374
2186.4669430783406
2186.4669430783406
2186.4669430783406
2186.4669430783406
2186.4669430783406
2186.4669430783406
2186.4669430783406
2184.44671474586
2165.9474262232293
2165.9474262232293
2165.9474262232293
2165.9474262232293
2165.9474262232293
2164.907617180751
2164.907617180751
2163.636509066153
2163.636509066153
2162.6002337934615
2162.108123847966
2159.76690078965
2158.311535763154
2156.0011273863765
2155.4990870019064
2155.4990870019064
2155.4990870019064
2154.3185358154656
2152.968976733078
2152.1129780214287
2152.1129780214287
2152.1129780214287
2150.9878949396816
2150.9878949396816
2150.556006001369
2150.036224608883
2149.9561799466023
2149.9561799466023
2149.1041181928804
2148.737243402859
2148.0885551971814
2148.0885551971814
2148.0885551971814
2147.8039931805806
2147.8039931805806
2147.6138039112902
2147.6138039112902
2147.6138039112902
2147.6138039112902
2147.5566326895073
2147.1177454673207
2147.1177454673207
2146.972919714287
2146.972919714287
2146.8414193514245
2146.8414193514245
2146.590038578777
2146.590038578777
2146.590038578777
2146.590038578777
2146.590038578777
2146.169596890629
2146.169596890629
2146.169596890629
2146.169596890629
2146.169596890629
2146.169596890629
2146.169596890629
2146.169596890629
2146.169596890629
2668.5034557059225
2413.4733316413403
2413.4733316413403
2413.4733316413403
2413.4733316413403
2371.543028250827
2295.5362733137863
2295.5362733137863
2283.7447386381164
2283.7447386381164
2283.7447386381164
2283.7447386381164
2283.7447386381164
2283.7447386381164
2273.243556045446
2273.243556045446
2254.8748856057045
2254.8748856057045
2254.8748856057045
2251.7025735153547
2251.7025735153547
2251.7025735153547
2250.4631093382677
2250.4631093382677
2250.4631093382677
2250.4631093382677
2250.4631093382677
2250.4631093382677
2250.4631093382677
2248.711096219209
2248.711096219209
2245.117813864441
2243.3294654499114
2242.54201427452
2241.0127660520834
2239.5033369753774
2237.7511991867414
2237.7511991867414
2237.416312884148
2237.416312884148
2237.416312884148
2237.416312884148
2235.3547109672922
2235.3547109672922
2235.3547109672922
2234.619267656454
2234.5852333309062
2232.3462001394814
2231.6188306912964
2231.6188306912964
2231.6188306912964
2229.2498130646504
2229.2498130646504
2229.2498130646504
2229.099708442199
2229.099708442199
2229.099708442199
2229.099708442199
2228.3605234181377
2226.9330208654424
2225.71248864487
2224.503422749011
2224.107725063784
2222.4889200385155
2222.3907143747974
2221.1698083563265
2221.1698083563265
2221.1195104611693
2221.1195104611693
2221.1195104611693
2220.895135905803
2220.895135905803
2220.2720943058125
2220.2720943058125
2220.015470093455
2220.015470093455
2219.854821905183
2219.854821905183
2219.611251212702
2219.611251212702
2219.53546570105
2219.53546570105
2219.53546570105
2219.1792726039844
2219.1792726039844
2219.1792726039844
2219.1792726039844
2219.1792726039844
2219.1792726039844
2219.1792726039844
2219.1792726039844
2219.1792726039844
2668.5034557059225
2405.098899823605
2255.122716313761
2255.122716313761
2169.8920598899717
2169.8920598899717
2161.113973359601
2161.113973359601
2158.0993612737216
2137.8554275214283
2115.236835964769
2115.236835964769
2115.236835964769
2111.492409720115
2111.492409720115
2097.0095540699167
2083.385102359675
2081.3868938348733
2077.681087310396
2077.681087310396
2076.7546652445567
2076.7546652445567
2069.3547588343586
2069.3547588343586
2069.3547588343586
2069.3547588343586
2065.392030056912
2056.241071575356
2056.241071575356
2053.5282876246874
2052.4536554731617
2050.8934740665254
2050.8934740665254
2050.8934740665254
2050.215125366397
2048.9339519294667
2048.718617159415
2048.664574336754
2046.9779556781662
2046.9779556781662
2044.3750623797405
2044.3750623797405
2043.8848550332802
2043.8848550332802
2043.8848550332802
2043.8848550332802
2042.3588149181892
2042.251420409664
2042.251420409664
2042.2452464120424
2041.6814451963621
2041.6814451963621
2041.6814451963621
2041.0359307457306
2040.7572994740744
2040.7572994740744
2040.7572994740744
2040.0228212025434
2040.0228212025434
2040.0228212025434
2040.0228212025434
2040.0228212025434
2040.0228212025434
2040.0228212025434
2039.1571122612415
2039.1571122612415
2039.1571122612415
2039.1571122612415
2039.1571122612415
2039.1571122612415
2039.1571122612415
2039.1571122612415
2039.1571122612415
2039.057736895564
2039.057736895564
2038.966771635009
2038.8291680179611
2038.8291680179611
2038.8291680179611
2038.8291680179611
2038.8291680179611
2038.8291680179611
2038.8291680179611
2038.8291680179611
2038.5644503674937
2038.5644503674937
2038.4760360347425
2038.4760360347425
2038.4760360347425
2038.4760360347425
2038.4760360347425
2038.4760360347425
2038.3022223349712
2038.3022223349712
2038.3022223349712
2038.3022223349712
2038.3022223349712
2038.3022223349712
2038.3022223349712
2038.3022223349712
2038.2205141732943
2038.2205141732943
2038.2205141732943
2038.2205141732943
2038.2205141732943
2038.2205141732943
2038.1797817224704
2038.1797817224704
2038.1797817224704
2038.1797817224704
2038.1797817224704
2038.1797817224704
2038.1797817224704
2038.1797817224704
2038.1797817224704
2668.5034557059225
2442.6277763954126
2251.642136253639
2251.642136253639
2238.025828895531
2160.8822847345978
2160.8822847345978
2160.8822847345978
2160.8822847345978
2154.2176040877303
2154.2176040877303
2154.2176040877303
2154.2176040877303
2154.2176040877303
2154.2176040877303
2154.2176040877303
2154.2176040877303
2142.234189717404
2131.948665363029
2131.948665363029
2131.948665363029
2127.749900026011
2123.973468674825
2105.0910759066783
2105.0910759066783
2097.557121898605
2097.557121898605
2092.1597318239346
2091.1761747235705
2091.1761747235705
2086.93143550692
2086.93143550692
2086.93143550692
2086.7764183664826
2086.361135507316
2084.6422872651247
2084.3744889867526
2084.3744889867526
2082.7002330441437
2079.2315446948196
2075.229083419214
2075.229083419214
2074.240843170927
2074.0258734826702
2073.1324978883163
2071.617825147662
2071.617825147662
2071.617825147662
2070.6503294407753
2070.20801341857
2068.965204039882
2068.965204039882
2068.965204039882
2068.965204039882
2068.965204039882
2068.965204039882
2068.965204039882
2068.965204039882
2068.7671341204014
2068.7671341204014
2068.16288952153
2068.16288952153
2068.16288952153
2068.16288952153
2068.16288952153
2068.0545369225815
2068.0545369225815
2068.0545369225815
2067.99627265734
2067.99627265734
2067.99627265734
2067.99627265734
2067.99627265734
2067.99627265734
2067.99627265734
2067.99627265734
2067.99627265734
2067.8141695142263
2067.8141695142263
2067.8141695142263
2067.8141695142263
2067.8141695142263
2067.8141695142263
2067.8141695142263
2067.8141695142263
2067.8141695142263
2668.5034557059225
2381.8238042366856
2209.249257810577
2209.249257810577
2209.249257810577
2209.249257810577
2187.917290545587
2172.4100507391463
2148.772639501397
2133.0693163525984
2133.0693163525984
2122.408635282115
2122.408635282115
2122.408635282115
2122.408635282115
2122.408635282115
2121.598201557863
2119.2809426783606
2119.2809426783606
2119.2809426783606
2112.477694701444
2112.477694701444
2093.815972914833
2088.8930867349336
2088.8930867349336
2088.8930867349336
2088.8930867349336
2088.8930867349336
2088.8930867349336
2088.2679987312495
2084.329293243661
2084.329293243661
2084.329293243661
2083.294044794506
2083.294044794506
2082.009932718175
2079.691407921268
2079.691407921268
2074.095930578561
2074.095930578561
2070.834168522582
2070.834168522582
2070.834168522582
2070.6049037925277
2070.358157958559
2069.017752111362
2069.017752111362
2064.212116580022
2064.212116580022
2060.6678770445947
2060.6678770445947
2059.189810110114
2059.189810110114
2059.189810110114
2059.189810110114
2059.013754924532
2059.013754924532
2058.2232430258528
2057.491792554482
2057.491792554482
2057.491792554482
2056.669204059368
2056.669204059368
2056.404226403423
2056.404226403423
2056.404226403423
2056.404226403423
2056.404226403423
2056.404226403423
2056.236890277835
2056.236890277835
2056.236890277835
2056.236890277835
2056.0946091973997
2056.0946091973997
2055.7683308245796
2055.7683308245796
2055.7683308245796
2055.6957654877233
2055.6957654877233
2055.6957654877233
2055.617440068584
2055.4740422239383
2054.755160459415
2054.755160459415
2054.3172073194414
2054.3172073194414
2054.3172073194414
2053.4882261766807
2053.4882261766807
2053.4882261766807
2053.4882261766807
2053.4882261766807
2053.4882261766807
2053.4882261766807
2053.4882261766807
2053.43375778999
2053.43375778999
2053.43375778999
2053.43375778999
2053.43375778999
2053.43375778999
2053.43375778999
2053.0406960523915
2053.0406960523915
2053.0406960523915
2053.0406960523915
2052.3716256932044
2052.3716256932044
2052.3716256932044
2052.3716256932044
2052.3716256932044
2052.3716256932044
2052.3716256932044
2052.3716256932044
2052.3716256932044
2668.5034557059225
2475.174890892266
2335.9303959185568
2312.7931246308153
2258.177475204807
2258.177475204807
2258.177475204807
2258.177475204807
2225.0959801664603
2166.0021344624283
2166.0021344624283
2166.0021344624283
2162.815940037676
2162.815940037676
2157.863949173726
2157.863949173726
2157.863949173726
2148.754913112113
2137.743977098871
2137.743977098871
2133.5740085558878
2133.5740085558878
2132.0871884464013
2132.0871884464013
2132.0871884464013
2132.0871884464013
2130.463108326073
2130.463108326073
2127.1375200685825
2122.111327150916
2118.486563492352
2118.486563492352
2118.198426750023
2117.3541447792536
2117.3541447792536
2116.765272692845
2116.765272692845
2116.7451614305155
2116.4644694665085
2116.065777714562
2115.4222980109985
2115.4222980109985
2115.4222980109985
2115.4222980109985
2115.2500570306206
2115.2500570306206
2115.2500570306206
2114.3203241558303
2114.3203241558303
2114.2451267272872
2114.2451267272872
2114.2451267272872
2110.139043804409
2107.758014341999
2107.758014341999
2107.0173942600263
2106.9164801915563
2106.9164801915563
2106.345812162817
2106.345812162817
2106.345812162817
2106.329586447887
2106.329586447887
2106.329586447887
2105.9832981068344
2105.779572097642
2105.779572097642
2105.6623000599893
2105.2356772899266
2105.2356772899266
2105.2356772899266
2104.505712076887
2104.505712076887
2104.505712076887
2104.3404274834097
2104.3404274834097
2104.3404274834097
2104.3404274834097
2104.3404274834097
2104.3404274834097
2104.3404274834097
2104.3404274834097
2104.2130504245943
2104.2130504245943
2104.2130504245943
2104.2130504245943
2104.2130504245943
2104.1183873655195
2104.1183873655195
2104.020650768129
2104.020650768129
2104.020650768129
2104.020650768129
2104.020650768129
2104.020650768129
2103.9324277614646
2103.9324277614646
2103.9324277614646
2103.9324277614646
2103.9324277614646
2103.9324277614646
2103.9324277614646
2103.9324277614646
2103.9324277614646
2103.680692798136
2103.680692798136
2103.680692798136
2103.680692798136
2103.680692798136
2103.680692798136
2103.680692798136
2103.680692798136
2103.680692798136
2668.5034557059225
2523.519866361412
2523.519866361412
2474.961119120062
2248.705845375993
2248.705845375993
2248.705845375993
2227.7738994056567
2227.7738994056567
2227.7738994056567
2227.7738994056567
2227.7738994056567
2207.74975741371
2199.382057438723
2199.382057438723
2195.102851436961
2178.6203784512327
2178.6203784512327
2178.6203784512327
2178.6203784512327
2178.6203784512327
2177.081273789418
2165.1869778208434
2160.514180880048
2160.514180880048
2160.514180880048
2156.6331100617745
2149.6114397036654
2149.169252954263
2149.169252954263
2148.7190216114122
2144.375268645928
2144.375268645928
2141.68384232197
2139.409517259535
2138.5043397720383
2138.5043397720383
2138.5043397720383
2138.2931939163736
2138.2931939163736
2135.6998094335445
2135.6998094335445
2132.9196478371564
2132.480235619379
2132.480235619379
2131.157413215131
2131.157413215131
2131.157413215131
2131.157413215131
2131.157413215131
2130.4371388192953
2129.791431163228
2129.791431163228
2129.791431163228
2129.791431163228
2129.791431163228
2129.791431163228
2129.791431163228
2129.2858390308334
2129.2858390308334
2129.2858390308334
2129.2858390308334
2129.2858390308334
2128.6748060393506
2128.6748060393506
2128.5966426781893
2128.5966426781893
2128.5966426781893
2128.5966426781893
2128.3175796361083
2128.3175796361083
2128.3175796361083
2127.8030470419867
2127.8030470419867
2127.8030470419867
2127.8030470419867
2127.8030470419867
2127.8030470419867
2127.8030470419867
2127.8030470419867
2127.8030470419867
2668.5034557059225
2393.245695080692
2393.245695080692
2393.245695080692
2393.245695080692
2322.140710128078
2316.914893122728
2316.914893122728
2316.914893122728
2313.8713311474785
2307.5663635638375
2307.5663635638375
2259.911024260238
2259.911024260238
2259.911024260238
2250.3929446193765
2250.3929446193765
2250.3929446193765
2250.3929446193765
2250.3929446193765
2245.3325851559293
2245.3325851559293
2243.1727897611463
2243.1727897611463
2243.1727897611463
2242.541027941229
2241.1899218016956
2240.7978063356813
2240.7978063356813
2239.9103407379416
2238.2462991637212
2233.9718738840793
2231.9224691598397
2231.8754330412517
2228.3791039326975
2225.9126997797844
2225.8440850952816
2221.221767919652
2214.8721719994282
2214.8721719994282
2214.4896179516486
2212.8337827210266
2207.949971496523
2207.949971496523
2207.949971496523
2207.949971496523
2207.949971496523
2207.949971496523
2207.949971496523
2207.847113036297
2203.845522343795
2200.987299362259
2200.987299362259
2198.8503068203286
2198.416484062307
2197.2761243911978
2195.5360051342727
2193.117796636537
2193.117796636537
2192.8505923120106
2192.8505923120106
2191.187673697671
2189.060393062472
2189.060393062472
2189.060393062472
2189.060393062472
2189.060393062472
2189.060393062472
2189.012995747964
2188.785931945957
2188.785931945957
2188.785931945957
2188.3724769457067
2188.3724769457067
2186.04958446424
2184.7745501141526
2184.61071524297
2180.1458946065372
2178.928105855101
2175.606901499006
2173.5607725720215
2171.3179618181903
2171.1302088617913
2170.1815804242833
2170.1815804242833
2169.943809080381
2169.5579321099217
2169.1490438093165
2169.1490438093165
2168.129763248258
2168.129763248258
2168.129763248258
2167.7562939370137
2167.578633134709
2167.578633134709
2167.0829643211764
2167.001333987795
2167.001333987795
2167.001333987795
2166.7801976388746
2166.7801976388746
2166.4867071185213
2166.037519699935
2166.037519699935
2166.037519699935
2166.037519699935
2166.037519699935
2165.955137358688
2165.81344180286
2164.9625805646374
2164.9625805646374
2164.9625805646374
2164.9625805646374
2164.9625805646374
2164.9625805646374
2164.9625805646374
2164.9625805646374
2164.9625805646374
2668.5034557059225
2406.775907729502
2365.3656627266764
2289.1244664882424
2167.072187718984
2167.072187718984
2167.072187718984
2167.072187718984
2148.9082343063346
2148.9082343063346
2148.9082343063346
2123.59694317233
2123.59694317233
2123.3714510748346
2123.3714510748346
2103.2317825692876
2093.0112725519784
2093.0112725519784
2093.0112725519784
2084.935198722424
2076.7630015321115
2076.7630015321115
2076.7630015321115
2076.7630015321115
2076.7630015321115
2076.7630015321115
2076.7630015321115
2076.7630015321115
2067.591948943981
2067.591948943981
2067.591948943981
2064.4347653936093
2064.4347653936093
2063.3189830500646
2063.3189830500646
2063.3189830500646
2062.4342571349716
2061.4281533092358
2060.391386042324
2060.1535626730447
2060.1535626730447
2059.003113773996
2059.003113773996
2059.003113773996
2059.003113773996
2057.967628767806
2057.7373476932335
2057.5410736301706
2057.5410736301706
2057.3724105218894
2057.3724105218894
2057.3724105218894
2057.3724105218894
2057.150239652094
2057.150239652094
2057.150239652094
2057.150239652094
2056.7262010761997
2056.7262010761997
2056.7262010761997
2056.7262010761997
2056.7262010761997
2056.7044420009424
2056.7044420009424
2056.3313028637253
2056.3313028637253
2056.213214663669
