2370.1997650795092
2370.1997650795092
2370.1997650795092
2351.410559747095
2320.973108291285
2286.407003609638
2286.407003609638
2286.407003609638
2286.407003609638
2286.407003609638
2286.407003609638
2283.8239720727374
2283.8239720727374
2245.1231516716625
2245.1231516716625
2245.1231516716625
2245.1231516716625
2235.9300501825305
2235.9300501825305
2235.9300501825305
2235.9300501825305
2235.9300501825305
2220.6055888590013
2220.6055888590013
2220.6055888590013
2220.6055888590013
2220.6055888590013
2220.1864563868057
2220.1864563868057
2220.1864563868057
2209.3362114308543
2209.3362114308543
2209.3362114308543
2209.3362114308543
2196.795505571078
2191.600807523929
2186.660260322512
2186.660260322512
2182.5989662075085
2181.3063045526433
2177.101720202738
2177.101720202738
2177.101720202738
2175.461384090592
2161.4416386293688
2153.0063457273077
2153.0063457273077
2147.7773624179827
2147.7773624179827
2147.505801072445
2146.7580372988664
2142.8692744890536
2142.8692744890536
2142.622554976056
2142.622554976056
2141.9480404436003
2141.9480404436003
2141.325268128189
2140.4187803990244
2135.4075595573945
2135.4075595573945
2134.8690040501638
2134.421034229963
2134.421034229963
2134.421034229963
2133.4811664204167
2131.8400108252636
2131.756945488692
2131.756945488692
2131.756945488692
2130.8360657793805
2130.230259991386
2130.230259991386
2130.230259991386
2129.2843530292434
2129.2843530292434
2129.2843530292434
2129.2843530292434
2128.2867779640787
2127.670843090421
2127.670843090421
2127.2975529423406
2127.2975529423406
2126.219120459285
2126.219120459285
2126.122990935353
2126.122990935353
2125.309712995019
2125.309712995019
2125.309712995019
2125.309712995019
2125.309712995019
2125.309712995019
2125.238239769092
2125.071963404519
2123.259660608088
2123.259660608088
2123.259660608088
2123.259660608088
2122.7591484446093
2120.628997920475
2118.0888743203295
2115.6379822712825
2115.5291565104862
2115.5291565104862
2115.3302622815895
2115.3302622815895
2114.6966766078554
2114.6966766078554
2114.6966766078554
2114.460900178364
2114.460900178364
2113.960871128001
2113.960871128001
2113.960871128001
2113.960871128001
2113.960871128001
2112.839816574854
2112.839816574854
2112.839816574854
2112.791852645132
2112.791852645132
2112.791852645132
2112.5721037734274
2112.5721037734274
2112.5721037734274
2112.5721037734274
2112.5666899832263
2112.5666899832263
2112.5666899832263
2112.4894860979116
2112.4894860979116
2112.4894860979116
2112.4894860979116
2112.4894860979116
2112.4894860979116
2112.4894860979116
2112.4894860979116
2112.4894860979116
2507.030878512246
2487.8517798770704
2312.870179810378
2312.870179810378
2279.0624761700333
2264.3272989618627
2238.988082762567
2238.988082762567
2229.969873744575
2224.9884875342846
2224.9884875342846
2209.088650269565
2209.088650269565
2209.088650269565
2198.718754156435
2198.718754156435
2198.718754156435
2186.3971762144974
2175.8738894380795
2172.015399036946
2160.609633419611
2160.609633419611
2160.609633419611
2160.609633419611
2160.609633419611
2135.604564307434
2135.604564307434
2135.604564307434
2135.604564307434
2135.604564307434
2135.604564307434
2128.45182125871
2127.1687577225566
2125.944334959205
2125.944334959205
2124.171891834294
2124.171891834294
2124.171891834294
2123.17512640217
2122.055687046936
2122.055687046936
2118.4886020059494
2116.821019184385
2116.821019184385
2114.6326703580457
2114.4861316323972
2114.4861316323972
2113.3931926159985
2113.3931926159985
2113.3931926159985
2112.990633690811
2112.990633690811
2112.9159025533754
2112.9159025533754
2112.304505077325
2112.304505077325
2112.304505077325
2112.1909798767406
2111.4977070549457
2111.4977070549457
2111.4977070549457
2111.469074737636
2111.469074737636
2111.1351733195575
2111.0792337384473
2109.9531926986565
2109.494859180233
2109.494859180233
2108.918748956705
2108.9103908665275
2108.9103908665275
2108.9103908665275
2108.2741655076466
2108.2741655076466
2108.2741655076466
2108.2267372276547
2107.9651120473313
2107.9651120473313
2107.646202991451
2107.646202991451
2107.646202991451
2107.646202991451
2107.080967354507
2107.080967354507
2107.080967354507
2107.080967354507
2107.080967354507
2107.080967354507
2106.959866187992
2106.959866187992
2106.959866187992
2106.7806605551878
2106.7806605551878
2106.764336499042
2106.764336499042
2106.764336499042
2106.764336499042
2106.764336499042
2106.764336499042
2106.764336499042
2106.764336499042
2106.764336499042
2507.030878512246
2349.303194812937
2349.303194812937
2267.3030125063124
2267.3030125063124
2267.3030125063124
2267.3030125063124
2263.507167797342
2263.507167797342
2256.0494690888813
2214.7992100429524
2214.7992100429524
2214.7992100429524
2214.7992100429524
2183.8392266284764
2183.8392266284764
2176.8618644203216
2168.731971361769
2168.731971361769
2168.731971361769
2151.837819937398
2151.837819937398
2151.837819937398
2151.837819937398
2142.2439264021255
2142.2439264021255
2137.5698612070732
2137.5698612070732
2134.813617490742
2134.813617490742
2130.702701517019
2128.719687639235
2128.719687639235
2126.619925509908
2126.619925509908
2126.619925509908
2125.1767171723973
2123.9870401148423
2123.9870401148423
2121.653079931826
2121.653079931826
2120.8672244346235
2120.658631132562
2120.658631132562
2119.679685147362
2119.679685147362
2119.225247028876
2119.0080495852376
2117.5249903477416
2117.5249903477416
2117.5249903477416
2117.194775096221
2117.194775096221
2117.194775096221
2117.194775096221
2117.194775096221
2116.624850193777
2116.624850193777
2116.624850193777
2116.624850193777
2116.624850193777
2116.624850193777
2116.624850193777
2116.624850193777
2116.624850193777
2507.030878512246
2507.030878512246
2393.6489440231803
2342.3542917929885
2271.768530507339
2271.768530507339
2271.768530507339
2271.768530507339
2265.1044629941985
2197.0605208615916
2197.0605208615916
2197.0605208615916
2197.0605208615916
2185.35259828228
2183.9965642070415
2168.742491319377
2165.0637076967287
2165.0637076967287
2137.5729371119855
2127.2780630189295
2127.2780630189295
2127.2780630189295
2127.2780630189295
2122.1539289125717
2122.1539289125717
2122.1539289125717
2114.907978465009
2113.640396118832
2110.7887020461453
2110.7887020461453
2097.7475265549656
2097.7475265549656
2094.188883499647
2094.188883499647
2088.6181060726185
2088.6181060726185
2088.6181060726185
2088.6181060726185
2088.6181060726185
2088.6181060726185
2088.6181060726185
2087.5600242558685
2087.5600242558685
2087.5600242558685
2087.5600242558685
2087.331043620938
2087.331043620938
2087.331043620938
2086.87050509515
2086.87050509515
2086.87050509515
2086.87050509515
2084.730702838664
2080.905515466404
2080.905515466404
2080.905515466404
2080.185366861728
2080.185366861728
2079.6818211029927
2079.6818211029927
2079.227953847668
2077.371478892986
2077.371478892986
2077.2817401261536
2077.2817401261536
2076.5978740325168
2076.5978740325168
2076.5978740325168
2076.5978740325168
2076.5978740325168
2076.548465386248
2076.548465386248
2076.230071186456
2076.230071186456
2075.9741606301054
2075.9741606301054
2075.8567816770833
2075.1595434691517
2075.1595434691517
2075.1595434691517
2075.1595434691517
2075.1595434691517
2075.1595434691517
2074.995314516766
2074.995314516766
2074.8584203271657
2074.8584203271657
2074.4879000690507
2074.4879000690507
2074.4879000690507
2074.4879000690507
2074.4879000690507
2074.4879000690507
2074.4879000690507
2074.3448481652645
2074.3448481652645
2074.1779078615396
2074.0804770371374
2074.0804770371374
2074.0804770371374
2073.9110707023833
2073.9110707023833
2073.9110707023833
2073.9110707023833
2073.9110707023833
2073.9110707023833
2073.9110707023833
2073.9110707023833
2073.9110707023833
2507.030878512246
2330.128090377288
2321.277983903563
2321.277983903563
2321.277983903563
2310.288522637421
2245.1149173086687
2245.1149173086687
2239.543850708987
2186.480646449303
2186.480646449303
2186.480646449303
2186.480646449303
2186.480646449303
2186.480646449303
2186.480646449303
2186.480646449303
2186.480646449303
2172.834921854609
2168.0779423383033
2137.2436497572935
2137.2436497572935
2137.2436497572935
2130.527223486953
2130.527223486953
2130.527223486953
2128.009528266238
2124.165250546917
2117.083399417001
2115.4019793076645
2115.4019793076645
2114.9134335968474
2113.512895174568
2113.512895174568
2110.0022748845995
2110.0022748845995
2109.4054957521616
2109.4054957521616
2109.4054957521616
2109.030490905993
2109.030490905993
2108.6316266732497
2108.6316266732497
2108.6316266732497
2107.492868761112
2107.492868761112
2106.3322350524127
2106.3322350524127
2106.3322350524127
2105.9254927538714
2105.9254927538714
2105.9254927538714
2105.9254927538714
2105.8617146179504
2105.8617146179504
2105.5141959362195
2105.5141959362195
2105.5141959362195
2105.5141959362195
2105.378837315149
2105.378837315149
2105.367170050403
2105.3609085316707
2105.3609085316707
2105.3609085316707
2105.3609085316707
2105.3609085316707
2105.3609085316707
2105.3609085316707
2105.3609085316707
2105.3609085316707
2507.030878512246
2475.5100001304822
2404.557342028519
2310.173507984267
2310.173507984267
2310.173507984267
2263.2446010333647
2245.165850223272
2245.165850223272
2245.165850223272
2245.165850223272
2245.165850223272
2245.165850223272
2245.165850223272
2228.432933579635
2205.1099688727654
2205.1099688727654
2195.86021222904
2191.239183230046
2189.244699488602
2179.5306289904474
2179.5306289904474
2179.5306289904474
2179.5306289904474
2179.5306289904474
2179.5306289904474
2156.9742255176407
2156.9742255176407
2151.0492820009126
2151.0492820009126
2149.146852852923
2149.146852852923
2146.80304592398
2144.7450930295045
2144.7450930295045
2144.7450930295045
2144.7450930295045
2141.1368271061488
2141.1368271061488
2141.1368271061488
2141.1368271061488
2140.1303073105446
2138.1546392812643
2131.3494661083714
2131.3494661083714
2130.2025946336457
2129.6932888725687
2129.2597483223735
2127.442198385524
2127.442198385524
2127.442198385524
2126.736182762381
2126.736182762381
2126.736182762381
2125.9627077377627
2125.135006363377
2125.135006363377
2125.135006363377
2124.616193059499
2124.359372182019
2124.359372182019
2124.359372182019
2124.359372182019
2124.1180987379703
2124.1180987379703
2124.005893059432
2124.005893059432
2124.005893059432
2124.005893059432
2124.005893059432
2124.005893059432
2124.005893059432
2124.005893059432
2124.005893059432
2123.419271219334
2122.0504754680032
2121.8857439496132
2121.8857439496132
2121.49524396612
2121.262254421603
2121.262254421603
2121.262254421603
2121.262254421603
2120.4618148744526
2120.4277621779333
2120.4277621779333
2119.6618093366133
2119.098271189757
2119.098271189757
2119.098271189757
2119.098271189757
2119.098271189757
2119.098271189757
2119.098271189757
2119.098271189757
2118.866797876372
2118.866797876372
2118.4557933663114
2118.4557933663114
2118.164386763468
2118.164386763468
2117.894853558448
2117.894853558448
2117.894853558448
2117.894014090413
2117.894014090413
2117.894014090413
2117.894014090413
2117.894014090413
2117.894014090413
2117.894014090413
2117.727815397453
2117.385283676065
2117.385283676065
2117.2628002103793
2117.2628002103793
2117.2628002103793
2117.2628002103793
2117.2628002103793
2117.2628002103793
2117.2628002103793
2117.2628002103793
2117.2628002103793
2507.030878512246
2507.030878512246
2298.46443336878
2298.46443336878
2165.605151367379
2165.605151367379
2165.605151367379
2165.605151367379
2165.605151367379
2165.605151367379
2165.605151367379
2165.605151367379
2145.984709426219
2144.459677480424
2137.014202533139
2137.014202533139
2137.014202533139
2132.975421855249
2132.975421855249
2110.5341066325873
2110.5341066325873
2109.6631579278255
2104.084585916393
2104.084585916393
2104.084585916393
2100.9756232997524
2088.0457407410627
2088.0457407410627
2085.4583940908406
2082.34580219437
2082.34580219437
2082.34580219437
2079.7011813605054
2079.7011813605054
2079.7011813605054
2079.7011813605054
2075.839153589353
2075.839153589353
2075.839153589353
2075.839153589353
2075.839153589353
2074.64215944892
2074.4581519330545
2074.2770627713426
2071.0680375234015
2070.3136688008026
2070.3136688008026
2067.5439157089745
2067.5439157089745
2067.5439157089745
2067.5439157089745
2064.4161610694923
2064.4161610694923
2063.83251488075
2063.83251488075
2063.7009717983033
2063.7009717983033
2063.5013869020254
2063.5013869020254
2063.5013869020254
2061.897583124429
2061.897583124429
2061.897583124429
2061.897583124429
2061.897583124429
2061.7251381352526
2061.7251381352526
2061.7251381352526
2061.7251381352526
2061.7251381352526
2061.7251381352526
2061.7251381352526
2061.7251381352526
2061.7251381352526
2507.030878512246
2507.030878512246
2342.322133107284
2315.4539346121574
2315.4539346121574
2259.2809222218716
2259.2809222218716
2259.2809222218716
2259.2809222218716
2259.165249894933
2259.165249894933
2219.878252963232
2219.878252963232
2219.878252963232
2196.3754862762667
2186.7978888222624
2186.7978888222624
2186.7978888222624
2173.949426106863
2160.857686315911
2158.1956639203727
2158.1956639203727
2155.6519946295366
2155.6519946295366
2148.0769841373203
2148.0769841373203
2146.119193911355
2142.98141818313
2141.1751716272265
2141.1751716272265
2124.7571231074207
2121.9602194403265
2121.9602194403265
2121.9602194403265
2121.9602194403265
2121.9602194403265
2117.5182379467037
2117.5182379467037
2114.300307731057
2114.300307731057
2114.300307731057
2109.5085280425756
2109.5085280425756
2109.5085280425756
2107.016774719305
2107.016774719305
2104.715510838633
2104.715510838633
2102.7424847472034
2101.607345480409
2100.5934406916595
2100.1685952898583
2100.1685952898583
2100.1685952898583
2100.1685952898583
2099.4345017768487
2099.4345017768487
2098.437256784681
2097.587076979488
2097.587076979488
2097.587076979488
2097.587076979488
2097.587076979488
2097.5281132461296
2097.5281132461296
2097.5281132461296
2096.9660315924275
2096.9660315924275
2096.115222016022
2096.115222016022
2096.115222016022
2096.115222016022
2096.115222016022
2096.115222016022
2096.115222016022
2096.115222016022
2096.115222016022
2507.030878512246
2507.030878512246
2464.7125700281567
2260.2344435891982
2260.2344435891982
2214.2282048794414
2214.2282048794414
2214.2282048794414
2214.2282048794414
2214.2282048794414
2185.6777319293838
2185.6777319293838
2185.6777319293838
2170.3320599697645
2146.875677790617
2132.2217719144382
2132.2217719144382
2132.2217719144382
2132.2217719144382
2132.2217719144382
2128.8081109000227
2128.8081109000227
2128.8081109000227
2124.3296499052867
2123.9833461999356
2123.9833461999356
2120.3773018893803
2120.3773018893803
2116.1138129446913
2116.1138129446913
2114.879341491381
2114.4285702130983
2112.635994630874
2112.635994630874
2111.237504203785
2111.237504203785
2110.2486232371175
2108.560359073388
2108.560359073388
2107.838983345081
2106.7311692314893
2105.7282719577333
2105.4424761622045
2105.28325235519
2104.0245191328304
2104.0245191328304
2104.0245191328304
2103.9885792313107
2103.9885792313107
2103.7189499806627
2103.4843322554266
2103.4843322554266
2103.3532844072024
2103.3532844072024
2103.3532844072024
2103.3532844072024
2102.55711955268
2102.55711955268
2102.55711955268
2102.55711955268
2102.4470700947973
2102.4470700947973
2102.4470700947973
2102.4470700947973
2102.005099077537
2101.7714314738023
2101.7714314738023
2101.7332864563355
2101.7332864563355
2101.7332864563355
2101.7332864563355
2101.7332864563355
2101.7332864563355
2101.7332864563355
2101.609263159102
2101.609263159102
2101.609263159102
2101.609263159102
2101.609263159102
2101.609263159102
2101.609263159102
2101.609263159102
2101.609263159102
2507.030878512246
2432.1702834915122
2432.1702834915122
2432.1702834915122
2432.1702834915122
2414.9623575815567
2414.9623575815567
2375.5333589242973
2323.846857494699
2323.846857494699
2323.846857494699
2206.9971343044895
2206.9971343044895
2206.9971343044895
2194.0244426813997
2194.0244426813997
2194.0244426813997
2186.8408091474707
2186.8408091474707
2186.8408091474707
2180.527632234083
2178.968652273288
2178.968652273288
2178.968652273288
2177.8408908208953
2169.4820996538974
2152.180790999833
2152.180790999833
2139.405795845533
2136.0284804768603
2136.0284804768603
2133.766764433061
2133.766764433061
2133.766764433061
2128.624601743331
2128.347202573541
2128.347202573541
2128.347202573541
2127.896362669471
2127.896362669471
2122.9197835175046
2114.1569482866967
2114.1569482866967
2114.1569482866967
2112.8035242007904
2112.8035242007904
2111.989827007248
2111.989827007248
2111.989827007248
2110.86619677017
2110.86619677017
2110.0890824072217
2109.141766865406
2109.141766865406
2109.141766865406
2108.8170371327074
2108.8170371327074
2108.6318542433874
2108.6318542433874
2108.114474755193
2107.5859550070436
2107.5859550070436
2107.5859550070436
2107.02586744777
2106.255194211955
2106.255194211955
2105.882130052429
2105.882130052429
2105.882130052429
2104.762918917338
2104.762918917338
2104.762918917338
2104.762918917338
2104.762918917338
2104.762918917338
2104.762918917338
2104.762918917338
2104.762918917338
2507.030878512246
2374.209894078858
2371.0031049711797
2371.0031049711797
2334.638426812956
2271.8328443589685
2198.0686623835077
2198.0686623835077
2198.0686623835077
2189.0515609181084
2189.0515609181084
2183.7458449770074
2182.3718295441804
2182.3718295441804
2182.3718295441804
2182.3718295441804
2167.8184686319246
2167.8184686319246
2167.8184686319246
2167.8184686319246
2167.8184686319246
2167.8184686319246
2167.8184686319246
2167.8184686319246
2167.8184686319246
2507.030878512246
2383.2725967938245
2383.2725967938245
2383.2725967938245
2383.2725967938245
2300.5431705979645
2294.9385311865135
2294.9385311865135
2259.1539274607
2253.1661049071345
2246.599974458657
2246.599974458657
2246.599974458657
2246.599974458657
2245.2905214600382
2212.796200708524
2212.796200708524
2212.796200708524
2212.796200708524
2212.796200708524
2212.796200708524
2212.796200708524
2212.796200708524
2209.4273483877514
2207.007089985458
2205.0364440943067
2205.0364440943067
2197.3098068793793
2194.5438068437425
2186.833468832319
2186.833468832319
2181.7639271686835
2180.2680480120002
2180.2680480120002
2167.9551556283204
2167.9551556283204
2167.9551556283204
2167.9551556283204
2167.9551556283204
2167.314695745541
2167.314695745541
2167.314695745541
2167.314695745541
2165.2350918648162
2165.2350918648162
2165.2350918648162
2164.8966801914094
2163.0069206861785
2163.0069206861785
2162.0692660545164
2162.0692660545164
2161.1081276891937
2160.4678551602033
2159.763352361212
2159.763352361212
