2393.093330832613
2393.093330832613
2264.2642309304965
2264.2642309304965
2223.611010789199
2223.611010789199
2223.611010789199
2174.1937274103793
2174.1937274103793
2174.1937274103793
2174.1937274103793
2174.1937274103793
2174.1937274103793
2174.1937274103793
2174.1937274103793
2163.54901917028
2163.54901917028
2161.1720458579243
2159.5669919388647
2157.544505409038
2157.544505409038
2150.281660008394
2145.2678241728386
2145.2678241728386
2145.2678241728386
2131.735388978516
2131.735388978516
2131.735388978516
2131.735388978516
2131.640336906119
2130.357765896096
2129.7662609139074
2129.7662609139074
2129.4061260993576
2128.1014773851384
2128.1014773851384
2128.1014773851384
2128.1014773851384
2128.1014773851384
2126.528193831079
2125.827000276722
2125.827000276722
2125.489749111409
2125.489749111409
2125.489749111409
2125.489749111409
2123.958540901329
2123.958540901329
2123.958540901329
2123.958540901329
2123.639887480409
2123.639887480409
2123.5308088126744
2123.5308088126744
2123.5308088126744
2123.5308088126744
2123.5308088126744
2123.073188830974
2122.5997692771057
2122.5997692771057
2121.9555360654613
2121.9555360654613
2121.9555360654613
2121.9555360654613
2121.0267343235555
2119.698201671892
2119.698201671892
2118.665755418861
2118.665755418861
2117.9898230716135
2117.9898230716135
2115.360966937941
2115.360966937941
2113.9705574393615
2113.9705574393615
2113.676028461062
2113.676028461062
2113.676028461062
2113.676028461062
2113.676028461062
2113.676028461062
2113.1711980437312
2113.1711980437312
2113.1711980437312
2113.1711980437312
2112.5113189285407
2112.0541299235692
2111.7339062034166
2111.7339062034166
2111.7339062034166
2111.7339062034166
2111.7339062034166
2111.7339062034166
2111.7339062034166
2110.3973006084934
2110.3973006084934
2110.253559897308
2110.253559897308
2109.866089729206
2109.866089729206
2109.622982703641
2109.622982703641
2109.544726623421
2109.544726623421
2109.544726623421
2109.379196184915
2109.2835966936464
2109.1614441755864
2109.1614441755864
2109.1614441755864
2109.1338477554277
2109.1338477554277
2109.1338477554277
2109.1338477554277
2108.3860072894086
2108.3860072894086
2108.3860072894086
2108.3860072894086
2108.3860072894086
2108.3860072894086
2108.3860072894086
2108.3860072894086
2108.3860072894086
2405.2242950003215
2405.2242950003215
2360.160487736938
2360.160487736938
2324.439500903071
2259.264416095737
2259.264416095737
2259.264416095737
2259.264416095737
2259.264416095737
2255.3043762400102
2255.3043762400102
2255.3043762400102
2255.3043762400102
2249.1224579647637
2226.1862272827716
2209.0848468717268
2209.0848468717268
2209.0848468717268
2209.0848468717268
2197.9588611897143
2197.9588611897143
2197.9588611897143
2191.3679260541576
2191.3679260541576
2171.4288906888005
2171.4288906888005
2171.4288906888005
2171.4288906888005
2165.238459522484
2154.376324493353
2151.1186822179884
2151.1186822179884
2151.1186822179884
2148.602875812126
2148.602875812126
2148.602875812126
2148.602875812126
2142.878429659425
2142.878429659425
2142.878429659425
2140.604650748605
2134.9564877056428
2132.730858172945
2132.730858172945
2128.0734487043005
2128.0734487043005
2128.0734487043005
2128.0734487043005
2127.63949617411
2127.0797569127035
2127.0797569127035
2127.0797569127035
2127.0797569127035
2126.0001757336245
2125.00333513881
2125.00333513881
2125.00333513881
2123.4758797737077
2123.4758797737077
2123.4758797737077
2123.4758797737077
2122.7225440381376
2122.083343685329
2120.960275340658
2120.873024237327
2119.2656369314323
2119.2656369314323
2119.2656369314323
2119.2656369314323
2119.1715136971
2119.1715136971
2118.146288267096
2117.945037027062
2117.945037027062
2117.6277146090797
2117.6277146090797
2117.6277146090797
2117.6277146090797
2117.6047448739364
2117.5275212398597
2117.5275212398597
2117.283114359572
2117.089949690967
2116.167695864471
2115.8927753038197
2115.8927753038197
2115.5419004043392
2115.5419004043392
2115.3985303597296
2115.3985303597296
2115.3985303597296
2115.0931378214473
2115.0931378214473
2114.870737252009
2114.870737252009
2114.5883762241424
2114.5883762241424
2114.5883762241424
2114.5883762241424
2114.5674860177996
2114.5674860177996
2114.5674860177996
2114.5674860177996
2114.1135381012805
2114.1135381012805
2114.1135381012805
2113.599868292224
2113.599868292224
2113.599868292224
2113.599868292224
2113.5192042472836
2113.5192042472836
2113.5192042472836
2113.5192042472836
2113.5192042472836
2113.2002168374047
2113.2002168374047
2113.2002168374047
2113.2002168374047
2113.2002168374047
2113.2002168374047
2112.9133712825933
2112.9133712825933
2112.8083779860754
2112.8083779860754
2112.8083779860754
2112.8083779860754
2112.8083779860754
2112.8083779860754
2112.8083779860754
2112.792713632042
2112.7868838489703
2112.7868838489703
2112.7868838489703
2112.578680437431
2112.578680437431
2112.578680437431
2112.578680437431
2112.578680437431
2112.578680437431
2112.578680437431
2112.578680437431
2112.578680437431
2405.2242950003215
2405.2242950003215
2405.2242950003215
2376.284242373779
2311.439169492328
2311.439169492328
2255.02178729338
2235.8613873829117
2235.8613873829117
2235.8613873829117
2235.8613873829117
2235.8613873829117
2235.8613873829117
2202.863782212449
2202.863782212449
2151.131985351783
2151.131985351783
2151.131985351783
2151.131985351783
2151.131985351783
2151.131985351783
2151.131985351783
2151.131985351783
2149.2444863696746
2140.073791776933
2140.073791776933
2140.073791776933
2131.5686304449905
2130.8713945252625
2130.8713945252625
2123.7033502124737
2123.7033502124737
2123.7033502124737
2123.5532123207236
2122.008927687012
2118.9357162859296
2118.9357162859296
2116.821203161907
2113.097232855912
2112.3620252134638
2105.2241471764955
2105.2241471764955
2105.2241471764955
2104.2203357004682
2104.2203357004682
2103.1146530915744
2103.1146530915744
2102.4674199825604
2101.4105324344023
2101.4105324344023
2101.4105324344023
2101.4105324344023
2098.5279558593184
2098.5279558593184
2096.861686342026
2096.861686342026
2096.861686342026
2096.861686342026
2096.861686342026
2095.534492772343
2095.534492772343
2095.534492772343
2095.534492772343
2095.534492772343
2095.534492772343
2095.534492772343
2095.534492772343
2095.534492772343
2405.2242950003215
2405.2242950003215
2339.492960961287
2338.471081395928
2338.471081395928
2338.471081395928
2278.0985980258956
2278.0985980258956
2211.709212753342
2211.709212753342
2211.709212753342
2211.709212753342
2206.628878749938
2206.628878749938
2201.4982593564987
2199.923205941146
2196.6555479701256
2188.7239243145614
2181.28237291838
2179.1453612541904
2179.1453612541904
2179.1453612541904
2179.1453612541904
2177.652191045931
2170.326922276823
2170.326922276823
2168.923007707177
2166.873018509849
2166.873018509849
2166.466969920314
2162.079216409088
2161.463837744344
2161.037479784404
2160.9403805747284
2159.1710940190164
2159.1710940190164
2159.1710940190164
2158.8863804039584
2158.8863804039584
2158.7118394858217
2158.251729146663
2158.251729146663
2158.251729146663
2158.1758790001336
2157.659767964559
2157.659767964559
2156.1469127310147
2156.1469127310147
2156.1469127310147
2156.1469127310147
2156.1469127310147
2156.1469127310147
2155.8413427324344
2155.665731616915
2155.665731616915
2155.665731616915
2155.665731616915
2155.665731616915
2155.276366510472
2155.276366510472
2155.276366510472
2155.276366510472
2155.276366510472
2155.276366510472
2155.276366510472
2155.276366510472
2155.276366510472
2405.2242950003215
2405.2242950003215
2372.1440693724226
2372.1440693724226
2372.1440693724226
2372.1440693724226
2360.460232955578
2324.003766104584
2265.391283272002
2265.391283272002
2265.391283272002
2265.391283272002
2239.66058729455
2233.0366770607116
2233.0366770607116
2206.1510210477577
2206.1510210477577
2206.1510210477577
2206.1510210477577
2204.76078785389
2204.76078785389
2204.76078785389
2204.76078785389
2204.76078785389
2196.934422938771
2194.7848033514206
2191.480561956277
2187.407407342536
2184.145535659891
2184.145535659891
2178.650936823361
2178.650936823361
2172.513584500548
2172.513584500548
2172.2719576696704
2172.2719576696704
2172.2719576696704
2167.6330055796157
2167.0219509179096
2167.0219509179096
2167.0219509179096
2166.0421351039645
2166.0421351039645
2164.066245520787
2164.066245520787
2163.517287642522
2162.5867178943913
2162.5867178943913
2162.5867178943913
2162.5867178943913
2162.5867178943913
2162.5867178943913
2162.05684222778
2162.05684222778
2162.05684222778
2162.05684222778
2161.6312891777156
2161.6312891777156
2160.944068406188
2160.944068406188
2160.944068406188
2160.944068406188
2160.944068406188
2160.944068406188
2160.944068406188
2160.913728991145
2160.879936128865
2160.879936128865
2160.861150001738
2160.861150001738
2160.580232437759
2160.580232437759
2160.580232437759
2160.580232437759
2160.5078695217667
2160.5078695217667
2160.5078695217667
2160.5078695217667
2160.5078695217667
2160.4293669967024
2160.4293669967024
2160.4293669967024
2160.4293669967024
2160.4293669967024
2160.4293669967024
2160.4293669967024
2160.4293669967024
2160.4293669967024
2405.2242950003215
2405.2242950003215
2336.164594825678
2336.164594825678
2336.164594825678
2231.4174539906653
2231.4174539906653
2231.4174539906653
2231.4174539906653
2231.4174539906653
2231.4174539906653
2231.4174539906653
2228.9705186423625
2200.635018715485
2187.3686522503067
2187.3686522503067
2187.3686522503067
2177.368915380558
2177.368915380558
2177.368915380558
2172.6069343763666
2164.0884185569616
2164.0884185569616
2164.0884185569616
2160.0228008823
2160.0228008823
2160.0228008823
2160.0228008823
2157.6100997605154
2157.6100997605154
2156.3700130104417
2152.1267276071735
2151.283201796199
2151.283201796199
2149.5815661850397
2149.3975451320357
2149.3975451320357
2149.3975451320357
2148.6287443087695
2148.022131956298
2148.022131956298
2148.022131956298
2148.022131956298
2145.567446098633
2144.8288208338963
2144.7605398990263
2144.2166149133336
2143.389928897372
2143.389928897372
2143.196503066207
2142.9416931683904
2142.9416931683904
2142.71681675705
2142.71681675705
2142.6742214602773
2141.8547946309955
2141.6732783847415
2141.042051247806
2140.063230687367
2140.063230687367
2140.063230687367
2139.395577677858
2138.7938629602704
2138.7938629602704
2138.7938629602704
2138.7938629602704
2138.7938629602704
2138.7938629602704
2138.5023367027165
2138.5023367027165
2138.5023367027165
2138.5023367027165
2138.1978615583103
2137.8097294084137
2137.8097294084137
2137.8097294084137
2137.8097294084137
2137.8097294084137
2137.8097294084137
2137.8097294084137
2137.8097294084137
2137.8097294084137
2405.2242950003215
2405.2242950003215
2405.2242950003215
2320.741404733073
2320.741404733073
2320.741404733073
2320.741404733073
2268.5636571644645
2268.5636571644645
2268.5636571644645
2266.678607761768
2228.9780558833927
2225.129389813561
2221.618742280377
2221.3298090310736
2206.083803321042
2206.083803321042
2198.1593726315414
2196.889879368998
2196.889879368998
2196.889879368998
2196.889879368998
2196.889879368998
2196.889879368998
2194.7228176654776
2194.7228176654776
2194.7228176654776
2192.8903278792377
2192.8903278792377
2192.8903278792377
2192.8903278792377
2192.8903278792377
2191.4357778136014
2191.4357778136014
2191.376352104511
2191.376352104511
2190.8551628203886
2190.6795636895354
2189.582516025604
2189.582516025604
2189.0802980939175
2189.0802980939175
2188.8836267159036
2187.8656327643967
2187.8656327643967
2187.8656327643967
2187.8656327643967
2187.8656327643967
2187.8656327643967
2187.8656327643967
2187.8656327643967
2187.8656327643967
2405.2242950003215
2405.2242950003215
2269.14375015975
2269.14375015975
2269.14375015975
2269.14375015975
2235.0617038919613
2235.0617038919613
2216.090332072676
2216.090332072676
2216.090332072676
2216.090332072676
2202.517253109901
2191.952843401209
2187.69853904078
2187.69853904078
2187.69853904078
2187.69853904078
2173.9742956530827
2161.653603545417
2154.8177560787
2154.8177560787
2154.8177560787
2148.5135698815593
2148.5135698815593
2148.5135698815593
2147.1285549825952
2147.1285549825952
2146.139893902113
2146.139893902113
2145.5212479475695
2144.933919741003
2141.9461619813096
2141.9461619813096
2141.047486651567
2141.047486651567
2138.3574450212814
2133.175764225894
2131.362024340242
2131.2181577051165
2131.2181577051165
2130.0602355808364
2128.530257579576
2128.507365211321
2128.507365211321
2128.4269448948626
2128.0906437514927
2128.0906437514927
2125.971394858684
2125.971394858684
2125.971394858684
2125.5246459342598
2125.5246459342598
2125.353023479338
2125.285016566374
2125.285016566374
2125.285016566374
2125.285016566374
2125.285016566374
2124.9462001182524
2124.7183272800926
2124.7183272800926
2123.059250882017
2123.059250882017
2123.059250882017
2123.059250882017
2123.059250882017
2123.059250882017
2123.059250882017
2123.059250882017
2123.059250882017
2405.2242950003215
2405.2242950003215
2405.2242950003215
2379.151730795321
2310.193296399194
2272.665348084748
2272.665348084748
2272.665348084748
2272.665348084748
2272.665348084748
2258.1835263777234
2258.1835263777234
2186.060646627989
2186.060646627989
2186.060646627989
2186.060646627989
2177.905909570523
2167.0754278119903
2167.0754278119903
2156.3292174784124
2156.3292174784124
2150.271013200449
2150.271013200449
2150.271013200449
2150.271013200449
2150.271013200449
2150.271013200449
2147.968997312743
2147.968997312743
2147.968997312743
2147.968997312743
2147.740287689568
2145.06818074492
2145.06818074492
2143.772044581327
2143.772044581327
2142.306403787001
2140.1503705410873
2140.1503705410873
2140.1503705410873
2140.1503705410873
2140.1503705410873
2140.1503705410873
2139.9645232092585
2138.731059080047
2134.5522961258694
2134.5522961258694
2134.5522961258694
2133.2429463702774
2133.2429463702774
2132.0300967384537
2132.0300967384537
2131.215242135636
2131.215242135636
2131.215242135636
2131.215242135636
2131.215242135636
2131.215242135636
2131.215242135636
2131.215242135636
2131.215242135636
2405.2242950003215
2405.2242950003215
2353.9515502067084
2214.7171741935745
2214.7171741935745
2214.1084172128085
2214.1084172128085
2214.1084172128085
2214.1084172128085
2214.1084172128085
2202.019414418435
2202.019414418435
2202.019414418435
2190.9100552920163
2185.6402979939203
2185.6402979939203
2174.265618441874
2174.265618441874
2173.9399341410494
2166.221010862217
2166.221010862217
2164.1904162151995
2164.1904162151995
2162.259647505808
2162.259647505808
2162.259647505808
2159.676560703657
2159.676560703657
2157.9395596151016
2157.9395596151016
2157.9395596151016
2157.599741622006
2157.353137808077
2157.353137808077
2156.664526883968
2156.664526883968
2156.113269385719
2156.113269385719
2155.4851885796884
2155.369990466599
2155.369990466599
2155.369990466599
2155.109968608775
2154.558755419534
2154.558755419534
2154.558755419534
2154.31606781948
2154.31606781948
2154.31606781948
2154.31606781948
2154.31606781948
2153.9104878378876
2153.9104878378876
2153.9104878378876
2153.9104878378876
2153.9104878378876
2153.9104878378876
2153.9104878378876
2153.9104878378876
2153.9104878378876
2405.2242950003215
2405.2242950003215
2402.978171817761
2293.7138015898536
2210.824447301071
2210.824447301071
2173.3789182410155
2173.3789182410155
2173.3789182410155
2173.3789182410155
2158.0655531728444
2158.0655531728444
2158.0655531728444
2158.0655531728444
2158.0655531728444
2154.680478701713
2148.7108043360704
2131.4802544591676
2113.5467300027362
2113.5467300027362
2107.8412215669555
2107.8412215669555
2105.8677189178834
2105.8677189178834
2097.1871428790737
2097.1871428790737
2093.342387345763
2091.63033331412
2089.1615429243493
2089.1615429243493
2086.00259259171
2086.00259259171
2080.3782893492476
2078.30889575111
2078.30889575111
2077.686797938327
2076.6180400220264
2076.6180400220264
2076.6180400220264
2076.6180400220264
2076.2785417435225
2076.2785417435225
2076.2071916939835
2076.0431144028307
2075.240300847523
2075.240300847523
2075.240300847523
2075.050204758949
2075.050204758949
2074.7519096496903
2074.5959104695858
2074.5959104695858
2074.3224957273324
2074.3224957273324
2074.3224957273324
2074.222582698628
2074.222582698628
2074.222582698628
2074.222582698628
2074.222582698628
2074.222582698628
2071.668340988411
2071.668340988411
2071.28584617473
2070.891116310432
2070.891116310432
2070.2033827190967
2070.2033827190967
2069.8114675234624
2069.8114675234624
2069.8114675234624
2069.656439118374
2068.835577987928
2068.835577987928
2067.9661770537646
2067.9661770537646
2067.9661770537646
2067.9661770537646
2067.1091676463807
2067.1091676463807
2067.1091676463807
2067.1091676463807
2066.888516767817
2066.888516767817
2066.888516767817
2066.2593452680394
2066.2593452680394
2066.2593452680394
2066.2593452680394
2066.2593452680394
2066.2593452680394
2066.2593452680394
2066.2593452680394
2066.2593452680394
2405.2242950003215
2366.142246811827
2366.142246811827
2366.142246811827
2290.794729056976
2260.7605012301187
2192.758881116419
2192.758881116419
2192.758881116419
2192.758881116419
2174.3949292275984
2174.3949292275984
2174.3949292275984
2164.0926467670215
2163.93764075429
2157.3810902193627
2157.3810902193627
2157.3810902193627
2157.3810902193627
2157.3810902193627
2154.503904722432
2154.503904722432
2154.503904722432
2154.503904722432
2154.503904722432
2154.503904722432
2154.503904722432
2154.503904722432
2154.503904722432
2405.2242950003215
2405.2242950003215
2356.199524043322
2356.199524043322
2253.1516833538735
2253.1516833538735
2253.1516833538735
2253.1516833538735
2239.955310641037
2239.955310641037
2234.3367300589935
2225.3333285252884
2225.3333285252884
2225.3333285252884
2210.3712861375834
2210.3712861375834
2201.2003940997974
2200.8631904104454
2185.1321174248715
2182.4900558743598
2182.4900558743598
2182.4900558743598
2182.4900558743598
2182.4900558743598
2175.070983721632
2175.070983721632
2175.070983721632
2175.0688673791474
2174.2861118840883
2172.6190885131746
2166.577014395825
2166.577014395825
2166.577014395825
2166.577014395825
2166.577014395825
2166.577014395825
2166.577014395825
2162.4520660706266
2162.4520660706266
2162.4520660706266
2155.630831314028
2155.630831314028
2155.630831314028
2155.3699614758416
2154.8183791417355
2154.2902988546516
2153.038360288152
2152.777674075451
2152.777674075451
2152.464494516945
2152.464494516945
2152.464494516945
2152.464494516945
2152.1569087103767
2151.5767418176943
2151.5767418176943
2149.8860682864834
2149.8860682864834
2148.870615163547
2148.870615163547
2147.9914821019743
2147.9914821019743
