2594.77784868599
2388.864931865958
2278.602369172774
2278.602369172774
2272.982293056941
2212.741758774636
2212.741758774636
2201.7185597269417
2201.7185597269417
2185.2440084608597
2185.2440084608597
2176.398809919375
2176.398809919375
2176.398809919375
2143.918263423219
2143.918263423219
2143.918263423219
2143.918263423219
2143.918263423219
2143.918263423219
2143.918263423219
2143.918263423219
2141.513944675872
2133.7628535899607
2133.7628535899607
2133.7628535899607
2133.7628535899607
2124.999100725481
2119.9242103878582
2113.6689996876844
2113.6689996876844
2101.979063590903
2101.979063590903
2101.979063590903
2101.979063590903
2101.979063590903
2101.979063590903
2100.831217053471
2100.831217053471
2098.948414913251
2097.7401915625255
2096.39380831049
2089.708801120554
2089.708801120554
2089.708801120554
2089.2825901235396
2087.0686262015397
2087.0686262015397
2083.9444363019347
2083.9444363019347
2081.1914207102536
2080.072837240272
2080.072837240272
2079.8460311696554
2079.8460311696554
2079.198177284446
2079.198177284446
2077.99734963837
2077.908681146247
2076.0838905400956
2071.956222432138
2071.956222432138
2071.426635592275
2071.426635592275
2071.426635592275
2071.1534084655045
2071.1534084655045
2071.1534084655045
2070.97377058475
2069.5574276488196
2069.5574276488196
2069.147196754798
2069.147196754798
2069.147196754798
2069.147196754798
2069.147196754798
2068.4757071734716
2068.4757071734716
2068.4757071734716
2068.272984367823
2068.272984367823
2068.272984367823
2068.272984367823
2068.272984367823
2068.272984367823
2068.272984367823
2068.272984367823
2068.272984367823
2621.9837862144677
2476.6631998909565
2363.7691661503154
2216.005786268258
2216.005786268258
2216.005786268258
2216.005786268258
2216.005786268258
2212.0190688754133
2212.0190688754133
2212.0190688754133
2212.0190688754133
2212.0190688754133
2203.9885714865422
2203.9885714865422
2197.2597103752287
2197.2597103752287
2196.827533469143
2178.8070781907336
2178.8070781907336
2178.8070781907336
2176.0833206398443
2176.0833206398443
2176.0833206398443
2175.966765641419
2174.5389245342053
2168.2695619335686
2168.2695619335686
2160.6503732255906
2160.6503732255906
2160.6503732255906
2160.6503732255906
2156.632473492816
2156.2797864692625
2151.119992525345
2151.119992525345
2151.119992525345
2151.119992525345
2150.1012111196633
2147.673829741422
2146.940224683642
2146.940224683642
2144.6642142498868
2141.9128926240164
2141.8033936751713
2141.035302413578
2140.5812106384747
2139.864122965729
2139.7669943502333
2139.7669943502333
2139.014248526965
2137.515466452806
2134.037311327345
2133.000943918768
2133.000943918768
2130.7298767588472
2127.690470782464
2126.6217028451897
2122.8027281202862
2118.1897303852684
2118.1897303852684
2117.8677593256
2115.543404682114
2115.543404682114
2115.543404682114
2115.0136268137912
2114.3456101571883
2114.3456101571883
2113.7966495490036
2113.7966495490036
2113.7966495490036
2113.7966495490036
2113.7966495490036
2113.7966495490036
2113.7966495490036
2112.4640127871908
2111.0734708585333
2111.0734708585333
2111.0734708585333
2111.0734708585333
2110.7951592549484
2110.7951592549484
2110.7951592549484
2110.7951592549484
2110.7530845500646
2110.7530845500646
2110.7530845500646
2110.7530845500646
2110.7530845500646
2110.7530845500646
2110.7530845500646
2110.7530845500646
2110.7530845500646
2621.9837862144677
2621.9837862144677
2309.6049948988584
2308.8620992782403
2308.8620992782403
2260.469615057733
2260.469615057733
2260.469615057733
2256.4272529600653
2246.3027442167017
2238.7779470920204
2238.7779470920204
2224.5878444222003
2199.994150516544
2194.690974577462
2193.2496919004543
2193.2496919004543
2190.9260833141916
2174.8282115191896
2174.8282115191896
2174.8282115191896
2174.8282115191896
2153.934635141931
2145.243856809037
2145.243856809037
2145.243856809037
2145.243856809037
2142.468469907854
2142.468469907854
2142.350189356541
2135.2644606003937
2135.2644606003937
2135.2644606003937
2135.2644606003937
2132.1506108684653
2130.3909097528153
2126.675358106211
2126.22031535095
2124.2330496083264
2124.2330496083264
2121.960287640897
2121.960287640897
2121.960287640897
2121.960287640897
2116.239204620111
2116.239204620111
2116.239204620111
2115.451894174979
2115.210683482312
2112.5378021557935
2112.5378021557935
2109.6472735810603
2109.6472735810603
2108.9006670953804
2108.9006670953804
2108.9006670953804
2108.290747157746
2108.2106167798465
2107.310220693307
2106.7671570843777
2106.7671570843777
2106.6363747969035
2105.565750475882
2105.565750475882
2105.4976788243525
2105.4976788243525
2105.0779283487373
2105.0779283487373
2105.0779283487373
2103.9356458161715
2103.6495944242492
2103.6495944242492
2103.6495944242492
2103.107999518826
2103.107999518826
2103.107999518826
2103.107999518826
2103.107999518826
2102.988715288545
2102.988715288545
2102.988715288545
2101.953838583032
2101.953838583032
2101.953838583032
2101.953838583032
2101.953838583032
2101.953838583032
2101.953838583032
2101.953838583032
2101.953838583032
2621.9837862144677
2621.9837862144677
2349.987360982778
2349.987360982778
2267.2539949786797
2267.2539949786797
2243.819240440264
2234.8989375224146
2234.8989375224146
2234.8989375224146
2205.7843755722984
2157.695449170745
2157.695449170745
2157.695449170745
2157.695449170745
2157.695449170745
2141.4042543376454
2141.4042543376454
2141.4042543376454
2141.4042543376454
2138.684502408237
2138.684502408237
2137.352330894462
2137.352330894462
2131.642450578387
2131.1531431437497
2128.8906808241923
2127.726036568647
2127.726036568647
2126.6312008264717
2126.6312008264717
2124.3736426297446
2122.5444560123883
2122.5444560123883
2121.8382863482693
2121.8382863482693
2121.8382863482693
2119.814515887266
2118.9072866357455
2118.9072866357455
2118.9072866357455
2118.9072866357455
2118.517185570505
2118.517185570505
2118.517185570505
2118.4764040812597
2118.4764040812597
2117.9697801592415
2117.9697801592415
2117.9697801592415
2117.9697801592415
2117.1388462787986
2117.1388462787986
2117.1388462787986
2117.1388462787986
2117.1388462787986
2117.1388462787986
2117.1388462787986
2117.1388462787986
2117.1388462787986
2621.9837862144677
2558.2458684258104
2453.2229166515444
2453.2229166515444
2198.723949589364
2157.940833672233
2157.940833672233
2157.940833672233
2157.940833672233
2147.2876210014897
2147.2876210014897
2132.3038401699055
2126.3899974145625
2126.3899974145625
2124.565796772587
2120.05295602401
2118.136015351642
2118.136015351642
2118.136015351642
2110.326182185791
2110.326182185791
2103.733416747592
2097.073108816393
2092.14940480517
2087.606157130809
2087.606157130809
2087.606157130809
2083.745705847494
2077.6208341609167
2075.359191632617
2074.6484637413632
2074.6484637413632
2072.4600586578977
2072.4600586578977
2071.169713088212
2071.169713088212
2071.169713088212
2071.0939047318275
2070.5149218443335
2069.6212699063617
2069.6212699063617
2067.7956048549204
2067.7956048549204
2067.7956048549204
2067.785066389354
2067.785066389354
2067.785066389354
2067.785066389354
2066.4497228097034
2066.4497228097034
2066.4497228097034
2066.4497228097034
2066.4497228097034
2066.4497228097034
2066.343773221533
2065.4467126174113
2065.4467126174113
2063.9975314821572
2063.9975314821572
2063.9975314821572
2063.9975314821572
2063.9975314821572
2063.9975314821572
2063.9975314821572
2063.9975314821572
2063.9975314821572
2063.568431463059
2063.568431463059
2063.568431463059
2063.3973523727527
2063.3973523727527
2063.3973523727527
2063.3973523727527
2063.393293510546
2063.393293510546
2063.393293510546
2063.393293510546
2063.316849546006
2063.076341941239
2063.076341941239
2062.8187086880166
2062.8187086880166
2062.8187086880166
2062.6471411374746
2062.5879293526455
2062.5879293526455
2062.080952007124
2062.080952007124
2062.080952007124
2062.080952007124
2062.080952007124
2062.080952007124
2062.080952007124
2061.7944019867464
2061.7944019867464
2061.7944019867464
2061.7944019867464
2061.7944019867464
2061.7944019867464
2061.7944019867464
2061.7944019867464
2061.7944019867464
2621.9837862144677
2443.1484770970383
2272.279038591226
2272.279038591226
2228.81841407322
2228.81841407322
2228.81841407322
2222.0786836005427
2222.0786836005427
2222.0786836005427
2181.509678641349
2181.509678641349
2172.253605279778
2172.253605279778
2172.253605279778
2172.253605279778
2164.0038446097783
2164.0038446097783
2164.0038446097783
2164.0038446097783
2159.633863323285
2144.6363197388264
2144.6363197388264
2144.6363197388264
2144.6363197388264
2144.6363197388264
2135.819927183201
2129.2468612607718
2129.2468612607718
2129.2468612607718
2127.29654174133
2126.0390012855646
2125.7411286300803
2122.437667338225
2122.437667338225
2122.050992883122
2121.491465725549
2121.491465725549
2120.871052570707
2120.871052570707
2120.871052570707
2119.7698712384313
2119.7698712384313
2119.7698712384313
2119.59176339365
2119.194115426848
2119.194115426848
2119.194115426848
2119.194115426848
2119.194115426848
2119.194115426848
2119.194115426848
2119.194115426848
2119.194115426848
2621.9837862144677
2382.612832331987
2378.8991377481866
2260.7269653582
2260.7269653582
2181.7423501001604
2181.7423501001604
2181.7423501001604
2181.7423501001604
2181.7423501001604
2181.7423501001604
2181.422360502481
2181.422360502481
2179.858833821634
2179.858833821634
2179.858833821634
2159.0454873099825
2159.0454873099825
2159.0454873099825
2152.8439243638504
2152.8439243638504
2152.8439243638504
2152.8439243638504
2152.02852196334
2152.02852196334
2150.4549056440846
2150.4549056440846
2150.4498340966556
2146.1611193904437
2146.1611193904437
2143.511396663504
2142.142058969612
2140.5055083475295
2139.368156354881
2139.368156354881
2137.8924144709817
2136.9418359943293
2136.6023434489225
2136.315017242408
2135.5594221321558
2135.5594221321558
2134.6624430576094
2134.075672797706
2133.5592464420797
2132.7636317372526
2132.7636317372526
2132.7636317372526
2132.7636317372526
2132.7636317372526
2132.7636317372526
2132.229957139211
2132.032936098658
2132.032936098658
2131.558252120065
2131.558252120065
2131.558252120065
2131.558252120065
2131.558252120065
2130.889484209087
2130.889484209087
2130.67009420294
2130.67009420294
2130.1017447419094
2130.1017447419094
2130.1017447419094
2130.064461085951
2130.064461085951
2130.064461085951
2130.064461085951
2130.064461085951
2130.064461085951
2130.064461085951
2130.064461085951
2129.8722311146903
2129.8722311146903
2129.8722311146903
2129.8722311146903
2129.5723090438482
2129.5723090438482
2129.5723090438482
2129.5723090438482
2129.5723090438482
2129.5723090438482
2129.518070502842
2129.518070502842
2129.518070502842
2129.124471856052
2129.0731168875095
2129.0731168875095
2128.5172766182595
2128.5172766182595
2128.5172766182595
2128.5172766182595
2128.5172766182595
2128.5172766182595
2128.5172766182595
2128.5172766182595
2128.5172766182595
2621.9837862144677
2621.9837862144677
2232.652308664081
2232.652308664081
2232.652308664081
2221.808519047686
2221.808519047686
2220.2415466596476
2220.2415466596476
2220.2415466596476
2220.2415466596476
2204.3870865753042
2204.3870865753042
2204.3870865753042
2204.3870865753042
2202.778907680517
2175.1540491000837
2175.1540491000837
2175.1540491000837
2175.1540491000837
2172.49423251571
2171.0955424755844
2169.9505376125744
2168.4520057709924
2164.914447544061
2164.914447544061
2155.095993589321
2154.169422432384
2154.169422432384
2154.169422432384
2153.6042792064018
2153.6042792064018
2150.8265007186696
2147.116639906266
2145.9428610572772
2145.9428610572772
2143.534637896544
2142.524865471264
2142.524865471264
2142.524865471264
2142.524865471264
2141.701804683585
2141.5331981381905
2141.5331981381905
2141.532309640322
2141.1785374866113
2141.1785374866113
2141.1539721214162
2141.1539721214162
2139.358704515208
2135.7235137549633
2134.9940490309573
2134.9940490309573
2132.733734559802
2131.652137331378
2131.652137331378
2131.652137331378
2131.652137331378
2131.652137331378
2131.520060778684
2130.416502409266
2129.930890199909
2129.930890199909
2129.8117044021415
2129.8117044021415
2129.8117044021415
2129.8117044021415
2129.8117044021415
2129.8117044021415
2129.8117044021415
2129.4297536211884
2129.4297536211884
2129.4139980348796
2129.4139980348796
2128.9171316069187
2128.9171316069187
2128.9171316069187
2128.9171316069187
2128.9171316069187
2128.9171316069187
2128.9171316069187
2128.72949980639
2128.72949980639
2128.72949980639
2128.72949980639
2128.26325327675
2128.26325327675
2128.26325327675
2128.26325327675
2128.26325327675
2128.26325327675
2128.26325327675
2128.26325327675
2128.26325327675
2621.9837862144677
2590.11291182512
2536.6285527212344
2391.4342385313794
2326.603292144955
2273.9289590666203
2260.484495833917
2260.484495833917
2224.605940645627
2224.605940645627
2224.605940645627
2224.605940645627
2219.284367328761
2190.9378649831024
2190.9378649831024
2190.9378649831024
2190.9378649831024
2174.3770569931776
2167.247168195742
2167.247168195742
2167.247168195742
2166.6902688816945
2155.6446401380927
2155.6446401380927
2155.6446401380927
2146.720925952365
2146.720925952365
2146.720925952365
2146.720925952365
2146.720925952365
2145.6118815514137
2145.6118815514137
2145.6118815514137
2143.261895810891
2137.869022015649
2137.869022015649
2134.1575370935852
2134.1575370935852
2134.1575370935852
2130.4731678306866
2130.4731678306866
2130.4731678306866
2127.685537799521
2127.685537799521
2126.3151529192237
2126.3151529192237
2126.3151529192237
2125.3986611449423
2125.272762570501
2124.185037216143
2124.185037216143
2124.185037216143
2123.1063949691047
2123.1063949691047
2123.1063949691047
2123.1063949691047
2123.1063949691047
2123.1063949691047
2123.1063949691047
2121.465035553941
2121.0873425920877
2120.929768044237
2120.929768044237
2118.370228760005
2118.370228760005
2118.370228760005
2117.531511497062
2117.491771032657
2117.491771032657
2116.892986614912
2116.892986614912
2116.892986614912
2114.2870555411087
2114.2870555411087
2114.2870555411087
2114.2870555411087
2114.2870555411087
2114.2870555411087
2114.2870555411087
2114.2870555411087
2114.2870555411087
2113.731438747128
2112.938554923804
2112.938554923804
2112.938554923804
2112.5917340993383
2112.5917340993383
2112.5917340993383
2112.5080595108157
2112.5080595108157
2112.5080595108157
2112.5080595108157
2112.5080595108157
2112.446204369826
2112.4037394034767
2112.4037394034767
2112.4037394034767
2112.4037394034767
2112.191415361447
2112.191415361447
2112.191415361447
2111.903069142003
2111.903069142003
2111.903069142003
2111.903069142003
2111.903069142003
2111.903069142003
2111.903069142003
2111.903069142003
2111.903069142003
2621.9837862144677
2218.62761607674
2218.62761607674
2210.5887248812774
2210.5887248812774
2210.5887248812774
2210.5887248812774
2210.5887248812774
2210.5887248812774
2181.265098083964
2181.265098083964
2181.265098083964
2181.265098083964
2165.498998631453
2161.121270630728
2161.121270630728
2148.2745872301034
2141.5548231528273
2141.5548231528273
2141.5548231528273
2136.6903920887803
2136.6903920887803
2136.6903920887803
2132.8876863533565
2132.8876863533565
2132.414878894999
2132.414878894999
2132.414878894999
2123.8690316369566
2121.5574753639075
2115.483595953396
2115.483595953396
2115.483595953396
2111.3564063808667
2111.3564063808667
2111.3564063808667
2111.3564063808667
2109.078585799703
2108.9624299354227
2102.227609127396
2102.227609127396
2101.4773764494344
2101.021439538372
2101.021439538372
2100.9412944499204
2099.669945690866
2099.669945690866
2098.4232511900877
2098.2818647332733
2098.2818647332733
2098.1948875130092
2097.2902705614897
2096.6537062580246
2096.198852100328
2094.975227464445
2094.975227464445
2094.975227464445
2094.975227464445
2094.310126933057
2093.5062727833847
2093.5062727833847
2093.369280815528
2092.7619415976733
2092.7619415976733
2092.7619415976733
2092.7619415976733
2092.6679695752387
2092.6679695752387
2092.6679695752387
2092.6679695752387
2092.6679695752387
2092.6515836197545
2092.6515836197545
2092.6515836197545
2092.6515836197545
2092.6515836197545
2092.6515836197545
2092.5916549449066
2092.5916549449066
2092.5916549449066
2091.9447732148633
2091.9447732148633
2091.9447732148633
2091.9447732148633
2091.9447732148633
2091.9447732148633
2091.9447732148633
2091.594922342542
2091.594922342542
2091.594922342542
2091.594922342542
2091.594922342542
2091.594922342542
2091.594922342542
2091.594922342542
2091.594922342542
2621.9837862144677
2495.681497215998
2495.681497215998
2359.9959922646526
2359.9959922646526
2359.9959922646526
2359.9959922646526
2253.425012321746
2253.425012321746
2253.425012321746
2253.425012321746
2253.425012321746
2253.425012321746
2242.9404426378374
2242.9404426378374
2232.5403729472555
2232.5403729472555
2232.5403729472555
2220.9581628134283
2203.4982328349743
2203.4982328349743
2197.9331283876454
2192.8987667350725
2189.952297454327
2184.4055477415413
2179.3421443734637
2179.3421443734637
2179.3421443734637
2175.35692046768
2175.0271766654846
2175.0271766654846
2175.0271766654846
2174.2379698336217
2174.2379698336217
2172.2970731323226
2164.2972894630793
2164.2972894630793
2161.780494381939
2158.2010021076153
2154.689537015871
2154.689537015871
2154.689537015871
2152.466210433944
2148.4918069285145
2145.8128147515054
2143.2019797203257
2142.772793990531
2137.143241217702
2126.9190096616057
2121.5448680793606
2116.9344410783133
2114.3330720690606
2110.4762411443025
2109.6277710898394
2105.636941987516
2105.636941987516
2104.692096983785
2104.692096983785
2103.8123644655675
2101.8255149623415
2101.8255149623415
2101.8255149623415
2101.609193084928
2101.208581038377
2101.208581038377
2101.208581038377
2098.743376182039
2098.743376182039
2096.9060287353723
2096.442684141565
2096.1465151077655
2096.1465151077655
2096.086718603736
2094.117093261657
2093.8219786875197
2093.8219786875197
2093.8219786875197
2093.489626901953
2093.489626901953
2093.00073281517
2093.00073281517
2092.311577309417
2092.311577309417
2092.311577309417
2092.0929674440695
2092.0929674440695
2091.9365404029218
2091.6507498744327
2091.3940094718737
2091.3940094718737
2091.3940094718737
2090.892415111093
2090.892415111093
2090.892415111093
2090.892415111093
2090.892415111093
2090.892415111093
2090.892415111093
2090.892415111093
2090.7567722020326
2090.7567722020326
2090.7290860051016
2090.7290860051016
2090.635457737879
2090.635457737879
2090.635457737879
2090.635457737879
2090.635457737879
2090.635457737879
2090.635457737879
2090.635457737879
2090.635457737879
2621.9837862144677
2599.4016908037784
2284.4791393120254
2284.4791393120254
