2553.419022801611
2458.899848914167
2415.270351129273
2275.513910464704
2230.682958405067
2230.682958405067
2230.682958405067
2224.2968876704413
2224.2968876704413
2214.2845339972605
2207.8624530213433
2207.8624530213433
2207.8624530213433
2207.8624530213433
2158.011041706767
2158.011041706767
2158.011041706767
2155.725052706116
2155.725052706116
2146.307278050871
2146.307278050871
2146.307278050871
2143.407433149879
2143.407433149879
2143.407433149879
2129.0741271412744
2126.0553588930447
2126.0553588930447
2124.584108557572
2119.8375221884066
2119.8375221884066
2117.380014048281
2117.380014048281
2117.380014048281
2116.281995974443
2116.281995974443
2116.281995974443
2111.1681629757923
2111.1681629757923
2109.38254625126
2109.280309302394
2109.280309302394
2109.280309302394
2108.6335055385844
2108.6335055385844
2106.4693837223394
2106.4693837223394
2105.2680165218726
2105.2680165218726
2105.2680165218726
2105.146107664702
2103.4403603395726
2103.4403603395726
2103.1148608380004
2103.1148608380004
2101.938866005033
2100.9421365971366
2100.9421365971366
2100.1660890382914
2100.1660890382914
2098.0942246064824
2098.0942246064824
2097.862511770834
2097.495559098741
2097.495559098741
2096.9660543402974
2096.863714144424
2096.863714144424
2096.8522597042993
2096.261279176535
2096.2601847552482
2094.3309856167766
2093.4237616913515
2092.6133969652255
2092.6133969652255
2090.967274393423
2089.98419124
2089.2200724586237
2088.31522527477
2087.18173219588
2087.18173219588
2086.859652502763
2086.859652502763
2086.3995311598255
2086.3995311598255
2086.3995311598255
2086.3995311598255
2086.232235867192
2086.232235867192
2085.1804485811786
2085.1804485811786
2085.1804485811786
2085.1804485811786
2085.1384834202513
2085.1384834202513
2085.1384834202513
2085.1384834202513
2085.1384834202513
2085.1384834202513
2085.1384834202513
2085.1384834202513
2085.1384834202513
2085.0010301889847
2085.0010301889847
2085.0010301889847
2085.0010301889847
2085.0010301889847
2084.0632233871133
2084.0632233871133
2084.0632233871133
2084.0632233871133
2084.0632233871133
2084.0632233871133
2084.0632233871133
2084.0632233871133
2084.0632233871133
2605.8043754358496
2605.8043754358496
2580.8245561335793
2403.961034124228
2350.4861777351693
2323.151796266736
2323.151796266736
2272.1406471596947
2269.202636876401
2269.0394820857423
2207.878936753869
2207.878936753869
2180.366117280033
2180.366117280033
2180.366117280033
2180.366117280033
2180.366117280033
2180.366117280033
2180.366117280033
2180.366117280033
2180.366117280033
2605.8043754358496
2605.8043754358496
2557.728694986804
2297.033929905833
2297.033929905833
2255.9239486216406
2255.9239486216406
2255.9239486216406
2255.9239486216406
2255.9239486216406
2219.721980787233
2219.721980787233
2219.721980787233
2219.721980787233
2219.721980787233
2214.535661736456
2210.249308910039
2206.900303961012
2206.900303961012
2206.900303961012
2195.421696864282
2195.421696864282
2195.421696864282
2191.4009472929897
2191.4009472929897
2191.4009472929897
2191.4009472929897
2187.7595718248917
2180.434083801659
2180.434083801659
2179.6461870095945
2179.6461870095945
2177.5460870279753
2177.5460870279753
2176.908523198963
2175.3517940405122
2174.437935218614
2174.437935218614
2174.3110434979385
2173.2064124089984
2172.766753787065
2171.7539510173665
2170.532163297261
2170.532163297261
2170.532163297261
2169.7757273043935
2169.07158442833
2168.6475533637877
2167.5782725189797
2166.766122487592
2166.766122487592
2166.766122487592
2166.766122487592
2166.4586706226632
2166.03407157408
2166.03407157408
2165.671644942771
2165.671644942771
2165.671644942771
2165.622399848234
2165.622399848234
2165.3754048608334
2165.3754048608334
2165.3754048608334
2164.9033310854115
2164.9033310854115
2164.9033310854115
2164.9033310854115
2164.9033310854115
2164.9033310854115
2164.9033310854115
2164.9033310854115
2164.9033310854115
2164.8052302081574
2163.769518446051
2163.769518446051
2163.769518446051
2163.4694996089243
2163.4694996089243
2163.4694996089243
2163.4694996089243
2163.4694996089243
2163.4694996089243
2163.420626626721
2163.420626626721
2163.420626626721
2163.420626626721
2163.420626626721
2163.36081256497
2163.32398269297
2163.32398269297
2163.32398269297
2163.32398269297
2163.32398269297
2163.32398269297
2163.32398269297
2163.32398269297
2163.32398269297
2605.8043754358496
2585.0719592491732
2585.0719592491732
2469.1445522859667
2469.1445522859667
2469.1445522859667
2469.1445522859667
2469.1445522859667
2469.1445522859667
2462.889584512381
2462.889584512381
2445.62608682429
2445.62608682429
2445.62608682429
2445.62608682429
2445.62608682429
2437.6477989975274
2437.381479173786
2437.381479173786
2433.31977359617
2425.64433120403
2425.64433120403
2425.64433120403
2402.5865416079737
2402.5865416079737
2402.5865416079737
2402.5865416079737
2402.5865416079737
2402.5865416079737
2402.5865416079737
2396.458422484125
2379.535087576453
2379.535087576453
2379.535087576453
2379.535087576453
2353.295707552072
2353.295707552072
2353.295707552072
2353.295707552072
2353.295707552072
2353.295707552072
2353.295707552072
2353.295707552072
2349.186671960122
2345.1515264648406
2344.2366689137107
2344.2366689137107
2340.1357516258777
2340.1357516258777
2340.1357516258777
2340.1357516258777
2335.901656777728
2335.779393250398
2335.021007748298
2335.021007748298
2333.802038911685
2332.1515403117446
2332.1515403117446
2332.0275646778805
2329.6725399135316
2329.6725399135316
2329.6725399135316
2329.6725399135316
2327.4187523051387
2325.0874827651355
2320.7704902875535
2317.9386570242013
2317.9386570242013
2317.2306198431775
2316.7220977871934
2316.3809395932312
2316.305375898602
2315.4004055134187
2314.4609795923816
2314.4609795923816
2314.230042033634
2314.21145807854
2314.1980939754176
2312.473770996965
2312.473770996965
2312.4601239905805
2312.4195931726736
2311.6063053054845
2309.7912285150574
2309.7912285150574
2309.5308857385703
2309.3258920685166
2308.86377626828
2306.496192105039
2303.4135002754974
2303.2095271894223
2297.477332383235
2289.931546292433
2289.931546292433
2289.931546292433
2289.931546292433
2289.3216871477143
2288.618883404968
2288.618883404968
2287.7818716204574
2287.3986003935106
2286.1637587471578
2286.1637587471578
2284.9705891032954
2284.9705891032954
2284.9705891032954
2284.409322375764
2283.7013578984547
2283.597323834015
2283.114563301387
2282.9899915135843
2282.9899915135843
2282.9899915135843
2282.9899915135843
2282.9899915135843
2282.6251757723344
2282.6251757723344
2282.574408939633
2282.565520562544
2282.565520562544
2282.565520562544
2282.3991249039386
2282.3991249039386
2282.3991249039386
2282.196249944655
2282.196249944655
2282.196249944655
2281.4508141646274
2281.4508141646274
2281.4508141646274
2281.4508141646274
2281.4508141646274
2281.4508141646274
2281.4508141646274
2281.4508141646274
2281.4508141646274
2605.8043754358496
2361.7345419220082
2361.7345419220082
2326.402181092203
2326.402181092203
2249.9164470832698
2249.9164470832698
2249.9164470832698
2219.91889272693
2219.5076948134083
2202.9244392534856
2202.9244392534856
2188.016312706717
2188.016312706717
2182.4181699034048
2173.981826424803
2173.981826424803
2172.6055352983017
2172.6055352983017
2148.1229889999813
2146.518007762665
2137.079197489656
2137.079197489656
2129.3652196958797
2120.427643893184
2116.9333562880593
2116.4647168525844
2116.4647168525844
2114.838066505904
2112.2510290348055
2112.2510290348055
2112.2510290348055
2110.8509776386654
2110.8509776386654
2109.9277886132077
2109.9277886132077
2107.132460068457
2104.5538954144263
2104.5538954144263
2104.5538954144263
2104.5538954144263
2104.5538954144263
2104.5538954144263
2104.5538954144263
2104.5538954144263
2104.5538954144263
2103.807538994813
2103.807538994813
2103.807538994813
2103.239770931358
2103.239770931358
2103.239770931358
2103.239770931358
2103.1737160986895
2102.1609989956382
2102.1609989956382
2102.1609989956382
2102.1609989956382
2101.9959415880708
2101.9959415880708
2101.860761489988
2101.803954512797
2101.803954512797
2101.803954512797
2101.1897014550063
2101.1897014550063
2101.1897014550063
2101.1897014550063
2101.1897014550063
2101.1897014550063
2101.1897014550063
2101.1897014550063
2101.1696239021308
2101.1696239021308
2101.1696239021308
2101.155862912228
2101.155862912228
2101.155862912228
2101.155862912228
2101.155862912228
2101.0327384523034
2101.0327384523034
2101.0327384523034
2101.0327384523034
2101.0327384523034
2101.0327384523034
2101.016388113018
2101.016388113018
2101.016388113018
2101.016388113018
2101.016388113018
2101.016388113018
2101.016388113018
2101.016388113018
2101.016388113018
2605.8043754358496
2505.8355793532414
2306.111792171215
2272.788512806275
2272.788512806275
2272.788512806275
2272.788512806275
2272.788512806275
2242.060075024463
2186.542480543868
2186.542480543868
2186.542480543868
2186.542480543868
2170.876714653148
2170.876714653148
2166.764429350437
2152.6554699186686
2149.0158540468774
2149.0158540468774
2149.0158540468774
2149.0158540468774
2149.0158540468774
2149.0158540468774
2149.0158540468774
2146.917944924273
2143.2691288462147
2142.6710120642592
2139.5788022874685
2139.5788022874685
2136.303582919443
2136.303582919443
2136.303582919443
2133.5033874018804
2132.6374334177162
2132.3187487828245
2131.2581394915596
2128.1424092304255
2127.942525895547
2127.0238163168274
2127.0147961157727
2127.0147961157727
2127.0147961157727
2126.608795604092
2126.542786862213
2126.2801408070018
2126.2801408070018
2125.4128200247214
2125.4128200247214
2125.4128200247214
2124.783802848855
2124.783802848855
2124.5541567078153
2124.509451251304
2124.509451251304
2123.9700501579136
2123.9700501579136
2123.390557518475
2123.390557518475
2123.390557518475
2123.390557518475
2122.888872333137
2122.888872333137
2122.888872333137
2122.888872333137
2122.8283853262174
2122.8283853262174
2122.5573939998494
2122.5573939998494
2122.520677496696
2122.2307920467374
2122.028712143928
2122.028712143928
2121.8908729222894
2121.8908729222894
2121.8908729222894
2121.8908729222894
2121.8908729222894
2121.8908729222894
2121.8908729222894
2121.6715045754786
2121.6715045754786
2121.6715045754786
2121.6715045754786
2121.6004677652045
2121.6004677652045
2121.6004677652045
2121.6004677652045
2121.6004677652045
2121.6004677652045
2121.6004677652045
2121.6004677652045
2121.6004677652045
2605.8043754358496
2605.8043754358496
2481.4720513392817
2329.932250319781
2304.2058340059502
2209.461647501439
2209.461647501439
2207.7111007202852
2196.5765655136543
2196.5765655136543
2196.5765655136543
2196.5765655136543
2166.4509518902496
2133.1887411285747
2133.1887411285747
2133.1887411285747
2131.15896812847
2131.15896812847
2126.1957174917648
2117.1850253840043
2112.1029746530016
2108.971183437845
2108.971183437845
2108.971183437845
2108.971183437845
2108.971183437845
2107.9481375216174
2106.363005936738
2106.363005936738
2106.363005936738
2106.363005936738
2106.363005936738
2105.009530080715
2102.976959225139
2100.542936374208
2100.542936374208
2099.2322911614538
2099.2322911614538
2098.4703849644497
2098.4703849644497
2097.5756956911514
2091.5699660604387
2091.5699660604387
2091.5699660604387
2090.114103481678
2088.3277120260695
2088.3277120260695
2088.3277120260695
2088.3277120260695
2087.4796183056915
2083.687475045987
2083.687475045987
2082.2223251843807
2082.2223251843807
2082.2223251843807
2082.2223251843807
2082.174342189171
2082.174342189171
2081.030054247572
2081.030054247572
2081.030054247572
2079.9659425713667
2079.9659425713667
2078.4479500883517
2078.4479500883517
2078.4479500883517
2078.0478267890935
2077.5332462833635
2077.286823299902
2076.9527959182606
2076.9527959182606
2076.9527959182606
2076.7592341865475
2076.7592341865475
2076.7592341865475
2076.7592341865475
2076.7592341865475
2076.7592341865475
2076.7592341865475
2076.7592341865475
2076.7592341865475
2605.8043754358496
2574.109721040662
2479.4916295620405
2333.7631518614708
2266.607127741401
2266.607127741401
2266.607127741401
2266.607127741401
2266.607127741401
2266.607127741401
2266.607127741401
2226.5243956401814
2226.5243956401814
2226.5243956401814
2221.9666911053528
2216.4520332138222
2216.4520332138222
2216.4520332138222
2216.4520332138222
2206.1040663062477
2206.1040663062477
2206.1040663062477
2198.5511774271104
2198.3417639819545
2198.3389326242095
2194.7631612575556
2194.7631612575556
2194.7631612575556
2192.8977607505967
2192.3167091984187
2191.376780767866
2189.1552718711037
2185.9684947673986
2185.9684947673986
2185.9684947673986
2185.5081158559365
2185.5081158559365
2183.904366499026
2183.904366499026
2183.6435059744836
2182.3358950493075
2182.3358950493075
2181.205928599285
2181.0885989580047
2180.627168352436
2180.627168352436
2180.627168352436
2179.9597735002417
2179.9597735002417
2179.9597735002417
2179.9597735002417
2179.481845450756
2179.481845450756
2179.481845450756
2179.1149333468447
2179.1149333468447
2179.1149333468447
2178.845560325716
2178.845560325716
2178.845560325716
2178.815128483361
2178.815128483361
2178.815128483361
2178.735977376252
2178.735977376252
2178.735977376252
2178.735977376252
2178.735977376252
2178.7240287369286
2178.7240287369286
2178.7177148929236
2178.7177148929236
2178.6012171478096
2178.6012171478096
2178.6012171478096
2178.6012171478096
2178.6012171478096
2178.6012171478096
2178.6012171478096
2178.6012171478096
2178.5946442715326
2178.5946442715326
2178.5946442715326
2178.5946442715326
2178.5946442715326
2178.5946442715326
2178.5946442715326
2178.5946442715326
2178.4228231359134
2178.4228231359134
2178.290989517668
2178.290989517668
2178.290989517668
2178.290989517668
2178.290989517668
2178.290989517668
2178.290989517668
2178.290989517668
2178.290989517668
2605.8043754358496
2551.037753660745
2380.996655705267
2331.3062948605625
2206.442139568756
2193.8507679560353
2193.8507679560353
2193.8507679560353
2193.8507679560353
2192.190739128314
2150.7444881608762
2150.7444881608762
2150.7444881608762
2150.7444881608762
2123.67936102088
2123.67936102088
2117.79763550319
2117.79763550319
2115.270726284572
2115.270726284572
2101.2622072979775
2101.2622072979775
2090.6100247165255
2090.6100247165255
2090.6100247165255
2089.2739081042714
2084.451299499383
2084.451299499383
2084.451299499383
2081.84154351483
2080.2969976874037
2078.2407454850336
2078.2407454850336
2078.166939740576
2077.393883033523
2077.0011787604694
2077.0011787604694
2077.0011787604694
2076.125683322775
2075.208831258094
2074.296381864944
2073.930199920683
2073.4717622173457
2073.4717622173457
2072.769323692939
2072.511407910377
2072.2989238645773
2071.229748272942
2071.229748272942
2071.229748272942
2071.229748272942
2071.229748272942
2071.0541722762587
2070.881397342387
2070.881397342387
2068.9760519754473
2068.9760519754473
2068.9760519754473
2068.9760519754473
2068.9760519754473
2068.9760519754473
2068.740092192441
2068.740092192441
2068.740092192441
2068.3275759187527
2068.3275759187527
2068.3275759187527
2068.3275759187527
2068.3275759187527
2068.3275759187527
2068.3275759187527
2068.3275759187527
2068.2747507079107
2068.2747507079107
2068.2747507079107
2068.2747507079107
2068.2747507079107
2068.2747507079107
2068.2747507079107
2068.2747507079107
2068.067514430895
2068.067514430895
2068.067514430895
2068.067514430895
2068.067514430895
2068.058426989249
2068.058426989249
2067.541259721033
2067.541259721033
2067.407252242883
2067.407252242883
2067.407252242883
2067.407252242883
2067.407252242883
2067.1811370690184
2067.1811370690184
2067.1811370690184
2067.1811370690184
2066.7901524566037
2066.7901524566037
2066.7901524566037
2066.7901524566037
2066.7901524566037
2066.7901524566037
2066.7901524566037
2066.7901524566037
2066.5284351194186
2066.5284351194186
2066.5284351194186
2066.5284351194186
2066.5284351194186
2066.5284351194186
2066.5284351194186
2066.5284351194186
2066.5284351194186
2605.8043754358496
2598.714078514554
2478.4352694250338
2456.974969000988
2456.974969000988
2456.974969000988
2456.974969000988
2456.974969000988
2207.164521700017
2205.816700328034
2205.816700328034
2203.2243650767505
2203.2243650767505
2203.2243650767505
2192.8844466969826
2174.0172145815545
2156.583545671432
2156.583545671432
2131.103888585929
2131.103888585929
2131.103888585929
2131.103888585929
2131.103888585929
2124.8557855189324
2113.888102362549
2113.888102362549
2105.1927498064806
2105.1927498064806
2105.1927498064806
2099.7143107016573
2099.7143107016573
2099.7143107016573
2096.03070000522
2096.03070000522
2096.03070000522
2096.03070000522
2096.03070000522
2096.0039354857895
2093.0232702140324
2092.4693911441063
2091.22554418237
2090.5793731000504
2090.481506636811
2089.4736246369075
2089.4736246369075
2089.024257737581
2089.024257737581
2087.9471952973245
2087.6129586641327
2085.990165563803
2085.990165563803
2085.990165563803
2085.990165563803
2085.990165563803
2085.990165563803
2085.990165563803
2085.990165563803
2085.225354180555
2085.225354180555
2085.1091129786746
2085.1091129786746
2084.8684774561684
2084.4347843494975
2084.4347843494975
2083.5959649734577
2083.5959649734577
2083.5959649734577
2083.5959649734577
2083.5959649734577
2083.5959649734577
2083.5959649734577
2083.5959649734577
2083.5959649734577
2605.8043754358496
2605.8043754358496
2486.602128338342
2486.602128338342
2486.602128338342
2287.0653602875677
2273.2656197831593
2206.5998890962946
2206.5998890962946
2206.5998890962946
2206.5998890962946
2206.5998890962946
2206.5998890962946
2204.364237475653
2182.4186529083354
2182.4186529083354
2172.7734705838134
2163.873150831433
2163.873150831433
2161.128060792171
2161.128060792171
2161.128060792171
2161.128060792171
2153.3731737567573
2153.3731737567573
2151.5149591015997
2148.2359484905805
2146.598008534829
2144.0984091030246
2143.9700918000967
2143.9700918000967
2139.0670654666424
2139.0670654666424
2139.0670654666424
2137.329047581848
2133.6205189349716
2132.8354730739097
2132.8354730739097
2132.777418246759
2132.354036531468
2130.2229502839455
2130.2229502839455
2129.964202324919
2129.964202324919
2129.964202324919
2129.964202324919
2128.8376576824294
2128.8376576824294
2128.8376576824294
2128.8376576824294
2128.8376576824294
2128.487324110535
2128.487324110535
2127.9521197928043
2127.9521197928043
2127.9521197928043
2127.3893592146323
2127.3893592146323
2127.3893592146323
2127.363636337394
2127.363636337394
2127.363636337394
2127.363636337394
2126.5250618149544
2126.5250618149544
2126.5250618149544
2126.5250618149544
2126.5250618149544
2126.5250618149544
2126.5250618149544
2126.5250618149544
2126.5250618149544
2605.8043754358496
2417.996356644134
2413.6355488029576
