2475.0293482196907
2457.9486791449676
2351.905549435387
2302.1342095823493
2302.1342095823493
2302.1342095823493
2302.1342095823493
2276.1622605023044
2276.1622605023044
2276.1622605023044
2276.1622605023044
2239.868544746716
2239.868544746716
2239.868544746716
2239.868544746716
2239.868544746716
2230.4196140825547
2230.4196140825547
2226.94054655861
2226.94054655861
2226.94054655861
2226.94054655861
2220.0842766244286
2220.0842766244286
2208.7981203405006
2204.9980164501894
2202.0577209446055
2202.0577209446055
2202.0577209446055
2200.242101576623
2200.242101576623
2199.1132999823653
2196.5061558934935
2196.5061558934935
2196.5061558934935
2196.3073531742057
2196.3073531742057
2195.813159932549
2195.813159932549
2195.813159932549
2194.870976983354
2193.849046156296
2193.849046156296
2193.849046156296
2193.849046156296
2193.685546077362
2193.685546077362
2193.685546077362
2193.5245367061666
2193.5245367061666
2192.421183969383
2192.421183969383
2192.3973793626606
2192.3973793626606
2192.056439044428
2191.265848106274
2191.177390575668
2191.177390575668
2190.0608489836136
2190.0608489836136
2190.0608489836136
2189.6121117790203
2189.6121117790203
2188.9871781938305
2188.9871781938305
2188.9871781938305
2188.8370918531955
2188.8370918531955
2188.8370918531955
2188.8370918531955
2188.4029019914205
2188.4029019914205
2188.4029019914205
2188.40184362743
2188.40184362743
2188.40184362743
2188.40184362743
2188.40184362743
2187.989382616231
2187.989382616231
2187.989382616231
2187.989382616231
2187.989382616231
2187.989382616231
2187.989382616231
2187.852612403526
2187.4980382638873
2187.4980382638873
2186.782608040728
2186.595036067856
2186.595036067856
2186.5325276174663
2186.5325276174663
2186.5325276174663
2186.5325276174663
2186.5325276174663
2186.5325276174663
2186.5325276174663
2186.5325276174663
2186.34180345698
2186.34180345698
2186.34180345698
2186.34180345698
2186.34180345698
2186.34180345698
2186.34180345698
2186.34180345698
2186.34180345698
2186.097717283755
2186.097717283755
2186.097717283755
2186.097717283755
2186.097717283755
2185.599887873821
2185.599887873821
2185.599887873821
2185.599887873821
2185.599887873821
2185.599887873821
2185.599887873821
2185.599887873821
2185.599887873821
2558.0590050630085
2384.688909756657
2384.688909756657
2362.672313710029
2307.9834240723944
2307.9834240723944
2252.9428282688336
2252.9428282688336
2252.9428282688336
2252.9428282688336
2245.677618268864
2238.6754714677904
2238.6754714677904
2238.6754714677904
2196.8086555527907
2196.8086555527907
2196.8086555527907
2196.8086555527907
2196.8086555527907
2194.9341003630075
2188.5357015498844
2188.5357015498844
2184.501928160725
2175.3165369763233
2174.334656344842
2173.2260616300755
2171.9198121083323
2171.9198121083323
2170.2306670681637
2170.2306670681637
2170.2306670681637
2169.117792007619
2168.8132866463548
2168.8132866463548
2168.8132866463548
2168.8132866463548
2167.92499055434
2167.92499055434
2166.384026802976
2166.384026802976
2166.384026802976
2166.384026802976
2165.659732698313
2164.5228619099576
2163.2084850696415
2162.9720362068815
2161.6300418576457
2159.767519841738
2159.767519841738
2158.716589977073
2157.327176112117
2157.327176112117
2157.1447448896147
2157.1447448896147
2157.118086113996
2156.7248780497107
2155.873844003807
2155.873844003807
2155.873844003807
2155.873844003807
2155.873844003807
2155.4691000655203
2155.029084434013
2154.9748801935975
2154.9748801935975
2154.9748801935975
2154.9748801935975
2154.9748801935975
2154.9748801935975
2154.9748801935975
2154.8819438954247
2154.7490569194147
2154.619978513019
2154.533254504888
2154.533254504888
2154.533254504888
2154.149679632875
2154.149679632875
2153.7174893690362
2153.7174893690362
2153.7174893690362
2153.7174893690362
2153.7174893690362
2153.7174893690362
2153.7174893690362
2153.7174893690362
2153.6676949472503
2153.6676949472503
2153.632740424902
2152.9063052166507
2144.7097777015533
2140.3896883814996
2139.47668719035
2139.086854676183
2135.4033808016843
2135.4033808016843
2135.4033808016843
2134.515911903756
2133.4701929144453
2133.4701929144453
2133.2619106908137
2133.2619106908137
2133.2619106908137
2131.2222445460893
2131.191421833947
2131.191421833947
2130.9115942209673
2130.678297448201
2130.2216496011088
2128.6230105793784
2128.6230105793784
2127.128095137711
2127.128095137711
2127.128095137711
2127.128095137711
2127.128095137711
2127.128095137711
2126.2833292810965
2126.2833292810965
2126.2833292810965
2126.2774645601407
2126.2774645601407
2125.3755215372903
2125.3755215372903
2125.3755215372903
2125.3755215372903
2125.3755215372903
2125.3755215372903
2125.3755215372903
2125.3755215372903
2125.3755215372903
2558.0590050630085
2456.178480452684
2416.3047783767215
2416.3047783767215
2374.1903748658824
2350.274137215745
2350.274137215745
2350.274137215745
2290.390675875524
2290.390675875524
2290.390675875524
2290.173971294511
2269.2231300777553
2269.2231300777553
2264.9342415488964
2253.4839795999696
2253.4839795999696
2253.4839795999696
2253.4839795999696
2253.4839795999696
2246.933030808089
2246.933030808089
2229.0726394311773
2229.0726394311773
2229.0726394311773
2221.791722629486
2221.791722629486
2221.791722629486
2221.791722629486
2221.2517088297914
2219.8332610306707
2218.3738830530574
2218.3738830530574
2217.8232961444273
2212.966627315157
2212.966627315157
2212.966627315157
2212.966627315157
2208.4700582063806
2208.4700582063806
2207.4558525566545
2206.428982900483
2206.428982900483
2206.428982900483
2204.4729100129066
2204.4729100129066
2204.4729100129066
2204.4729100129066
2203.9977037181643
2202.6418404989686
2201.9732097023716
2201.9732097023716
2201.8542202031053
2201.8542202031053
2201.677473376281
2201.268054928256
2199.1283898012903
2199.1283898012903
2199.1283898012903
2199.1283898012903
2199.1283898012903
2199.1283898012903
2199.1283898012903
2199.1283898012903
2199.1283898012903
2192.301588106772
2161.0178024084025
2152.787769711761
2152.787769711761
2152.787769711761
2152.787769711761
2140.017825630223
2140.017825630223
2099.708280511153
2099.708280511153
2099.708280511153
2099.708280511153
2099.708280511153
2099.708280511153
2095.119406646138
2087.383194568896
2087.383194568896
2087.383194568896
2086.3759768380314
2086.3759768380314
2086.3759768380314
2086.3759768380314
2084.916738624648
2084.916738624648
2084.916738624648
2082.3932567180045
2082.3932567180045
2082.3932567180045
2082.3932567180045
2082.3932567180045
2081.7382991044497
2081.7382991044497
2081.658786656787
2079.5580139731956
2077.086458895298
2077.086458895298
2076.2142954500537
2076.2142954500537
2075.9916151289804
2075.9916151289804
2075.9916151289804
2075.9916151289804
2075.886095370241
2075.886095370241
2075.886095370241
2074.189233986527
2072.7206423730645
2071.30385235243
2071.30385235243
2068.7243538385783
2068.7243538385783
2068.7243538385783
2068.5314488109434
2068.5314488109434
2067.071771514735
2067.071771514735
2067.071771514735
2067.071771514735
2067.0662481225636
2067.0662481225636
2064.9650946480015
2064.9650946480015
2064.9650946480015
2064.9650946480015
2064.9650946480015
2064.5631246102776
2062.856956208974
2061.3977875697533
2059.420970859043
2058.3236751112795
2058.3236751112795
2058.3236751112795
2057.121638105906
2057.121638105906
2057.121638105906
2056.782142198409
2056.3314181762703
2056.3314181762703
2055.918165002358
2054.0558451347783
2051.922432799803
2051.531369686808
2051.531369686808
2051.531369686808
2050.867382581226
2050.867382581226
2050.3787926055093
2050.3787926055093
2049.740361299263
2049.740361299263
2049.740361299263
2049.740361299263
2049.256691898191
2049.256691898191
2049.0220482394834
2049.0220482394834
2047.759805230899
2047.759805230899
2047.759805230899
2047.759805230899
2047.759805230899
2047.759805230899
2047.759805230899
2047.759805230899
2047.759805230899
2558.0590050630085
2315.824395542492
2315.824395542492
2315.824395542492
2272.1357277009283
2217.3476501503555
2217.3476501503555
2217.3476501503555
2217.3476501503555
2217.3476501503555
2217.3476501503555
2217.3476501503555
2216.3200081893365
2204.638169832417
2195.773726717771
2195.773726717771
2175.8860181021173
2175.8860181021173
2175.8860181021173
2175.8860181021173
2175.8860181021173
2175.8860181021173
2175.8211378699025
2172.399875690663
2169.5110299153957
2169.5110299153957
2163.6540037718137
2163.6540037718137
2163.6540037718137
2163.6540037718137
2163.6540037718137
2163.0676198829888
2162.2235678460997
2161.142997201235
2157.136331023473
2156.17812459965
2156.17812459965
2156.17812459965
2152.858505281117
2150.781812169159
2147.961849592121
2145.5810250735713
2145.3510052345937
2144.7591195961554
2143.4492361599378
2143.4492361599378
2142.095411648485
2142.095411648485
2142.095411648485
2141.3124992350495
2141.3124992350495
2141.3124992350495
2141.3124992350495
2141.3124992350495
2141.1762324790243
2140.569592943597
2140.569592943597
2140.569592943597
2140.569592943597
2140.108326477409
2140.108326477409
2139.869285756394
2139.869285756394
2139.486433559345
2139.486433559345
2139.486433559345
2139.3693421902935
2139.3693421902935
2138.701252618421
2138.701252618421
2138.701252618421
2138.701252618421
2138.701252618421
2138.701252618421
2138.701252618421
2138.536148704435
2138.393131847412
2138.393131847412
2138.393131847412
2138.393131847412
2138.393131847412
2138.393131847412
2138.393131847412
2138.393131847412
2138.393131847412
2558.0590050630085
2346.829175041951
2346.829175041951
2294.1767900092664
2189.611107345517
2189.611107345517
2189.611107345517
2189.611107345517
2189.611107345517
2189.611107345517
2189.611107345517
2189.611107345517
2174.5681749717305
2174.5681749717305
2174.5681749717305
2174.5681749717305
2174.5681749717305
2174.5681749717305
2174.5681749717305
2168.7569566449547
2168.7569566449547
2168.7569566449547
2168.7569566449547
2157.0193341988497
2150.806701478439
2149.6409139785114
2149.6409139785114
2141.0818846357392
2141.0818846357392
2137.6053966650684
2137.6053966650684
2136.1254124277516
2136.1254124277516
2135.700537362062
2133.144891290172
2132.992961263183
2132.992961263183
2132.83959720569
2130.8335743867765
2130.2883184597313
2128.547698290196
2128.534759462774
2127.6587632079504
2127.6587632079504
2127.6587632079504
2127.6587632079504
2126.775351099108
2126.775351099108
2126.775351099108
2125.836394966998
2125.836394966998
2125.5216900230503
2125.499549643948
2125.2938866176305
2125.2916185732024
2124.8151775784763
2124.680817029728
2124.4178852539753
2124.4178852539753
2123.6191797528045
2123.299236023269
2123.299236023269
2123.299236023269
2123.299236023269
2123.054161362544
2122.4292898940557
2122.4292898940557
2122.4292898940557
2122.4292898940557
2122.411949622113
2122.411949622113
2122.166675860982
2122.166675860982
2122.166675860982
2121.788217436634
2121.5183903639713
2121.5183903639713
2121.5183903639713
2121.3238408616417
2121.3238408616417
2121.3238408616417
2121.3238408616417
2121.3238408616417
2121.3238408616417
2121.3238408616417
2121.3238408616417
2120.940563938842
2120.940563938842
2120.940563938842
2120.940563938842
2120.940563938842
2120.940563938842
2120.940563938842
2120.940563938842
2120.940563938842
2558.0590050630085
2423.014209159602
2410.4632776842564
2359.254169377972
2312.6182583224795
2283.5968495933926
2283.5968495933926
2268.5409844780593
2232.954017943361
2232.954017943361
2232.954017943361
2232.954017943361
2225.3021701306347
2225.3021701306347
2225.3021701306347
2224.6466795281976
2167.328470301616
2167.328470301616
2167.328470301616
2167.328470301616
2162.72425602206
2162.72425602206
2162.4378192951244
2152.994827341457
2152.994827341457
2152.0412790472515
2152.0412790472515
2148.7171007610923
2146.872678460887
2145.7388886810645
2141.2561951184693
2140.0655615809833
2140.0655615809833
2140.0655615809833
2138.018532832349
2137.362020961848
2136.88899744992
2136.88899744992
2136.6504605170753
2136.6504605170753
2136.6504605170753
2136.5486002405582
2136.141900285936
2135.819573097533
2135.819573097533
2135.819573097533
2135.5661131929533
2135.5661131929533
2135.5661131929533
2134.8408705674606
2134.8408705674606
2134.8408705674606
2134.8408705674606
2134.4984784535395
2134.4984784535395
2134.4984784535395
2134.4984784535395
2134.4984784535395
2134.4984784535395
2134.396370802593
2134.396370802593
2134.396370802593
2134.396370802593
2134.066433473466
2134.066433473466
2134.0503929577785
2134.0503929577785
2133.9615659890796
2133.9615659890796
2133.9615659890796
2133.9615659890796
2133.860263658658
2133.860263658658
2133.762599921674
2133.762599921674
2133.762599921674
2133.762599921674
2133.4969890480293
2133.4969890480293
2133.4969890480293
2133.482231614134
2133.482231614134
2133.1707026670374
2133.1707026670374
2133.1707026670374
2133.1707026670374
2133.1707026670374
2133.1707026670374
2133.1707026670374
2133.1475101871374
2133.1475101871374
2133.1475101871374
2133.1475101871374
2133.1475101871374
2133.1475101871374
2133.1475101871374
2133.1475101871374
2133.086093198408
2133.086093198408
2133.086093198408
2133.086093198408
2133.086093198408
2133.086093198408
2133.0748367995475
2133.0748367995475
2133.0748367995475
2133.0748367995475
2133.0748367995475
2133.0748367995475
2133.0748367995475
2133.0748367995475
2133.0748367995475
2558.0590050630085
2358.05589739917
2358.05589739917
2337.261646317711
2289.0805918910287
2252.634576805383
2252.634576805383
2219.570768231581
2219.570768231581
2219.570768231581
2219.570768231581
2219.570768231581
2218.336538174994
2218.336538174994
2218.336538174994
2215.0207026486596
2209.5459944873933
2197.612531664482
2197.612531664482
2189.779926877745
2185.840156335152
2185.840156335152
2185.840156335152
2185.0837988293442
2181.8333871623518
2181.8333871623518
2180.3423193406297
2178.012731281402
2178.012731281402
2178.012731281402
2178.012731281402
2176.856728273793
2176.6332395940744
2176.6332395940744
2168.935567518005
2167.876251387417
2160.971180079961
2160.971180079961
2160.971180079961
2160.394741024775
2160.2960540816166
2160.2960540816166
2159.7231361502045
2159.4959026293195
2159.2066471805188
2159.2066471805188
2157.9734850948294
2157.397242779723
2157.397242779723
2156.714328285786
2156.301553611626
2155.661790854206
2154.708000907699
2154.708000907699
2154.0857767644184
2154.0857767644184
2154.0857767644184
2153.045850885931
2152.681486253741
2152.681486253741
2152.4852073663196
2151.972887863441
2151.972887863441
2151.480231804893
2151.480231804893
2151.480231804893
2151.480231804893
2151.480231804893
2151.3959726233143
2150.935090888249
2150.4689967285744
2150.4689967285744
2150.296662334562
2150.296662334562
2150.296662334562
2149.9721751142324
2149.353402153973
2149.262365638651
2149.262365638651
2149.262365638651
2148.852990167511
2148.852990167511
2148.852990167511
2148.852990167511
2148.6385819983016
2148.6385819983016
2148.2192626407927
2148.2192626407927
2148.2192626407927
2148.2192626407927
2148.2192626407927
2148.2192626407927
2148.2192626407927
2148.2192626407927
2148.2192626407927
2558.0590050630085
2435.5056791058314
2435.5056791058314
2389.559146945432
2389.559146945432
2332.842506803908
2317.9195433845093
2284.4984124960824
2195.4451058331388
2195.4451058331388
2195.4451058331388
2195.4451058331388
2195.4451058331388
2195.4451058331388
2195.4451058331388
2195.4451058331388
2176.8068022913826
2176.8068022913826
2176.8068022913826
2171.018973491113
2171.018973491113
2167.360740536702
2151.3326537363246
2146.5608806937457
2146.5608806937457
2136.8000722309607
2136.8000722309607
2133.012294202859
2133.012294202859
2133.012294202859
2133.012294202859
2129.190409176271
2127.5693479167376
2127.5693479167376
2125.014425426974
2125.014425426974
2124.1696640767386
2124.1696640767386
2124.1696640767386
2123.9124023312575
2123.9124023312575
2123.9124023312575
2123.9124023312575
2122.814079396639
2122.814079396639
2122.814079396639
2122.814079396639
2122.814079396639
2122.573509352845
2122.573509352845
2122.270283346369
2121.452047053594
2121.452047053594
2120.884345372207
2120.884345372207
2120.884345372207
2120.884345372207
2120.884345372207
2120.884345372207
2120.884345372207
2120.884345372207
2120.4957040393156
2120.4957040393156
2120.4957040393156
2120.4957040393156
2120.4292661971476
2120.4292661971476
2120.4292661971476
2119.8715210814707
2119.8715210814707
2119.8715210814707
2119.8715210814707
2119.8715210814707
2119.8715210814707
2119.8715210814707
2119.8715210814707
2119.8715210814707
2558.0590050630085
2362.4366714010007
2362.4366714010007
2362.4366714010007
2362.4366714010007
2362.4366714010007
2362.4366714010007
2362.4366714010007
2358.0334961882604
2358.0334961882604
2319.8829769967488
2319.477650927237
2297.954766798968
2297.954766798968
2297.954766798968
2297.954766798968
2297.954766798968
2297.954766798968
2297.954766798968
2275.0951180271654
2275.0951180271654
2275.0951180271654
2250.7691814081804
2249.340922520222
2249.340922520222
2248.612664723445
2244.733512072104
2244.733512072104
2232.595017304926
2232.595017304926
2230.3328804180132
2228.099133105868
2228.099133105868
2226.8644329758754
2226.8644329758754
2222.1107043793913
2222.1107043793913
2218.9287006489662
2213.8292131381036
2213.8292131381036
2213.8292131381036
2211.69833033978
2211.3097955389458
2208.905795478061
2208.344789875274
2208.344789875274
2208.052791372018
2207.1476572161937
2207.1476572161937
2206.091013339419
2205.1001670171518
2205.1001670171518
2205.0992484310555
2204.5310069029383
2202.867589639011
2202.867589639011
2201.245970954809
2201.245970954809
2199.6729336804156
2199.6729336804156
2199.6729336804156
2198.9969610394865
2198.9969610394865
2198.7758614672557
2198.7758614672557
2198.6243118376096
2198.374079284699
2198.374079284699
2198.3075774696445
2198.0909420956273
2197.9199091773808
2197.9199091773808
2197.549986662057
2197.549986662057
2197.549986662057
2197.549986662057
2197.491255463696
2197.422544627
2196.88051359371
2196.088215363544
2196.088215363544
2196.088215363544
2195.5678389690543
2195.308029953793
2195.308029953793
2194.513941814054
2193.187213370298
2193.187213370298
2193.0834677244825
2193.0834677244825
2192.9005456272316
2192.9005456272316
2192.9005456272316
2192.9005456272316
2192.9005456272316
2192.8741444228144
2192.8741444228144
2192.6630021945875
2192.6630021945875
2192.6630021945875
2192.6630021945875
2192.565169933507
2192.565169933507
2192.1046635498574
2192.1046635498574
2192.1046635498574
2192.1046635498574
2191.9689526065035
2191.9689526065035
2191.9102394209485
2191.9102394209485
2191.9102394209485
2191.9102394209485
2191.9102394209485
