2428.9691673797915
2347.258169051067
2347.258169051067
2298.2379581152104
2298.2379581152104
2298.2379581152104
2260.961969783299
2237.6389778976127
2214.4034150436473
2214.4034150436473
2214.4034150436473
2214.4034150436473
2214.4034150436473
2197.809905181645
2195.987289102538
2186.599700708738
2186.599700708738
2163.410117285335
2154.4879601034636
2154.4879601034636
2154.4879601034636
2154.4879601034636
2154.4879601034636
2154.4879601034636
2152.8699030140087
2152.8699030140087
2147.9607168204675
2146.5027341128025
2143.5258790879666
2138.9580755868146
2093.959533951116
2093.959533951116
2093.959533951116
2085.9515268794976
2068.9388021695368
2068.9388021695368
2068.9388021695368
2068.534111666246
2068.534111666246
2068.534111666246
2068.534111666246
2061.765102186276
2061.765102186276
2057.879087198005
2057.879087198005
2057.879087198005
2055.1098491232515
2055.1098491232515
2055.1098491232515
2055.1098491232515
2053.768743322682
2053.768743322682
2052.3494499489266
2052.3494499489266
2052.3494499489266
2052.3494499489266
2052.3494499489266
2051.743610367875
2051.3794300163986
2050.9292269517837
2050.7326890426793
2050.7326890426793
2050.7326890426793
2050.7326890426793
2050.309458387013
2049.992850044166
2049.992850044166
2049.9235205412415
2049.9235205412415
2049.7437773384054
2049.7437773384054
2049.7437773384054
2049.7437773384054
2049.350717258777
2049.350717258777
2049.3348705430153
2049.3348705430153
2049.29439464537
2049.29439464537
2049.29439464537
2049.29439464537
2049.29439464537
2049.29439464537
2049.29439464537
2049.29439464537
2049.29439464537
2645.8281833442315
2590.932452922145
2449.417801960628
2449.417801960628
2370.5125233039075
2370.5125233039075
2370.5125233039075
2352.944800593327
2352.944800593327
2295.509956247989
2295.509956247989
2295.509956247989
2271.826589002167
2257.190697878929
2257.190697878929
2257.190697878929
2257.190697878929
2257.190697878929
2257.190697878929
2233.9810278199716
2232.8635145868557
2219.0949503812585
2216.66794359955
2216.66794359955
2211.2731513151284
2211.2731513151284
2209.7574890574506
2209.7574890574506
2209.7574890574506
2205.9753106022076
2201.3843013127744
2193.9213384823433
2193.26493980563
2189.796489899869
2189.796489899869
2188.9988426599725
2188.7376567442134
2184.683002943427
2184.683002943427
2184.2880943739233
2184.2880943739233
2182.9377029805987
2181.690641729456
2178.5753561727415
2176.89308719176
2176.89308719176
2176.828146680259
2174.2030384697296
2174.2030384697296
2174.2030384697296
2174.2030384697296
2172.5968235192736
2172.5968235192736
2172.5968235192736
2172.5968235192736
2172.5968235192736
2172.126195418601
2172.126195418601
2166.779936349899
2165.468884444515
2163.767663028987
2163.5081078890466
2163.5081078890466
2163.5081078890466
2161.3562394810638
2156.5188593283115
2156.5188593283115
2150.830149126008
2150.830149126008
2150.830149126008
2150.830149126008
2148.8038321442464
2148.8038321442464
2144.516516554391
2144.516516554391
2144.516516554391
2142.962104606966
2142.5819469058047
2142.5819469058047
2142.5819469058047
2140.998544232086
2140.998544232086
2140.8852422048503
2140.679879550707
2139.8778182654605
2139.8385544710477
2138.5448886432782
2138.5448886432782
2135.7297922290236
2130.5357436479994
2127.373644949561
2127.373644949561
2127.373644949561
2126.228212329671
2126.0126689238778
2126.0126689238778
2125.1654840078663
2125.1654840078663
2125.1654840078663
2123.532041904991
2122.8563164781376
2122.8563164781376
2122.8563164781376
2122.8563164781376
2122.1779475389885
2122.0634011320617
2121.8107136692365
2121.8107136692365
2121.8107136692365
2121.244560394302
2121.244560394302
2121.244560394302
2121.244560394302
2120.6112740383574
2120.6112740383574
2120.6112740383574
2120.6112740383574
2120.6112740383574
2120.6112740383574
2120.6112740383574
2120.6112740383574
2120.6112740383574
2120.438880073531
2120.438880073531
2119.985797831506
2119.985797831506
2119.985797831506
2119.985797831506
2119.985797831506
2119.985797831506
2119.985797831506
2119.985797831506
2119.985797831506
2645.8281833442315
2513.836529945851
2492.309707213219
2481.626236543698
2324.6229758063278
2296.1287517300757
2296.1287517300757
2288.0436876861286
2288.0436876861286
2288.0436876861286
2288.0436876861286
2265.9054487673457
2249.859972944857
2249.859972944857
2249.859972944857
2249.859972944857
2239.086301075342
2239.086301075342
2236.6766549816602
2236.6766549816602
2236.6766549816602
2227.0355817934774
2227.0355817934774
2212.1835556092306
2199.094186888612
2171.3282965460376
2167.3048706728646
2155.770121101548
2155.770121101548
2155.770121101548
2155.770121101548
2155.770121101548
2155.375525847466
2154.8308185192654
2154.377928264828
2154.377928264828
2150.405410441346
2150.405410441346
2147.9518932011847
2147.9518932011847
2145.626073013973
2143.824859987988
2141.804604541966
2140.671670651567
2139.84672222531
2139.84672222531
2138.948381076206
2138.948381076206
2138.948381076206
2138.948381076206
2138.948381076206
2138.948381076206
2138.7569972800457
2138.6356732755635
2138.1755327282212
2138.1755327282212
2137.6599070384286
2137.2849010258797
2137.2849010258797
2137.140003621552
2136.321864639868
2135.864056854132
2133.8071106740013
2133.797705520801
2133.797705520801
2132.9631393758286
2132.9631393758286
2132.5572091908616
2132.5572091908616
2131.9588906740332
2131.9588906740332
2131.9588906740332
2131.9588906740332
2131.3898927204873
2131.3898927204873
2131.3898927204873
2131.267679776339
2131.267679776339
2131.1802088803156
2131.1802088803156
2131.1430863607693
2131.1430863607693
2131.1430863607693
2131.1430863607693
2131.1430863607693
2130.778660967468
2130.778660967468
2130.773002624632
2130.773002624632
2130.773002624632
2130.773002624632
2130.657202253865
2130.657202253865
2130.494720232662
2130.494720232662
2130.494720232662
2130.494720232662
2130.494720232662
2130.494720232662
2130.494720232662
2130.494720232662
2130.494720232662
2645.8281833442315
2645.8281833442315
2507.70944960668
2507.70944960668
2476.560757775439
2476.560757775439
2397.1565520093127
2397.1565520093127
2397.1565520093127
2390.7027776155196
2358.8843084467
2315.8661686246683
2315.8661686246683
2315.8661686246683
2275.8738647045834
2275.8738647045834
2271.512646350787
2210.3977764100064
2205.408523479863
2205.408523479863
2205.408523479863
2205.408523479863
2205.408523479863
2188.320321138082
2188.320321138082
2186.0895064251763
2185.306845751302
2185.306845751302
2185.306845751302
2185.306845751302
2185.306845751302
2176.604450149329
2165.054398803985
2155.668901013226
2155.668901013226
2155.668901013226
2155.668901013226
2155.668901013226
2153.0167201620498
2146.8354403351996
2141.5066559276206
2141.5066559276206
2136.1633641347935
2136.1633641347935
2133.7091643697217
2133.7091643697217
2131.152151881879
2131.152151881879
2128.124183797707
2128.124183797707
2127.401010506499
2127.126962501814
2127.126962501814
2127.126962501814
2127.126962501814
2127.126962501814
2125.75235597773
2125.75235597773
2125.1708114778235
2122.52181173893
2122.52181173893
2122.52181173893
2122.52181173893
2122.52181173893
2121.5037122996755
2121.5037122996755
2121.5037122996755
2120.95367904103
2120.95367904103
2120.8303778842524
2120.8303778842524
2120.124791940221
2119.602696261537
2119.3720702313644
2119.3720702313644
2119.113317154817
2119.113317154817
2119.113317154817
2119.113317154817
2119.113317154817
2118.889613770631
2118.889613770631
2118.8588334318733
2118.8588334318733
2118.597426850355
2118.597426850355
2117.909463500672
2117.909463500672
2117.909463500672
2117.909463500672
2117.909463500672
2117.909463500672
2117.909463500672
2117.909463500672
2117.726589213161
2117.5026998914827
2117.5026998914827
2117.5026998914827
2117.5026998914827
2117.3243485065873
2117.2651421000733
2117.2651421000733
2117.2651421000733
2117.2651421000733
2117.2651421000733
2117.2135805115845
2117.2135805115845
2117.2135805115845
2117.2135805115845
2117.095047773383
2117.095047773383
2117.095047773383
2117.0367629072025
2117.0367629072025
2117.0367629072025
2116.705708687658
2116.705708687658
2116.705708687658
2116.705708687658
2116.705708687658
2116.4510879005334
2116.4510879005334
2116.4510879005334
2116.4510879005334
2116.4510879005334
2116.4510879005334
2116.4510879005334
2116.4510879005334
2116.4510879005334
2645.8281833442315
2382.7711268938847
2382.7711268938847
2366.092965936835
2366.092965936835
2366.092965936835
2335.4793656649395
2312.523748035962
2297.5948131613454
2221.4920580463136
2221.4920580463136
2221.4920580463136
2221.4920580463136
2221.4920580463136
2220.5033297904865
2203.3952428851408
2203.3952428851408
2187.44163066466
2187.44163066466
2165.479380853165
2156.020267459399
2155.9477772050727
2155.9477772050727
2152.5715541059803
2135.1483125470013
2135.1483125470013
2135.1483125470013
2123.1482183307817
2123.1482183307817
2123.1482183307817
2113.1107509597105
2113.1107509597105
2111.354241346754
2104.5155992294563
2104.5155992294563
2104.098602440403
2098.211495349908
2098.211495349908
2098.211495349908
2094.6489858617333
2094.6489858617333
2094.2853780920377
2092.254536342475
2092.254536342475
2092.051895337464
2090.7257725492123
2089.858171222822
2089.858171222822
2089.2913183460846
2088.0360391595573
2088.0360391595573
2088.0360391595573
2088.0360391595573
2087.9663111209957
2087.9663111209957
2087.678204855738
2087.4146983460187
2087.4146983460187
2087.368875161046
2087.286726857103
2087.286726857103
2086.61440372144
2086.012106795251
2085.9789792475
2085.7071676555743
2085.518971267962
2085.518971267962
2085.518971267962
2085.428736376414
2085.428736376414
2085.428736376414
2085.428736376414
2085.428736376414
2085.428736376414
2085.428736376414
2085.199057896976
2085.199057896976
2085.199057896976
2084.9500283927196
2084.4851693883393
2084.4851693883393
2084.4851693883393
2084.0775688608755
2084.0775688608755
2084.0775688608755
2084.0775688608755
2084.0775688608755
2084.0775688608755
2084.0775688608755
2084.0775688608755
2084.0775688608755
2645.8281833442315
2455.999461212211
2455.999461212211
2389.490334940044
2278.2006728628885
2243.176349944951
2243.176349944951
2243.176349944951
2230.5568544986577
2213.517441237583
2189.94007961499
2189.94007961499
2179.633843982064
2179.633843982064
2179.633843982064
2179.633843982064
2179.633843982064
2179.633843982064
2174.4871947115994
2174.4871947115994
2168.7377631397117
2168.7377631397117
2165.1495299735166
2155.5182020522925
2142.232426913554
2142.232426913554
2135.508179722089
2132.3113604183027
2132.3113604183027
2132.3113604183027
2132.3113604183027
2132.3113604183027
2130.600458418319
2129.5013498496473
2129.5013498496473
2129.5013498496473
2128.995124580689
2128.995124580689
2128.995124580689
2128.98793060531
2126.106578518129
2123.603999279234
2123.603999279234
2123.603999279234
2123.603999279234
2123.603999279234
2123.0501154541084
2123.0501154541084
2123.0501154541084
2122.6566014344235
2122.4624164575193
2122.3787460841013
2122.3787460841013
2121.8608222693047
2121.8608222693047
2121.856763591392
2121.856763591392
2121.5633195384225
2120.925190966397
2120.925190966397
2120.925190966397
2120.925190966397
2120.514830887993
2120.278579131484
2120.1327777743204
2120.013569212526
2120.013569212526
2120.013569212526
2120.013569212526
2119.508232628141
2119.508232628141
2119.508232628141
2119.508232628141
2119.3880847220385
2118.9941435590613
2118.8700739619635
2118.8700739619635
2118.746437902119
2118.746437902119
2118.746437902119
2118.746437902119
2118.565145256848
2118.565145256848
2118.565145256848
2118.30935769806
2118.30935769806
2118.30935769806
2118.30935769806
2118.30935769806
2118.30935769806
2118.30935769806
2118.30935769806
2118.30935769806
2645.8281833442315
2377.0674239387354
2377.0674239387354
2284.057350129805
2284.057350129805
2284.057350129805
2284.057350129805
2284.057350129805
2263.6407033334444
2263.6407033334444
2263.6407033334444
2263.6407033334444
2263.6407033334444
2263.6407033334444
2255.9372796651146
2251.331237196444
2240.7534451860042
2240.7534451860042
2240.7534451860042
2220.954764794622
2218.051598033821
2196.2324793402086
2196.129437910696
2192.7285204946447
2189.191743500804
2188.1655956772165
2188.1655956772165
2188.1655956772165
2186.917672437948
2186.917672437948
2184.2722944432685
2184.2722944432685
2184.1382655405664
2184.1382655405664
2182.9028337194295
2182.9028337194295
2182.432353949399
2181.8402189180483
2180.8737159103966
2180.8737159103966
2180.181854711845
2179.8327396522677
2177.2282508776675
2177.2282508776675
2177.2282508776675
2177.2282508776675
2176.901048467937
2176.8152717627413
2176.129228231675
2175.9090818638365
2175.9090818638365
2175.9090818638365
2175.260741964068
2175.260741964068
2175.260741964068
2175.260741964068
2175.0848986672395
2175.0848986672395
2175.0848986672395
2175.0848986672395
2175.0848986672395
2175.0848986672395
2174.9721270537775
2174.9721270537775
2174.9721270537775
2174.7938610772317
2174.329260068452
2174.329260068452
2174.329260068452
2174.329260068452
2173.9703449670783
2173.9703449670783
2173.9703449670783
2173.9703449670783
2173.9703449670783
2173.9703449670783
2173.8885186752555
2173.8885186752555
2173.8885186752555
2173.8885186752555
2173.79965670172
2173.79965670172
2173.79965670172
2173.79965670172
2173.79965670172
2173.79965670172
2173.79965670172
2173.79965670172
2173.79965670172
2645.8281833442315
2520.344605790248
2505.3631077656214
2467.1866464765167
2413.108050531591
2312.196187521548
2304.646968765695
2304.646968765695
2274.5033546066925
2262.178273247465
2262.178273247465
2250.5342743569486
2243.244109218531
2243.244109218531
2223.6855063758617
2223.6855063758617
2192.7574867888115
2192.7574867888115
2192.7574867888115
2192.7574867888115
2190.4649979876785
2188.4274990127224
2186.8864985056216
2185.575763785195
2184.4559580815016
2184.4559580815016
2184.4559580815016
2184.4559580815016
2182.191792686869
2179.2952361061934
2179.2952361061934
2175.5770270966186
2174.340888340561
2174.340888340561
2169.9744960091252
2169.9744960091252
2168.9579102997614
2168.837961012285
2168.837961012285
2165.818345207704
2165.818345207704
2165.377857009134
2163.7528823808043
2163.175194944424
2160.552953923078
2157.620016023431
2157.620016023431
2156.8299926820364
2155.8830132634657
2155.8830132634657
2155.710855471611
2155.1296096862
2155.1296096862
2155.1296096862
2155.1296096862
2155.1296096862
2155.1296096862
2155.1296096862
2154.7829771085494
2154.3988349605916
2153.7797042631273
2153.7797042631273
2153.6448803670496
2153.6448803670496
2153.2875801895157
2153.2875801895157
2153.2875801895157
2153.167857081125
2153.167857081125
2153.1188842945353
2152.9495537293374
2152.9495537293374
2152.881466055693
2152.881466055693
2152.733276989335
2151.99658139275
2151.99658139275
2151.99658139275
2151.99658139275
2151.99658139275
2151.99658139275
2151.99658139275
2151.99658139275
2151.952089186815
2151.2321114667056
2151.2321114667056
2151.2321114667056
2151.2321114667056
2151.2321114667056
2151.2321114667056
2151.2321114667056
2151.2321114667056
2151.2321114667056
2645.8281833442315
2561.8851067398587
2383.918835178475
2373.2644215248274
2373.2644215248274
2306.7191971905722
2306.7191971905722
2217.280564701347
2214.686149892216
2182.5704308871796
2163.0295054325593
2163.0295054325593
2163.0295054325593
2153.879986183133
2153.879986183133
2153.879986183133
2153.879986183133
2153.879986183133
2153.879986183133
2147.4101781141476
2147.4101781141476
2146.8141493766843
2142.389920176754
2142.389920176754
2141.1101189383667
2128.050825253391
2128.050825253391
2128.050825253391
2128.050825253391
2128.050825253391
2125.241243002568
2111.522390422765
2111.522390422765
2111.522390422765
2111.522390422765
2111.522390422765
2111.522390422765
2111.522390422765
2111.522390422765
2111.522390422765
2111.0393204903603
2111.0393204903603
2109.950878614789
2109.883242811223
2109.883242811223
2109.883242811223
2105.70403798383
2105.70403798383
2103.699092367797
2103.221963166623
2103.221963166623
2102.819866461878
2102.674545152452
2100.958831141327
2100.7022208339044
2100.3716144995115
2100.2009573509486
2098.9988256413194
2098.9988256413194
2098.9988256413194
2098.9988256413194
2094.7264436732394
2094.6399627259107
2094.216714369199
2094.216714369199
2094.216714369199
2092.5852937492778
2091.397566239055
2091.397566239055
2091.397566239055
2091.397566239055
2091.397566239055
2091.397566239055
2091.3270510443417
2089.16606851546
2089.16606851546
2089.16606851546
2088.310531971138
2088.1708797631727
2087.013460614161
2085.863220638686
2085.863220638686
2085.863220638686
2085.2878820273195
2084.9320840925516
2084.9320840925516
2084.929730447535
2084.6752220659773
2084.6752220659773
2084.304961826032
2084.304961826032
2084.0438349439514
2083.9844111269044
2083.9844111269044
2083.3522998467274
2083.3522998467274
2083.3522998467274
2083.3522998467274
2083.3522998467274
2083.3522998467274
2083.11385286696
2083.11385286696
2083.11385286696
2083.1010965462083
2083.1010965462083
2083.1010965462083
2083.1010965462083
2083.1010965462083
2083.1010965462083
2083.1010965462083
2082.734968047199
2082.734968047199
2082.734968047199
2082.734968047199
2082.734968047199
2082.734968047199
2082.734968047199
2082.734968047199
2082.734968047199
2645.8281833442315
2645.8281833442315
2489.473938097424
2405.161839269971
2343.137128253592
2343.137128253592
2343.137128253592
2297.7602120813244
2297.7602120813244
2297.7602120813244
2234.3647849249046
2234.3647849249046
2226.793761772627
2226.793761772627
2226.793761772627
2226.793761772627
2215.369416142517
2212.1079931627273
2195.8850519639227
2183.1027035174293
2183.1027035174293
2163.29919308503
2163.29919308503
2163.1183940617234
2163.1183940617234
2163.1183940617234
2160.431692434524
2160.431692434524
2151.1709564691855
2148.4565063750647
2148.4565063750647
2148.4565063750647
2148.4565063750647
2141.5632417119323
2137.5551375118444
2137.5551375118444
2134.2111579453576
2134.2111579453576
2133.134018775631
2132.193946340048
2123.941567043039
2123.941567043039
2123.941567043039
2123.5180291194197
2123.331277140429
2123.331277140429
2123.331277140429
2121.884757312935
2117.1876945626177
2116.358830551687
2115.06154462789
2115.06154462789
2115.06154462789
2115.06154462789
2114.206838214136
2114.206838214136
2111.141029768179
2108.298993559254
2107.989729058452
2107.989729058452
2107.989729058452
2107.1702920294547
2107.1702920294547
2107.1702920294547
2107.1702920294547
2107.023822812198
