2501.6963329390514
2375.645100392399
2375.645100392399
2375.645100392399
2373.899250602489
2369.67293220976
2369.67293220976
2369.6571169455456
2366.031748885576
2366.031748885576
2345.1524885305494
2344.650755993857
2328.0645520030494
2328.0645520030494
2323.722591400918
2323.541088303605
2321.312066447539
2321.312066447539
2320.5278771391595
2313.2177455740166
2313.2177455740166
2313.2177455740166
2313.2177455740166
2311.0698464323714
2311.0698464323714
2308.5136398002005
2308.5136398002005
2308.1699330318315
2308.1699330318315
2307.88656391039
2307.7972787951867
2306.5283484861193
2306.5283484861193
2306.2124470234717
2306.090488055982
2306.090488055982
2305.9930885551657
2305.9930885551657
2305.9499143835255
2305.9499143835255
2305.7048721313336
2305.121723803567
2305.121723803567
2304.6477814761856
2304.6477814761856
2304.6477814761856
2304.6477814761856
2304.6477814761856
2304.457709636565
2303.6185074472132
2303.6185074472132
2303.6185074472132
2303.6185074472132
2303.6185074472132
2303.6185074472132
2303.6185074472132
2303.6185074472132
2303.6185074472132
2501.6963329390514
2233.6725794520894
2233.6725794520894
2233.6725794520894
2233.6725794520894
2233.6725794520894
2216.8322791564387
2216.8322791564387
2216.8322791564387
2205.7453910430454
2170.9574258257217
2170.9574258257217
2158.77698590519
2158.77698590519
2158.77698590519
2158.77698590519
2158.77698590519
2158.77698590519
2157.6079921723035
2151.5749542249987
2151.5749542249987
2151.1270221570344
2137.263109428621
2133.9861985659236
2133.9861985659236
2131.8472658262467
2131.8472658262467
2131.4989484423736
2129.5985092092938
2129.0915676826576
2127.9082791655596
2127.9082791655596
2127.9082791655596
2126.504336087149
2126.504336087149
2126.504336087149
2126.0466827396754
2125.516457337931
2125.516457337931
2125.516457337931
2125.5155910322032
2124.613077117441
2124.613077117441
2124.5782611467944
2123.591967113719
2123.591967113719
2123.321378396107
2123.321378396107
2123.0907558469835
2123.0907558469835
2123.007687367864
2123.007687367864
2123.007687367864
2123.007687367864
2122.820931857683
2122.820931857683
2122.260552065663
2122.260552065663
2122.260552065663
2122.260552065663
2122.260552065663
2122.260552065663
2122.260552065663
2122.260552065663
2122.260552065663
2501.6963329390514
2501.6963329390514
2400.1971109894284
2400.1971109894284
2400.1971109894284
2392.906018869162
2380.895887647608
2380.895887647608
2195.017171411205
2195.017171411205
2195.017171411205
2195.017171411205
2195.017171411205
2195.017171411205
2193.624482215375
2185.995824487564
2161.5902215776287
2161.5902215776287
2148.633076893704
2148.633076893704
2148.633076893704
2148.633076893704
2146.1859185374433
2146.1859185374433
2146.1859185374433
2143.2331314327907
2140.771764485484
2140.771764485484
2137.925173616163
2136.9833593313692
2134.664146785768
2134.664146785768
2133.8360341938974
2133.8360341938974
2132.9511315491386
2132.3246469805695
2131.382868265111
2130.365882136226
2129.4367531440685
2127.5425375272994
2125.4949266643043
2125.4949266643043
2125.4949266643043
2125.4949266643043
2125.4949266643043
2125.362861214954
2125.362861214954
2125.362861214954
2124.6221508127346
2124.6221508127346
2118.3721250823432
2118.3721250823432
2118.3721250823432
2118.3298959998024
2117.7834346982863
2117.7834346982863
2117.660934972156
2117.660934972156
2116.900780383116
2116.900780383116
2116.6734912719753
2116.6734912719753
2116.424272371747
2116.424272371747
2116.10057269818
2116.10057269818
2115.7622993874293
2115.7622993874293
2115.7622993874293
2115.7622993874293
2115.36736399999
2115.36736399999
2115.216487386455
2115.216487386455
2115.0988604128415
2115.0988604128415
2115.0988604128415
2115.0988604128415
2115.0988604128415
2115.0988604128415
2115.0988604128415
2115.0988604128415
2115.0988604128415
2501.6963329390514
2501.6963329390514
2500.173523730603
2486.653060410964
2481.518631801607
2404.6614995875393
2404.6614995875393
2404.6614995875393
2404.6614995875393
2318.9781852731167
2318.9781852731167
2311.308432807604
2311.308432807604
2284.468123096341
2270.3236435713407
2249.607915972185
2249.607915972185
2249.607915972185
2249.607915972185
2249.607915972185
2249.607915972185
2248.913032245973
2242.1643648271274
2242.1643648271274
2242.1643648271274
2242.1643648271274
2241.9404987588828
2241.9404987588828
2236.6707695451855
2236.6707695451855
2233.6785333936964
2233.6785333936964
2233.6785333936964
2227.956834052405
2223.8267625376848
2216.289643464369
2216.278191037002
2214.0844521998642
2214.0844521998642
2206.4158549607355
2205.7701706058247
2203.082193693156
2200.149763392332
2197.5335414546093
2196.958069954282
2192.208349071875
2192.208349071875
2192.208349071875
2191.6528946974436
2191.6528946974436
2191.6528946974436
2191.6528946974436
2191.6528946974436
2190.6737918357594
2190.6737918357594
2190.6737918357594
2190.6737918357594
2190.6737918357594
2190.6737918357594
2189.8787886863147
2189.634878187226
2189.634878187226
2189.4465185100694
2189.4465185100694
2188.878291840207
2188.7763202960805
2188.7763202960805
2188.4206610701112
2188.4206610701112
2188.028925920295
2188.028925920295
2188.028925920295
2188.028925920295
2188.028925920295
2188.028925920295
2187.525851921363
2187.525851921363
2187.525851921363
2187.376395078995
2187.376395078995
2187.376395078995
2187.376395078995
2187.2311176736116
2187.2311176736116
2186.93329589996
2186.7575931847405
2186.7575931847405
2186.7575931847405
2186.7575931847405
2186.7575931847405
2186.3631173363124
2186.3631173363124
2186.0389350485307
2186.0389350485307
2186.0389350485307
2186.0389350485307
2186.0389350485307
2186.0389350485307
2186.0389350485307
2186.0389350485307
2186.0389350485307
2501.6963329390514
2501.6963329390514
2481.445169578604
2466.4810419232067
2379.735932891073
2379.735932891073
2379.735932891073
2357.765910451524
2357.765910451524
2357.765910451524
2357.765910451524
2355.1426275609874
2333.4593924093692
2295.0524271697177
2295.0524271697177
2288.9220672747533
2288.9220672747533
2273.457904193991
2267.9988400493485
2263.522630361597
2263.522630361597
2258.72391675795
2258.72391675795
2258.72391675795
2258.72391675795
2255.7859010537813
2249.8358586767317
2248.4511939989993
2248.4511939989993
2248.4511939989993
2248.4511939989993
2242.875794691832
2242.875794691832
2237.114180178666
2237.114180178666
2237.114180178666
2237.114180178666
2237.114180178666
2237.114180178666
2234.08384083983
2232.1585518247975
2232.1585518247975
2229.4483630797904
2229.179143712396
2226.353994920825
2226.353994920825
2225.5039516618995
2223.5345306264976
2223.5345306264976
2223.5345306264976
2223.5345306264976
2223.5345306264976
2223.5345306264976
2221.9954519383737
2221.9954519383737
2221.9954519383737
2221.9954519383737
2221.9954519383737
2221.9954519383737
2221.756776639782
2221.007869096393
2221.007869096393
2220.5182213231606
2220.5182213231606
2220.5182213231606
2219.99692121303
2219.99692121303
2219.99692121303
2219.65495767108
2219.295347892662
2217.909176925052
2217.8668566772517
2217.8668566772517
2217.8668566772517
2217.8668566772517
2216.9947390897933
2216.9947390897933
2216.9947390897933
2216.922768297147
2216.922768297147
2216.4184906451424
2216.4184906451424
2215.6286491947303
2215.6286491947303
2215.6286491947303
2215.6286491947303
2215.6286491947303
2215.6286491947303
2215.6286491947303
2215.6286491947303
2215.6286491947303
2501.6963329390514
2501.6963329390514
2414.6036442603327
2414.6036442603327
2382.264107301915
2382.264107301915
2382.264107301915
2382.264107301915
2377.4170410803904
2377.4170410803904
2377.4170410803904
2372.186366450241
2312.1622119650183
2312.1622119650183
2312.1622119650183
2312.1622119650183
2300.8082390695286
2300.8082390695286
2300.8082390695286
2300.8082390695286
2300.8082390695286
2300.8082390695286
2298.347654026556
2289.9844406108114
2281.320085335942
2281.320085335942
2281.320085335942
2281.320085335942
2281.320085335942
2277.857624045577
2277.857624045577
2277.848217379047
2277.848217379047
2277.7652884583185
2275.102483150219
2273.8775319599085
2273.8775319599085
2273.7188415911123
2273.1476591782325
2272.198368290831
2272.198368290831
2272.198368290831
2271.3446983946533
2271.3446983946533
2271.3446983946533
2270.7218047897527
2270.7218047897527
2270.7218047897527
2270.7218047897527
2270.7218047897527
2270.6492391729553
2270.6492391729553
2270.219946975296
2270.219946975296
2270.219946975296
2270.219946975296
2270.219946975296
2270.219946975296
2269.875493720905
2269.875493720905
2269.875493720905
2269.875493720905
2269.875493720905
2269.742765222906
2269.498810838022
2269.297027388861
2269.297027388861
2269.297027388861
2269.297027388861
2269.297027388861
2268.6913677452276
2268.6913677452276
2268.6913677452276
2268.6477872907767
2268.6477872907767
2268.403315671386
2268.403315671386
2268.403315671386
2268.403315671386
2268.403315671386
2268.403315671386
2268.403315671386
2268.403315671386
2268.403315671386
2268.210583786374
2268.210583786374
2268.210583786374
2268.210583786374
2268.210583786374
2268.210583786374
2268.210583786374
2268.210583786374
2268.210583786374
2501.6963329390514
2494.7006526511254
2300.6755271572297
2299.3034485589014
2212.6490628736738
2212.6490628736738
2212.6490628736738
2212.6490628736738
2212.6490628736738
2212.6490628736738
2212.6490628736738
2212.6490628736738
2210.014036819795
2210.014036819795
2193.5468219248273
2188.0539298350004
2184.8586866140786
2179.8437901725683
2177.991973360871
2152.6425468049483
2152.6425468049483
2152.6425468049483
2152.6425468049483
2146.993157280082
2146.993157280082
2146.5786230452004
2145.9324136727546
2142.086242013128
2141.8050242409486
2141.152780474321
2138.6725695285445
2135.8458919018008
2133.5621672666794
2133.5621672666794
2133.5621672666794
2131.372910702299
2130.4205333716222
2128.852569531638
2128.852569531638
2128.852569531638
2127.518661531007
2127.518661531007
2127.454540851149
2127.4433505538836
2127.4433505538836
2127.1875828506986
2126.807826692467
2126.0932020972086
2126.0932020972086
2126.0791324686393
2125.439708879237
2125.439708879237
2125.439708879237
2125.439708879237
2125.439708879237
2125.2191131291
2125.2191131291
2125.2191131291
2125.2191131291
2125.2191131291
2124.9604692908956
2124.9604692908956
2124.9604692908956
2124.8468359549993
2124.8468359549993
2124.8468359549993
2124.3284552286655
2124.3284552286655
2124.3284552286655
2124.3284552286655
2124.3284552286655
2124.3284552286655
2124.3284552286655
2124.3284552286655
2124.3284552286655
2501.6963329390514
2501.6963329390514
2436.7724999641873
2436.7724999641873
2390.4847260014494
2316.115736415109
2316.115736415109
2316.115736415109
2316.115736415109
2316.115736415109
2316.115736415109
2300.4755551904764
2292.2961711993316
2292.2961711993316
2292.2961711993316
2285.126624061758
2284.7235719972505
2282.9605465364384
2279.722672492993
2279.722672492993
2277.129151910419
2277.129151910419
2268.9326983553296
2268.9326983553296
2268.9326983553296
2252.484177480817
2252.484177480817
2252.484177480817
2252.484177480817
2252.484177480817
2252.484177480817
2248.775929775777
2248.441630278495
2248.441630278495
2248.441630278495
2245.702056218521
2242.939920296299
2242.939920296299
2242.939920296299
2242.939920296299
2242.939920296299
2242.7488812417205
2240.8456877941976
2240.8456877941976
2240.250634019944
2240.250634019944
2240.250634019944
2240.14022818362
2240.14022818362
2240.14022818362
2239.249143861177
2239.249143861177
2239.249143861177
2239.249143861177
2239.249143861177
2239.249143861177
2239.0904263489833
2239.0904263489833
2238.9473326792336
2238.9473326792336
2238.9473326792336
2238.9473326792336
2238.9473326792336
2238.016726893009
2238.016726893009
2238.016726893009
2238.016726893009
2238.016726893009
2238.016726893009
2238.016726893009
2238.016726893009
2238.016726893009
2501.6963329390514
2482.312965143862
2482.312965143862
2375.998068570414
2290.383734874457
2290.383734874457
2250.151203109707
2250.151203109707
2250.151203109707
2250.151203109707
2250.151203109707
2250.151203109707
2250.151203109707
2231.9672138347446
2230.3189450661584
2230.3189450661584
2218.9565779111563
2218.9565779111563
2218.9565779111563
2213.281505867958
2200.4242338153695
2200.4242338153695
2200.4242338153695
2200.4242338153695
2195.057291161108
2192.7240062443348
2192.7240062443348
2178.9080336880734
2178.9080336880734
2178.9080336880734
2178.003515070249
2174.640248393087
2172.9914698551966
2172.9914698551966
2172.9136781483826
2172.9136781483826
2172.2069138183383
2171.6140226285534
2170.6247495207076
2168.830340421182
2168.830340421182
2168.8059648764793
2168.622361618717
2168.001511704156
2168.001511704156
2168.001511704156
2167.275637361771
2167.275637361771
2167.275637361771
2167.275637361771
2166.1755557413453
2166.1589644070777
2165.8330404103253
2165.8330404103253
2165.8330404103253
2165.8330404103253
2165.6697670149306
2165.0094874686083
2164.953883896825
2164.953883896825
2164.953883896825
2164.0386755925983
2164.0386755925983
2164.0386755925983
2164.0386755925983
2164.0386755925983
2164.0386755925983
2164.0386755925983
2164.0386755925983
2163.73482979257
2163.73482979257
2163.73482979257
2163.73482979257
2163.73482979257
2163.73482979257
2163.73482979257
2163.6837604120437
2163.6837604120437
2163.6837604120437
2163.6837604120437
2163.43911784295
2163.43911784295
2163.43911784295
2163.43911784295
2163.43911784295
2163.43911784295
2163.43911784295
2163.43911784295
2163.43911784295
2501.6963329390514
2454.9065064340593
2416.475830930654
2387.0062032153483
2387.0062032153483
2387.0062032153483
2387.0062032153483
2386.967798237627
2386.967798237627
2287.7403068177546
2287.7403068177546
2287.7403068177546
2287.7403068177546
2287.7403068177546
2287.7403068177546
2284.690890067983
2244.857522061534
2227.471293681202
2227.471293681202
2210.7152042392167
2210.7152042392167
2206.2900525842965
2205.0799647494487
2189.5320628262816
2189.5320628262816
2189.5320628262816
2185.3062398060665
2173.4677574131238
2170.0424493332275
2168.83804755006
2167.5189628879007
2167.5189628879007
2167.5189628879007
2167.5189628879007
2165.859217796235
2165.859217796235
2165.859217796235
2165.670557462931
2165.670557462931
2165.670557462931
2164.793515288862
2163.9913712351854
2163.2628152668212
2163.181358903668
2163.181358903668
2162.7762852814667
2162.7762852814667
2162.7762852814667
2162.26003271007
2161.5010141895214
2161.034038759182
2161.034038759182
2161.034038759182
2160.6851523715304
2160.6851523715304
2160.481325646471
2160.481325646471
2160.035391493098
2160.035391493098
2160.035391493098
2160.000035504437
2160.000035504437
2160.000035504437
2160.000035504437
2160.000035504437
2160.000035504437
2160.000035504437
2160.000035504437
2160.000035504437
2501.6963329390514
2501.6963329390514
2501.6963329390514
2441.135155076619
2381.1144164754805
2381.1144164754805
2381.1144164754805
2381.1144164754805
2381.1144164754805
2381.1144164754805
2381.1144164754805
2381.1144164754805
2381.1144164754805
2368.2778295634716
2368.2778295634716
2356.1359821830524
2356.1359821830524
2355.2109517720714
2355.2109517720714
2355.2109517720714
2342.755920769828
2342.755920769828
2341.6487364685163
2341.6487364685163
2341.296272568109
2339.167440784487
2339.167440784487
2332.019426888514
2332.019426888514
2332.019426888514
2324.6804112831173
2320.8720911890555
2315.7271997990006
2309.4219244702967
2307.802534237012
2307.3988890267324
2300.4858398720407
2297.326518058674
2293.865466503262
2293.865466503262
2293.865466503262
2293.865466503262
2290.9272226668904
2289.8449570446246
2289.8449570446246
2289.6188357878705
2289.240570585996
2289.240570585996
2288.4020827913123
2288.4020827913123
2288.4020827913123
2287.770336657219
2287.770336657219
2287.770336657219
2287.586521484134
2287.586521484134
2287.04047949158
2287.04047949158
2287.04047949158
2287.04047949158
2287.04047949158
2287.04047949158
2287.04047949158
2287.04047949158
2286.516202422311
2286.516202422311
2286.516202422311
2286.516202422311
2286.516202422311
2286.516202422311
2286.516202422311
2286.516202422311
2286.516202422311
2501.6963329390514
2483.2935052655976
2323.799868230293
2323.799868230293
2257.1624545830373
2257.1624545830373
2257.1624545830373
2257.1624545830373
2219.1046273924976
2182.734318365635
2171.993261858586
2171.993261858586
2171.993261858586
2158.2159012224447
2158.2159012224447
2158.2159012224447
2158.2159012224447
2158.1810639527084
2156.6070195312354
2154.3507047473313
2153.8083047594055
2134.00109809321
2107.520915510791
2107.520915510791
2107.520915510791
2095.474611490087
2092.331103836158
2089.4262060841397
2079.8334335416803
2079.8334335416803
2073.5862613059726
2068.778306000332
2068.397526166926
2068.397526166926
2068.397526166926
2068.397526166926
2065.5421225650084
2065.5421225650084
2065.5421225650084
2065.5421225650084
2063.3542105680604
2063.1124414056503
2060.2885927185775
2060.2885927185775
2060.2885927185775
2059.8124962516467
2059.8124962516467
2059.8124962516467
2059.8124962516467
2059.6578312369134
2055.9681841665765
2053.8354434032003
2052.6867004304354
2052.6867004304354
2051.5509420135445
2050.8759502016355
2050.8759502016355
2050.8759502016355
2050.8759502016355
2050.4398494340558
2050.4398494340558
2050.4398494340558
2050.4398494340558
2050.4398494340558
2050.4398494340558
2050.4398494340558
2050.150853217912
2050.150853217912
2048.948965136911
2048.948965136911
2048.7334886246836
2048.7334886246836
2048.7334886246836
2047.3416361086702
2047.1961062341657
2046.8592802744008
2046.8592802744008
2046.5261204073788
2045.8095879877944
2045.8095879877944
2045.8095879877944
2044.9713008409476
2044.80859196623
2044.80859196623
2044.80859196623
2044.80859196623
2044.80859196623
2044.80859196623
2044.80859196623
2044.7273424732116
2044.7273424732116
2044.7273424732116
2044.7273424732116
2044.7273424732116
2044.53515003768
2044.53515003768
2044.1403267343214
2044.1403267343214
2043.9945986725666
2043.9945986725666
2043.9945986725666
2043.9945986725666
2043.9945986725666
2043.9945986725666
2043.9945986725666
2043.5680179644592
2043.5680179644592
2043.5680179644592
2043.5680179644592
2043.5680179644592
2043.5680179644592
2043.5680179644592
2043.5680179644592
2043.5680179644592
2501.6963329390514
2501.6963329390514
2462.7793875907155
2462.7793875907155
2368.123336280362
2368.123336280362
2340.898463149923
2340.898463149923
2322.1741915423313
2322.1741915423313
2269.460923944311
2269.460923944311
2269.460923944311
2269.460923944311
2264.906611567909
2264.906611567909
2262.088314321963
2262.088314321963
