2297.069329125755
2297.069329125755
2243.7551339339766
2243.7551339339766
2243.7551339339766
2224.3344188481506
2224.3344188481506
2224.3344188481506
2224.3344188481506
2223.093004083402
2219.1187739488228
2207.297697444389
2182.1503821540655
2182.1503821540655
2153.301155774617
2153.301155774617
2137.4359881728083
2137.4359881728083
2137.4359881728083
2137.4359881728083
2137.4359881728083
2137.4359881728083
2137.4359881728083
2134.7240596200345
2134.7240596200345
2127.6260645178763
2124.050205682181
2124.050205682181
2124.050205682181
2124.050205682181
2124.050205682181
2124.050205682181
2121.0595698940165
2120.515419751668
2118.892556322291
2115.602790397471
2115.419183491854
2115.419183491854
2113.5804724416953
2113.5804724416953
2113.5804724416953
2112.974058286374
2111.19803013613
2110.8943053970756
2109.4837327432892
2109.4837327432892
2109.4837327432892
2109.005397357933
2107.5139911204296
2105.3325396551754
2103.405345362108
2103.405345362108
2103.405345362108
2103.405345362108
2103.405345362108
2103.405345362108
2103.3183950121033
2103.3183950121033
2102.428549157071
2102.428549157071
2102.428549157071
2102.428549157071
2102.428549157071
2102.0701051308206
2102.0701051308206
2102.0701051308206
2102.0701051308206
2102.0701051308206
2102.0701051308206
2102.0701051308206
2102.0100873508704
2101.6178413158423
2101.6178413158423
2101.6178413158423
2101.6178413158423
2101.442863771676
2101.442863771676
2101.0987360599115
2101.0987360599115
2101.0987360599115
2101.0987360599115
2101.0987360599115
2101.0987360599115
2101.0987360599115
2100.746416861392
2100.746416861392
2100.6856225490164
2100.6856225490164
2100.6856225490164
2100.6856225490164
2100.6856225490164
2100.6856225490164
2100.6856225490164
2100.6856225490164
2100.6856225490164
2533.987569013675
2370.372360820062
2294.5059533653075
2234.4349192285767
2234.4349192285767
2234.4349192285767
2208.6780294128785
2208.6780294128785
2208.6780294128785
2208.6780294128785
2208.6780294128785
2176.3693054411506
2176.3693054411506
2176.3693054411506
2163.293787515605
2163.293787515605
2163.293787515605
2145.732791479113
2145.732791479113
2144.0532368529257
2144.0532368529257
2139.0236666137753
2126.874175592904
2126.874175592904
2126.874175592904
2122.9073626327713
2122.9073626327713
2122.9073626327713
2120.1464339454283
2119.446381700152
2119.1043314986046
2118.8484080508006
2118.8484080508006
2115.9080335603508
2115.9080335603508
2115.0570037641487
2114.098974350685
2113.983435280928
2113.601753885227
2113.1348507826715
2113.1348507826715
2111.8833420128562
2111.8833420128562
2111.8833420128562
2111.8833420128562
2111.80492409898
2111.80492409898
2111.80492409898
2111.4889109051333
2111.479823505567
2111.479823505567
2111.2648737004047
2110.872104840287
2110.872104840287
2110.654037879629
2110.638482594071
2110.638482594071
2110.638482594071
2109.5800150153987
2109.5800150153987
2109.3781070811165
2109.3781070811165
2109.3781070811165
2109.3781070811165
2109.3781070811165
2109.3781070811165
2109.308379544385
2109.308379544385
2109.308379544385
2109.308379544385
2109.308379544385
2109.308379544385
2109.308379544385
2109.308379544385
2109.308379544385
2533.987569013675
2465.8072544054558
2419.8760911120967
2319.321616866201
2274.952197272195
2274.952197272195
2274.952197272195
2274.952197272195
2230.7966899166813
2230.7966899166813
2230.7966899166813
2223.5293688186775
2207.705923224017
2201.424756147795
2173.592312300145
2173.592312300145
2173.592312300145
2173.592312300145
2173.592312300145
2173.592312300145
2173.592312300145
2169.6709263581924
2152.7323944942755
2152.7323944942755
2148.449209487173
2141.8345993581834
2141.8345993581834
2141.822762998973
2141.822762998973
2141.822762998973
2133.962133454612
2133.962133454612
2133.962133454612
2133.123475636995
2133.123475636995
2133.123475636995
2131.9549463155763
2131.493008992395
2130.913412820808
2129.194821310581
2128.195602969405
2128.195602969405
2128.195602969405
2128.195602969405
2128.195602969405
2126.6680075285713
2126.6680075285713
2124.915716956342
2124.4962097707976
2124.4468726992004
2123.7667116134726
2123.1134828048616
2123.1134828048616
2122.8356717157653
2122.8356717157653
2122.147419653763
2122.147419653763
2122.147419653763
2121.95416642943
2121.1473431387635
2121.1473431387635
2121.1473431387635
2121.1473431387635
2121.1473431387635
2121.1473431387635
2121.1473431387635
2121.1473431387635
2120.4764865997645
2120.4764865997645
2120.4764865997645
2120.1882800504104
2120.1882800504104
2120.1882800504104
2120.1882800504104
2120.1882800504104
2120.1882800504104
2120.1882800504104
2120.1882800504104
2120.1882800504104
2120.176439208547
2120.176439208547
2119.845408208547
2119.845408208547
2119.845408208547
2119.845408208547
2119.845408208547
2119.845408208547
2119.845408208547
2119.845408208547
2119.845408208547
2533.987569013675
2533.987569013675
2389.2453925875934
2317.560790381175
2260.055888270488
2250.6273235593635
2250.6273235593635
2237.7463856756517
2237.7463856756517
2237.7463856756517
2188.2469244177782
2188.2469244177782
2188.2469244177782
2188.2469244177782
2188.2469244177782
2188.2469244177782
2188.2469244177782
2146.397986421117
2146.397986421117
2146.397986421117
2146.397986421117
2146.397986421117
2124.0005716094843
2124.0005716094843
2124.0005716094843
2124.0005716094843
2118.9036657403
2116.3445004529367
2112.783894949614
2112.783894949614
2111.508347806681
2111.508347806681
2111.508347806681
2110.3210278790484
2103.9064045590076
2103.9064045590076
2103.9064045590076
2099.9372605305934
2099.9372605305934
2099.9372605305934
2098.2967702700425
2095.345269368456
2095.345269368456
2094.9765267748835
2094.9765267748835
2092.266243623415
2092.266243623415
2092.266243623415
2092.266243623415
2092.266243623415
2092.048039794118
2092.048039794118
2090.9193183866055
2090.9193183866055
2090.9193183866055
2089.200961674146
2089.200961674146
2089.200961674146
2089.135839865283
2089.135839865283
2089.135839865283
2088.117377917187
2088.117377917187
2088.03360324904
2088.03360324904
2087.9657022474867
2087.9657022474867
2087.7856084350497
2087.7856084350497
2087.7856084350497
2087.1940622619973
2087.1940622619973
2087.1940622619973
2087.1303645408543
2086.881900897261
2086.552895842323
2086.552895842323
2086.552895842323
2086.552895842323
2086.1629638629165
2086.129008014831
2086.129008014831
2086.129008014831
2086.053055890852
2086.053055890852
2085.992773054071
2085.992773054071
2085.576332951418
2085.576332951418
2085.576332951418
2085.3907273596633
2085.3907273596633
2084.586948127518
2084.586948127518
2084.521231965421
2084.521231965421
2084.521231965421
2084.521231965421
2084.521231965421
2084.521231965421
2084.521231965421
2084.521231965421
2084.521231965421
2533.987569013675
2430.221080798796
2333.894122768527
2333.894122768527
2305.878217934456
2305.878217934456
2285.387901609351
2268.069597560419
2237.8995327444554
2237.8995327444554
2237.8995327444554
2237.8995327444554
2237.8995327444554
2182.5671945321797
2182.5671945321797
2182.5671945321797
2182.5671945321797
2182.5671945321797
2182.5671945321797
2182.5671945321797
2182.5671945321797
2180.3087105949703
2180.3087105949703
2159.0137062766303
2159.0137062766303
2143.1048570002386
2133.1586211888716
2133.1586211888716
2133.1586211888716
2133.1586211888716
2133.1586211888716
2129.59251119953
2129.59251119953
2129.59251119953
2129.59251119953
2129.59251119953
2127.037201902583
2127.037201902583
2125.341334786797
2125.341334786797
2123.4461715570174
2122.3858921164283
2121.524906410483
2121.0196757767253
2121.0196757767253
2121.0196757767253
2118.0188644417713
2117.684208051981
2115.8072988031226
2115.8072988031226
2114.152437388104
2113.274730869107
2113.274730869107
2113.274730869107
2111.1403133598137
2111.1403133598137
2110.265389578342
2110.265389578342
2110.265389578342
2110.265389578342
2109.69014530858
2109.5168449805137
2108.2529895163184
2108.1827780057456
2106.173461178081
2106.173461178081
2106.173461178081
2106.173461178081
2106.173461178081
2106.173461178081
2106.025866219173
2105.9762576157486
2105.7249449551323
2105.2295458457643
2105.2295458457643
2104.680961861018
2104.680961861018
2103.574048698463
2103.574048698463
2103.574048698463
2103.574048698463
2103.4359295188005
2103.4359295188005
2103.273481414531
2103.273481414531
2103.273481414531
2103.273481414531
2103.13316795212
2103.13316795212
2102.929990748423
2102.929990748423
2102.929990748423
2102.929990748423
2102.929990748423
2102.929990748423
2102.929990748423
2102.929990748423
2102.929990748423
2533.987569013675
2453.1604029125583
2423.5909468360314
2267.989809641753
2267.989809641753
2267.989809641753
2267.989809641753
2247.944438621408
2247.944438621408
2247.944438621408
2247.944438621408
2247.944438621408
2224.8984799552904
2216.2745970822707
2216.2745970822707
2214.78952035132
2196.36260226976
2194.0776972818876
2192.0282823595867
2188.98373041145
2188.98373041145
2175.3657498026632
2170.2927017702323
2153.380914842355
2153.380914842355
2153.380914842355
2145.4458438108372
2144.890824117424
2144.890824117424
2144.890824117424
2144.890824117424
2144.890824117424
2144.890824117424
2143.9608420158957
2142.04305341512
2139.29145435238
2139.29145435238
2135.71152712144
2135.71152712144
2135.71152712144
2135.71152712144
2135.1779414351104
2134.00773540723
2134.00773540723
2132.988370599743
2132.549328306178
2132.549328306178
2132.1332655968336
2131.4481148102773
2131.4481148102773
2131.4481148102773
2131.4481148102773
2130.8452345306273
2130.8452345306273
2127.872035630397
2126.9330065045674
2125.5660863048124
2125.523698752102
2124.7298940894852
2123.7732460472193
2123.2030134227102
2123.2030134227102
2122.4956295705874
2120.931825202623
2120.931825202623
2119.506122619232
2118.5871099136357
2118.5871099136357
2118.5871099136357
2115.9027306010057
2115.9027306010057
2115.6730511699775
2115.6730511699775
2115.6730511699775
2115.12460530477
2115.12460530477
2115.12460530477
2114.434174061224
2114.434174061224
2114.408394427197
2114.2166380457525
2114.2166380457525
2114.2166380457525
2114.2166380457525
2114.2105727774447
2114.2105727774447
2114.2105727774447
2114.2105727774447
2114.2105727774447
2113.975452494023
2113.975452494023
2113.2212935940815
2113.2212935940815
2113.1884154404747
2113.1884154404747
2113.1884154404747
2113.0765197203996
2113.0765197203996
2113.0765197203996
2113.0765197203996
2113.0765197203996
2113.0765197203996
2113.0765197203996
2113.0357441237506
2113.0357441237506
2113.0357441237506
2113.0357441237506
2113.0357441237506
2113.0357441237506
2113.0357441237506
2113.0357441237506
2113.0357441237506
2533.987569013675
2533.987569013675
2305.2591534465714
2305.2591534465714
2305.2591534465714
2296.1728235528562
2286.888617022878
2286.888617022878
2259.8443281391656
2259.8443281391656
2248.488535701977
2218.3733424762404
2218.3733424762404
2200.9119043798783
2200.9119043798783
2200.9119043798783
2200.9119043798783
2194.998170224093
2171.7627434616074
2171.7627434616074
2171.7627434616074
2165.0319877626475
2165.0319877626475
2162.1655635505467
2160.2405047006914
2160.2405047006914
2155.2697553459257
2151.884599441686
2147.102719798758
2147.102719798758
2144.9045369234327
2143.7416450644723
2142.02202236255
2142.02202236255
2142.02202236255
2141.4812152391773
2141.4812152391773
2140.6894622230934
2139.7062447324724
2139.2150356374464
2139.2150356374464
2139.2150356374464
2138.99420116674
2138.99420116674
2138.99420116674
2138.4029086029323
2138.4029086029323
2138.2357098860534
2138.2357098860534
2137.7584141743396
2137.7584141743396
2137.7584141743396
2137.7584141743396
2137.7584141743396
2137.7584141743396
2137.729252726458
2137.729252726458
2137.729252726458
2137.729252726458
2137.729252726458
2137.729252726458
2137.3326516452526
2137.3326516452526
2137.3326516452526
2137.3326516452526
2137.284529606771
2137.284529606771
2137.1861398756328
2137.01143359331
2137.01143359331
2137.01143359331
2137.01143359331
2137.01143359331
2137.01143359331
2136.7744117158095
2136.7744117158095
2136.7744117158095
2136.7744117158095
2136.7744117158095
2135.6579127611826
2135.6579127611826
2135.157410200137
2135.157410200137
2132.913326870599
2132.913326870599
2125.9493123623406
2125.9493123623406
2125.9493123623406
2125.9493123623406
2125.9493123623406
2125.9493123623406
2125.9493123623406
2125.9493123623406
2125.9493123623406
2533.987569013675
2453.3208886379753
2453.3208886379753
2407.738204114343
2312.59769860589
2276.58568663577
2276.58568663577
2276.58568663577
2276.58568663577
2274.577378375768
2274.577378375768
2274.577378375768
2274.577378375768
2274.577378375768
2274.577378375768
2261.447794112337
2261.447794112337
2256.6655007572544
2241.0889357434216
2215.343830774861
2203.0754556859615
2203.0754556859615
2198.3758441195628
2192.931229043409
2192.931229043409
2192.931229043409
2192.931229043409
2179.298976955876
2156.4277894769134
2156.4277894769134
2156.4277894769134
2156.4277894769134
2148.0375160271105
2148.0375160271105
2148.0375160271105
2142.070288783983
2142.070288783983
2142.070288783983
2139.458261632312
2139.458261632312
2138.5750562632807
2137.422219533196
2137.207133938192
2136.2344697361264
2136.2344697361264
2136.2344697361264
2136.2344697361264
2136.2344697361264
2136.2344697361264
2136.1901977745742
2136.1901977745742
2135.914362410635
2134.524785388729
2134.524785388729
2134.524785388729
2134.524785388729
2134.524785388729
2134.524785388729
2134.0424662597525
2133.5697139537365
2133.5697139537365
2133.5697139537365
2133.4914404216797
2133.062189790099
2132.331439114577
2132.331439114577
2132.331439114577
2132.331439114577
2132.2645816695763
2132.008213611968
2131.21635262934
2130.7375455629794
2130.7375455629794
2130.7375455629794
2130.3805943387138
2130.3805943387138
2130.033090887885
2130.033090887885
2130.033090887885
2130.033090887885
2130.033090887885
2129.7136961715987
2129.6277455571144
2129.4388029477277
2129.4388029477277
2129.4388029477277
2128.5037998111407
2128.5037998111407
2128.5037998111407
2128.5037998111407
2128.5037998111407
2128.5037998111407
2128.5037998111407
2128.5037998111407
2128.3609285049306
2128.3609285049306
2128.2368217780013
2128.1468595610377
2128.1468595610377
2127.841746351927
2127.841746351927
2125.6772931821743
2124.1394668811336
2124.1394668811336
2124.1093202449806
2124.1093202449806
2124.1093202449806
2124.1093202449806
2124.1093202449806
2124.1093202449806
2123.066461970749
2123.066461970749
2123.0580390411214
2123.0580390411214
2123.0580390411214
2122.189556800118
2122.189556800118
2122.189556800118
2122.189556800118
2122.189556800118
2122.157337470548
2122.157337470548
2122.0583386271114
2121.970783623267
2121.861265630268
2121.861265630268
2121.861265630268
2121.8037182770854
2121.8037182770854
2121.8037182770854
2121.8037182770854
2121.495210170259
2121.495210170259
2121.495210170259
2121.495210170259
2121.495210170259
2121.495210170259
2121.495210170259
2121.495210170259
2121.495210170259
2533.987569013675
2533.987569013675
2404.7409570534733
2288.273915296638
2288.273915296638
2288.273915296638
2288.273915296638
2286.85908427362
2286.85908427362
2286.85908427362
2256.7150893557036
2256.7150893557036
2256.7150893557036
2256.7150893557036
2237.7936385593475
2237.7936385593475
2237.7936385593475
2237.7936385593475
2237.7936385593475
2234.4351428316672
2228.08037365345
2215.6486515066326
2211.126931390995
2208.3480394585235
2199.2477718211426
2197.670510495269
2192.734248950686
2192.734248950686
2189.5012067656608
2186.542761293732
2186.542761293732
2186.542761293732
2186.0502244895497
2183.13471358791
2181.7581051029247
2177.686038557636
2175.770959130201
2174.3810024787217
2173.8452339635405
2171.6702557602557
2169.9787557438726
2166.3327579592474
2165.656284427509
2165.534089041378
2165.0597979141803
2164.6178663606056
2164.6178663606056
2164.459515306233
2163.9397650750784
2163.8903989193304
2163.610346987224
2163.320944300488
2163.320944300488
2163.1857671928565
2163.1857671928565
2163.1857671928565
2162.5072801729184
2162.5072801729184
2162.5072801729184
2162.4960772934005
2162.4960772934005
2161.993243235504
2161.993243235504
2161.993243235504
2161.993243235504
2161.993243235504
2161.6014972700787
2161.6014972700787
2161.6014972700787
2161.6014972700787
2161.6014972700787
2161.6014972700787
2161.6014972700787
2161.6014972700787
2161.6014972700787
2533.987569013675
2517.117369919006
2484.2451973850602
2239.656129623919
2239.656129623919
2239.656129623919
2232.4015900019444
2214.2084955480614
2161.3069836645245
2144.6441667398794
2144.6441667398794
2144.6441667398794
2144.6441667398794
2141.434420885601
2141.434420885601
2122.4247160625882
2122.4247160625882
2115.583634325094
2115.583634325094
2102.420011208091
2102.420011208091
2102.420011208091
2098.962247002978
2098.962247002978
2098.962247002978
2095.9684936924655
2092.148681370165
2092.148681370165
2092.148681370165
2088.8671923157694
2088.8671923157694
2088.8671923157694
2088.8671923157694
2083.4050263974245
2083.4050263974245
2083.4050263974245
2083.4050263974245
2083.4050263974245
2083.4050263974245
2082.7497029116926
2082.7497029116926
2082.5828693976214
2082.2477470951258
2079.0665865440665
2074.923118816663
2074.0935134548827
2074.0935134548827
2074.0935134548827
2074.0935134548827
2073.8185953993348
2073.700622302552
2072.0409503748942
2072.0409503748942
2071.5043969093877
2071.5043969093877
2070.843290104639
2070.843290104639
2070.843290104639
2070.8144395875843
2070.73647958963
2070.73647958963
2069.9713135667544
2069.9713135667544
2069.9713135667544
2068.91772885819
2068.91772885819
2068.91772885819
2068.91772885819
2068.91772885819
2068.91772885819
2068.91772885819
2068.91772885819
2068.91772885819
2533.987569013675
2533.987569013675
2527.7277605169456
2300.745939605718
2300.745939605718
2300.745939605718
2300.745939605718
2300.745939605718
2297.744588438843
2287.2795934476535
2266.4672763470626
2266.4672763470626
2266.4672763470626
2266.4672763470626
2235.57808239344
2235.57808239344
2235.57808239344
2222.5406716671037
2213.840845091083
2211.9724993146388
2210.2364659904456
2210.2364659904456
2210.2364659904456
2205.489429169678
2202.595776096424
2197.4599540339345
2192.7850938135707
2192.7850938135707
2192.7850938135707
2191.087790192775
2191.087790192775
2188.9110252819737
2187.9107805854055
2186.8021526773105
2185.128228896276
2185.128228896276
2185.128228896276
2185.128228896276
2185.128228896276
2184.31832680283
2184.31832680283
2183.3307698586486
2183.3307698586486
2183.3307698586486
2183.3307698586486
2183.3307698586486
