2442.6523952933503
2340.208117111412
2236.8069758784104
2214.94946859892
2214.94946859892
2214.184010189974
2180.4177367991815
2180.4177367991815
2180.4177367991815
2180.4177367991815
2180.4177367991815
2180.4177367991815
2162.81410006929
2162.81410006929
2162.81410006929
2156.3593974903833
2154.5299822760035
2154.5299822760035
2145.3883029717945
2145.3883029717945
2142.4846183707696
2142.4846183707696
2130.7191651492176
2127.3234856989025
2124.4958854090924
2122.8287906018236
2121.693900295471
2121.479307161213
2119.482805805301
2119.482805805301
2119.482805805301
2116.3735486089445
2113.6913098782593
2113.637212399109
2113.637212399109
2111.5738347537435
2111.5738347537435
2111.5738347537435
2110.5932515969826
2110.1930146705618
2110.1930146705618
2109.3896511635367
2107.3119880775907
2107.0543899163445
2107.0543899163445
2107.0543899163445
2107.0543899163445
2106.8775783639426
2106.8775783639426
2106.8775783639426
2106.1321618899415
2106.1321618899415
2106.1321618899415
2105.7136525839974
2105.6495831421025
2105.6495831421025
2105.5423138745305
2105.5423138745305
2105.488564552033
2105.488564552033
2105.2315330870515
2104.878514407355
2104.878514407355
2104.817672725048
2104.5744346237107
2104.5744346237107
2104.5744346237107
2104.5744346237107
2104.5744346237107
2104.5744346237107
2104.5744346237107
2104.5744346237107
2104.5744346237107
2442.6523952933503
2442.6523952933503
2442.6523952933503
2280.097930155261
2263.5452796273958
2263.5452796273958
2225.979889823291
2221.852801255295
2221.852801255295
2210.6673381886753
2210.6673381886753
2178.511708954698
2178.511708954698
2178.511708954698
2178.511708954698
2178.511708954698
2166.733417153295
2152.096550578413
2144.416128455069
2144.416128455069
2144.416128455069
2142.11489316376
2142.11489316376
2136.634895302636
2133.156009933034
2123.309984724614
2110.8007634488886
2108.7635652095687
2104.409992045899
2104.409992045899
2103.577674552591
2091.9790477488878
2087.9235644633823
2086.113520002912
2086.113520002912
2086.113520002912
2086.113520002912
2085.1288178186996
2080.2337808573575
2080.2337808573575
2080.2337808573575
2080.2337808573575
2078.294140124848
2077.2383423497035
2077.2383423497035
2077.2383423497035
2077.2383423497035
2077.2383423497035
2076.4098292343274
2076.4098292343274
2076.4098292343274
2076.4098292343274
2075.3764907234718
2075.064464372278
2073.9314674048455
2073.284332069978
2073.0280546729336
2073.0280546729336
2072.718335440105
2072.718335440105
2071.5350457945915
2071.5350457945915
2071.5350457945915
2071.3256310765723
2071.3256310765723
2071.2139898199785
2070.281031582175
2070.281031582175
2070.0160779850657
2070.0160779850657
2070.0160779850657
2069.5416333413295
2069.5416333413295
2069.5416333413295
2069.5416333413295
2069.5416333413295
2069.5416333413295
2069.5416333413295
2069.5416333413295
2069.5416333413295
2442.6523952933503
2432.5481338584104
2296.478496709607
2296.478496709607
2240.726314055745
2208.837872253127
2205.5198568042974
2205.5198568042974
2184.8951889189557
2184.8951889189557
2184.8951889189557
2174.6446277146915
2174.6446277146915
2174.6446277146915
2174.570913688296
2174.570913688296
2170.688281546787
2157.590938062643
2140.094981330497
2140.094981330497
2140.094981330497
2129.8133523928695
2129.8133523928695
2129.8133523928695
2127.2270840250085
2127.2270840250085
2117.38004741538
2117.38004741538
2092.855129098632
2092.855129098632
2092.855129098632
2092.855129098632
2092.855129098632
2092.855129098632
2085.0921011382093
2085.0921011382093
2083.905272158834
2079.591120778237
2073.8959391507556
2073.8959391507556
2072.787214199448
2072.787214199448
2072.787214199448
2072.119981815239
2065.8969842389197
2065.8969842389197
2062.7705577875636
2062.7705577875636
2062.070859475013
2062.070859475013
2062.070859475013
2062.0278250876345
2056.2973625971517
2056.2973625971517
2056.2973625971517
2056.2973625971517
2056.2973625971517
2056.2973625971517
2055.2423190183695
2055.2309215868604
2055.2309215868604
2055.2309215868604
2054.8658867034296
2054.5543885396623
2053.170929096113
2053.170929096113
2051.9028405087633
2051.9028405087633
2051.9028405087633
2051.9028405087633
2051.8774297401524
2050.365277330764
2050.365277330764
2050.365277330764
2050.365277330764
2050.365277330764
2050.365277330764
2050.2948208180806
2050.2180395613314
2049.7068924971004
2049.636451267924
2048.9387598379976
2048.9387598379976
2047.4873811676725
2047.141626132757
2047.141626132757
2046.868535109157
2046.4735981288545
2044.9452699253316
2044.9452699253316
2044.9452699253316
2044.9452699253316
2044.9452699253316
2044.9452699253316
2044.9452699253316
2044.8180551667037
2044.8175591817408
2044.8175591817408
2043.7545855592198
2043.7545855592198
2043.7545855592198
2043.7545855592198
2043.7545855592198
2043.7545855592198
2043.7545855592198
2043.7545855592198
2043.7545855592198
2442.6523952933503
2442.6523952933503
2393.7992717551
2356.0219107098933
2309.9969094730645
2309.9969094730645
2233.4535313997885
2233.4535313997885
2200.2207499013102
2200.2207499013102
2167.823612936107
2167.823612936107
2167.823612936107
2167.823612936107
2167.823612936107
2158.8123482651986
2158.8123482651986
2143.0559322186323
2143.0559322186323
2143.0559322186323
2142.8887732599396
2139.126321337336
2139.126321337336
2135.387043220238
2135.387043220238
2130.531439121081
2126.103149105672
2126.103149105672
2126.103149105672
2115.9060148087633
2115.9060148087633
2114.72160462382
2114.72160462382
2114.72160462382
2114.6069689651677
2114.6069689651677
2109.707788067829
2105.1517035869897
2105.1517035869897
2102.4155745156245
2101.5284605198817
2101.5284605198817
2101.0653079728722
2100.263971432955
2100.263971432955
2097.53631259085
2096.8067722331625
2095.5487152325013
2095.5487152325013
2095.179786900743
2094.1200096808975
2094.1200096808975
2094.1200096808975
2094.1116624862
2094.0369381936966
2094.0369381936966
2092.0155035573257
2092.0155035573257
2089.9452633972414
2089.9452633972414
2089.9452633972414
2088.5221247225836
2088.5221247225836
2088.5221247225836
2088.5120689084674
2088.0462361620744
2088.0462361620744
2086.450468451677
2086.450468451677
2086.450468451677
2086.450468451677
2086.3627902985386
2084.4649179848466
2084.4649179848466
2084.4649179848466
2084.4649179848466
2084.4649179848466
2084.4649179848466
2084.4649179848466
2084.4649179848466
2084.4649179848466
2442.6523952933503
2442.6523952933503
2364.104792386752
2296.8131388586644
2296.8131388586644
2248.0559802563075
2248.0559802563075
2240.7256870817273
2233.036561299201
2233.036561299201
2233.036561299201
2233.036561299201
2233.036561299201
2221.1887035224827
2197.167813515526
2171.229266382249
2171.229266382249
2168.7510703432436
2164.46776879837
2125.1712455791003
2125.1712455791003
2125.1712455791003
2125.1712455791003
2125.1712455791003
2125.1712455791003
2118.9219118534165
2118.5437539491277
2118.5437539491277
2117.101951644622
2114.2215723204163
2114.2215723204163
2112.199423976737
2096.49571204393
2094.9443046712163
2094.9443046712163
2094.9443046712163
2093.466911732641
2093.466911732641
2089.0478981586784
2078.8074499270374
2078.8074499270374
2071.944063298687
2071.944063298687
2071.944063298687
2070.6659896511032
2070.6659896511032
2070.6659896511032
2070.2053221619294
2065.6178493897187
2065.6178493897187
2065.6178493897187
2064.144604675305
2064.1099782213882
2064.0156746707808
2063.914266642982
2063.914266642982
2063.914266642982
2063.914266642982
2062.215086830066
2062.215086830066
2061.8635945114256
2061.8635945114256
2061.2392347183245
2060.5777398215455
2060.5777398215455
2060.088831798753
2059.611584471159
2059.4438846617973
2059.4438846617973
2059.4438846617973
2058.9145697053546
2058.8331428945053
2058.8331428945053
2058.8331428945053
2058.8331428945053
2058.757124908164
2058.757124908164
2058.238251201801
2058.238251201801
2058.238251201801
2058.238251201801
2058.238251201801
2058.238251201801
2058.238251201801
2058.238251201801
2058.109088163679
2058.109088163679
2057.7083591582123
2057.7083591582123
2057.7083591582123
2057.7083591582123
2057.7083591582123
2057.516948575556
2057.516948575556
2057.516948575556
2057.516948575556
2057.516948575556
2057.516948575556
2057.516948575556
2057.516948575556
2057.516948575556
2442.6523952933503
2442.6523952933503
2409.0492531600316
2296.956012468301
2263.7113762027857
2194.065396987034
2194.065396987034
2194.065396987034
2173.710479389644
2173.710479389644
2173.710479389644
2173.710479389644
2173.339281892656
2173.339281892656
2173.339281892656
2171.6823064893847
2167.2509450203897
2167.2509450203897
2156.7742313917047
2156.7742313917047
2156.7419012155474
2156.596900605265
2155.800626530924
2155.800626530924
2155.800626530924
2149.860221521235
2149.860221521235
2142.561074355878
2141.989708991357
2141.404970316765
2141.404970316765
2141.404970316765
2135.1416321500296
2135.1416321500296
2135.1416321500296
2135.1416321500296
2128.647098929172
2128.647098929172
2128.294015641295
2126.6464080343817
2126.202889461009
2125.1237552748594
2124.6441302803146
2124.6441302803146
2123.9081273340453
2123.459786527563
2123.459786527563
2123.459786527563
2122.6503350903854
2119.9564478222555
2119.9564478222555
2119.9564478222555
2119.7847860922407
2119.7847860922407
2119.7847860922407
2119.7847860922407
2119.580098680726
2119.3061975628193
2119.3061975628193
2119.3061975628193
2119.1238716939147
2119.1238716939147
2118.7455822013776
2118.7455822013776
2118.7455822013776
2118.7455822013776
2118.7455822013776
2118.740404132572
2118.740404132572
2118.489621294027
2118.489621294027
2118.489621294027
2118.489621294027
2118.489621294027
2118.489621294027
2118.489621294027
2118.489621294027
2118.489621294027
2118.095601490808
2118.095601490808
2118.095601490808
2118.095601490808
2118.095601490808
2118.095601490808
2118.095601490808
2118.095601490808
2118.095601490808
2442.6523952933503
2442.6523952933503
2408.956273505764
2235.008516046217
2235.008516046217
2235.008516046217
2235.008516046217
2229.123036446963
2210.6897704354637
2207.3272083534625
2207.3272083534625
2188.3270713244424
2170.7825025693123
2170.7825025693123
2160.1684769018666
2160.1684769018666
2160.1684769018666
2160.1684769018666
2157.4076965372547
2157.4076965372547
2152.4903229105266
2151.7410466148904
2151.7410466148904
2148.0428136561914
2148.0428136561914
2148.0428136561914
2142.5011607211536
2142.5011607211536
2142.5011607211536
2142.306887191126
2139.1626595880034
2138.5727783577877
2137.9721933815676
2134.0728809423827
2132.6901855661476
2132.6901855661476
2131.862829953119
2130.9778900876877
2130.9778900876877
2130.9778900876877
2129.694424308259
2129.547472566305
2127.069590571972
2126.0210603228506
2124.489616195002
2123.6142105110357
2122.719962189877
2120.115199792848
2119.448702410025
2115.130988404635
2113.058854554527
2113.058854554527
2110.1341632115186
2109.005911473656
2107.6727934718147
2105.030988025764
2105.030988025764
2105.030988025764
2103.7571863643498
2103.7571863643498
2103.7359978270924
2103.7359978270924
2103.3772342064613
2103.3772342064613
2102.612854138398
2102.612854138398
2102.612854138398
2102.612854138398
2102.1389626294686
2102.1389626294686
2102.069894487245
2102.069894487245
2102.069894487245
2102.069894487245
2102.069894487245
2102.069894487245
2101.5737036007777
2101.5737036007777
2101.5737036007777
2101.5737036007777
2101.5737036007777
2101.5737036007777
2101.5737036007777
2101.5737036007777
2101.5737036007777
2442.6523952933503
2442.6523952933503
2442.5799924188996
2356.09297499285
2281.852912648824
2281.852912648824
2274.7493859998326
2274.7493859998326
2274.7493859998326
2274.7493859998326
2274.7493859998326
2274.7493859998326
2246.658222255561
2203.2594970413406
2203.2594970413406
2203.2594970413406
2203.2594970413406
2196.4411886167627
2196.4411886167627
2196.4411886167627
2190.287326958183
2190.287326958183
2188.011890863929
2179.291778692981
2179.274906122181
2178.919406940963
2178.919406940963
2175.1443898588977
2175.1443898588977
2175.1443898588977
2173.2716382762183
2172.305159836634
2170.339486488064
2167.374901251873
2161.975216342857
2161.975216342857
2159.8542303679124
2159.8542303679124
2159.130435785137
2158.341074202905
2158.341074202905
2155.2574983700247
2153.1903420846593
2153.1903420846593
2153.1903420846593
2151.3265191027604
2150.4700818016554
2150.4700818016554
2150.4700818016554
2150.4700818016554
2149.354918521588
2148.724456522702
2148.724456522702
2148.724456522702
2148.724456522702
2148.724456522702
2148.724456522702
2148.724456522702
2148.3706142198994
2148.3706142198994
2147.701850425063
2147.701850425063
2147.701850425063
2147.1377329048205
2147.1377329048205
2147.1377329048205
2146.911032522649
2146.358818539819
2145.6957445283388
2145.6957445283388
2145.613636312033
2145.4544717754898
2145.277780576904
2145.277780576904
2145.133197624592
2145.133197624592
2145.133197624592
2145.133197624592
2144.9006207278676
2144.9006207278676
2144.691324254211
2144.691324254211
2144.643234051463
2144.643234051463
2144.643234051463
2144.643234051463
2144.643234051463
2144.643234051463
2144.643234051463
2144.643234051463
2144.643234051463
2442.6523952933503
2301.655540046107
2301.655540046107
2301.655540046107
2301.655540046107
2248.650893670731
2248.650893670731
2248.650893670731
2240.553383789935
2235.243931942488
2235.243931942488
2214.839468042756
2185.2666910340486
2185.2666910340486
2178.289482814567
2173.1402191840657
2170.515399173925
2164.1159794387163
2164.1159794387163
2164.1159794387163
2164.1159794387163
2149.736424038547
2149.736424038547
2137.5405625498342
2137.5405625498342
2135.2663157107318
2135.2663157107318
2134.9657205297126
2132.35338292374
2132.35338292374
2131.8266221726694
2131.8266221726694
2129.9153918219386
2129.9153918219386
2127.1870095195763
2125.805123769958
2125.805123769958
2125.17914334441
2124.4863923379735
2122.6894737167127
2122.6894737167127
2121.950686901434
2121.906587775827
2120.572387743818
2120.572387743818
2120.416476162834
2120.416476162834
2119.7658911079766
2119.7658911079766
2119.7658911079766
2119.411075427058
2119.411075427058
2119.3682169592475
2119.3682169592475
2119.3682169592475
2119.3682169592475
2119.3682169592475
2119.3682169592475
2119.3682169592475
2119.3682169592475
2118.8634470605557
2118.86230059352
2118.7609408642106
2118.615276700758
2118.4575419465177
2118.4575419465177
2118.4575419465177
2118.2522984722304
2118.2522984722304
2118.1227575439093
2118.1227575439093
2118.1227575439093
2118.1227575439093
2118.1227575439093
2118.1227575439093
2118.1227575439093
2118.1227575439093
2117.9828261058406
2117.9828261058406
2117.9828261058406
2117.9828261058406
2117.818682387706
2117.740891219336
2117.740891219336
2117.71731751163
2117.71731751163
2117.71731751163
2117.4885998376176
2117.4885998376176
2117.4885998376176
2117.4885998376176
2117.4885998376176
2117.4885998376176
2117.4885998376176
2117.4885998376176
2117.4885998376176
2442.6523952933503
2442.6523952933503
2439.820986246713
2257.5325587076686
2257.5325587076686
2257.5325587076686
2257.5325587076686
2254.2058324535446
2235.8781766278025
2235.8781766278025
2235.8781766278025
2235.8781766278025
2225.509373460771
2225.509373460771
2223.076603255503
2215.8958293372666
2215.8958293372666
2215.8958293372666
2182.1769286448357
2182.1769286448357
2180.9028316556382
2180.9028316556382
2180.9028316556382
2180.9028316556382
2169.4161923268734
2167.2965141774885
2165.8174289657277
2165.6549722643344
2164.8847140890093
2164.8847140890093
2156.0592510089923
2156.0592510089923
2155.9258924314827
2155.9258924314827
2154.026953169204
2154.026953169204
2154.026953169204
2153.5634469338106
2151.092348353103
2151.092348353103
2147.0875026234644
2144.5583894981373
2142.4923942479195
2142.4923942479195
2142.4923942479195
2142.076837440727
2140.489356304367
2139.160473121842
2136.688394756028
2134.3316975658477
2134.013069698768
2134.003079250073
2133.967819247734
2133.967819247734
2133.5506232153475
2133.374247219873
2133.2758833575294
2133.2758833575294
2133.23845658243
2133.23845658243
2132.615156250132
2132.615156250132
2132.437714698002
2132.437714698002
2132.300322702717
2132.300322702717
2132.0812629767643
2131.9838229355632
2131.9838229355632
2131.9838229355632
2131.9051794807233
2131.799327019567
2131.799327019567
2131.799327019567
2130.9282212763737
2130.9282212763737
2130.9282212763737
2130.463478408318
2130.463478408318
2130.1851555238127
2130.1851555238127
2130.1851555238127
2130.1851555238127
2130.1851555238127
2130.0507710473785
2130.0507710473785
2130.0507710473785
2130.0507710473785
2130.0507710473785
2130.0507710473785
2129.926646292459
2129.926646292459
2129.926646292459
2129.926646292459
2129.926646292459
2129.926646292459
2129.926646292459
2129.926646292459
2129.926646292459
2442.6523952933503
2442.6523952933503
2376.822609538609
2306.6248607391553
2306.6248607391553
2270.9904482641027
2270.9904482641027
2231.433871500757
2231.433871500757
2231.433871500757
2231.433871500757
2231.433871500757
2223.668208743198
2193.561213387126
2193.561213387126
2193.561213387126
2193.561213387126
2171.471063734894
2171.471063734894
2171.471063734894
2171.471063734894
2165.5894105973684
2165.5894105973684
2165.4618182597824
2150.870455037748
2143.709788090065
2143.709788090065
2143.709788090065
2143.709788090065
2143.709788090065
2138.5520092432857
2138.0919366389635
2138.0919366389635
2133.1862500741745
2133.1862500741745
2131.988225293583
2128.9523293020357
2128.9523293020357
2128.5995615440065
2128.180091341602
2124.9444305061706
2124.9444305061706
2124.724736375767
2122.9278283498843
2122.9278283498843
2122.590891212659
2122.2868388354595
2121.5610307444
2121.5610307444
2121.5610307444
2121.5610307444
2121.5610307444
2121.5610307444
2121.5610307444
2121.353755499992
2121.2996026712412
2121.2996026712412
2120.852621540509
2120.852621540509
2120.519784159655
2120.519784159655
2120.519784159655
2120.413479843579
2119.8130842991854
2119.8130842991854
2118.7879265690262
2118.7099726497495
2118.7099726497495
2118.6253477594178
2118.6253477594178
2118.1960549187893
2118.1960549187893
2118.1960549187893
2118.1615340690364
2118.1615340690364
2118.1615340690364
2117.8805949437074
2117.8805949437074
2117.6819036899533
2117.1555772835463
2117.1555772835463
2117.1555772835463
2117.1555772835463
2117.1555772835463
2117.080736431155
2117.07935512095
2117.07935512095
2117.07935512095
2116.9713609550467
2116.9713609550467
2116.9713609550467
2116.9713609550467
2116.6696282076546
2116.6696282076546
2116.6696282076546
2116.6696282076546
2116.6696282076546
2116.6696282076546
2116.6696282076546
2116.6696282076546
2116.6696282076546
