2305.39902304521
2305.39902304521
2305.39902304521
2305.39902304521
2305.39902304521
2305.39902304521
2298.9107576507427
2298.9107576507427
2298.9107576507427
2280.3748685891214
2280.3748685891214
2232.3418271757605
2232.3418271757605
2229.7987421824187
2229.7987421824187
2227.923223636967
2227.923223636967
2225.801634359122
2224.825856639646
2224.825856639646
2220.496051651566
2219.467170645458
2218.3068932410124
2217.444210157712
2217.444210157712
2215.3359580167717
2209.6955647000154
2209.546707606778
2209.546707606778
2208.606262549124
2208.5050584923238
2206.603445198123
2206.603445198123
2205.3124334348686
2205.3124334348686
2204.3446228533244
2204.3446228533244
2204.3446228533244
2203.3890123191154
2203.3890123191154
2203.3890123191154
2202.3338332015455
2202.3338332015455
2202.3338332015455
2202.275164848535
2202.1499477830807
2200.1213351028473
2199.79192312237
2199.4892659211637
2199.4892659211637
2197.491756400451
2197.491756400451
2197.491756400451
2197.491756400451
2197.21841451833
2197.21841451833
2196.6738119937095
2196.6738119937095
2196.6738119937095
2196.633157404205
2195.916650099829
2195.8643287273344
2195.8643287273344
2195.8643287273344
2195.4908470649234
2195.4908470649234
2195.4908470649234
2195.21833631481
2195.21833631481
2195.060777857658
2195.060777857658
2195.060777857658
2194.9926102929044
2194.9926102929044
2194.9926102929044
2194.9926102929044
2194.98752180095
2194.666351360743
2194.666351360743
2194.666351360743
2194.666351360743
2194.666351360743
2194.666351360743
2194.666351360743
2194.666351360743
2194.666351360743
2614.2515367593787
2583.1236351385787
2583.1236351385787
2533.766747729675
2377.5450759081255
2341.3269352710904
2341.3269352710904
2258.00087887696
2258.00087887696
2258.00087887696
2258.00087887696
2239.0265161066955
2239.0265161066955
2239.0265161066955
2223.5586464291796
2219.877910777336
2219.877910777336
2219.877910777336
2201.4813272766482
2189.4665496551643
2189.277264926636
2189.277264926636
2189.277264926636
2189.277264926636
2189.277264926636
2189.277264926636
2184.8590177901715
2184.133457941996
2180.0313798322204
2180.0313798322204
2180.0313798322204
2178.454635113275
2176.976358404963
2176.976358404963
2175.476403446735
2173.8991696288444
2172.639279109281
2172.639279109281
2172.2330720421637
2171.0701523726157
2170.494651502924
2170.097818476449
2170.097818476449
2169.2957458193364
2169.2957458193364
2169.2957458193364
2168.903065658742
2168.903065658742
2168.5576984480003
2168.5576984480003
2168.5576984480003
2168.4014808782654
2168.4014808782654
2168.4014808782654
2168.1661321271617
2168.1661321271617
2168.1661321271617
2168.1661321271617
2168.1661321271617
2168.144335473887
2168.144335473887
2168.144335473887
2168.144335473887
2168.0723098437015
2168.0723098437015
2168.0723098437015
2168.0723098437015
2168.0631974752205
2168.0631974752205
2168.0631974752205
2167.5789860410655
2167.5789860410655
2167.5789860410655
2167.4204432375845
2167.4204432375845
2167.4204432375845
2167.2538523604667
2167.2538523604667
2167.05753672819
2167.05753672819
2167.05753672819
2167.05753672819
2167.05753672819
2167.05753672819
2167.05753672819
2167.05753672819
2167.05753672819
2166.7594851330286
2166.7594851330286
2166.7594851330286
2166.7215091640364
2166.7215091640364
2166.7215091640364
2166.7215091640364
2166.7215091640364
2166.7215091640364
2166.7215091640364
2166.7215091640364
2166.5372559746233
2166.5372559746233
2166.5372559746233
2166.5372559746233
2166.523714682088
2166.523714682088
2166.523714682088
2166.523714682088
2166.523714682088
2166.523714682088
2166.523714682088
2166.523714682088
2166.523714682088
2614.2515367593787
2560.583616793082
2560.583616793082
2318.476813717708
2318.476813717708
2318.476813717708
2318.476813717708
2264.9169722433153
2261.0041061119
2261.0041061119
2261.0041061119
2252.8098288850633
2240.7573118242854
2240.7573118242854
2234.239192147597
2233.4930948207125
2202.1978527730394
2200.7614523259535
2200.7614523259535
2200.7614523259535
2195.671772165458
2195.671772165458
2192.2675361156357
2183.715411429676
2183.715411429676
2179.554067085463
2179.554067085463
2179.105358135145
2179.105358135145
2179.105358135145
2175.4993080873437
2174.044550553094
2172.906724935556
2172.85061122025
2171.031379224917
2171.031379224917
2170.3213342278736
2168.6914413469044
2168.6914413469044
2167.109118823461
2165.928168358526
2165.731413179086
2165.504034301861
2165.504034301861
2165.504034301861
2164.63793719285
2164.63793719285
2164.155357114465
2164.155357114465
2163.21407506307
2163.21407506307
2163.0544829262753
2163.0544829262753
2162.5965875822094
2162.5965875822094
2162.324569271075
2162.0845295201243
2161.52532606355
2161.52532606355
2161.5181653070276
2161.5181653070276
2161.0202801015926
2161.0202801015926
2161.0202801015926
2161.0202801015926
2161.0202801015926
2160.914441670603
2160.772124734039
2160.772124734039
2160.772124734039
2160.772124734039
2160.772124734039
2160.772124734039
2160.5478701642483
2160.5478701642483
2160.5478701642483
2160.5478701642483
2160.5478701642483
2160.5478701642483
2160.5478701642483
2160.5478701642483
2160.5478701642483
2614.2515367593787
2553.929806728991
2252.185048653985
2252.185048653985
2252.185048653985
2252.185048653985
2252.185048653985
2252.185048653985
2252.185048653985
2247.4694172549316
2226.481639485975
2207.0223665327762
2207.0223665327762
2191.005323631004
2183.862515508384
2183.862515508384
2173.88818480549
2173.88818480549
2173.88818480549
2169.8698730500087
2169.8698730500087
2167.847048882367
2158.205773191877
2157.509571680285
2156.069296256559
2156.069296256559
2155.0521599277226
2151.554633193862
2151.554633193862
2151.554633193862
2148.15012272656
2146.8628102115513
2145.5196815110303
2145.5196815110303
2141.0994954260905
2137.3077672416853
2137.3077672416853
2137.3077672416853
2137.3077672416853
2137.3077672416853
2134.696713019988
2134.696713019988
2133.1412637433823
2133.1412637433823
2133.0687454035465
2133.0687454035465
2133.0687454035465
2128.8204136336312
2128.8204136336312
2128.8204136336312
2128.8204136336312
2124.315325080341
2124.315325080341
2124.315325080341
2124.315325080341
2124.315325080341
2124.315325080341
2123.7969495263796
2122.5917638249593
2121.1141928471993
2121.1141928471993
2121.1141928471993
2121.1141928471993
2121.1141928471993
2121.1141928471993
2121.1141928471993
2121.10924188245
2121.10924188245
2121.10924188245
2120.0711673571377
2120.0711673571377
2120.0711673571377
2120.0711673571377
2120.0711673571377
2120.0711673571377
2120.0711673571377
2120.0711673571377
2119.9968009647664
2119.9968009647664
2119.9968009647664
2119.9968009647664
2119.9968009647664
2119.9968009647664
2119.9968009647664
2119.9617338116022
2119.9533431726004
2119.9533431726004
2119.738362130431
2119.738362130431
2119.6861424078656
2119.6861424078656
2119.6861424078656
2119.6861424078656
2119.4609574393558
2119.4609574393558
2119.44513129628
2119.44513129628
2119.44513129628
2119.2045558860937
2119.2045558860937
2119.2045558860937
2119.2045558860937
2119.2045558860937
2119.2045558860937
2119.2045558860937
2118.950759421858
2118.950759421858
2118.950759421858
2118.950759421858
2118.950759421858
2118.950759421858
2118.950759421858
2118.950759421858
2118.950759421858
2614.2515367593787
2602.4450361479003
2530.2262874089465
2359.274062023406
2343.775463548293
2343.775463548293
2297.3655990991274
2291.622561976129
2291.622561976129
2291.622561976129
2278.792046981956
2269.102211898758
2269.102211898758
2269.102211898758
2243.37049777313
2243.37049777313
2243.37049777313
2243.37049777313
2243.37049777313
2207.3467607890484
2207.3467607890484
2207.3467607890484
2189.299299121114
2189.299299121114
2189.299299121114
2180.0246494133935
2170.7406882731025
2170.7406882731025
2164.4665678194797
2164.4665678194797
2160.9716624365155
2160.9716624365155
2160.1580104014047
2157.136156315443
2157.136156315443
2156.217827349817
2151.189647651817
2151.189647651817
2149.8812422486426
2149.8812422486426
2147.129929456516
2146.7101148580787
2144.8108940651246
2144.8108940651246
2144.8108940651246
2144.2989452763504
2144.2989452763504
2143.218568905941
2143.218568905941
2141.784509447248
2141.7204834112854
2141.7204834112854
2141.4957747575986
2141.4957747575986
2141.179618862275
2141.179618862275
2141.179618862275
2141.0634918905043
2141.0634918905043
2141.0634918905043
2141.012244788185
2141.012244788185
2141.012244788185
2140.714592816311
2140.714592816311
2140.702206768382
2140.414593975618
2140.414593975618
2140.414593975618
2140.414593975618
2140.197931999098
2139.6720471901644
2139.6720471901644
2139.6720471901644
2139.6720471901644
2139.6720471901644
2139.6720471901644
2139.6720471901644
2139.6720471901644
2139.6720471901644
2139.491723965171
2139.491723965171
2139.491723965171
2139.491723965171
2139.491723965171
2139.491723965171
2139.491723965171
2139.491723965171
2139.491723965171
2614.2515367593787
2367.636105761182
2263.339756536393
2263.339756536393
2263.339756536393
2263.339756536393
2263.339756536393
2263.339756536393
2260.430581558694
2260.430581558694
2200.567943945555
2200.567943945555
2200.567943945555
2200.567943945555
2200.567943945555
2200.567943945555
2200.567943945555
2200.567943945555
2200.567943945555
2614.2515367593787
2512.354357248023
2473.8456424156057
2331.6045101341133
2331.6045101341133
2331.6045101341133
2321.6273052204865
2321.6273052204865
2321.6273052204865
2297.3690380452335
2297.3690380452335
2297.3690380452335
2297.3690380452335
2297.3690380452335
2297.3690380452335
2282.326317724566
2282.326317724566
2276.01899881542
2264.122465158466
2256.6036833130656
2256.6036833130656
2256.6036833130656
2256.6036833130656
2254.9934824230295
2254.9934824230295
2245.3601591345578
2240.704607017818
2240.704607017818
2240.704607017818
2240.57706098876
2239.306226009114
2239.012106374793
2239.012106374793
2238.2920166812414
2235.8591491982666
2234.962682028236
2233.4012836562156
2230.855816495083
2229.276454729822
2229.276454729822
2229.276454729822
2227.147311183001
2227.147311183001
2227.147311183001
2226.049970007538
2224.633728969589
2224.633728969589
2224.633728969589
2224.5698339402024
2224.5698339402024
2224.5698339402024
2224.0479248468064
2222.73225365533
2222.0876044477027
2221.884834531948
2221.884834531948
2221.7220275429345
2221.7220275429345
2221.7220275429345
2221.7220275429345
2221.7220275429345
2221.7220275429345
2220.98549538224
2220.881946053267
2220.881946053267
2220.881946053267
2220.851838875435
2220.851838875435
2220.851838875435
2220.851838875435
2220.824082423633
2220.824082423633
2220.824082423633
2220.5353207737458
2220.5353207737458
2220.5353207737458
2220.5353207737458
2220.5353207737458
2220.5353207737458
2220.5353207737458
2220.5353207737458
2220.48536075207
2220.4195445248874
2220.4195445248874
2220.4195445248874
2220.290973296934
2220.290973296934
2220.290973296934
2220.290973296934
2220.290973296934
2220.290973296934
2220.290973296934
2220.290973296934
2220.229309350055
2220.229309350055
2220.229309350055
2220.229309350055
2220.229309350055
2220.229309350055
2220.229309350055
2220.2013978437417
2220.2013978437417
2220.2013978437417
2220.2013978437417
2220.2013978437417
2220.2013978437417
2220.2013978437417
2220.2013978437417
2219.9950238934202
2219.9950238934202
2219.9950238934202
2219.9950238934202
2219.9950238934202
2219.9950238934202
2219.9950238934202
2219.9950238934202
2219.9950238934202
2614.2515367593787
2538.7898230684686
2384.296259499042
2384.296259499042
2378.5627253272246
2378.5627253272246
2378.5627253272246
2373.655946441754
2373.655946441754
2373.655946441754
2365.1214405316596
2326.8169612517586
2285.9916460114396
2285.9916460114396
2285.9916460114396
2282.802418879808
2271.924424247436
2262.8354721934925
2235.378961901209
2235.378961901209
2235.378961901209
2235.378961901209
2235.378961901209
2235.378961901209
2232.2014796487974
2224.732224557224
2224.732224557224
2219.3441984016167
2218.8137104379307
2215.911908813567
2213.273948222832
2213.273948222832
2210.128363185907
2206.4070827112805
2204.3146438115596
2200.694080144254
2197.536467159335
2194.6890298334656
2194.6890298334656
2193.821797956778
2193.821797956778
2193.379437767351
2193.379437767351
2192.1859050896833
2192.1859050896833
2192.1859050896833
2192.1859050896833
2192.010941628445
2192.010941628445
2192.010941628445
2192.010941628445
2191.241895084485
2191.241895084485
2191.241895084485
2191.241895084485
2191.241895084485
2191.241895084485
2191.241895084485
2191.241895084485
2191.241895084485
2614.2515367593787
2464.784892766527
2320.0079946954593
2320.0079946954593
2320.0079946954593
2320.0079946954593
2320.0079946954593
2320.0079946954593
2244.2639381316703
2244.2639381316703
2244.2639381316703
2236.684823561451
2236.684823561451
2236.684823561451
2233.241634124288
2229.2215568750544
2218.436858517946
2218.436858517946
2216.6815738903915
2216.6815738903915
2207.7287878168395
2201.7709807102397
2201.7709807102397
2201.5650970979877
2194.975083263038
2193.9175829168294
2192.562164405526
2192.562164405526
2188.3740538239267
2187.536952788756
2186.82431559465
2186.82431559465
2183.8193875017687
2181.1541819216527
2181.1541819216527
2178.9410328027416
2178.9410328027416
2178.9410328027416
2178.3062146270368
2176.947709697862
2176.947709697862
2176.947709697862
2176.947709697862
2176.947709697862
2176.947709697862
2176.947709697862
2176.5052113451375
2175.5391924550922
2175.5391924550922
2175.223607516943
2173.3486558329487
2173.3486558329487
2173.3486558329487
2173.313109785862
2172.938903794435
2172.843423396875
2172.2512283033643
2172.2512283033643
2172.0645804901283
2172.0645804901283
2172.0645804901283
2172.0645804901283
2172.0645804901283
2172.0645804901283
2171.7505947263685
2171.7505947263685
2171.7505947263685
2171.7505947263685
2171.7505947263685
2171.493254287707
2171.493254287707
2171.493254287707
2171.493254287707
2171.493254287707
2171.493254287707
2171.493254287707
2171.493254287707
2171.493254287707
2614.2515367593787
2469.0095682903543
2469.0095682903543
2469.0095682903543
2420.6524924907853
2420.6524924907853
2358.7170608390647
2358.7170608390647
2296.167861342075
2296.167861342075
2288.67010238318
2288.67010238318
2275.1203444065245
2275.1203444065245
2275.1203444065245
2275.1203444065245
2271.1155855592606
2271.1155855592606
2268.1514713785277
2257.5446667014626
2257.5446667014626
2251.397353315099
2242.7635940272403
2237.0359493975866
2233.614362717139
2222.2890100880695
2222.2890100880695
2220.5525785698173
2220.5525785698173
2214.7827877167915
2213.450076729841
2213.450076729841
2213.450076729841
2213.450076729841
2212.364722377636
2212.364722377636
2211.223884179054
2211.223884179054
2210.0258342678053
2210.0258342678053
2210.0258342678053
2210.0258342678053
2209.0630152039703
2209.0000259117223
2209.0000259117223
2208.247958149388
2207.8107101089263
2207.8107101089263
2207.8107101089263
2207.8107101089263
2207.8107101089263
2207.8107101089263
2207.8107101089263
2207.703182289799
2207.596220243391
2207.580060304987
2207.580060304987
2207.580060304987
2207.1004937114644
2207.1004937114644
2207.1004937114644
2207.1004937114644
2207.0369396391243
2207.0369396391243
2206.999766236942
2206.9828134674613
2206.9828134674613
2206.9828134674613
2206.872498357292
2206.872498357292
2206.872498357292
2206.870707094275
2206.740388179894
2206.740388179894
2203.715796488346
2203.715796488346
2199.8085590605156
2199.8085590605156
2199.8085590605156
2198.8029215850443
2198.513353755982
2198.513353755982
2196.8071398977677
2196.8071398977677
2196.8071398977677
2196.8071398977677
2196.8071398977677
2196.8071398977677
2195.9904655130986
2195.9904655130986
2195.9904655130986
2195.9904655130986
2195.6217697139195
2195.6217697139195
2195.6217697139195
2195.6217697139195
2195.6217697139195
2195.6217697139195
2195.6217697139195
2195.6217697139195
2195.540311423304
2195.540311423304
2195.540311423304
2195.540311423304
2195.540311423304
2195.540311423304
2195.540311423304
2195.540311423304
2195.540311423304
2195.5335762102245
2195.5335762102245
2195.5335762102245
2195.5335762102245
2195.5335762102245
2195.5335762102245
2195.5191373395937
2195.5191373395937
2195.5191373395937
2195.4215497249156
2195.4215497249156
2195.4118070821214
2195.4118070821214
2195.4118070821214
2195.4118070821214
2195.4118070821214
2195.4118070821214
2195.4118070821214
2195.4118070821214
2195.4118070821214
2614.2515367593787
2441.074733228533
2282.297775090959
2282.297775090959
2282.297775090959
2282.297775090959
2223.2690408087883
2223.2690408087883
2223.2690408087883
2182.594401539702
2147.92174413061
2137.2678613055887
2135.653419288662
2133.3187563749616
2132.5465102985568
2132.5465102985568
2131.9941762796343
2131.9941762796343
2129.449036733764
2129.449036733764
2121.0400285772134
2121.0400285772134
2120.6522211152846
2120.6522211152846
2120.6522211152846
2118.2977811729425
2115.9850266435437
2115.9850266435437
2111.521744938952
2104.073556474677
2103.9110816041098
2103.9110816041098
2103.9110816041098
2103.9110816041098
2103.9110816041098
2103.9110816041098
2102.322561698404
2101.7683482997945
2101.7683482997945
2101.7683482997945
2101.4634666292764
2101.4634666292764
2101.0823129244404
2100.1886637460857
2100.1886637460857
2098.556633152889
2097.484664700979
2097.484664700979
2097.484664700979
2097.484664700979
2097.3266035803013
2097.3266035803013
2096.6793280590164
2096.513179628999
2096.3365478265564
2095.3760874266136
2095.3760874266136
2094.5567028153996
2094.5567028153996
2094.069071458002
2094.069071458002
2094.069071458002
2093.8019026381626
2093.8019026381626
2093.8019026381626
2093.8019026381626
2093.4193473498294
2093.4193473498294
2093.4193473498294
2093.4004027157885
2093.4004027157885
2092.748810026492
2092.748810026492
2092.748810026492
2092.726006709819
2092.726006709819
2092.726006709819
2092.247195418201
2092.247195418201
2092.247195418201
2092.247195418201
2092.247195418201
2092.247195418201
2092.247195418201
2091.7698552533075
2091.7698552533075
2091.7698552533075
2091.7698552533075
2091.7698552533075
2091.7698552533075
2091.7698552533075
2091.7698552533075
2091.7698552533075
2614.2515367593787
2438.129994884949
2438.129994884949
2372.5261692383924
2359.8117075600653
2242.439650278346
2242.439650278346
2242.439650278346
2242.439650278346
2242.439650278346
2242.439650278346
2240.6283640426345
2240.6283640426345
2240.6283640426345
2222.72310119183
2217.9220396753885
2217.9220396753885
2217.9220396753885
2216.122071518229
2209.3744968968163
2193.846915828224
2185.938628908624
2185.938628908624
