2389.1975598844137
2291.279582030171
2291.279582030171
2291.279582030171
2241.2665936579197
2241.2665936579197
2241.2665936579197
2241.2665936579197
2241.2665936579197
2241.2665936579197
2219.2246749684814
2219.2246749684814
2219.2246749684814
2215.414434953888
2215.414434953888
2215.414434953888
2215.414434953888
2208.023523036045
2206.341386205869
2204.0439153794387
2199.795227480736
2199.2467698803807
2198.4525938440306
2198.4525938440306
2194.381613856937
2192.194397695237
2192.194397695237
2179.7492555828785
2179.7492555828785
2176.993494416499
2175.5346253260973
2175.129943929805
2174.3376033550912
2171.930195056643
2171.930195056643
2171.302891978193
2170.519284000682
2170.519284000682
2170.519284000682
2166.413015336931
2166.413015336931
2166.413015336931
2165.2569922539356
2165.2569922539356
2165.2569922539356
2165.2569922539356
2165.2569922539356
2165.2569922539356
2164.921948324046
2163.0038672051833
2163.0038672051833
2163.0038672051833
2163.0038672051833
2163.0038672051833
2163.0038672051833
2163.0038672051833
2163.0038672051833
2162.95882505196
2162.95882505196
2162.95882505196
2162.954761852611
2162.446117190122
2162.446117190122
2162.148961808828
2162.148961808828
2161.729249683628
2161.729249683628
2161.729249683628
2161.729249683628
2161.4895456038016
2160.8195165831726
2160.8195165831726
2160.8195165831726
2160.7999327592306
2160.7999327592306
2160.7999327592306
2160.7999327592306
2160.7999327592306
2160.7999327592306
2160.7999327592306
2160.7999327592306
2160.7437098440305
2160.7437098440305
2160.5917692964044
2160.5917692964044
2160.5917692964044
2160.5917692964044
2160.5917692964044
2160.5917692964044
2160.5917692964044
2160.5917692964044
2160.5917692964044
2389.1975598844137
2389.1975598844137
2248.556867852076
2248.556867852076
2209.447545229876
2209.447545229876
2209.447545229876
2209.447545229876
2209.447545229876
2209.447545229876
2209.447545229876
2209.447545229876
2198.8918138899217
2198.8918138899217
2198.8918138899217
2194.3071265808044
2194.3071265808044
2194.3071265808044
2194.3071265808044
2194.3071265808044
2194.3071265808044
2194.3071265808044
2194.3071265808044
2194.3071265808044
2181.708603212418
2181.708603212418
2181.708603212418
2172.3770304163954
2171.414337248388
2171.414337248388
2171.414337248388
2169.1141474060087
2165.0465919257285
2161.803992926949
2159.357873167527
2154.901563789477
2147.1322069900643
2147.1322069900643
2147.1322069900643
2147.1322069900643
2147.1322069900643
2147.1322069900643
2144.2368199158473
2142.963223622723
2142.3893669446034
2139.260016404721
2137.799119760193
2137.799119760193
2136.4238417915913
2136.2752608624833
2135.9621065085566
2135.6742609796215
2135.6742609796215
2135.2530946036536
2134.7575543829576
2134.685042208166
2133.163800314793
2133.163800314793
2132.9585695994197
2132.9585695994197
2132.1547036667707
2131.546966473091
2131.546966473091
2131.4470969821373
2131.4470969821373
2130.463279031564
2130.1941172442803
2130.1941172442803
2129.450077640736
2129.450077640736
2129.233858500378
2129.233858500378
2129.233858500378
2128.872498347515
2128.11424307703
2128.11424307703
2127.8603918070585
2127.2042458063543
2127.2042458063543
2127.2042458063543
2127.2042458063543
2127.2042458063543
2126.2187933185614
2126.2187933185614
2126.2187933185614
2125.8961837682236
2125.8961837682236
2125.8019141678387
2125.8019141678387
2125.6567646490575
2125.3976709423496
2125.3976709423496
2125.3976709423496
2125.3976709423496
2125.3976709423496
2125.3976709423496
2125.3976709423496
2125.3976709423496
2125.3976709423496
2389.1975598844137
2389.1975598844137
2385.798891191356
2310.706761694289
2309.2525635177085
2237.5435343425233
2237.5435343425233
2237.5435343425233
2196.108720301134
2196.108720301134
2196.108720301134
2196.108720301134
2196.108720301134
2187.2317628186956
2173.9245419835074
2173.9245419835074
2173.9245419835074
2173.9245419835074
2173.9245419835074
2173.9245419835074
2171.8806559714562
2171.8806559714562
2170.4230773824834
2170.4230773824834
2151.6473579015374
2151.6473579015374
2151.6473579015374
2150.2610671141297
2145.382017828779
2145.00529590942
2139.6639512487727
2137.5239246273622
2137.382468624008
2128.362585598571
2123.5873524553826
2120.9856933974306
2120.9856933974306
2118.9868975590593
2118.9868975590593
2118.9868975590593
2118.5442291780496
2118.2586253836744
2117.7668707984544
2117.6914448351863
2117.1977452387664
2117.1977452387664
2116.8805749211538
2116.8805749211538
2116.5172578217866
2116.0294323590792
2116.0294323590792
2116.0294323590792
2116.0294323590792
2116.0294323590792
2115.9897740777396
2115.9897740777396
2115.9897740777396
2115.9897740777396
2115.9897740777396
2115.6896891961583
2115.6702797078974
2115.6702797078974
2115.6702797078974
2115.4949679452307
2115.4949679452307
2115.4949679452307
2115.4949679452307
2115.4949679452307
2115.4949679452307
2115.4949679452307
2115.032774115368
2115.032774115368
2115.032774115368
2115.032774115368
2115.032774115368
2115.032774115368
2114.721308885319
2114.721308885319
2114.721308885319
2114.721308885319
2114.721308885319
2114.539464870165
2114.539464870165
2114.539464870165
2114.539464870165
2114.539464870165
2114.539464870165
2114.539464870165
2114.539464870165
2114.539464870165
2389.1975598844137
2389.1975598844137
2350.035623189337
2310.664607274903
2270.2163661243944
2255.828071033501
2255.828071033501
2239.034907952356
2220.326184945382
2190.2939658150303
2190.2939658150303
2167.196847160495
2167.196847160495
2167.196847160495
2146.505475625503
2146.505475625503
2146.505475625503
2119.8972242177565
2119.8972242177565
2119.8972242177565
2119.8972242177565
2119.8972242177565
2115.8281257288695
2115.8281257288695
2115.8281257288695
2103.6448269901807
2102.013796835468
2102.013796835468
2102.013796835468
2102.013796835468
2102.013796835468
2101.7457567586657
2101.7457567586657
2101.7457567586657
2099.408309704399
2098.903199779196
2098.5024009147
2092.2163155917533
2092.2163155917533
2089.4065036510056
2086.909154888996
2084.2626356517294
2084.2626356517294
2080.0380050635254
2079.152231670524
2079.152231670524
2079.152231670524
2077.333355593449
2077.333355593449
2077.333355593449
2077.333355593449
2077.333355593449
2077.3161285700426
2075.236133725055
2075.236133725055
2074.076886886236
2073.333515633256
2073.333515633256
2073.333515633256
2073.333515633256
2073.333515633256
2073.333515633256
2073.333515633256
2073.093934845837
2073.093934845837
2073.093934845837
2073.093934845837
2073.093934845837
2073.093934845837
2072.584814390194
2072.584814390194
2072.584814390194
2072.584814390194
2072.584814390194
2072.584814390194
2072.584814390194
2072.584814390194
2072.1592281186868
2072.1592281186868
2072.1592281186868
2072.1592281186868
2072.1592281186868
2072.1592281186868
2072.108888677178
2072.108888677178
2071.5439279247257
2071.5439279247257
2071.5439279247257
2071.5439279247257
2071.5439279247257
2071.5439279247257
2071.5439279247257
2071.5439279247257
2071.5439279247257
2389.1975598844137
2389.1975598844137
2331.015128956667
2254.547661760214
2234.975896537501
2234.975896537501
2234.975896537501
2234.975896537501
2211.4178723706445
2211.4178723706445
2211.4178723706445
2211.4178723706445
2211.4178723706445
2181.89469375787
2157.3406459070493
2146.7544785496716
2137.4255578397306
2134.213859174316
2134.213859174316
2134.213859174316
2134.213859174316
2134.213859174316
2134.213859174316
2133.854227100705
2129.88984993452
2126.105727363374
2125.701485460003
2121.68076878642
2121.68076878642
2121.68076878642
2121.68076878642
2121.448442131119
2121.448442131119
2121.448442131119
2121.014730761394
2121.014730761394
2119.8642425267153
2119.8642425267153
2119.5724565777223
2119.5713531542924
2119.26190385134
2118.5141418519393
2117.9666597680343
2117.9666597680343
2117.3055392928372
2117.3055392928372
2116.1397478215836
2116.1397478215836
2116.1397478215836
2116.1397478215836
2115.4992504831
2114.5087573140954
2114.5087573140954
2114.5087573140954
2114.5087573140954
2114.5087573140954
2114.5087573140954
2114.151880749007
2114.0291762374613
2114.0291762374613
2113.796835095786
2113.772244038854
2113.6828381112814
2113.6828381112814
2113.345955717945
2113.345955717945
2113.345955717945
2113.345955717945
2113.345955717945
2113.345955717945
2113.345955717945
2111.388558288778
2111.388558288778
2110.559517067238
2109.9857082879107
2109.9857082879107
2108.923649422612
2108.923649422612
2108.923649422612
2107.4629670059635
2107.0738755317275
2106.4683756522068
2106.388136744539
2105.93212397766
2105.741436577275
2104.817735818339
2104.817735818339
2104.572856246968
2104.23741643213
2103.7537133388664
2103.382098967213
2103.382098967213
2103.368331429163
2103.368331429163
2103.368331429163
2103.368331429163
2103.3394397675816
2103.3394397675816
2102.807759135446
2102.807759135446
2102.807759135446
2102.807759135446
2102.807759135446
2102.765697498758
2102.765697498758
2102.598301298187
2102.598301298187
2102.598301298187
2102.598301298187
2102.598301298187
2102.598301298187
2102.598301298187
2102.598301298187
2102.598301298187
2389.1975598844137
2262.4110265825093
2262.4110265825093
2228.235404028759
2178.148425799838
2165.6708764352147
2165.6708764352147
2139.618696670988
2121.2718785581083
2121.2718785581083
2121.2718785581083
2116.670800238581
2112.747388114712
2112.747388114712
2092.7490111483075
2082.035134949278
2082.035134949278
2082.035134949278
2082.035134949278
2068.6803990846483
2065.4542166410215
2065.386739040308
2065.386739040308
2065.386739040308
2065.386739040308
2065.386739040308
2065.386739040308
2065.386739040308
2062.2508816551476
2057.6719303761197
2057.6719303761197
2050.440537977272
2050.440537977272
2049.712766270467
2049.712766270467
2048.2571184158546
2048.2571184158546
2048.2571184158546
2047.2343008697715
2047.2343008697715
2046.3455165420878
2046.3455165420878
2045.2377517111609
2044.8779200835938
2044.8779200835938
2044.8779200835938
2043.7521995389118
2043.1100479930449
2043.1100479930449
2042.4944494348465
2042.3941799316972
2042.0259552745706
2042.0259552745706
2041.8487104840472
2041.8487104840472
2041.4930742732633
2041.4926780740227
2041.4926780740227
2041.0924003216965
2041.0924003216965
2040.1742088481408
2040.1742088481408
2040.1742088481408
2040.1742088481408
2040.1742088481408
2040.1742088481408
2039.9888119442967
2039.3723632525305
2039.3723632525305
2038.5096049689737
2038.5096049689737
2038.5096049689737
2038.5096049689737
2038.5096049689737
2038.5096049689737
2038.5096049689737
2038.5096049689737
2038.5096049689737
2389.1975598844137
2344.5235160091142
2311.327493887655
2298.0483493532547
2298.0483493532547
2298.0483493532547
2247.3729328130885
2236.909260736597
2183.2021573382335
2183.2021573382335
2166.790987380419
2166.790987380419
2166.790987380419
2164.2124002729547
2164.2124002729547
2164.2124002729547
2164.2124002729547
2164.2124002729547
2164.2124002729547
2164.2124002729547
2164.2124002729547
2164.2124002729547
2389.1975598844137
2367.0539402280906
2293.1948646274764
2266.238641195473
2266.238641195473
2266.238641195473
2266.238641195473
2266.238641195473
2266.238641195473
2221.0574870049977
2221.0574870049977
2221.0574870049977
2221.0574870049977
2198.7503515047692
2198.7503515047692
2185.742218188613
2185.742218188613
2185.742218188613
2179.4874834400825
2173.1585793463473
2173.1585793463473
2170.9370721610358
2168.4453320071943
2167.5255991266968
2164.8450021662593
2161.699168440362
2158.521757745485
2158.521757745485
2158.079966328121
2152.814881535905
2152.814881535905
2152.034481308787
2150.6202924853746
2150.0081077193886
2149.7064863935575
2148.697977547529
2148.697977547529
2148.462558310724
2145.5405495767104
2145.5405495767104
2145.2610052919417
2145.2610052919417
2145.2610052919417
2145.2610052919417
2144.118488270475
2144.0563323204356
2143.9288830525206
2143.9288830525206
2143.671039605692
2143.3886465580304
2143.3886465580304
2142.9892100836155
2142.9892100836155
2142.9892100836155
2142.9892100836155
2142.9892100836155
2142.9892100836155
2142.6962789592526
2142.6962789592526
2142.6962789592526
2142.6962789592526
2142.6962789592526
2142.6962789592526
2142.6962789592526
2142.6962789592526
2142.6962789592526
2142.4432239964235
2142.4432239964235
2142.4432239964235
2142.4432239964235
2142.4432239964235
2142.4432239964235
2142.4081619724966
2142.239127720618
2142.0944914437264
2142.0944914437264
2142.0944914437264
2142.0944914437264
2142.0944914437264
2142.0134269494893
2142.0134269494893
2142.0134269494893
2142.0134269494893
2141.9474350538667
2141.9474350538667
2141.512683824063
2141.512683824063
2141.512683824063
2141.512683824063
2141.512683824063
2141.512683824063
2141.4129437426845
2141.4129437426845
2141.4129437426845
2141.4129437426845
2141.4129437426845
2141.4129437426845
2141.4129437426845
2141.4129437426845
2141.4129437426845
2389.1975598844137
2389.1975598844137
2254.873657905152
2254.873657905152
2254.873657905152
2254.873657905152
2254.873657905152
2254.873657905152
2254.873657905152
2254.873657905152
2254.873657905152
2223.3005102613733
2223.3005102613733
2223.3005102613733
2207.516557710164
2202.330143012582
2195.9823165075877
2193.804412572378
2193.804412572378
2185.0807755921287
2183.9957336102934
2183.9957336102934
2183.270460939622
2170.3035202844303
2170.3035202844303
2167.8608917710094
2167.8608917710094
2165.202482510144
2162.3527742753113
2161.9833330913125
2161.451927627366
2159.6260937249767
2159.4020439995534
2159.4020439995534
2159.282414449851
2159.167054122026
2158.1810226257962
2157.707085132256
2157.707085132256
2157.707085132256
2156.5727682472784
2156.5727682472784
2156.3715828125037
2155.3499168137387
2154.6424773748818
2154.6424773748818
2154.6424773748818
2154.6424773748818
2154.4077860245675
2154.342658994542
2154.185778428629
2154.185778428629
2154.185778428629
2153.1978972227894
2153.1978972227894
2153.151210831038
2153.151210831038
2153.151210831038
2153.151210831038
2153.151210831038
2153.151210831038
2153.151210831038
2153.151210831038
2152.9896324891306
2152.9896324891306
2152.9896324891306
2152.824537605269
2152.824537605269
2152.824537605269
2152.824537605269
2152.824537605269
2152.824537605269
2152.824537605269
2152.824537605269
2152.824537605269
2389.1975598844137
2342.7160177087853
2335.3308018299135
2255.491482036523
2255.491482036523
2255.491482036523
2255.491482036523
2255.491482036523
2255.491482036523
2255.491482036523
2255.491482036523
2255.491482036523
2389.1975598844137
2235.6401177891626
2235.6401177891626
2196.2197197154833
2196.2197197154833
2169.3728004286477
2169.3728004286477
2169.3728004286477
2169.3728004286477
2141.6683128490695
2141.6683128490695
2141.6683128490695
2141.6683128490695
2141.6683128490695
2130.7146458400043
2130.7146458400043
2130.7146458400043
2111.3675079671107
2097.4456535313443
2095.717424786294
2095.717424786294
2095.717424786294
2091.02243142273
2088.3643569520946
2086.894569987503
2086.894569987503
2085.410319955701
2085.410319955701
2085.1689198335507
2085.1689198335507
2085.1689198335507
2085.1689198335507
2085.1689198335507
2085.1689198335507
2084.329337136842
2084.207188544685
2080.19332945383
2080.19332945383
2078.7456077527954
2078.7456077527954
2078.7456077527954
2078.7456077527954
2078.7456077527954
2078.048421056358
2078.048421056358
2077.4107219726766
2077.4107219726766
2077.4107219726766
2077.4107219726766
2076.7855445383593
2076.7855445383593
2074.6015610145073
2074.6015610145073
2073.4540719939264
2073.4540719939264
2072.402598598749
2072.402598598749
2072.402598598749
2072.402598598749
2072.3428762937942
2071.15866837472
2068.1209763631095
2068.0987441526604
2068.0987441526604
2067.519013415171
2067.4823515712733
2067.4823515712733
2066.2186387263805
2066.2186387263805
2064.1044559519346
2064.1044559519346
2062.534679290991
2062.534679290991
2062.231089461756
2062.0167280903856
2062.0167280903856
2061.1995045467693
2061.1995045467693
2061.1995045467693
2061.1995045467693
2061.1995045467693
2061.1995045467693
2061.1995045467693
2061.1995045467693
2060.77343608115
2060.77343608115
2060.77343608115
2060.77343608115
2060.77343608115
2060.77343608115
2060.77343608115
2060.77343608115
2060.77343608115
2060.381496870877
2060.381496870877
2060.381496870877
2060.1323310143616
2059.7417576786156
2059.7417576786156
2059.7417576786156
2059.7417576786156
2059.7417576786156
2059.7417576786156
2059.7417576786156
2059.7417576786156
2059.7417576786156
2389.1975598844137
2389.1975598844137
2380.3754595728083
2314.0910855926095
2314.0910855926095
2314.0910855926095
2281.921765743569
2281.921765743569
2247.86941216988
2245.396174766908
2244.126525366125
2239.4806026361584
2234.2580006378116
2234.2580006378116
2223.2950985814055
2223.2950985814055
2210.1807300663786
2201.1202900022827
2195.1642094364997
2195.1642094364997
2195.1642094364997
2193.677470459143
2193.677470459143
2193.677470459143
2193.677470459143
2183.693521511544
2177.455681205077
2177.455681205077
2177.455681205077
2175.2881604972767
2164.433370524161
2164.433370524161
2162.747054906997
2162.747054906997
2158.308449164389
2155.2002879154456
2155.2002879154456
2150.6235696212625
2150.6235696212625
2147.8120386288933
2147.8120386288933
2147.8120386288933
2147.5939020687665
2147.5939020687665
2146.313429535105
2145.828258985665
2144.6434061188747
2144.3738103897217
2144.3738103897217
2143.870364423834
2142.889023315077
2140.440683752381
2140.440683752381
2139.1854736650957
2139.1854736650957
2139.138839108087
2138.9935654968344
2138.9935654968344
2137.0839136474206
2136.6807554648194
2135.8383201287756
2135.8383201287756
2135.4998741210898
2134.919894387766
2134.919894387766
2134.919894387766
2134.919894387766
2134.919894387766
2134.919894387766
2134.743468197137
2134.743468197137
2134.52681223487
2134.5171808535856
2134.3262364768566
2134.3262364768566
2134.3262364768566
2134.3262364768566
2134.3262364768566
2134.3262364768566
2134.3262364768566
2134.3262364768566
2134.3262364768566
2389.1975598844137
2387.5676663188297
2320.0431314392144
2304.238657867303
2183.729818491974
2183.729818491974
2183.729818491974
2183.729818491974
2183.729818491974
2181.3395594062235
2181.3395594062235
2181.3395594062235
2181.3395594062235
2168.882414169134
2148.035070958606
2148.035070958606
2122.1974723879853
2122.1974723879853
2122.1974723879853
2122.1974723879853
2105.693681940722
2105.693681940722
2105.693681940722
2105.693681940722
2101.9138651494004
2101.9138651494004
2101.6595716223255
2089.0593122108144
2089.0593122108144
2089.0593122108144
2085.076986369698
2079.477018967652
2079.477018967652
2079.477018967652
2075.6311065724126
2073.811515132265
2073.811515132265
