2249.2208461428854
2226.7110391871834
2209.3723684042197
2201.087395581045
2201.087395581045
2170.8702750868347
2170.8702750868347
2170.8702750868347
2170.8702750868347
2157.442294193545
2157.442294193545
2157.442294193545
2157.442294193545
2157.442294193545
2149.994134142109
2138.8566002899192
2138.8566002899192
2131.509979442015
2131.509979442015
2125.7044477832264
2125.7044477832264
2125.7044477832264
2118.702094394491
2117.316926392603
2115.301650352254
2115.301650352254
2112.7560930681448
2107.9021801350746
2107.9021801350746
2105.7408599008763
2105.7408599008763
2103.9022596496893
2099.1534553747892
2094.737990027117
2091.978257362963
2091.7885847545604
2091.7885847545604
2089.197020535572
2089.197020535572
2087.5275295960732
2087.5275295960732
2087.5275295960732
2087.5275295960732
2087.5275295960732
2087.5275295960732
2087.5275295960732
2087.5275295960732
2087.5275295960732
2662.270736831335
2237.011473997935
2237.011473997935
2237.011473997935
2201.1522788581574
2201.1522788581574
2201.1522788581574
2201.1522788581574
2201.1522788581574
2201.1522788581574
2201.1522788581574
2201.1522788581574
2187.3423492499273
2187.3423492499273
2187.3423492499273
2179.928217663877
2179.928217663877
2179.928217663877
2175.8069391408976
2175.8069391408976
2175.8069391408976
2175.8069391408976
2148.6092123366057
2148.6092123366057
2148.6092123366057
2129.5003975694353
2129.5003975694353
2129.5003975694353
2129.5003975694353
2129.5003975694353
2128.550220233979
2122.9183208000954
2122.9183208000954
2113.9995846851543
2113.9995846851543
2108.576962216252
2108.576962216252
2108.576962216252
2105.640101974164
2105.640101974164
2100.9268764948233
2100.9268764948233
2100.9268764948233
2098.9663395005036
2098.1547201388275
2097.039429994647
2097.039429994647
2097.039429994647
2096.2744633284733
2095.5778667739287
2092.3869866376963
2092.140171019808
2092.140171019808
2091.0171947268686
2091.0171947268686
2091.0171947268686
2091.0171947268686
2090.666243478448
2090.666243478448
2090.666243478448
2090.666243478448
2090.666243478448
2090.666243478448
2090.666243478448
2090.666243478448
2090.399950447134
2090.399950447134
2090.399950447134
2090.399950447134
2090.399950447134
2090.399950447134
2090.399950447134
2090.399950447134
2090.399950447134
2090.28798443236
2089.8406099497447
2089.8406099497447
2089.8406099497447
2089.8406099497447
2089.6091752719494
2089.6091752719494
2089.6091752719494
2089.6091752719494
2089.6091752719494
2089.6091752719494
2089.6091752719494
2089.405081536544
2089.405081536544
2089.405081536544
2089.405081536544
2089.405081536544
2089.405081536544
2089.405081536544
2089.405081536544
2089.405081536544
2662.270736831335
2392.9569433558745
2279.3576511926085
2279.3576511926085
2240.7054816515247
2240.7054816515247
2240.7054816515247
2240.7054816515247
2240.7054816515247
2180.703115290911
2180.703115290911
2180.703115290911
2157.9583643798687
2157.9583643798687
2157.9583643798687
2157.9583643798687
2157.9583643798687
2157.9583643798687
2157.9583643798687
2157.9583643798687
2157.9583643798687
2146.2054611499298
2146.2054611499298
2133.8358685984786
2133.8358685984786
2133.8358685984786
2133.8358685984786
2120.8200762414676
2120.8200762414676
2120.8200762414676
2115.208751875634
2115.208751875634
2113.014675910151
2113.014675910151
2111.4659669538555
2110.8151540613576
2110.8151540613576
2109.8640028698937
2109.8640028698937
2103.745516819639
2103.745516819639
2103.745516819639
2103.745516819639
2103.745516819639
2102.681961230199
2102.681961230199
2102.581210566921
2101.8573864109335
2101.8573864109335
2101.2940742899114
2101.2940742899114
2101.2940742899114
2100.4793864183266
2100.4793864183266
2100.4793864183266
2100.4793864183266
2100.4793864183266
2100.013745698196
2100.013745698196
2100.013745698196
2100.013745698196
2100.013745698196
2099.942731574227
2099.636272541826
2099.636272541826
2099.636272541826
2098.9963751790137
2098.9963751790137
2098.9963751790137
2098.9963751790137
2098.9963751790137
2098.9963751790137
2098.9963751790137
2098.9963751790137
2098.9963751790137
2662.270736831335
2469.0951400003114
2367.6606197745505
2273.023212611749
2273.023212611749
2201.9384882144996
2201.9384882144996
2201.9384882144996
2193.9053983137096
2184.929737263828
2184.929737263828
2184.929737263828
2183.1084792088022
2155.769924662006
2155.769924662006
2155.769924662006
2155.769924662006
2152.99940754128
2152.99940754128
2146.9493373677037
2146.9493373677037
2138.9555879358413
2138.9555879358413
2138.1774790957975
2138.1774790957975
2136.973749896957
2133.9173974275327
2130.7442169258393
2122.7445920484365
2120.740362846121
2120.740362846121
2120.2320596764184
2117.4515308908212
2116.682936675329
2116.682936675329
2113.8860521096412
2113.8860521096412
2113.8860521096412
2113.7411947207747
2110.7732423132684
2110.7732423132684
2110.3596043513503
2110.3596043513503
2109.6179137202716
2109.6179137202716
2109.6179137202716
2109.3787575617675
2109.3787575617675
2109.3787575617675
2109.0781857561324
2109.0781857561324
2109.0781857561324
2109.0558868395833
2108.9672857188207
2108.7543185981135
2108.7543185981135
2108.7543185981135
2108.6936049479777
2108.6936049479777
2108.6936049479777
2108.4294381028762
2108.4294381028762
2108.4294381028762
2108.4294381028762
2108.4294381028762
2108.4294381028762
2108.4294381028762
2108.4294381028762
2108.4294381028762
2662.270736831335
2394.4481051188677
2394.4481051188677
2394.4481051188677
2394.4481051188677
2394.4481051188677
2347.1762213185734
2347.1762213185734
2347.1762213185734
2347.1762213185734
2347.1762213185734
2323.638844290043
2323.638844290043
2323.638844290043
2296.8775072490034
2296.8775072490034
2247.2195931015126
2247.2195931015126
2247.2195931015126
2247.2195931015126
2244.0570502508726
2242.827936032219
2239.1069643155092
2237.7127918262636
2222.470708145576
2222.470708145576
2218.194448771448
2217.5494824087978
2210.4151510936667
2210.4151510936667
2210.4151510936667
2210.4151510936667
2210.4151510936667
2210.4151510936667
2207.700762185959
2207.2653783579226
2206.015722713507
2205.201954887529
2205.201954887529
2201.9038366547666
2201.9038366547666
2201.825527785617
2201.825527785617
2200.629760372456
2198.985665476878
2198.985665476878
2196.862125332484
2196.862125332484
2196.862125332484
2196.719755177752
2196.719755177752
2195.8478282176115
2195.8478282176115
2195.8478282176115
2195.2083946387033
2195.2083946387033
2195.2083946387033
2195.2083946387033
2195.2083946387033
2195.055655283894
2195.055655283894
2195.055655283894
2195.055655283894
2194.9727004740803
2194.751777909858
2194.751777909858
2194.7260150536463
2194.7260150536463
2194.7260150536463
2194.7260150536463
2194.648122939383
2194.648122939383
2194.408334825227
2194.408334825227
2194.093427700886
2194.093427700886
2194.093427700886
2194.093427700886
2194.093427700886
2194.093427700886
2194.093427700886
2194.093427700886
2194.093427700886
2662.270736831335
2387.4314318506395
2325.537258534343
2325.537258534343
2325.537258534343
2228.6922364577213
2187.8008380326373
2142.7038766521855
2142.7038766521855
2136.323997134648
2136.323997134648
2136.323997134648
2136.323997134648
2136.323997134648
2136.323997134648
2136.323997134648
2136.323997134648
2133.7509163764557
2122.321095604057
2122.321095604057
2122.321095604057
2122.321095604057
2119.561423656027
2119.561423656027
2118.2510442501916
2117.4694592053565
2114.0362587547575
2114.0362587547575
2109.908312426709
2109.908312426709
2109.908312426709
2109.477908456613
2108.659759962971
2106.566426219683
2106.1084318442536
2106.1084318442536
2105.2888845613825
2105.2888845613825
2104.2441226246046
2104.2441226246046
2104.2441226246046
2104.1570135879665
2103.8425565192997
2103.4478521145975
2102.961719794788
2102.961719794788
2102.6263498855747
2102.6263498855747
2102.6263498855747
2102.156046702775
2102.088984259541
2102.0340648331075
2101.9214255787474
2101.9214255787474
2101.7226955507863
2101.7226955507863
2101.7226955507863
2101.7226955507863
2101.7226955507863
2101.505520298937
2101.505520298937
2101.505520298937
2100.518875859606
2100.518875859606
2100.518875859606
2100.518875859606
2100.518875859606
2100.518875859606
2100.518875859606
2100.518875859606
2100.4302086120124
2100.256063863811
2100.256063863811
2100.256063863811
2100.051061785698
2099.9240184869286
2099.9240184869286
2099.9129855263236
2099.7815009652068
2099.7815009652068
2099.7815009652068
2099.7815009652068
2099.7815009652068
2099.7815009652068
2099.7815009652068
2099.7815009652068
2099.7205494850946
2099.7205494850946
2099.7161620847446
2099.7161620847446
2099.706344105438
2099.706344105438
2099.706344105438
2099.706344105438
2099.706344105438
2099.706344105438
2099.706344105438
2099.640640887212
2099.640640887212
2099.375859047352
2099.375859047352
2099.375859047352
2099.375859047352
2099.323046472837
2099.323046472837
2099.323046472837
2099.323046472837
2099.323046472837
2099.323046472837
2099.323046472837
2099.323046472837
2099.323046472837
2662.270736831335
2244.559148764467
2234.3279419503374
2234.3279419503374
2234.3279419503374
2222.8441493780697
2222.8441493780697
2222.8441493780697
2222.8441493780697
2215.277865014218
2215.277865014218
2215.277865014218
2215.277865014218
2201.973150345366
2201.973150345366
2201.973150345366
2195.6577323754154
2195.6577323754154
2195.6577323754154
2181.6356244921303
2160.889917318215
2160.889917318215
2160.889917318215
2155.176670870783
2155.176670870783
2155.176670870783
2155.176670870783
2155.176670870783
2152.46412435837
2147.042234006887
2146.0643836578483
2140.218992419368
2133.4216762395804
2133.4216762395804
2133.4216762395804
2132.7381614532305
2131.1943960784283
2126.7593503293074
2126.608601776647
2126.608601776647
2126.608601776647
2126.088693273196
2124.255982105931
2124.255982105931
2124.255982105931
2123.5894369383345
2123.5894369383345
2122.7966687540847
2122.751466167786
2122.751466167786
2121.981290787733
2121.981290787733
2121.798829227151
2121.118020150049
2120.5743455724582
2120.250566763035
2120.162174790716
2120.162174790716
2120.162174790716
2120.162174790716
2120.162174790716
2120.162174790716
2120.162174790716
2120.162174790716
2120.162174790716
2662.270736831335
2322.6372818747964
2322.6372818747964
2322.6372818747964
2165.9055367542246
2165.9055367542246
2165.9055367542246
2165.9055367542246
2165.9055367542246
2165.9055367542246
2165.9055367542246
2165.9055367542246
2165.9055367542246
2662.270736831335
2288.72442943683
2288.72442943683
2288.72442943683
2288.72442943683
2288.72442943683
2288.72442943683
2288.72442943683
2244.493291523366
2208.8600240785786
2208.8600240785786
2208.8600240785786
2200.0050170259533
2200.0050170259533
2200.0050170259533
2185.2802489660457
2185.2802489660457
2185.2802489660457
2176.6851472384824
2176.6851472384824
2176.6851472384824
2168.7876840386425
2168.7876840386425
2168.7876840386425
2168.7876840386425
2168.7876840386425
2166.882790257985
2159.148041296377
2159.148041296377
2159.148041296377
2157.806803035728
2157.806803035728
2157.806803035728
2157.5760489830454
2157.5760489830454
2156.5573097400757
2156.059648050518
2155.825653944382
2155.825653944382
2155.0053539959795
2155.0053539959795
2154.841100699244
2154.841100699244
2154.841100699244
2154.519229885691
2154.519229885691
2154.401519947757
2154.349657382276
2154.349657382276
2154.349657382276
2154.349657382276
2154.2911557789103
2154.2911557789103
2154.2911557789103
2154.068662021095
2154.064526427169
2153.946989317291
2153.946989317291
2153.946989317291
2153.946989317291
2153.946989317291
2153.946989317291
2153.889883736518
2153.889883736518
2153.889883736518
2153.889883736518
2153.716040109597
2153.3776283698808
2153.270798037539
2151.155519143306
2148.9853349748464
2148.4235218477747
2147.2800590635547
2146.5803920182234
2145.6656418335924
2143.0207349954394
2143.0207349954394
2142.4785775301893
2138.7089937215806
2138.7089937215806
2138.7089937215806
2138.42792732851
2138.1291835882444
2138.0393279964646
2138.0393279964646
2138.0393279964646
2137.6339021124168
2137.4018718939083
2137.4018718939083
2137.007890993998
2136.899539848299
2136.899539848299
2136.899539848299
2136.3803405169633
2136.3803405169633
2136.3803405169633
2136.3803405169633
2136.354352164321
2136.3077888202797
2136.3077888202797
2135.983292277881
2135.983292277881
2135.983292277881
2135.983292277881
2135.983292277881
2135.952110712502
2135.838909680946
2135.8229033490006
2135.8229033490006
2135.8229033490006
2135.8229033490006
2135.8229033490006
2135.8229033490006
2135.8229033490006
2135.8229033490006
2135.8229033490006
2662.270736831335
2456.8197618873214
2253.9607999608706
2253.9607999608706
2253.9607999608706
2253.9607999608706
2246.0237046045477
2246.0237046045477
2246.0237046045477
2246.0237046045477
2246.0237046045477
2205.512041229279
2200.5291399271955
2200.5291399271955
2200.5291399271955
2200.5291399271955
2196.219414010127
2183.05438330303
2183.05438330303
2183.05438330303
2183.05438330303
2171.5269504435328
2171.3635424487948
2171.3635424487948
2171.3635424487948
2168.278926451737
2135.050876829524
2135.050876829524
2135.050876829524
2133.2708605693956
2133.2708605693956
2119.5086071315254
2119.5086071315254
2119.5086071315254
2117.9148857836467
2114.7734663660744
2112.991473787847
2112.991473787847
2111.5575534834975
2111.2927849099156
2111.2927849099156
2110.2451057425224
2110.2451057425224
2110.1231759318607
2110.1231759318607
2108.8153471246305
2108.528891216237
2107.941883589119
2107.883253148715
2107.523089645345
2107.523089645345
2107.143873924563
2107.143873924563
2107.0009561513466
2106.840078590615
2106.5896169359885
2106.5896169359885
2105.8879588568107
2105.8879588568107
2105.8879588568107
2105.8879588568107
2105.8879588568107
2105.8879588568107
2105.6743146141384
2105.6743146141384
2105.6743146141384
2105.6743146141384
2105.556199805698
2105.556199805698
2105.556199805698
2105.556199805698
2105.556199805698
2105.556199805698
2105.556199805698
2105.556199805698
2105.5505354981274
2105.5505354981274
2105.4831372386934
2105.4831372386934
2105.4831372386934
2105.4831372386934
2105.4452770256576
2105.4452770256576
2105.4452770256576
2105.0128375444447
2105.0128375444447
2105.0128375444447
2105.0128375444447
2105.0128375444447
2105.0128375444447
2105.0128375444447
2105.0128375444447
2105.0128375444447
2662.270736831335
2435.8286916046036
2435.8286916046036
2435.8286916046036
2393.826966005386
2393.826966005386
2393.826966005386
2269.833530804195
2269.833530804195
2269.833530804195
2269.833530804195
2269.833530804195
2269.833530804195
2269.833530804195
2269.833530804195
2264.870647003387
2249.290135765389
2249.290135765389
2249.290135765389
2241.8093154623957
2207.531578862363
2207.531578862363
2207.531578862363
2176.5151743064926
2176.5151743064926
2147.6766096671645
2147.6766096671645
2139.287654722698
2139.287654722698
2136.9556010039987
2120.7833623141623
2120.7833623141623
2120.7833623141623
2105.6385895293947
2105.6385895293947
2105.6385895293947
2105.6385895293947
2105.6385895293947
2105.285047485046
2095.3394275158075
2095.3394275158075
2095.3394275158075
2095.098527127695
2095.098527127695
2094.566729231955
2091.5225459225967
2090.9508735285167
2088.730622698676
2087.7072464828293
2087.7072464828293
2085.753262800133
2083.4774250035553
2081.372353439431
2081.2384057605964
2072.7706285951476
2071.041375587219
2070.7335774611743
2064.6668651678087
2064.4374342047104
2063.3640387852465
2062.494125543762
2061.2280241257254
2061.2280241257254
2059.3455034650306
2058.044882483165
2058.044882483165
2058.044882483165
2057.0077301544934
2057.0077301544934
2057.0077301544934
2056.1219844179213
2055.0874799482463
2054.69924223956
2054.1819083648993
2053.551306390406
2053.012289004083
2051.8783179282427
2051.349509682022
2051.155858741104
2050.652793206334
2050.652793206334
2050.2527418389113
2050.2527418389113
2050.0577114058174
2050.0577114058174
2049.984067486179
2049.984067486179
2049.6787700726413
2049.6787700726413
2049.6787700726413
2049.314839503449
2049.314839503449
2049.314839503449
2049.314839503449
2049.246894391728
2049.246894391728
2049.246816438308
2049.246816438308
2049.246816438308
2049.246816438308
2049.246816438308
2049.246816438308
2049.246816438308
2049.246816438308
2049.246816438308
2662.270736831335
2602.763126845769
2440.237896133153
2314.002957370234
2314.002957370234
2314.002957370234
2273.1899987178194
2268.1535343252617
2261.9313295673146
2261.9313295673146
2229.6467565194407
2226.469723227405
2226.469723227405
2226.469723227405
2226.469723227405
2214.3829134121925
2205.3768491122196
2171.4925192048104
2171.4925192048104
2171.4925192048104
2171.4925192048104
2171.4925192048104
2171.4925192048104
2165.004725010567
2165.004725010567
2160.592090333712
2160.592090333712
2145.5408966230766
2145.5408966230766
2143.075853782995
2143.075853782995
2143.075853782995
2143.075853782995
2137.2944769215947
2132.6561800448753
2130.157005728007
2130.157005728007
2124.009169498024
2124.009169498024
2124.009169498024
2123.9397988647374
2120.982411815194
2120.982411815194
2115.5375939645764
2114.4401673764633
2110.9838546234428
2107.6257200029695
2107.1610509853813
2104.046431351222
2104.046431351222
2098.7861748047485
2098.0497327679245
2098.0497327679245
2095.7885587639566
2094.313633116384
2094.313633116384
2092.7669882955215
2092.7669882955215
2092.7669882955215
2092.4494430535483
2088.8895751468935
2087.894793088477
2087.894793088477
2087.045592358233
2086.365422312116
2084.3378745749287
2084.3378745749287
2084.3378745749287
2084.3378745749287
2084.3378745749287
2082.864282003438
2082.864282003438
2082.864282003438
2082.864282003438
2082.3453411806736
2082.3453411806736
2082.3453411806736
2082.3453411806736
2082.3453411806736
2082.3453411806736
2082.3453411806736
2082.2369559021167
2081.9290981623994
2081.473118457294
2080.942238025918
2080.942238025918
2080.942238025918
2080.942238025918
2080.942238025918
2080.942238025918
2080.942238025918
2080.942238025918
2080.942238025918
2662.270736831335
2466.8412916777042
2466.8412916777042
2466.8412916777042
2322.964464839449
2322.964464839449
2322.964464839449
2322.964464839449
2316.9127883392566
2253.2947737622894
2195.979450381701
2187.970165379624
2187.970165379624
2179.0910208643986
2177.963883976154
2177.963883976154
2177.963883976154
2177.963883976154
2165.8872421069555
2165.8872421069555
2165.8872421069555
2165.8872421069555
2165.8872421069555
2165.5935626740775
2165.5935626740775
2157.431998910565
2157.431998910565
2157.431998910565
2157.431998910565
2155.4057386234135
2155.4057386234135
2153.3749365983754
2150.301962594606
2148.0274155896623
