2471.4624102772327
2434.009572840118
2434.009572840118
2387.145556289841
2360.482918541673
2287.2888125617837
2287.2888125617837
2285.072362115984
2275.8381185451985
2239.523350000312
2239.523350000312
2239.523350000312
2239.523350000312
2239.523350000312
2200.171203710462
2194.896581702693
2194.896581702693
2194.896581702693
2194.896581702693
2174.4006595922015
2174.4006595922015
2168.286157640279
2168.286157640279
2167.532091442597
2167.532091442597
2164.1750052493985
2158.518659276086
2158.518659276086
2156.9308783118336
2156.9308783118336
2154.8401022041935
2154.8401022041935
2154.8401022041935
2154.8401022041935
2154.7462384866885
2154.3279615067645
2150.352687371281
2149.949947797855
2149.0253848464804
2149.0253848464804
2146.134421412432
2144.9615440612833
2144.47748922193
2144.47748922193
2144.47748922193
2143.6058425357087
2142.9813659000883
2142.1855315512094
2142.1855315512094
2141.6000352716774
2141.6000352716774
2141.6000352716774
2141.1682435204916
2141.071982780692
2141.071982780692
2141.071982780692
2139.633189189682
2139.633189189682
2139.1686900954182
2139.1686900954182
2139.1686900954182
2139.0681796796525
2139.0681796796525
2138.884388479697
2138.884388479697
2138.784277861884
2138.784277861884
2138.560198099273
2138.1889121935087
2137.73689316697
2136.8136616033835
2136.8136616033835
2136.8136616033835
2136.8136616033835
2136.8136616033835
2136.8136616033835
2136.8136616033835
2136.8136616033835
2136.8136616033835
2136.785246693955
2136.785246693955
2136.489779984732
2136.489779984732
2136.489779984732
2136.489779984732
2136.489779984732
2136.2644094173193
2135.6330373268975
2135.6330373268975
2135.6330373268975
2135.6330373268975
2135.6330373268975
2135.6330373268975
2135.6330373268975
2135.6330373268975
2135.6330373268975
2471.6423145585422
2471.6423145585422
2471.6423145585422
2468.403970221179
2328.2661042371556
2328.2661042371556
2328.2661042371556
2328.2661042371556
2328.2661042371556
2328.2661042371556
2304.096964616177
2304.096964616177
2304.096964616177
2284.761773146495
2284.761773146495
2284.761773146495
2284.761773146495
2267.4754507205193
2267.4754507205193
2258.68758480943
2244.3704072321448
2238.8304888066177
2216.3223586277977
2216.3223586277977
2213.1280760661875
2211.802294856756
2197.9421200043994
2192.055512093804
2190.063423180517
2186.5832866122532
2186.5832866122532
2182.664089347155
2182.1201590895353
2181.9571841546945
2180.86787306138
2179.636669918473
2178.5890744576727
2178.5890744576727
2178.5890744576727
2178.5890744576727
2178.5890744576727
2178.4762519841443
2177.7809152352465
2174.8743431669054
2174.8743431669054
2173.8579493845286
2173.8579493845286
2173.8579493845286
2173.719357504285
2173.528562370307
2173.0687138659287
2172.656119630782
2172.656119630782
2172.656119630782
2172.656119630782
2172.656119630782
2171.3097672819254
2171.3097672819254
2171.3097672819254
2171.3097672819254
2171.2862882224217
2171.1172746794964
2171.091586586561
2170.73318890545
2170.73318890545
2170.73318890545
2169.6535680599018
2169.6535680599018
2169.6535680599018
2169.6535680599018
2169.6535680599018
2169.6535680599018
2169.6535680599018
2169.6535680599018
2169.6535680599018
2471.6423145585422
2471.6423145585422
2457.708997940239
2427.8326831189306
2427.8326831189306
2344.0939905822534
2252.8087996237537
2252.8087996237537
2252.8087996237537
2252.8087996237537
2252.8087996237537
2252.8087996237537
2252.8087996237537
2241.5584148771854
2241.5584148771854
2241.5584148771854
2241.5584148771854
2241.5584148771854
2241.5584148771854
2222.703936953355
2222.333748233522
2222.333748233522
2222.333748233522
2217.09525137693
2217.09525137693
2217.09525137693
2200.096196627827
2180.80248736108
2172.905454796375
2172.1988797019576
2172.1988797019576
2172.1988797019576
2172.1988797019576
2172.1988797019576
2167.3825574766115
2165.4757682122363
2164.7319451770354
2164.7319451770354
2161.9197589271803
2157.961505384159
2157.961505384159
2157.961505384159
2157.6325373400455
2157.1758474882854
2155.954309017062
2154.8506589875196
2154.432294536017
2153.2283948733807
2153.075174128371
2152.8838904236695
2152.6322190018855
2152.6322190018855
2152.349984664625
2152.349984664625
2150.9106350501975
2150.9106350501975
2150.9106350501975
2149.647248958521
2149.647248958521
2149.034029380377
2149.034029380377
2149.034029380377
2149.034029380377
2148.8787842001357
2148.8787842001357
2148.8787842001357
2148.8787842001357
2148.64198873605
2148.64198873605
2148.64198873605
2148.64198873605
2148.64198873605
2148.64198873605
2148.64198873605
2148.64198873605
2148.616576371587
2148.616576371587
2148.430843677958
2148.430843677958
2148.2551181491976
2148.2551181491976
2148.231215263191
2148.231215263191
2148.231215263191
2148.231215263191
2148.0513583173583
2148.0513583173583
2148.0513583173583
2148.0513583173583
2147.9516057525116
2147.9516057525116
2147.9516057525116
2147.9516057525116
2147.9516057525116
2147.9516057525116
2147.7161656562394
2147.7161656562394
2147.6700708075637
2147.6700708075637
2147.6700708075637
2147.6700708075637
2147.6700708075637
2147.6700708075637
2147.6700708075637
2147.6700708075637
2147.6700708075637
2471.6423145585422
2471.6423145585422
2341.507403735214
2341.507403735214
2257.021514475483
2241.0688994765574
2241.0688994765574
2241.0688994765574
2148.3232333042642
2148.3232333042642
2148.3232333042642
2148.3232333042642
2146.0889535576907
2146.0889535576907
2146.0889535576907
2146.0889535576907
2120.2169929073466
2109.78597904873
2109.78597904873
2109.78597904873
2109.78597904873
2109.78597904873
2109.78597904873
2109.78597904873
2109.78597904873
2107.2314183766835
2104.494763917774
2104.494763917774
2103.561987079694
2099.467134342746
2099.467134342746
2099.467134342746
2098.8970753092476
2096.978596482957
2096.4027726685345
2094.9174347802377
2094.9174347802377
2094.9174347802377
2094.9174347802377
2094.408427358232
2094.408427358232
2093.8440954080374
2093.8440954080374
2093.5755039095866
2092.993575828386
2092.993575828386
2092.6242768495986
2091.1768708569098
2090.962867055013
2090.962867055013
2090.962867055013
2090.5644126370726
2090.5644126370726
2090.5644126370726
2090.5644126370726
2090.5644126370726
2090.5644126370726
2090.5644126370726
2090.5644126370726
2090.412431150077
2090.412431150077
2090.3020092100087
2090.3020092100087
2089.688119448232
2089.688119448232
2089.688119448232
2089.688119448232
2089.6527662615053
2089.6527662615053
2089.6527662615053
2089.6527662615053
2089.043761578435
2089.043761578435
2089.043761578435
2089.043761578435
2089.043761578435
2088.8369058461153
2088.8369058461153
2088.8369058461153
2088.8369058461153
2088.8369058461153
2088.8369058461153
2088.8369058461153
2088.8369058461153
2088.8237945870524
2088.8237945870524
2088.8237945870524
2088.8237945870524
2088.8237945870524
2088.8237945870524
2088.8237945870524
2088.8237945870524
2088.8237945870524
2088.724674220486
2088.724674220486
2088.6776800505268
2088.6776800505268
2088.6776800505268
2088.6776800505268
2088.6776800505268
2088.6776800505268
2088.6776800505268
2088.6776800505268
2088.6776800505268
2471.6423145585422
2471.6423145585422
2470.6745002408643
2282.7639877025194
2282.7639877025194
2282.7639877025194
2277.558146165807
2277.558146165807
2262.4385120113243
2262.4385120113243
2254.548605184048
2246.6404664431534
2246.6404664431534
2221.4718730340905
2221.4718730340905
2221.4718730340905
2201.7417306090692
2188.6557696145314
2188.6557696145314
2188.1124544762088
2170.149554644422
2170.149554644422
2167.376392845863
2167.376392845863
2167.376392845863
2167.376392845863
2161.141145745691
2161.141145745691
2161.141145745691
2161.141145745691
2161.141145745691
2160.8069487824732
2155.3709215107633
2151.690782371326
2151.3473848524595
2150.298333529326
2147.253819239066
2147.253819239066
2147.253819239066
2147.253819239066
2146.5116121318747
2142.6399525440124
2142.6399525440124
2141.9624243828275
2140.779991290743
2139.0362948832885
2139.0362948832885
2137.8303493648045
2137.8303493648045
2137.16760876474
2137.16760876474
2137.16760876474
2137.16760876474
2137.16760876474
2137.16760876474
2137.16760876474
2137.16760876474
2137.027999107291
2137.027999107291
2137.027999107291
2137.027999107291
2137.027999107291
2137.027999107291
2137.027999107291
2137.027999107291
2137.027999107291
2471.6423145585422
2412.8468539320875
2324.0410940805873
2259.8516939970277
2259.8516939970277
2205.1891396599403
2205.1891396599403
2205.1891396599403
2205.1891396599403
2205.1891396599403
2205.1891396599403
2201.7944721695576
2201.7944721695576
2181.162432854204
2181.162432854204
2181.162432854204
2181.162432854204
2169.6727823436354
2169.6727823436354
2154.063219390093
2153.356845179075
2153.356845179075
2135.0240593843046
2135.0240593843046
2135.0240593843046
2135.0240593843046
2135.0240593843046
2130.4390059595053
2130.4390059595053
2127.9119270436713
2127.9119270436713
2126.7704532748144
2122.7656183346644
2122.7656183346644
2122.7656183346644
2121.2753165865847
2117.529806304285
2117.529806304285
2117.515333274933
2114.935770623464
2114.935770623464
2114.040229030654
2114.040229030654
2114.040229030654
2113.1436788883493
2113.1436788883493
2113.1436788883493
2112.7066464860295
2112.7066464860295
2111.9255626325926
2111.9255626325926
2111.9255626325926
2111.7727899107135
2111.7727899107135
2111.453465304975
2110.9711811272855
2110.9711811272855
2110.713620721363
2110.713620721363
2110.713620721363
2110.514196527322
2110.514196527322
2110.175487921841
2110.175487921841
2110.175487921841
2110.175487921841
2110.175487921841
2110.175487921841
2110.175487921841
2110.175487921841
2110.175487921841
2471.6423145585422
2471.6423145585422
2248.0257697185493
2248.0257697185493
2248.0257697185493
2223.8572085231326
2223.8572085231326
2223.8572085231326
2218.0252623049737
2188.4229132534006
2175.7606366350087
2175.7606366350087
2162.9890914061975
2162.9890914061975
2162.9890914061975
2162.9890914061975
2160.78763815806
2156.4377716697986
2151.2004134183885
2150.2549187197774
2124.9056300691745
2124.9056300691745
2124.9056300691745
2124.9056300691745
2121.09022985391
2121.09022985391
2118.370826573124
2115.9441614387038
2111.961600369394
2110.8314468591084
2110.749974511105
2110.749974511105
2106.6566511430897
2106.6566511430897
2106.6566511430897
2106.6566511430897
2105.5801671324416
2105.5801671324416
2104.145461932599
2104.145461932599
2104.145461932599
2100.899097812922
2100.228735585278
2100.228735585278
2099.9313139136993
2097.854192717139
2097.814586017384
2094.758609237783
2091.7749567369938
2089.480041916476
2087.166660567304
2086.2016024891136
2085.0239666089196
2084.07526305491
2084.07526305491
2083.6997969104355
2083.6997969104355
2082.7969132501307
2082.2908250747823
2082.2908250747823
2082.2908250747823
2082.1962537946947
2081.474316617044
2081.474316617044
2080.950920350108
2080.950920350108
2080.6916559867977
2080.6916559867977
2080.6916559867977
2080.6916559867977
2080.6916559867977
2080.6264867932623
2080.6264867932623
2080.5021462429295
2080.5021462429295
2080.5021462429295
2080.5021462429295
2080.5021462429295
2080.5021462429295
2080.5021462429295
2080.5021462429295
2080.5021462429295
2471.6423145585422
2466.6198923884276
2337.5588953704987
2337.5588953704987
2256.336241809047
2256.336241809047
2256.336241809047
2256.336241809047
2256.336241809047
2248.7844290186913
2248.7844290186913
2189.7492905751437
2189.7492905751437
2189.7492905751437
2178.7206746845413
2178.7206746845413
2178.7206746845413
2165.6785117228787
2155.398178578361
2155.398178578361
2154.905291458441
2154.905291458441
2153.7292953423653
2145.2731830526436
2145.2731830526436
2145.2731830526436
2145.2731830526436
2145.2052409511825
2141.346585885445
2141.346585885445
2138.318190683027
2135.18435273435
2135.18435273435
2135.18435273435
2134.6082227738766
2133.472934934019
2133.0344046149557
2133.0344046149557
2132.272938668031
2132.247565414466
2132.247565414466
2132.074628970675
2132.074628970675
2131.7518531375135
2131.1679059296353
2130.688719295469
2130.5022856747537
2130.5022856747537
2129.838771154118
2129.838771154118
2129.3768692896424
2129.3768692896424
2129.3768692896424
2129.3768692896424
2129.28064961168
2129.0947941241147
2128.848004167688
2128.848004167688
2128.848004167688
2128.848004167688
2128.7304627445787
2128.484191519734
2128.484191519734
2128.484191519734
2128.3625764406984
2128.3625764406984
2128.3625764406984
2128.3625764406984
2128.3625764406984
2128.3625764406984
2128.3625764406984
2128.1992993187955
2128.1992993187955
2128.19070633289
2128.19070633289
2128.19070633289
2128.19070633289
2128.19070633289
2128.19070633289
2128.127593683779
2123.4101434888985
2122.9185011603154
2122.9185011603154
2120.9080054228825
2120.9080054228825
2120.9080054228825
2120.3863221850784
2120.3863221850784
2120.3863221850784
2120.0449343087394
2120.0449343087394
2120.0449343087394
2119.6940834575244
2119.637346259128
2119.637346259128
2119.637346259128
2119.2717151576567
2119.2717151576567
2119.2717151576567
2115.139814836771
2112.34230579165
2112.34230579165
2112.34230579165
2112.34230579165
2112.34230579165
2111.0929253056756
2110.7801434839175
2110.7801434839175
2110.6234593958998
2110.6234593958998
2110.6234593958998
2110.0550175980375
2109.867803093368
2109.867803093368
2109.867803093368
2109.469508633477
2108.822996250535
2108.776608695956
2108.7630364865786
2108.7630364865786
2108.7630364865786
2108.7630364865786
2108.7630364865786
2106.6678873732826
2100.1076777026988
2099.9636570539237
2099.9636570539237
2099.806129162971
2099.806129162971
2099.806129162971
2099.806129162971
2099.806129162971
2099.806129162971
2098.2520297722053
2098.2520297722053
2098.2520297722053
2098.023019485317
2098.023019485317
2098.023019485317
2098.023019485317
2097.9905341877306
2097.9905341877306
2097.9905341877306
2097.9905341877306
2097.9905341877306
2097.9905341877306
2097.9361090615225
2097.852530142399
2097.852530142399
2097.405758715198
2097.405758715198
2097.405758715198
2097.405758715198
2097.405758715198
2097.405758715198
2097.405758715198
2097.405758715198
2097.405758715198
2471.6423145585422
2471.6423145585422
2430.1050724552347
2379.031283906479
2298.74132342959
2298.74132342959
2258.5086359315665
2213.703992690902
2183.416423912856
2183.416423912856
2183.416423912856
2162.72902362867
2162.72902362867
2162.72902362867
2162.72902362867
2162.72902362867
2138.8107821296508
2138.8107821296508
2134.2565519051705
2134.2565519051705
2134.2565519051705
2125.5168359655872
2117.955883390006
2117.955883390006
2117.955883390006
2110.461616742487
2110.461616742487
2110.461616742487
2110.461616742487
2110.461616742487
2110.461616742487
2110.461616742487
2110.461616742487
2109.5137272240645
2108.5915098581586
2105.2743579420494
2103.1239457148404
2101.945343186567
2101.945343186567
2101.465424720805
2098.291406325729
2096.052713531487
2091.0214205376114
2090.522604437485
2090.522604437485
2088.237878062778
2088.237878062778
2088.0961212480843
2086.7255684750758
2085.698556109093
2084.9106593952442
2083.708159336164
2083.708159336164
2083.708159336164
2083.708159336164
2082.8891861455354
2082.8891861455354
2082.8891861455354
2082.8891861455354
2081.37570831751
2081.37570831751
2081.37570831751
2081.1211686994625
2081.1211686994625
2080.255975049226
2080.02364741984
2080.02364741984
2080.02364741984
2080.02364741984
2078.778614036162
2078.4720512468216
2078.4720512468216
2078.4720512468216
2078.2440479551865
2078.2440479551865
2078.2440479551865
2078.2440479551865
2078.2440479551865
2078.2440479551865
2078.2440479551865
2078.1246756997803
2078.1246756997803
2077.7845778733363
2077.7845778733363
2077.5363655075753
2077.5363655075753
2077.5363655075753
2077.5363655075753
2077.5363655075753
2077.509055125016
2077.509055125016
2077.509055125016
2077.3788938933126
2077.3788938933126
2076.486588151061
2076.486588151061
2076.486588151061
2076.4830977786423
2076.4830977786423
2076.4830977786423
2076.4830977786423
2076.4830977786423
2076.4830977786423
2076.4830977786423
2076.4830977786423
2076.4830977786423
2471.6423145585422
2412.9178217535573
2376.054813499951
2260.794379572825
2260.794379572825
2260.794379572825
2248.619361775238
2248.619361775238
2245.4703714897037
2245.4703714897037
2245.4703714897037
2205.3769572149
2205.3769572149
2197.961465519524
2181.8228370780025
2181.8228370780025
2181.8228370780025
2181.8228370780025
2181.8228370780025
2181.8228370780025
2181.8228370780025
2172.800368377642
2165.633126124801
2165.633126124801
2165.633126124801
2165.633126124801
2165.633126124801
2162.1333484430465
2162.1333484430465
2156.7360953482316
2155.6871483790082
2147.2398336118163
2145.129238158045
2145.129238158045
2145.129238158045
2145.129238158045
2145.129238158045
2145.129238158045
2145.129238158045
2143.8139678258913
2143.8139678258913
2143.2008459939752
2140.969720628053
2140.969720628053
2140.969720628053
2140.4786218495497
2138.7977802229257
2138.1349361311627
2136.2655764727742
2133.760963002079
2133.410069145035
2133.410069145035
2132.8213921405154
2131.6947531212645
2131.290183039273
2130.673368514817
2130.673368514817
2130.523535075924
2130.523535075924
2130.523535075924
2129.8602850474817
2129.8602850474817
2129.8602850474817
2129.8602850474817
2129.8602850474817
2129.8602850474817
2129.6602075181145
2129.6602075181145
2129.6602075181145
2129.6602075181145
2129.6602075181145
2129.6602075181145
2129.6602075181145
2129.6602075181145
2129.6602075181145
2471.6423145585422
2471.6423145585422
2403.0598055041846
2344.091739771314
2344.091739771314
2248.7345205961897
2248.7345205961897
2248.7345205961897
2248.7345205961897
2206.7117821854595
2206.7117821854595
2205.1165493110557
2205.1165493110557
2205.1165493110557
2205.1165493110557
2193.6508974680987
2189.5304757929052
2189.5304757929052
2165.1929466113675
2165.1929466113675
2165.1929466113675
2152.2990669502706
2152.2990669502706
2152.2990669502706
2149.3560816684044
2145.950285022831
2145.950285022831
2145.950285022831
2145.950285022831
2145.950285022831
2143.5053426909017
2143.5053426909017
2143.5053426909017
2142.497819427073
2142.497819427073
2142.497819427073
2139.4987446985456
2137.8589676776983
2137.8589676776983
2137.8589676776983
2137.8589676776983
2135.4656450252037
2134.886688965534
2134.886688965534
2134.886688965534
2134.886688965534
2134.886688965534
2134.7015402322763
2133.954338671227
2132.258331202737
2130.1681302723546
2130.1681302723546
2130.1681302723546
2129.4982656769957
2128.864435515723
2127.8940849696305
2127.3582682465153
2125.8817229213923
2125.8671007542202
2125.48788677741
2125.2561596181235
2124.764556666922
