2270.031677466586
2270.031677466586
2270.031677466586
2270.031677466586
2270.031677466586
2270.031677466586
2269.985463057159
2266.787435145173
2266.787435145173
2196.826606521866
2196.826606521866
2153.473359032958
2153.473359032958
2153.473359032958
2153.473359032958
2153.473359032958
2149.962569119177
2149.962569119177
2144.4871698617258
2143.7247615643964
2143.7247615643964
2136.25840425397
2136.25840425397
2136.25840425397
2135.0662096386072
2129.859362252955
2129.859362252955
2129.859362252955
2129.316674443973
2126.371554349844
2124.8409637021264
2124.8409637021264
2123.56638270963
2119.400804992223
2119.400804992223
2114.8785034846414
2114.5455807371436
2112.806801597034
2108.8716958100404
2106.853168089685
2106.853168089685
2102.231572376295
2100.378552564967
2100.378552564967
2100.378552564967
2100.378552564967
2100.378552564967
2099.311999629982
2099.311999629982
2098.7415885447563
2096.230701013258
2096.230701013258
2096.230701013258
2094.8698132443355
2093.7263062742522
2093.7263062742522
2093.7263062742522
2093.7263062742522
2093.7263062742522
2093.7263062742522
2093.7263062742522
2093.7263062742522
2093.7263062742522
2457.3906931836163
2457.3906931836163
2338.3832199450803
2262.3871425995067
2262.3871425995067
2225.289338873536
2225.289338873536
2225.289338873536
2225.289338873536
2219.5180376220555
2219.5180376220555
2211.4537989937926
2211.4537989937926
2176.239259450592
2176.239259450592
2176.239259450592
2172.4330618700546
2172.4330618700546
2169.5584032535094
2169.5584032535094
2168.717046576873
2167.844178053515
2161.065702957361
2155.98257874337
2155.98257874337
2155.98257874337
2155.98257874337
2152.0125878248973
2152.0125878248973
2152.0125878248973
2149.0380152960906
2149.0380152960906
2148.4213063928337
2132.503720761095
2132.503720761095
2132.503720761095
2123.5598451753713
2114.956630062554
2114.956630062554
2111.117995105566
2106.3241139351603
2106.3241139351603
2106.3241139351603
2106.3241139351603
2105.842185614399
2105.842185614399
2105.842185614399
2105.842185614399
2104.777370193342
2104.777370193342
2102.9137687722455
2102.9137687722455
2102.9137687722455
2102.4590277750494
2101.257594977525
2101.036215824522
2099.146648656533
2096.8608518696888
2095.642892143579
2095.642892143579
2094.222088826203
2094.222088826203
2094.222088826203
2093.7133384756194
2092.6251241559175
2091.382572883196
2091.382572883196
2091.382572883196
2091.382572883196
2090.8503712509473
2090.8503712509473
2090.8503712509473
2090.8503712509473
2090.8503712509473
2090.5426412185243
2089.9901259518456
2089.9901259518456
2089.9901259518456
2089.9901259518456
2089.9901259518456
2089.9901259518456
2089.9901259518456
2089.9600260712464
2089.4314516241575
2089.4314516241575
2089.1954672888705
2089.1954672888705
2089.12261247506
2089.12261247506
2089.12261247506
2088.5615344056914
2088.5615344056914
2088.5615344056914
2088.527076571553
2088.527076571553
2088.3189462168802
2088.3189462168802
2088.3189462168802
2088.3189462168802
2088.3189462168802
2087.9601403990637
2087.9601403990637
2086.846529663021
2086.846529663021
2086.846529663021
2086.794506624797
2086.794506624797
2086.794506624797
2086.794506624797
2086.794506624797
2086.794506624797
2086.794506624797
2086.794506624797
2086.794506624797
2457.3906931836163
2344.6998719040193
2344.6998719040193
2344.6998719040193
2297.9896511561547
2297.9896511561547
2295.108599347275
2281.6130201308956
2271.9028853752684
2243.9646816577565
2223.673530281865
2223.673530281865
2223.673530281865
2180.196826873084
2180.196826873084
2180.196826873084
2180.196826873084
2177.622169729726
2177.622169729726
2175.0072259430103
2151.1842306609083
2151.1842306609083
2146.6089558930034
2146.040538381346
2146.040538381346
2146.040538381346
2138.858361965829
2134.150812119761
2134.150812119761
2133.961887977826
2133.4997195508577
2132.8603335680705
2131.13544174557
2129.4915876554674
2129.4915876554674
2127.5979758205267
2127.5386759466155
2126.6078049087937
2126.2406877572043
2124.669808032233
2124.243045515781
2124.243045515781
2123.6509615029536
2123.4634440893874
2122.252228308236
2122.252228308236
2122.252228308236
2122.252228308236
2122.252228308236
2122.0497623665383
2121.645186545833
2120.776244627059
2120.776244627059
2120.776244627059
2120.776244627059
2120.776244627059
2120.4501056421614
2119.2298252433466
2118.962808665924
2118.664121251431
2118.664121251431
2118.623311148896
2117.9100640658844
2117.7499175449557
2117.2871137027746
2117.2871137027746
2117.2871137027746
2116.472149697892
2116.393272143757
2116.393272143757
2116.393272143757
2116.393272143757
2116.2253507402816
2115.9927696945015
2115.9927696945015
2115.97565376867
2115.97565376867
2115.97565376867
2115.97565376867
2115.97565376867
2115.97565376867
2115.511367350641
2115.511367350641
2115.511367350641
2115.511367350641
2115.511367350641
2115.4703003919967
2115.4703003919967
2115.4703003919967
2115.4703003919967
2115.4703003919967
2115.4703003919967
2115.3031299510276
2115.3031299510276
2115.3031299510276
2115.3031299510276
2115.3031299510276
2115.3031299510276
2115.3031299510276
2115.3031299510276
2115.3031299510276
2457.3906931836163
2339.8595733883026
2268.9698950685815
2268.9698950685815
2268.9698950685815
2259.473402676212
2238.326687184857
2214.074024951439
2214.074024951439
2214.074024951439
2214.074024951439
2204.324275506451
2173.7849904343584
2173.7849904343584
2173.7849904343584
2173.7849904343584
2173.7849904343584
2167.3472465994964
2167.3472465994964
2167.3472465994964
2146.4661896283496
2146.4661896283496
2146.4661896283496
2146.4661896283496
2141.65869682224
2139.411949336581
2129.1375535512343
2125.842300345715
2125.842300345715
2119.1001901288887
2119.1001901288887
2118.7198351456536
2109.6426939693006
2109.1671952946617
2102.284186166359
2102.284186166359
2102.284186166359
2102.284186166359
2095.715779469128
2095.5296189117335
2095.5296189117335
2095.5296189117335
2094.838172521973
2094.838172521973
2093.5423848580444
2093.0952518518493
2091.2672799411653
2091.2672799411653
2091.2672799411653
2091.2672799411653
2091.2672799411653
2090.246610015751
2089.183256205705
2089.1276205978606
2087.555198077684
2087.555198077684
2085.2719390168627
2085.2719390168627
2085.2719390168627
2084.7754754190414
2084.7754754190414
2084.7754754190414
2084.7754754190414
2084.7754754190414
2084.7754754190414
2084.7719144380035
2084.7719144380035
2084.7719144380035
2084.7719144380035
2084.7719144380035
2084.7719144380035
2084.7719144380035
2084.34532720555
2084.2156554346766
2084.2156554346766
2083.082102097688
2083.082102097688
2083.082102097688
2083.082102097688
2083.082102097688
2083.082102097688
2083.082102097688
2083.082102097688
2083.082102097688
2082.9773962833874
2082.9773962833874
2082.431118120886
2082.431118120886
2082.431118120886
2082.431118120886
2082.431118120886
2082.431118120886
2082.431118120886
2082.431118120886
2082.431118120886
2457.3906931836163
2411.058409169366
2411.058409169366
2411.058409169366
2411.058409169366
2411.058409169366
2411.058409169366
2370.8590538058265
2370.8590538058265
2370.8590538058265
2352.5065020352877
2352.5065020352877
2352.5065020352877
2352.5065020352877
2352.5065020352877
2352.5065020352877
2321.9521546189226
2299.189429528491
2299.189429528491
2299.189429528491
2299.189429528491
2289.492315492197
2287.313694017166
2287.313694017166
2287.313694017166
2287.313694017166
2287.313694017166
2185.7822181295924
2185.7822181295924
2185.7822181295924
2179.1588105279034
2177.069905346195
2177.069905346195
2155.0267982719374
2155.0267982719374
2143.4746199017764
2143.4746199017764
2143.4746199017764
2138.3557501765677
2138.3557501765677
2137.0452906259216
2136.4672043808255
2136.4672043808255
2135.6241370929006
2133.5691504960696
2130.7023035894376
2129.3499570773865
2128.600650037735
2128.600650037735
2128.3024374926244
2124.7263501838265
2124.4880766831775
2121.0920556192336
2121.0920556192336
2120.472428049655
2120.472428049655
2120.472428049655
2120.472428049655
2120.1846725346795
2120.173199169752
2120.173199169752
2120.173199169752
2120.173199169752
2118.8118316478035
2118.8118316478035
2118.8118316478035
2118.4821406093147
2118.4821406093147
2118.4821406093147
2118.319072941522
2118.260477482675
2118.260477482675
2117.849365730655
2117.849365730655
2117.849365730655
2117.849365730655
2117.4336987744746
2117.4336987744746
2117.4336987744746
2117.3634813283934
2117.3634813283934
2117.3634813283934
2117.3634813283934
2117.218047480101
2117.218047480101
2117.218047480101
2116.8405734598336
2116.8405734598336
2116.759872879223
2116.759872879223
2116.759872879223
2116.759872879223
2116.759872879223
2116.759872879223
2116.759872879223
2116.759872879223
2116.759872879223
2457.3906931836163
2369.820273331242
2348.4544407672524
2348.4544407672524
2348.4544407672524
2348.4544407672524
2348.4544407672524
2310.3521947489858
2310.3521947489858
2310.3521947489858
2292.1852294643127
2288.406378182637
2281.824597776455
2281.824597776455
2268.2950799650384
2254.854926653753
2247.8642352110346
2227.081756448317
2225.687684534097
2222.934544267803
2222.934544267803
2222.934544267803
2221.721737168251
2216.3893801727804
2212.5455278775457
2211.561583450034
2211.561583450034
2210.885767885756
2206.4024544123354
2206.4024544123354
2206.4024544123354
2206.4024544123354
2199.990270811743
2199.7140429610113
2199.7140429610113
2198.484507535247
2197.557023361838
2197.557023361838
2197.0646379064437
2197.0646379064437
2197.0646379064437
2196.561846616476
2196.561846616476
2196.561846616476
2196.561846616476
2195.8106287620017
2195.8106287620017
2195.8106287620017
2195.7648343027495
2195.7648343027495
2195.7648343027495
2195.7648343027495
2195.6538952082683
2195.6538952082683
2195.6538952082683
2195.6538952082683
2195.6538952082683
2195.6450143767474
2195.6450143767474
2195.6450143767474
2195.6450143767474
2195.6450143767474
2195.6450143767474
2195.3604496957714
2195.3604496957714
2195.3604496957714
2195.3604496957714
2195.3604496957714
2195.3604496957714
2195.3604496957714
2195.3604496957714
2195.3604496957714
2457.3906931836163
2398.1810696368434
2398.1810696368434
2323.452623124468
2323.452623124468
2300.1788698321197
2260.4972158901605
2260.4972158901605
2239.5029683570033
2220.4216593327315
2216.6997653587987
2197.166582587583
2197.166582587583
2197.166582587583
2184.6661281522724
2184.6661281522724
2184.6661281522724
2184.6661281522724
2181.1180362404016
2181.1180362404016
2173.321429276703
2173.321429276703
2173.321429276703
2173.321429276703
2157.9138274210086
2157.9138274210086
2157.211709305647
2157.211709305647
2150.1432882535137
2148.088561251808
2135.1466538211657
2123.1287735661804
2121.1331152210623
2121.1331152210623
2121.1331152210623
2121.1331152210623
2121.1331152210623
2118.116590064168
2118.116590064168
2115.902937271314
2113.261805868152
2112.777968167266
2112.777968167266
2112.499314842615
2112.1845943306707
2112.1845943306707
2112.1845943306707
2111.0938105470445
2111.0938105470445
2111.0938105470445
2108.3887835941287
2108.3887835941287
2108.3887835941287
2107.706105083474
2107.706105083474
2107.706105083474
2107.699328756425
2107.699328756425
2106.637046189899
2106.637046189899
2106.637046189899
2106.28669431553
2106.2842940039127
2106.0393822239384
2104.685422986675
2104.685422986675
2104.685422986675
2104.685422986675
2104.5741267797903
2104.5741267797903
2104.5741267797903
2104.41347113435
2104.41347113435
2104.41347113435
2104.41347113435
2104.41347113435
2104.41347113435
2104.41347113435
2104.41347113435
2104.41347113435
2457.3906931836163
2397.5630802707415
2397.5630802707415
2397.5630802707415
2287.2298273669035
2287.2298273669035
2287.2298273669035
2287.2298273669035
2287.2298273669035
2238.4699316520027
2237.949926854509
2237.949926854509
2237.949926854509
2183.250359770694
2183.250359770694
2183.250359770694
2173.418323597028
2173.418323597028
2173.418323597028
2173.418323597028
2169.575218612015
2169.575218612015
2166.7981912430027
2166.7981912430027
2165.3873590849103
2165.355171605425
2162.666819912331
2162.4991180014076
2160.794965420083
2160.794965420083
2160.794965420083
2156.8301895738205
2156.1989179585144
2155.7872278047694
2155.121726091004
2155.0634057676666
2153.658640136747
2153.1381190519505
2153.1381190519505
2152.663125460567
2152.0146414187234
2151.97702089965
2151.97702089965
2151.97702089965
2151.6265620521453
2151.6265620521453
2151.4122820411994
2150.8963428088728
2150.8963428088728
2150.653117571966
2150.653117571966
2150.653117571966
2150.499133087028
2150.3340139403413
2150.3340139403413
2150.3340139403413
2150.3340139403413
2150.0687930350296
2150.0687930350296
2149.824634849064
2149.824634849064
2149.824634849064
2149.824634849064
2149.824634849064
2149.8206957670013
2149.8206957670013
2149.775648073414
2149.775648073414
2149.775648073414
2149.6348246562907
2149.6348246562907
2149.6348246562907
2149.401556484066
2149.132113983029
2149.132113983029
2149.132113983029
2149.132113983029
2149.132113983029
2149.132113983029
2149.132113983029
2149.132113983029
2149.132113983029
2457.3906931836163
2414.386529789563
2347.9368289262275
2342.269266575873
2290.3293560096117
2233.7728549777703
2233.7728549777703
2233.7728549777703
2224.7279730795212
2224.7279730795212
2224.7279730795212
2224.7279730795212
2224.7279730795212
2203.044900163856
2203.044900163856
2203.044900163856
2182.8285003197984
2182.8285003197984
2182.8285003197984
2182.8285003197984
2182.8285003197984
2182.8285003197984
2174.968667936481
2172.8478492113063
2172.8478492113063
2159.310276696714
2151.3416663316907
2151.3416663316907
2151.296966538045
2151.296966538045
2141.6063899705728
2141.6063899705728
2141.6063899705728
2137.6195621118354
2132.4010465401657
2132.4010465401657
2132.4010465401657
2129.697043304719
2127.577927825713
2126.7244390092733
2125.3923921064415
2125.3923921064415
2122.954889066428
2122.954889066428
2122.954889066428
2122.954889066428
2122.1582230293156
2121.872692516367
2121.089003177518
2120.7724744718867
2120.7724744718867
2120.7724744718867
2120.770474393278
2120.770474393278
2120.5491246047036
2120.170625458519
2119.492044505119
2119.492044505119
2119.492044505119
2119.110168242292
2119.110168242292
2119.066068290511
2117.5033978011425
2117.3598469677745
2117.3598469677745
2117.3598469677745
2116.718720311248
2116.707425535913
2116.6611750580864
2116.6611750580864
2116.6611750580864
2116.5257876131554
2116.5257876131554
2115.8669581361028
2115.8669581361028
2115.8669581361028
2115.8669581361028
2115.8669581361028
2115.556252587885
2115.556252587885
2115.556252587885
2115.556252587885
2115.556252587885
2115.556252587885
2115.556252587885
2115.556252587885
2115.331822765556
2115.331822765556
2115.331822765556
2115.331822765556
2115.253601542849
2115.253601542849
2115.253601542849
2115.253601542849
2115.253601542849
2115.253601542849
2115.253601542849
2115.253601542849
2115.253601542849
2457.3906931836163
2457.3906931836163
2335.139337228807
2335.139337228807
2291.107086369422
2192.8500025051353
2192.8500025051353
2169.9241030835947
2168.008261128439
2168.008261128439
2152.0428660087805
2152.0428660087805
2151.351689184875
2151.351689184875
2151.3168457205934
2148.249775901077
2148.249775901077
2148.249775901077
2136.502081709391
2134.368711426828
2129.2513353237755
2129.2513353237755
2128.4461393106876
2128.4461393106876
2128.4461393106876
2128.4461393106876
2128.4461393106876
2117.081614351828
2113.0447632001687
2113.0447632001687
2113.0447632001687
2111.7133727277883
2106.955214360347
2106.460549939
2106.460549939
2103.791290817988
2103.791290817988
2102.4498178943513
2101.7006737711404
2101.7006737711404
2099.789143816715
2099.789143816715
2098.3913963936598
2097.995650911784
2097.251748899152
2097.0109060186987
2096.3587489391575
2096.3587489391575
2096.3587489391575
2096.3587489391575
2096.1255665023414
2095.618531604606
2095.329994901733
2095.329994901733
2094.6634622925526
2094.658397611821
2094.658397611821
2094.4497877979743
2094.4497877979743
2094.4497877979743
2094.4497877979743
2093.9754756746465
2093.9754756746465
2093.9467486640942
2093.582459267257
2093.582459267257
2093.582459267257
2093.582459267257
2093.582459267257
2093.420240342531
2093.420240342531
2092.571073605024
2092.571073605024
2092.571073605024
2092.571073605024
2092.571073605024
2092.571073605024
2092.571073605024
2092.571073605024
2092.571073605024
2457.3906931836163
2437.600779195451
2315.7123969924505
2315.7123969924505
2315.7123969924505
2271.891923340793
2217.5961880706004
2217.5961880706004
2200.9426048276327
2200.9426048276327
2200.9426048276327
2200.9426048276327
2200.9426048276327
2200.9426048276327
2200.9426048276327
2195.9982361627717
2190.2424838034963
2190.2424838034963
2180.505051005971
2172.632343612621
2164.220965817722
2164.220965817722
2164.220965817722
2164.220965817722
2164.220965817722
2144.547370204666
2138.6809178438134
2138.6809178438134
2132.2621653441
2129.3232027264453
2128.812324766282
2128.812324766282
2128.812324766282
2128.812324766282
2126.8627537111897
2125.6729369893533
2124.3574308195252
2123.724299092105
2121.2501398339614
2120.604347454199
2119.3627274764385
2118.9551083474694
2118.4931665109452
2117.383574715314
2117.363101233603
2117.047953702667
2117.047953702667
2116.203208963826
2115.608538169845
2114.9861719781493
2114.5149481758826
2114.5149481758826
2114.4001592206287
2114.4001592206287
2114.1885735682918
2113.147901611229
2112.799491843349
2112.799491843349
2112.727244713966
2112.6668374345304
2112.012422549226
2112.012422549226
2112.012422549226
2110.9538016557963
2110.9538016557963
2110.9538016557963
2110.9538016557963
2110.9538016557963
2110.9538016557963
2110.893105788954
2110.893105788954
2110.893105788954
2110.893105788954
2110.893105788954
2110.893105788954
2110.893105788954
2110.8393393627425
2110.8393393627425
2110.8393393627425
2110.8393393627425
2110.8160679390676
2110.7670081423216
2110.7670081423216
2110.7670081423216
2110.7670081423216
2110.7670081423216
2110.7670081423216
2110.7048289796267
2110.675353875667
2110.675353875667
2110.4496459098564
2110.4496459098564
2110.4496459098564
2110.4496459098564
2110.4496459098564
2110.382649500536
2110.382649500536
2110.382649500536
2110.382649500536
2110.382649500536
2110.382649500536
2110.382649500536
2110.382649500536
2110.382649500536
2457.3906931836163
2457.3906931836163
2247.7197065837313
2247.7197065837313
2233.025750154632
2233.025750154632
2233.025750154632
2201.2752176117997
2201.2752176117997
2201.2752176117997
2197.6375430298453
2197.6375430298453
2197.6375430298453
2197.6375430298453
