2568.2918012450505
2442.3872159365487
2309.0067845441135
2221.833280767609
2203.022796029847
2203.022796029847
2203.022796029847
2203.022796029847
2176.7460647392045
2176.7460647392045
2176.7460647392045
2176.7460647392045
2176.7460647392045
2176.7460647392045
2176.7460647392045
2176.7460647392045
2168.480508313135
2168.480508313135
2162.17955401679
2157.2095336445136
2157.2095336445136
2157.0759964866606
2157.0759964866606
2155.9631835866035
2155.9631835866035
2155.9211801723472
2148.2125638515267
2147.1257130100735
2147.1257130100735
2146.0963065524365
2135.9083897208634
2135.9083897208634
2135.899618429842
2135.899618429842
2134.4951892864246
2128.952662116277
2127.823316163436
2127.823316163436
2126.4893682796423
2126.040921484875
2124.8414924069025
2123.2338961324276
2123.2338961324276
2122.217238191339
2122.217238191339
2121.920586325013
2121.920586325013
2121.920586325013
2119.8309295021863
2119.8266299871407
2119.8266299871407
2119.2172439109895
2118.62141709849
2118.599466941182
2118.411175940965
2118.411175940965
2118.411175940965
2118.062440799588
2117.0157384426416
2117.0157384426416
2117.0157384426416
2117.0157384426416
2116.843049617752
2116.843049617752
2116.8102673754593
2116.5438684920373
2116.5438684920373
2116.312281771891
2116.312281771891
2116.312281771891
2115.997695320786
2115.551085809786
2115.551085809786
2115.551085809786
2115.056016989529
2115.056016989529
2115.056016989529
2114.6039902392417
2114.6039902392417
2114.6039902392417
2114.6039902392417
2114.6039902392417
2114.6039902392417
2114.6039902392417
2114.6039902392417
2114.6039902392417
2572.637579107901
2541.0962540338055
2390.2373925597294
2191.5329798800153
2191.5329798800153
2191.5329798800153
2191.5329798800153
2191.5329798800153
2191.5329798800153
2153.800160215539
2135.288013512266
2135.288013512266
2131.3018338435504
2120.2559700735856
2120.2559700735856
2116.338050397591
2110.2692136223577
2092.6563568457605
2084.227407469157
2084.227407469157
2084.227407469157
2084.227407469157
2084.067251003103
2073.3388049562577
2073.3388049562577
2073.3388049562577
2073.3372981236894
2066.6787321476213
2066.6787321476213
2066.668712907068
2066.668712907068
2066.668712907068
2061.5260519051762
2061.5260519051762
2061.5260519051762
2060.0254424540854
2056.434732229033
2056.434732229033
2056.434732229033
2056.434732229033
2056.434732229033
2055.0491790284386
2054.0373212349486
2052.857687709329
2051.5256874330407
2051.173980293788
2051.173980293788
2050.6541691554116
2050.4791749166034
2049.036617854297
2049.036617854297
2049.036617854297
2048.1128693212004
2047.3660332478137
2047.2567864477876
2046.9516293309916
2046.9516293309916
2045.7966358815981
2045.7966358815981
2045.7966358815981
2045.7966358815981
2045.1198306371168
2045.1198306371168
2045.1198306371168
2045.0525137760458
2045.0525137760458
2044.8656483790523
2044.1865969143457
2044.1865969143457
2044.1865969143457
2044.1865969143457
2044.1865969143457
2044.1865969143457
2044.1865969143457
2044.1865969143457
2044.1865969143457
2044.0199842863055
2044.0199842863055
2044.0043762289927
2044.0043762289927
2044.0043762289927
2043.9822324914353
2043.9822324914353
2043.9340206343145
2043.9340206343145
2043.6288538204342
2043.6288538204342
2043.6288538204342
2043.6288538204342
2043.6288538204342
2043.6288538204342
2043.6223024813808
2043.1561870726498
2043.1561870726498
2043.1561870726498
2043.1561870726498
2042.9903230293783
2042.9880202983638
2042.9880202983638
2042.7607736584878
2042.7607736584878
2042.7607736584878
2042.7607736584878
2042.7607736584878
2042.7607736584878
2042.7607736584878
2042.7607736584878
2042.7164502263458
2042.7164502263458
2042.7164502263458
2042.7047913731087
2042.7047913731087
2042.7047913731087
2042.7047913731087
2042.6944992438307
2042.6944992438307
2042.6727305912107
2042.6727305912107
2042.6727305912107
2042.2519744767883
2042.2519744767883
2042.2519744767883
2042.2519744767883
2042.2519744767883
2042.2519744767883
2042.2519744767883
2042.2519744767883
2042.1584669569893
2042.1584669569893
2042.1584669569893
2042.1584669569893
2041.7219591602877
2041.7219591602877
2041.7219591602877
2041.7219591602877
2041.7219591602877
2041.7219591602877
2041.7219591602877
2041.7219591602877
2041.7219591602877
2572.637579107901
2281.790825915719
2257.6963525827
2257.6963525827
2223.5134015916433
2212.165491510062
2212.165491510062
2212.165491510062
2185.937514134737
2185.937514134737
2185.937514134737
2185.937514134737
2185.937514134737
2184.874343103813
2176.5470138910377
2174.4886323066994
2163.8984086374667
2160.2540392993965
2150.40296364752
2150.40296364752
2150.40296364752
2142.0645281373036
2141.6305045121107
2136.5282123132793
2133.242432896186
2133.242432896186
2130.3245011078807
2127.5061255799633
2125.76753706603
2120.0074119259266
2118.2711609802914
2118.2711609802914
2118.2711609802914
2118.2711609802914
2118.2711609802914
2116.841977872893
2116.841977872893
2115.535036982716
2115.535036982716
2115.535036982716
2115.4671559211547
2115.121977723384
2114.672350420013
2114.672350420013
2114.672350420013
2114.529850773914
2114.529850773914
2112.433530702304
2111.5403515113517
2110.209096019617
2110.209096019617
2107.230686319597
2107.230686319597
2107.230686319597
2107.230686319597
2106.9110965588343
2106.9110965588343
2106.267659554764
2106.267659554764
2106.1312039500763
2105.553649205737
2105.494833219817
2105.494833219817
2105.017623184063
2105.017623184063
2104.0161618399625
2104.0161618399625
2104.0161618399625
2103.5317019889035
2103.5317019889035
2103.5317019889035
2103.4830735859996
2103.4830735859996
2102.5797534257586
2102.5797534257586
2102.5797534257586
2102.432274793287
2102.432274793287
2102.300815591574
2102.300815591574
2102.0599244898567
2101.9816263749726
2101.9816263749726
2101.7234093272314
2101.7234093272314
2101.7234093272314
2101.7234093272314
2101.7234093272314
2101.7234093272314
2101.613308810107
2101.613308810107
2101.613308810107
2101.613308810107
2101.613308810107
2101.613308810107
2101.613308810107
2101.613308810107
2101.613308810107
2572.637579107901
2568.2918012450505
2286.409397772947
2241.9901382822736
2241.9901382822736
2241.9901382822736
2194.6660864283185
2184.7934560253066
2184.7934560253066
2184.7934560253066
2184.7934560253066
2184.7934560253066
2179.4492345863828
2179.4492345863828
2170.369960502843
2166.2609986179195
2154.7766050206565
2154.7766050206565
2154.7766050206565
2154.7766050206565
2146.8875903021235
2134.1500283388336
2131.884231498486
2131.884231498486
2131.884231498486
2131.622872891666
2131.622872891666
2123.1354547218934
2123.1354547218934
2123.1354547218934
2114.151590852091
2113.9003144263374
2113.9003144263374
2113.9003144263374
2113.9003144263374
2112.0077794936274
2110.961129511112
2108.8195014874245
2108.2461117878365
2108.129795263592
2107.413259098967
2107.0592046955635
2106.357634552933
2106.266912895666
2106.266912895666
2104.365698556216
2104.365698556216
2104.365698556216
2104.365698556216
2104.365698556216
2104.365698556216
2103.760984517921
2103.490384468551
2103.490384468551
2103.4446164806686
2103.351864045589
2098.715879357817
2091.6415276910316
2091.6415276910316
2091.6415276910316
2091.550723430762
2088.5903148205466
2084.7822413430067
2084.7822413430067
2084.1157383286313
2084.1157383286313
2084.05791395715
2084.05791395715
2082.9522906605935
2082.7435414768925
2082.677216651852
2082.052496862149
2082.052496862149
2082.052496862149
2081.011013065674
2081.011013065674
2081.011013065674
2081.011013065674
2080.4050926656323
2080.4050926656323
2079.832574562359
2079.832574562359
2079.832574562359
2079.832574562359
2079.832574562359
2079.832574562359
2079.832574562359
2079.587498830369
2079.587498830369
2079.587498830369
2079.587498830369
2079.587498830369
2079.587498830369
2079.587498830369
2079.587498830369
2079.587498830369
2572.637579107901
2472.298519898468
2388.068288546818
2341.039743269702
2259.359820257938
2218.6681018555905
2191.532441877783
2191.532441877783
2165.6366122650315
2149.715425178947
2149.715425178947
2149.715425178947
2138.2592154775766
2138.2592154775766
2138.2592154775766
2138.2592154775766
2133.793067757356
2133.793067757356
2133.793067757356
2132.132896113459
2121.905271735149
2121.905271735149
2119.659945287941
2119.659945287941
2111.108489496443
2099.9303894519753
2099.4557951574166
2090.9976585138556
2090.9976585138556
2090.3655764281075
2090.3655764281075
2090.3655764281075
2089.7419339146195
2089.1207329426034
2089.1207329426034
2089.1207329426034
2086.636524378014
2085.543986891238
2085.543986891238
2083.5828455404717
2083.524315817482
2082.4914741367033
2076.6658961641097
2074.836329648711
2071.773501231732
2069.0977584492334
2069.0977584492334
2068.4263026571653
2067.810722821458
2067.2772224108217
2067.2772224108217
2066.604255968167
2066.2095285026007
2066.2095285026007
2064.167379620437
2064.167379620437
2062.901762480089
2062.901762480089
2062.4584828323345
2060.347568821343
2060.347568821343
2060.347568821343
2060.347568821343
2060.347568821343
2060.347568821343
2058.088388605664
2058.088388605664
2057.4068665183386
2055.261389906767
2051.0901476469576
2049.433156646969
2047.6576693131033
2047.6576693131033
2047.3154903634907
2046.0620155802076
2046.0620155802076
2045.5470030709753
2045.5470030709753
2045.5470030709753
2044.2895052396918
2043.250634921646
2043.250634921646
2043.250634921646
2042.4443707423306
2040.922059699671
2040.922059699671
2040.922059699671
2040.922059699671
2040.922059699671
2040.922059699671
2039.8492385315235
2039.8492385315235
2039.8492385315235
2039.3781430184115
2039.3781430184115
2039.3781430184115
2039.1994888257843
2039.1994888257843
2039.1994888257843
2039.0200423506833
2039.0200423506833
2039.0200423506833
2039.0200423506833
2039.0200423506833
2038.7681781936653
2038.7681781936653
2038.7681781936653
2038.7681781936653
2038.7681781936653
2038.7681781936653
2038.7681781936653
2038.7681781936653
2038.7681781936653
2572.637579107901
2562.5778831352663
2328.916861756471
2328.916861756471
2311.832663029143
2270.1387677363655
2178.9040968293466
2169.9828767568106
2169.9828767568106
2169.9828767568106
2169.9828767568106
2165.4443233274956
2145.551530374485
2145.551530374485
2145.551530374485
2145.551530374485
2140.009415911628
2140.009415911628
2140.009415911628
2140.009415911628
2140.009415911628
2135.1381270063184
2135.1381270063184
2131.2141455896926
2127.8394168227683
2127.647317202142
2125.226821147151
2125.226821147151
2125.226821147151
2124.600933218583
2123.4449697026766
2122.0175251107785
2120.0312394195
2119.3723884979577
2116.8247671255785
2116.3198486492856
2115.509597503357
2115.3306889241817
2114.5232462255244
2113.176544011113
2113.176544011113
2113.176544011113
2111.872685412471
2111.872685412471
2111.750546108615
2110.9104349872337
2110.9104349872337
2110.7790869571627
2110.7790869571627
2110.6925436323254
2110.6925436323254
2110.6925436323254
2109.93862374548
2109.93862374548
2109.93862374548
2109.93862374548
2109.93862374548
2109.93862374548
2109.93862374548
2109.93862374548
2109.9348935578
2109.9348935578
2109.9348935578
2109.7432604568407
2109.7432604568407
2109.7432604568407
2109.7432604568407
2109.7432604568407
2109.7432604568407
2109.7432604568407
2109.7432604568407
2109.7432604568407
2572.637579107901
2409.3861811534584
2272.054677080861
2272.054677080861
2272.054677080861
2217.871351140122
2217.871351140122
2217.871351140122
2217.871351140122
2207.403373739465
2202.906625723435
2200.0161123875473
2200.0161123875473
2200.0161123875473
2195.8404955104784
2190.2495201301354
2187.2138007834983
2181.180639211274
2181.180639211274
2177.7677251124856
2177.7677251124856
2172.0410123396196
2162.678796888734
2160.542755410311
2159.1010798825027
2158.260350516331
2157.9291529350758
2156.36374742409
2154.613360684029
2154.613360684029
2154.2434694622566
2153.107432960885
2153.107432960885
2153.107432960885
2153.107432960885
2153.107432960885
2153.107432960885
2153.107432960885
2152.006615678989
2150.7965010705175
2150.4081811946603
2149.94888106271
2149.8508078108584
2149.8508078108584
2148.7884777505515
2148.097806127114
2148.0480816363593
2148.0480816363593
2147.930877592698
2147.2852222308984
2147.2852222308984
2147.2852222308984
2147.056233237461
2147.056233237461
2146.769482017689
2146.5053082849427
2146.5053082849427
2146.4771354544673
2146.2278099338864
2145.5146212952063
2145.5146212952063
2145.5146212952063
2145.5146212952063
2145.5146212952063
2145.303786935283
2145.303786935283
2145.303786935283
2145.303786935283
2145.303786935283
2145.303786935283
2145.2742077430607
2145.2742077430607
2145.1568524438917
2145.1568524438917
2144.9957002218
2144.9957002218
2144.9957002218
2144.9957002218
2144.9957002218
2144.9281391468544
2144.9281391468544
2144.9281391468544
2144.9281391468544
2144.54886107985
2144.54886107985
2144.54886107985
2144.54886107985
2144.54886107985
2144.54886107985
2144.54886107985
2144.54886107985
2144.54886107985
2572.637579107901
2346.985217538875
2309.1613570056315
2284.046528806164
2284.046528806164
2284.046528806164
2284.046528806164
2284.046528806164
2263.305585118523
2259.4322284196073
2259.4322284196073
2250.1669387947873
2234.9032710495026
2234.9032710495026
2206.0378981676945
2206.0378981676945
2206.0378981676945
2198.856065568181
2198.856065568181
2198.856065568181
2198.856065568181
2198.856065568181
2171.074886218832
2171.074886218832
2171.074886218832
2171.074886218832
2171.074886218832
2171.074886218832
2155.691879795557
2155.5161083038097
2155.5161083038097
2155.0980754518873
2155.0980754518873
2151.736051061293
2151.736051061293
2142.6374674509934
2137.6687990558626
2137.6687990558626
2134.814462269049
2134.814462269049
2131.035700062884
2125.6167362850438
2117.9716782353707
2117.9716782353707
2116.553579121222
2116.553579121222
2116.553579121222
2113.1337646550705
2110.9930263873
2109.6463608268255
2109.6463608268255
2109.6463608268255
2108.371366334262
2108.1243092723057
2108.1243092723057
2107.8684022440075
2107.229577012249
2106.990055999554
2106.6999120806
2106.6999120806
2106.6999120806
2105.930437790736
2105.930437790736
2101.1504143941447
2096.2310767479576
2088.187316439059
2085.383262021029
2085.383262021029
2085.295373110532
2085.295373110532
2084.010930068161
2083.283085640867
2082.7564738171764
2082.7564738171764
2082.645922164733
2081.936480346549
2081.572133595107
2081.572133595107
2081.1935023164788
2080.2583569580306
2079.917119380559
2079.917119380559
2079.917119380559
2079.917119380559
2079.8508797884015
2079.6480397466826
2079.467305727195
2079.467305727195
2079.2414942171445
2079.2414942171445
2078.3963856679275
2078.3963856679275
2078.3963856679275
2078.3963856679275
2078.3963856679275
2078.218654088402
2078.180069053418
2078.180069053418
2078.180069053418
2078.180069053418
2077.346395391148
2077.346395391148
2077.346395391148
2077.346395391148
2077.346395391148
2077.346395391148
2077.346395391148
2077.346395391148
2077.346395391148
2572.637579107901
2354.338912223399
2354.338912223399
2273.4518562095877
2273.4518562095877
2227.5040241806632
2178.276199185813
2178.276199185813
2178.276199185813
2158.356616420586
2158.356616420586
2158.356616420586
2154.1199481025014
2154.1199481025014
2143.0250992149645
2139.299998714985
2132.4879633914766
2132.4879633914766
2127.950344233163
2127.950344233163
2118.1950304619677
2117.6036108422845
2107.3880281663087
2100.3453249228933
2100.3453249228933
2100.3453249228933
2094.17620924687
2094.17620924687
2094.17620924687
2092.0649968995285
2092.0649968995285
2090.777216281972
2090.6473092880938
2088.209547030034
2088.209547030034
2088.209547030034
2088.209547030034
2087.3393604254347
2087.3393604254347
2086.702420209496
2085.5783471036816
2085.5783471036816
2085.0750501825314
2083.9977487475803
2083.9977487475803
2083.5320911150466
2082.0774360087416
2081.397864540583
2080.2745960390494
2080.2745960390494
2080.2745960390494
2080.0913479767137
2080.0913479767137
2080.0913479767137
2080.0913479767137
2080.0678458985376
2079.6197670236675
2079.6197670236675
2078.428946080241
2078.428946080241
2078.428946080241
2078.428946080241
2078.428946080241
2078.428946080241
2078.428946080241
2078.428946080241
2078.428946080241
2572.637579107901
2486.2131886257766
2486.0700174614262
2368.674992343439
2368.674992343439
2216.9446680968476
2216.9446680968476
2216.9446680968476
2216.9446680968476
2216.9446680968476
2216.9446680968476
2197.1424472684207
2197.1424472684207
2192.2939156924876
2192.2939156924876
2188.290048830939
2188.290048830939
2180.4153815701197
2169.1734768909746
2169.1734768909746
2169.1734768909746
2169.1734768909746
2168.8763527443452
2159.304640497951
2159.304640497951
2151.833437093027
2147.1498669280027
2145.362133590663
2145.362133590663
2145.362133590663
2145.362133590663
2143.04968547744
2141.2216827464376
2141.2216827464376
2138.6497085461074
2138.6497085461074
2138.6497085461074
2138.390930392997
2137.746980817253
2137.517964865003
2137.517964865003
2136.602812208278
2136.602812208278
2136.4235437687225
2135.748156422449
2135.748156422449
2135.3360409090906
2135.3360409090906
2135.307539651279
2135.307539651279
2135.307539651279
2134.923231118178
2134.2387698497732
2134.2387698497732
2134.2387698497732
2134.2387698497732
2134.2387698497732
2134.1142434797957
2134.1142434797957
2134.1142434797957
2134.1142434797957
2134.086703998007
2134.086703998007
2134.0193759513695
2134.0193759513695
2134.0193759513695
2133.95528507951
2133.95528507951
2133.95528507951
2133.726234359666
2133.726234359666
2133.7088716619264
2133.4646799765183
2133.4646799765183
2133.3558758641266
2133.3558758641266
2133.3558758641266
2133.3558758641266
2133.3558758641266
2133.2967656025553
2133.2967656025553
2133.2967656025553
2133.2967656025553
2133.2967656025553
2133.00913593096
2133.00913593096
2133.00913593096
2133.00913593096
2133.00913593096
2133.00913593096
2133.00913593096
2133.00913593096
2133.00913593096
2572.637579107901
2568.2918012450505
2476.1743979066496
2354.6549289869604
2338.2240415832057
2302.4270981171785
2215.3986461566433
2215.3986461566433
2215.3986461566433
2197.0024832896183
2197.0024832896183
2197.0024832896183
2197.0024832896183
2197.0024832896183
2197.0024832896183
2197.0024832896183
2178.6513774779914
2178.6513774779914
2178.6513774779914
2170.1161363516985
2170.1161363516985
2170.1161363516985
2170.1161363516985
2170.1161363516985
2170.1161363516985
2168.1762933878476
2153.4016362454004
2150.1408236334555
2148.050963639547
2143.019583929653
2139.3613145287295
2139.3613145287295
2130.983505832428
2122.904178541803
2122.904178541803
