2357.9250826194752
2357.9250826194752
2259.8623596759526
2214.70321617594
2197.6882176623717
2197.6882176623717
2167.3332786899
2146.4179075759967
2146.4179075759967
2146.4179075759967
2146.4179075759967
2146.4179075759967
2139.3334261343243
2111.1194149448606
2108.4546105732
2105.5078631603783
2101.2548577626567
2100.3493464249555
2098.354704153441
2096.682244464857
2096.682244464857
2096.682244464857
2092.5581261688953
2089.551445094273
2089.551445094273
2085.5758508458184
2085.5758508458184
2083.2122234369594
2083.2122234369594
2083.2122234369594
2083.2122234369594
2083.2122234369594
2083.2122234369594
2083.2122234369594
2079.681115217921
2079.681115217921
2079.681115217921
2079.681115217921
2079.681115217921
2078.255696784537
2077.148318096048
2075.1206972119217
2075.1206972119217
2070.4936789194962
2070.347151618819
2070.347151618819
2069.0606508174415
2065.4460159258056
2065.4272040304136
2065.4272040304136
2064.0478237958114
2064.0478237958114
2063.2110601965383
2063.178719986773
2063.132718598023
2062.8419287087545
2062.8419287087545
2062.1539775263564
2061.3099358340028
2061.3099358340028
2060.6766459539735
2060.6766459539735
2060.474498083471
2060.2808232007797
2060.2808232007797
2059.8481892742493
2059.8481892742493
2059.763551898533
2059.763551898533
2058.7721158361473
2058.7721158361473
2058.7721158361473
2058.7721158361473
2058.7721158361473
2058.7721158361473
2058.7721158361473
2058.7721158361473
2058.7721158361473
2058.714203352662
2058.714203352662
2058.714203352662
2058.714203352662
2058.714203352662
2058.6194521740895
2058.6194521740895
2058.6194521740895
2058.6194521740895
2058.6194521740895
2058.6194521740895
2058.6194521740895
2058.6194521740895
2058.080119733227
2058.080119733227
2058.080119733227
2058.080119733227
2058.080119733227
2058.080119733227
2058.080119733227
2058.0156527604613
2058.0156527604613
2058.0156527604613
2058.0156527604613
2058.0156527604613
2058.0156527604613
2058.0156527604613
2058.0156527604613
2058.0156527604613
2362.8291047851944
2358.3215193757255
2222.6742840686725
2209.147673587334
2209.147673587334
2209.147673587334
2190.7213174514227
2190.7213174514227
2190.7213174514227
2190.7213174514227
2190.7213174514227
2190.7213174514227
2190.7213174514227
2168.8750500863725
2168.8750500863725
2168.8750500863725
2168.8750500863725
2165.845921881026
2165.845921881026
2163.7937670945394
2161.0514014456826
2161.0514014456826
2157.463892630968
2155.796991388774
2155.796991388774
2153.397662140582
2153.397662140582
2153.1102350907827
2153.0579037992384
2153.0579037992384
2148.305664840226
2147.8426815512057
2147.8426815512057
2147.8426815512057
2147.75200680277
2145.4933955943297
2145.4933955943297
2145.4933955943297
2145.4933955943297
2144.9943453401293
2143.1906494907917
2142.977330973291
2142.977330973291
2142.977330973291
2142.977330973291
2142.977330973291
2142.529734118482
2141.934959542342
2141.934959542342
2141.386581219884
2141.248809337134
2141.2117799677644
2140.1282582329886
2139.2754120931845
2139.2754120931845
2138.671473054849
2138.671473054849
2138.0311291077874
2138.0311291077874
2138.0311291077874
2135.2198104037634
2135.2198104037634
2133.296165427557
2132.7825585454634
2132.4495085294216
2132.4495085294216
2130.6859262238713
2130.4555729487065
2127.519819133921
2127.519819133921
2127.519819133921
2127.519819133921
2127.519819133921
2127.161210411201
2127.161210411201
2126.8378380912627
2125.828338928608
2125.828338928608
2125.828338928608
2125.828338928608
2125.6532499323666
2125.6532499323666
2125.6532499323666
2125.528175488332
2125.528175488332
2125.528175488332
2125.504734412011
2125.504734412011
2125.504734412011
2125.504734412011
2125.504734412011
2125.504734412011
2125.504734412011
2125.071895481552
2125.071895481552
2124.700723153796
2124.700723153796
2124.700723153796
2124.700723153796
2124.700723153796
2124.700723153796
2124.700723153796
2124.700723153796
2124.700723153796
2362.8291047851944
2355.49583976602
2290.067309238803
2164.2744460070644
2164.2744460070644
2164.2744460070644
2164.2744460070644
2164.2744460070644
2164.2744460070644
2148.247859150261
2133.7274682373504
2133.7274682373504
2109.2381173355825
2109.2381173355825
2089.320438518614
2089.320438518614
2089.320438518614
2089.320438518614
2080.4152520423654
2080.4152520423654
2080.4152520423654
2080.4152520423654
2080.4152520423654
2080.4152520423654
2079.586778080988
2077.0303310699405
2077.0303310699405
2075.297002692259
2075.297002692259
2073.0457977363826
2072.786198524912
2071.9460055218856
2070.525204350235
2070.525204350235
2070.316764326837
2070.316764326837
2068.5260136714196
2066.7858028982077
2066.7858028982077
2066.7858028982077
2066.4873861294486
2066.4873861294486
2066.311344942294
2066.2166167922687
2066.2166167922687
2066.109353093722
2066.109353093722
2066.0027171977467
2064.7845658670626
2064.7845658670626
2064.7793372578008
2064.7793372578008
2064.6343357114197
2064.6343357114197
2064.571352904498
2064.571352904498
2064.571352904498
2064.571352904498
2064.571352904498
2064.520564031521
2064.520564031521
2064.520564031521
2063.636840799817
2063.636840799817
2063.636840799817
2063.636840799817
2063.3736487063325
2063.3736487063325
2063.3736487063325
2063.3736487063325
2063.3736487063325
2063.3736487063325
2063.3736487063325
2063.3736487063325
2063.3736487063325
2362.8291047851944
2358.3215193757255
2353.313766304954
2348.1750999910314
2247.7561816037
2247.7561816037
2187.6519702126357
2187.6519702126357
2178.23054680914
2178.23054680914
2171.1853180917697
2157.6666828105717
2157.6666828105717
2152.8701983793176
2152.8701983793176
2143.779291160357
2143.779291160357
2139.0434937444325
2139.0434937444325
2139.0434937444325
2139.0434937444325
2138.19011991269
2138.19011991269
2138.19011991269
2138.19011991269
2138.19011991269
2129.7680143312264
2129.7680143312264
2127.0620237834564
2119.885978099143
2119.885978099143
2119.885978099143
2119.885978099143
2114.80158844508
2114.80158844508
2113.7983108273024
2111.4155344724263
2111.4155344724263
2111.4155344724263
2111.4155344724263
2108.792789972005
2106.2567547170092
2105.0245948596394
2101.881536004683
2097.7772022395334
2095.8005645349467
2095.8005645349467
2095.8005645349467
2095.2271828671674
2095.2271828671674
2094.909935025992
2094.097956608543
2094.097956608543
2094.097956608543
2094.097956608543
2093.646391210576
2093.0314016466064
2093.0314016466064
2092.9850778550936
2092.9850778550936
2092.74347089996
2092.74347089996
2092.4666261265065
2092.4666261265065
2092.374789122196
2092.374789122196
2092.153057087205
2092.153057087205
2092.153057087205
2092.016170657963
2092.016170657963
2091.9161459759393
2091.9161459759393
2091.9161459759393
2091.9161459759393
2091.9161459759393
2091.9161459759393
2091.9161459759393
2091.9161459759393
2091.9161459759393
2362.8291047851944
2358.3215193757255
2338.461784373328
2230.0412350797774
2230.0412350797774
2175.711260148654
2175.711260148654
2166.616634130361
2166.616634130361
2166.616634130361
2166.616634130361
2166.616634130361
2166.616634130361
2156.9501437015642
2156.9501437015642
2156.9501437015642
2150.3752996572766
2150.3752996572766
2150.3752996572766
2144.0612511241798
2126.434783517386
2126.434783517386
2119.7922392122823
2119.7922392122823
2119.7922392122823
2114.4915527016037
2114.4915527016037
2114.4915527016037
2114.4915527016037
2114.4915527016037
2114.4915527016037
2112.6434994232177
2112.6434994232177
2112.6434994232177
2112.6434994232177
2112.6434994232177
2112.561206018013
2111.9584390074583
2108.0336781122714
2108.0336781122714
2108.0336781122714
2107.026521890666
2107.026521890666
2106.9317786509887
2105.039033126958
2102.381474048948
2102.3128711381128
2102.3128711381128
2102.1920915715586
2100.2408494838833
2099.920640867506
2099.920640867506
2099.920640867506
2099.920640867506
2099.2180929818223
2097.939463766228
2094.713533427345
2093.6435110217876
2093.6435110217876
2092.9261477493837
2092.9261477493837
2092.9261477493837
2091.575665134431
2089.7469830222667
2088.6393392348873
2088.6393392348873
2086.9246234399884
2086.35605312585
2085.82085078441
2085.82085078441
2085.82085078441
2085.616367656875
2085.616367656875
2085.616367656875
2085.616367656875
2085.2825360231777
2085.1212022642435
2085.1212022642435
2083.694482385241
2083.694482385241
2083.694482385241
2083.694482385241
2083.694482385241
2083.694482385241
2083.405150389694
2083.405150389694
2083.405150389694
2083.405150389694
2083.405150389694
2083.405150389694
2083.405150389694
2083.405150389694
2083.405150389694
2362.8291047851944
2358.3215193757255
2353.313766304954
2324.754294478998
2324.754294478998
2324.754294478998
2324.754294478998
2276.116279505569
2269.711497850662
2269.711497850662
2269.711497850662
2239.34583559842
2218.774125565858
2215.2219682011732
2215.2219682011732
2205.077746921761
2188.0052236905467
2188.0052236905467
2188.0052236905467
2135.578224900005
2135.578224900005
2135.578224900005
2135.578224900005
2135.578224900005
2130.0058888285666
2130.0058888285666
2125.831102583665
2125.831102583665
2125.831102583665
2125.831102583665
2125.831102583665
2123.1614082851343
2123.1614082851343
2123.1614082851343
2123.1614082851343
2121.1903410947457
2121.1903410947457
2121.1903410947457
2121.1903410947457
2118.62310076448
2118.62310076448
2117.934580081396
2117.934580081396
2113.9518330254027
2107.68155228017
2107.68155228017
2107.68155228017
2106.927080181475
2103.759299397268
2103.392876042153
2101.899500751021
2101.0413570807573
2098.9113223815552
2098.9113223815552
2096.6578651693
2096.6578651693
2094.7652965883403
2094.7652965883403
2094.7365123707905
2094.7365123707905
2094.2798024518333
2092.501609219863
2091.565751067129
2091.565751067129
2091.565751067129
2091.4081168194107
2091.4081168194107
2091.4081168194107
2091.4081168194107
2090.9579378990916
2090.9579378990916
2090.9579378990916
2090.126567453339
2089.318642365789
2089.27488742868
2089.27488742868
2088.614670382132
2088.265557058334
2088.265557058334
2088.265557058334
2087.381476765457
2087.1139616748205
2087.1139616748205
2087.1139616748205
2086.899446889316
2086.899446889316
2086.4199585372294
2086.4199585372294
2086.4199585372294
2086.4199585372294
2086.4199585372294
2086.4199585372294
2086.4199585372294
2086.4199585372294
2086.4199585372294
2362.8291047851944
2358.3215193757255
2307.7987089703206
2221.946291969997
2221.946291969997
2221.946291969997
2221.691306200628
2221.691306200628
2214.480420731239
2212.8767031319317
2183.101913371719
2183.101913371719
2178.965079325741
2174.4419558502027
2174.4419558502027
2174.4419558502027
2160.282889300301
2160.282889300301
2154.3451259483886
2141.4875265145483
2141.4875265145483
2141.4875265145483
2141.4875265145483
2124.647147353508
2124.647147353508
2120.8901018454135
2120.8901018454135
2120.8901018454135
2120.8901018454135
2120.8901018454135
2120.8901018454135
2120.8901018454135
2120.8901018454135
2120.8901018454135
2362.8291047851944
2358.3215193757255
2353.313766304954
2348.1750999910314
2250.9861533188637
2201.799913973026
2201.799913973026
2201.799913973026
2201.799913973026
2201.799913973026
2201.799913973026
2201.799913973026
2201.799913973026
2201.799913973026
2362.8291047851944
2358.3215193757255
2353.313766304954
2305.475480629793
2305.475480629793
2278.3561968010536
2244.9333693076424
2244.9333693076424
2241.3323763464155
2222.737970153393
2222.737970153393
2219.28246448409
2208.9887317094745
2203.0167590286705
2203.0167590286705
2195.1879721160235
2191.5707296305145
2168.7337338496113
2168.7337338496113
2165.89837561146
2162.934056250029
2156.753011377881
2154.9550396082086
2150.8248129035474
2150.8248129035474
2146.164464421364
2144.5714866588482
2143.550773794123
2143.550773794123
2143.550773794123
2138.676557811368
2137.613271868904
2137.613271868904
2133.923521261162
2133.923521261162
2133.150026883117
2131.5524691214064
2131.5524691214064
2130.8501066087856
2130.8501066087856
2130.8501066087856
2130.4680465169017
2130.4680465169017
2129.559723405068
2129.4428310697044
2129.4428310697044
2129.4428310697044
2129.005712074636
2128.766009216788
2128.0845820543445
2128.0845820543445
2128.0845820543445
2127.840536059901
2127.840536059901
2127.840536059901
2127.840536059901
2127.818714440875
2127.818714440875
2127.818714440875
2127.2287550022616
2127.2287550022616
2127.2287550022616
2127.2287550022616
2127.2287550022616
2127.2287550022616
2127.2287550022616
2127.2287550022616
2127.2287550022616
2362.8291047851944
2358.3215193757255
2353.313766304954
2242.3433693622173
2242.3433693622173
2242.3433693622173
2242.3433693622173
2234.4800226049697
2234.4800226049697
2182.872665288639
2182.872665288639
2182.872665288639
2182.872665288639
2163.9249188071885
2163.9249188071885
2162.0402786371333
2152.786167775934
2152.786167775934
2137.6810521217535
2137.6810521217535
2134.790159804902
2134.790159804902
2128.7714249706532
2126.7093698873414
2124.8773108184355
2122.606201283147
2122.606201283147
2122.5989377490278
2122.5989377490278
2121.044400328241
2120.0743250952833
2117.2677595444534
2116.859944847329
2115.8418655303635
2114.8801735960014
2113.6529077126193
2108.392198142293
2108.392198142293
2108.392198142293
2108.392198142293
2108.392198142293
2108.392198142293
2108.392198142293
2107.517290858901
2107.4177588070665
2107.4177588070665
2106.8178282914446
2106.8178282914446
2106.0511917202457
2106.0511917202457
2106.0511917202457
2106.0511917202457
2106.0511917202457
2106.0511917202457
2105.3508863951156
2105.3508863951156
2105.3508863951156
2105.3508863951156
2105.3508863951156
2105.3508863951156
2105.3508863951156
2105.23282474875
2105.23282474875
2105.23282474875
2105.1510167599877
2105.1510167599877
2105.1510167599877
2105.1510167599877
2105.141010744368
2105.141010744368
2105.0000715820793
2104.819410780513
2104.819410780513
2104.7143877298327
2104.7143877298327
2104.7143877298327
2104.7143877298327
2104.7143877298327
2104.7143877298327
2104.7143877298327
2104.7143877298327
2104.7143877298327
2362.8291047851944
2337.399941258233
2267.2010993799927
2255.44704868465
2199.247045845812
2199.247045845812
2199.247045845812
2178.3641556099737
2178.3641556099737
2178.3641556099737
2178.3641556099737
2178.3641556099737
2178.3641556099737
2178.3641556099737
2178.3641556099737
2175.722216154112
2174.0242812398783
2152.69019906231
2152.69019906231
2152.69019906231
2152.69019906231
2152.69019906231
2149.7027814562393
2139.89048051518
2139.89048051518
2139.89048051518
2139.89048051518
2139.89048051518
2139.89048051518
2139.89048051518
2139.89048051518
2139.89048051518
2362.8291047851944
2281.604283330435
2281.604283330435
2250.62142219379
2250.62142219379
2231.735194749853
2231.735194749853
2231.735194749853
2231.735194749853
2231.735194749853
2231.735194749853
2213.3780554057507
2205.707153365341
2198.9057359332965
2198.9057359332965
2198.9057359332965
2191.9617281410206
2188.270902336858
2187.262071842159
2184.949652003541
2179.0764484202373
2167.355231572165
2161.0706071556565
2161.0706071556565
2161.0706071556565
2154.8895039312815
2154.8895039312815
2154.396349816896
2153.57061834097
2152.5671852399423
2151.9994876067763
2151.9994876067763
2150.531485849232
2147.4517656012404
2147.4517656012404
2147.4517656012404
2147.0197613187443
2147.0197613187443
2144.535956712056
2142.8498010376084
2142.0730178538843
2142.0730178538843
2142.0730178538843
2142.0730178538843
2142.0242753840866
2141.1857619139555
2141.088738926616
2141.088738926616
2140.7187686987945
2139.78199468132
2139.5315122476027
2136.525308720711
2135.906338319677
2135.765380314705
2134.5776442272468
2134.0063917379744
2133.8798997963554
2133.8798997963554
2133.8798997963554
2133.446527344338
2133.446527344338
2133.158548122643
2133.158548122643
2132.5672244754005
2132.5672244754005
2132.5672244754005
2132.5672244754005
2132.5672244754005
2132.5672244754005
2132.5672244754005
2132.5672244754005
2132.5672244754005
2362.8291047851944
2317.3701637108234
2242.4060460428527
2242.4060460428527
2242.4060460428527
2242.4060460428527
2242.4060460428527
2233.303082141968
2233.303082141968
2228.071526638694
2178.640264778715
2178.640264778715
2178.640264778715
2178.640264778715
2178.640264778715
2178.640264778715
2170.641102380585
2170.641102380585
2166.1413809551404
2163.9579257977944
2153.4119878363995
2148.8492666845264
2143.6216355249903
2141.9039512383897
2138.7808863437886
2138.7808863437886
2135.333899762881
2133.967914901413
2133.967914901413
2133.2895149735537
2133.2895149735537
2129.0882660872726
2128.7951877235523
2125.0026346306995
2125.0026346306995
2124.9151465138057
2124.0440540485956
2124.0440540485956
2123.902887667451
2122.329000065296
2122.329000065296
2122.329000065296
2122.3267644512384
2122.3267644512384
2122.120845996008
2122.120845996008
2122.0073661105885
2121.77552812733
2120.6303475909185
2120.6303475909185
2119.7548498587644
2119.7548498587644
2119.7548498587644
2119.2676212460797
2119.2676212460797
2119.2676212460797
2119.2676212460797
2119.2676212460797
2119.005905871524
2119.005905871524
2119.005905871524
2119.005905871524
2119.005905871524
2119.005905871524
2119.005905871524
2119.005905871524
2119.005905871524
2118.668661808015
2118.668661808015
2118.668661808015
2118.668661808015
2118.668661808015
2118.668661808015
2118.668661808015
2118.668661808015
2118.668661808015
2362.8291047851944
2358.3215193757255
2353.313766304954
2287.451696132521
2260.336012352345
2260.336012352345
2260.336012352345
2260.336012352345
2226.153980988134
2226.153980988134
2226.153980988134
2226.153980988134
2226.153980988134
2226.153980988134
2202.2471361303983
2202.2471361303983
2202.2471361303983
2202.2471361303983
2202.2471361303983
2197.8981380740906
2197.8981380740906
2186.5822216883566
2186.5822216883566
2186.5822216883566
2161.295022468261
2161.295022468261
2155.9701153299116
2154.9796629286443
2146.3966345220724
2146.3966345220724
2146.3966345220724
2143.682999934379
2137.9630266935487
2135.859115643022
2135.859115643022
2134.513288401614
2131.367234750252
2128.0561139858373
2127.195092264135
2122.5770822589116
2120.6995266958224
2117.6087255742086
2113.821767645686
2113.2957033831067
2112.291727324234
2112.291727324234
2111.552787288557
2110.4624776527294
2108.50849475453
2108.159082884089
2107.3175471232844
2106.599774003297
2106.599774003297
2106.599774003297
2106.599774003297
2104.990329278672
2104.990329278672
2104.815027809308
2104.292363342931
2104.292363342931
2103.1418848307226
2103.1418848307226
2103.1418848307226
2103.1418848307226
2103.1418848307226
2103.1418848307226
2103.1418848307226
2103.1418848307226
2103.1418848307226
