2448.040261826581
2444.404778429045
2441.2611661603864
2439.689279253501
2404.041805690675
2404.041805690675
2404.041805690675
2326.980421875969
2326.980421875969
2326.980421875969
2306.0390733486884
2306.0390733486884
2306.0390733486884
2306.0390733486884
2306.0390733486884
2287.283267059817
2274.2779579620055
2274.2779579620055
2274.2779579620055
2274.2779579620055
2274.2779579620055
2274.2779579620055
2274.2779579620055
2257.486941686547
2234.5580367149496
2234.5580367149496
2233.3043436551825
2233.3043436551825
2233.3043436551825
2233.3043436551825
2233.3043436551825
2233.3043436551825
2225.0838635869554
2225.0838635869554
2225.0838635869554
2225.0838635869554
2221.441288199162
2213.298164273205
2213.298164273205
2209.75001586599
2208.0959443090546
2204.4740713637493
2204.180346061037
2204.180346061037
2204.180346061037
2202.121953947251
2201.6172351547943
2200.500901465233
2199.72873671662
2199.72873671662
2198.2963955603923
2193.5661470487094
2190.6101445171544
2190.6101445171544
2190.104480966552
2187.760431475538
2187.550209153073
2187.550209153073
2185.3887310772084
2184.868670391175
2184.634550364751
2183.4755558970433
2183.4755558970433
2183.4755558970433
2182.8205880310084
2182.8205880310084
2181.8880424230847
2181.8880424230847
2181.8880424230847
2181.368813752196
2180.022974189181
2180.022974189181
2180.022974189181
2180.022974189181
2179.4293847015033
2179.2711470285444
2179.2711470285444
2179.2711470285444
2179.0958387480605
2179.0958387480605
2179.0958387480605
2179.0958387480605
2179.0958387480605
2178.725639722972
2178.725639722972
2178.128921005324
2178.128921005324
2178.128921005324
2178.128921005324
2178.128921005324
2178.128921005324
2178.128921005324
2178.128921005324
2178.128921005324
2451.4100660113827
2448.040261826581
2444.404778429045
2441.2611661603864
2332.5421565285783
2222.9914022040866
2222.9914022040866
2222.9914022040866
2222.9914022040866
2222.9914022040866
2222.9914022040866
2222.9914022040866
2222.9914022040866
2222.9914022040866
2214.8311111807443
2214.8311111807443
2212.2355148311817
2208.9821230962098
2196.131620596089
2174.365279074559
2174.365279074559
2174.365279074559
2173.483104081361
2173.483104081361
2158.5692503951896
2158.5692503951896
2158.5692503951896
2158.5692503951896
2158.5692503951896
2154.7505100271846
2154.7505100271846
2152.9888832494944
2152.9888832494944
2152.9888832494944
2151.637266417122
2151.637266417122
2151.637266417122
2151.15921072512
2149.092162811389
2145.8732451479273
2145.8732451479273
2144.7368197452147
2144.7368197452147
2144.7368197452147
2144.7368197452147
2144.7368197452147
2141.5117401306875
2141.0162956027325
2140.31706702605
2138.5218843155144
2136.4258811777545
2135.385209084888
2134.796195978839
2133.268066114769
2132.21171014689
2130.436423099106
2128.503457165535
2126.0841926679736
2124.772553999823
2123.969242838009
2123.969242838009
2123.7782164811524
2123.7782164811524
2123.6942605157146
2123.6942605157146
2122.9730395041333
2122.895781999159
2122.88860705877
2122.88860705877
2122.714270247756
2122.459986263441
2122.2478690454495
2122.2478690454495
2122.1573646784304
2122.0604371816826
2121.766020763572
2121.766020763572
2121.600895170462
2121.600895170462
2121.600895170462
2121.541274432715
2121.358938364922
2121.358938364922
2121.358938364922
2121.358938364922
2121.358938364922
2121.358938364922
2121.018099614497
2120.8714686190956
2120.8714686190956
2120.8714686190956
2120.8714686190956
2120.8714686190956
2120.8714686190956
2120.8714686190956
2120.8714686190956
2120.8714686190956
2451.4100660113827
2448.040261826581
2304.7672310424696
2304.7672310424696
2282.8030964293775
2282.8030964293775
2282.8030964293775
2259.3130167542404
2202.8655174959304
2202.8655174959304
2202.8655174959304
2202.8655174959304
2202.8655174959304
2186.231494122982
2185.6565707076707
2184.6590211912385
2166.589510815773
2166.589510815773
2166.589510815773
2165.873767780273
2160.114603877217
2160.114603877217
2160.114603877217
2156.7113381451645
2149.636858921078
2143.9547073349386
2139.426084866124
2136.00342611243
2131.2157243545566
2124.669558838773
2123.936538138055
2123.936538138055
2117.8775210554913
2117.8775210554913
2117.810323053458
2117.810323053458
2117.1922928363124
2117.1922928363124
2115.007500528998
2111.245410783222
2111.245410783222
2110.071251141768
2110.071251141768
2108.750972299805
2108.750972299805
2108.750972299805
2108.750972299805
2108.750972299805
2108.750972299805
2108.750972299805
2108.750972299805
2108.750972299805
2108.5782284945253
2107.7553889227643
2107.7553889227643
2107.7553889227643
2106.4181349496057
2106.4181349496057
2106.4181349496057
2106.4181349496057
2106.4181349496057
2106.4181349496057
2106.205762566484
2106.205762566484
2105.7870149198243
2105.7870149198243
2105.6934695751434
2105.6934695751434
2105.6934695751434
2105.6934695751434
2105.601977920508
2105.601977920508
2105.28821490015
2105.28821490015
2104.7473084801973
2104.7473084801973
2104.7473084801973
2104.7473084801973
2104.717545965309
2104.717545965309
2104.717545965309
2104.717545965309
2104.717545965309
2104.717545965309
2104.717545965309
2104.717545965309
2104.717545965309
2451.4100660113827
2406.759018499431
2406.759018499431
2406.759018499431
2406.759018499431
2406.759018499431
2344.263020338925
2312.164286154242
2312.164286154242
2285.53933378428
2285.53933378428
2276.5108138137452
2275.337279171143
2252.0312167773623
2252.0312167773623
2252.0312167773623
2235.013480281358
2235.013480281358
2230.777818349134
2230.777818349134
2230.777818349134
2230.777818349134
2230.777818349134
2187.0711660306974
2187.0711660306974
2180.845366376009
2180.845366376009
2180.845366376009
2176.1511276698766
2164.973309382166
2160.9516290726096
2160.9516290726096
2160.9516290726096
2160.9516290726096
2160.9516290726096
2160.9516290726096
2160.9516290726096
2158.5194615247483
2158.5194615247483
2158.5194615247483
2158.5194615247483
2158.5194615247483
2158.5194615247483
2158.5194615247483
2158.5194615247483
2158.5194615247483
2153.1568280310626
2151.292287571331
2151.292287571331
2151.2527286855334
2149.2879832529748
2149.2879832529748
2148.8737277743194
2148.8737277743194
2148.454009198648
2146.7638959096785
2146.7638959096785
2146.7638959096785
2145.9805454790817
2145.9805454790817
2145.9805454790817
2145.7841127583856
2145.7841127583856
2145.397234749723
2145.397234749723
2145.306793462591
2145.306793462591
2145.306793462591
2145.306793462591
2145.1936352416105
2145.1936352416105
2145.1936352416105
2144.6356512035486
2144.6356512035486
2144.6356512035486
2144.6356512035486
2144.6356512035486
2143.991427210283
2143.991427210283
2143.991427210283
2143.988444905683
2143.988444905683
2143.145196576131
2143.145196576131
2143.145196576131
2143.145196576131
2143.145196576131
2143.145196576131
2143.145196576131
2143.145196576131
2143.145196576131
2451.4100660113827
2366.0513303990897
2366.0513303990897
2354.08021046624
2354.08021046624
2354.08021046624
2325.9605425786194
2305.0684382342
2270.2275720866946
2270.2275720866946
2261.499503980739
2235.786319717896
2235.786319717896
2217.418090903936
2194.592251512332
2194.592251512332
2194.592251512332
2177.856897565041
2177.363391449319
2177.363391449319
2176.2392458499353
2172.5925484876107
2172.5925484876107
2172.5925484876107
2170.1145217284875
2166.305663521325
2166.305663521325
2166.305663521325
2162.723297901775
2162.723297901775
2162.723297901775
2162.2918370064826
2159.5752780929915
2159.5752780929915
2158.250734992676
2155.8245066900654
2155.8245066900654
2155.8245066900654
2154.909814127396
2154.0623951962334
2154.0623951962334
2154.0623951962334
2154.0151555133357
2154.0151555133357
2154.0151555133357
2153.446846318614
2153.446846318614
2152.6746531577865
2152.6746531577865
2152.6746531577865
2152.6746531577865
2152.6746531577865
2152.5893498935525
2152.5893498935525
2152.517893926445
2152.517702373018
2152.517702373018
2151.8729455660814
2151.8729455660814
2151.8729455660814
2151.8105129066967
2149.490669540656
2149.490669540656
2149.490669540656
2149.490669540656
2149.490669540656
2147.941705872145
2146.279110549195
2146.279110549195
2144.9481715237175
2144.9481715237175
2144.9481715237175
2144.9481715237175
2144.9481715237175
2144.9481715237175
2144.8131173233023
2144.80212703774
2144.80212703774
2144.5685085983655
2144.5685085983655
2144.3326243478527
2144.3326243478527
2144.3326243478527
2144.3326243478527
2144.0920687228163
2143.9965517112637
2143.767069749381
2143.2901815290816
2143.2901815290816
2143.002931103347
2143.002931103347
2143.002931103347
2142.960821973611
2142.960821973611
2142.960821973611
2142.960821973611
2142.960821973611
2142.960821973611
2142.960821973611
2142.960821973611
2142.960821973611
2451.4100660113827
2448.040261826581
2444.404778429045
2441.2611661603864
2431.2078729125237
2387.5427876546973
2239.223885442019
2239.223885442019
2239.223885442019
2239.223885442019
2239.223885442019
2239.223885442019
2212.338607602024
2212.338607602024
2212.338607602024
2212.338607602024
2199.166291812607
2191.46912851644
2186.0006762270605
2186.0006762270605
2186.0006762270605
2186.0006762270605
2184.362981088839
2179.387224327178
2172.021023651489
2172.021023651489
2172.021023651489
2172.021023651489
2166.678406255607
2165.687525072427
2164.960233312184
2164.960233312184
2160.3591570003623
2160.3591570003623
2160.3591570003623
2159.8410083352405
2159.8410083352405
2151.658888186529
2151.658888186529
2148.526364770438
2148.526364770438
2147.1171271192725
2147.1171271192725
2147.1171271192725
2147.1171271192725
2147.1171271192725
2147.1171271192725
2145.214221150207
2145.214221150207
2145.214221150207
2143.333427237026
2142.150730738628
2141.0514620479353
2141.0514620479353
2141.0514620479353
2140.289149917874
2140.289149917874
2138.3776067956805
2138.3776067956805
2137.55619769308
2137.55619769308
2137.55619769308
2137.55619769308
2136.696659532089
2136.696659532089
2136.696659532089
2136.6138410917
2136.6138410917
2136.6138410917
2136.6138410917
2136.6138410917
2136.6138410917
2136.6138410917
2136.6138410917
2136.6138410917
2136.219545042277
2136.219545042277
2135.901043955873
2135.901043955873
2135.901043955873
2135.901043955873
2135.901043955873
2135.901043955873
2135.901043955873
2135.901043955873
2135.6307850142775
2135.6307850142775
2135.6307850142775
2135.6307850142775
2135.6307850142775
2135.6307850142775
2135.6307850142775
2135.6307850142775
2135.6307850142775
2451.4100660113827
2448.040261826581
2438.6582716605126
2438.6582716605126
2438.6582716605126
2394.350842917821
2394.350842917821
2394.350842917821
2388.873911265139
2348.1753634521265
2348.1753634521265
2348.1753634521265
2348.1753634521265
2348.1753634521265
2339.7540876847966
2339.7540876847966
2339.7540876847966
2328.44829408834
2328.44829408834
2328.44829408834
2304.1737039966265
2304.1737039966265
2257.499601249956
2257.499601249956
2199.253254806663
2199.253254806663
2199.253254806663
2196.9890040934797
2196.9890040934797
2190.727942511963
2190.727942511963
2190.727942511963
2190.727942511963
2183.3062601839374
2183.3062601839374
2183.3062601839374
2183.3062601839374
2180.946230420589
2178.6262940825586
2164.3407270497255
2155.6299443402754
2150.338312675809
2146.7390016910595
2142.0892278250294
2142.0892278250294
2141.908841658816
2141.449438906174
2141.449438906174
2134.475666599888
2134.26407917051
2132.598816410943
2128.088747811902
2128.088747811902
2128.088747811902
2128.088747811902
2126.4191794464587
2126.4191794464587
2126.4191794464587
2125.2096203232845
2123.6685961453886
2123.6685961453886
2123.63026953409
2123.63026953409
2123.589656727377
2123.209369609082
2123.209369609082
2123.209369609082
2122.2443775478237
2122.2443775478237
2122.2443775478237
2122.2443775478237
2122.2443775478237
2122.2443775478237
2122.2443775478237
2122.2443775478237
2122.2443775478237
2451.4100660113827
2359.662023072666
2359.662023072666
2359.662023072666
2359.662023072666
2359.662023072666
2359.662023072666
2352.2307057406806
2352.2307057406806
2298.6063899548044
2298.6063899548044
2268.3299018583784
2268.3299018583784
2268.3299018583784
2257.7702668157876
2256.4779319474633
2228.442805554621
2228.272335340691
2228.272335340691
2220.6458071275974
2220.6458071275974
2220.6458071275974
2215.5105873006046
2215.5105873006046
2215.5105873006046
2209.1588841901785
2209.1588841901785
2207.8111573432843
2207.8111573432843
2204.601101735723
2204.601101735723
2198.5622849721126
2195.58575930042
2193.6015947153533
2193.6015947153533
2191.697188053574
2187.186687119181
2187.186687119181
2182.6064883573604
2182.34847305015
2182.34847305015
2182.34847305015
2182.34847305015
2179.7989888940806
2179.048729046266
2177.630598547175
2177.630598547175
2175.4397898756424
2174.6471105472306
2172.5637605516977
2171.562487320964
2171.562487320964
2171.0098946073394
2171.0098946073394
2171.0098946073394
2169.310091826041
2169.310091826041
2169.1994087681437
2168.9827930957817
2168.444400198581
2168.444400198581
2168.444400198581
2167.5842312918858
2167.5842312918858
2166.757813444315
2166.757813444315
2166.757813444315
2166.757813444315
2166.757813444315
2166.757813444315
2166.757813444315
2166.757813444315
2166.757813444315
2451.4100660113827
2399.0758546380416
2399.0758546380416
2399.0758546380416
2293.709887930068
2293.709887930068
2293.709887930068
2293.709887930068
2292.159540962157
2291.3679075257464
2271.535851777048
2271.535851777048
2271.535851777048
2235.7085113355693
2234.4661989648166
2234.377518438256
2234.377518438256
2229.895970133118
2223.2618253280066
2223.2618253280066
2223.2618253280066
2223.2618253280066
2212.0285487983833
2206.5916236865564
2206.5916236865564
2202.1559593065913
2195.0628634222007
2184.2445457029585
2184.2445457029585
2176.2099304841613
2176.2099304841613
2176.2099304841613
2176.2099304841613
2174.687659184756
2172.1923992288393
2169.867816705928
2167.8971397194
2167.8971397194
2164.2650400466678
2164.2650400466678
2164.0197442744175
2154.059313364211
2154.059313364211
2150.444942732602
2150.444942732602
2150.444942732602
2150.444942732602
2149.8879309036356
2146.183919857272
2146.183919857272
2145.565927824744
2144.0615339186784
2144.0615339186784
2144.0615339186784
2144.0615339186784
2144.0615339186784
2144.0615339186784
2144.0615339186784
2140.8962783019415
2140.600040094799
2140.3855794723627
2140.3855794723627
2138.913301646578
2138.913301646578
2138.913301646578
2137.4403948511863
2137.4403948511863
2136.1659782797724
2136.1659782797724
2136.1659782797724
2136.1659782797724
2135.679929958972
2134.2334350710607
2134.2334350710607
2133.1168398569134
2133.1168398569134
2133.1168398569134
2132.6069026362543
2132.398905734261
2132.398905734261
2131.8697825581353
2131.8697825581353
2131.8697825581353
2131.8697825581353
2131.8697825581353
2131.8697825581353
2131.8697825581353
2131.8697825581353
2131.8697825581353
2451.4100660113827
2448.040261826581
2444.404778429045
2441.2611661603864
2395.7256100918958
2395.7256100918958
2364.983799349162
2318.1624453398185
2318.1624453398185
2318.1624453398185
2318.1624453398185
2281.303240162291
2281.303240162291
2281.303240162291
2271.8994060610935
2271.8994060610935
2271.8994060610935
2254.9999142625884
2254.9999142625884
2253.213163958063
2253.213163958063
2244.394363535613
2242.133286471029
2242.133286471029
2242.133286471029
2234.7332454707057
2234.7332454707057
2234.7332454707057
2234.7332454707057
2234.7332454707057
2234.7332454707057
2234.7332454707057
2224.7177952871234
2224.7177952871234
2209.0542791989837
2200.139420249353
2200.139420249353
2200.139420249353
2194.7570360334976
2189.4581565009435
2181.379801937533
2181.379801937533
2180.74563178622
2180.74563178622
2180.74563178622
2180.3904021703847
2179.6457705943876
2177.0671004170376
2177.0671004170376
2176.582266604024
2176.582266604024
2176.564934397276
2176.0172265810893
2176.0172265810893
2174.2248905971333
2174.2248905971333
2174.2248905971333
2174.2248905971333
2174.2248905971333
2174.2248905971333
2174.2248905971333
2174.2248905971333
2174.2248905971333
2173.8072720778487
2173.8072720778487
2173.759504676652
2173.759504676652
2173.759504676652
2173.759504676652
2173.759504676652
2173.759504676652
2173.759504676652
2173.759504676652
2173.485602844608
2173.485602844608
2173.485602844608
2173.485602844608
2173.485602844608
2173.485602844608
2173.485602844608
2173.485602844608
2173.485602844608
2451.4100660113827
2279.1583557175804
2279.1583557175804
2279.1583557175804
2279.1583557175804
2279.1583557175804
2279.1583557175804
2279.1583557175804
2279.1583557175804
2267.120093073823
2232.9625385574404
2217.30068847838
2205.0818590715453
2205.0818590715453
2205.0818590715453
2205.0818590715453
2205.0818590715453
2205.0818590715453
2205.0818590715453
2205.0818590715453
2205.0818590715453
2451.4100660113827
2448.040261826581
2444.404778429045
2347.71173511959
2347.71173511959
2330.611018316664
2309.7078513350643
2309.7078513350643
2302.6469730353356
2249.424723322837
2249.424723322837
2216.6793214256545
2216.6793214256545
2191.165703185937
2191.165703185937
2191.165703185937
2187.5137131052293
2187.5137131052293
2187.5137131052293
2187.5137131052293
2185.488204348422
2185.488204348422
2185.488204348422
2181.727144447579
2174.3479611313683
2174.2900146532556
2174.2900146532556
2173.564509345517
2173.564509345517
2173.564509345517
2166.70023668142
2166.70023668142
2161.9419469707805
2159.555777237452
2159.555777237452
2159.555777237452
2159.555777237452
2158.283418242653
2156.4358736388754
2156.4358736388754
2156.4358736388754
2156.4358736388754
2155.492565453093
2152.2394086024174
2151.776249875801
2151.776249875801
2151.3821660327967
2149.1993173378123
2148.2149085297674
2148.2149085297674
2147.50354818249
2146.604079913242
2146.604079913242
2145.884207550935
2145.7386748742592
2145.444862325057
2145.444862325057
2145.154969106702
2144.639023082841
2144.6005655193226
2144.01935854609
2143.5719619440274
2142.9867341966906
2142.9867341966906
2142.6252883960733
2142.6252883960733
2142.6252883960733
2142.6252883960733
2142.6252883960733
2142.541817518505
2142.541817518505
2141.4329748361124
2141.4329748361124
2141.4329748361124
2141.4329748361124
2141.392930989061
2141.392930989061
2141.392930989061
2141.06840284527
2141.06840284527
2141.06840284527
2141.06840284527
2141.06840284527
2141.06840284527
2141.0176722127526
2141.0176722127526
2140.347560726402
2140.347560726402
2140.347560726402
2140.347560726402
2140.347560726402
2140.347560726402
2140.347560726402
2140.347560726402
2140.347560726402
2140.274932851528
