2596.683934397165
2326.0639072604363
2241.8848586841495
2241.8848586841495
2241.8848586841495
2241.8848586841495
2241.8848586841495
2241.8848586841495
2241.8848586841495
2241.8848586841495
2215.6785239416618
2212.2271127626013
2212.2271127626013
2198.989232592982
2198.989232592982
2180.218066023996
2180.218066023996
2180.218066023996
2179.239939140447
2179.239939140447
2178.6722116412484
2168.9059476228576
2168.2037034258155
2168.2037034258155
2167.5673682254633
2167.5673682254633
2167.1338275158255
2164.772211526362
2161.949354562456
2161.949354562456
2161.949354562456
2161.949354562456
2161.949354562456
2161.729523843246
2156.1033236187404
2154.1877480277467
2152.38619502314
2152.38619502314
2152.38619502314
2152.38619502314
2148.7259689046623
2148.7259689046623
2147.9227950091226
2146.3852567680583
2144.261964535041
2143.067427619175
2142.446352876572
2141.2395497729376
2140.766013781991
2139.828157486507
2138.5368720262304
2138.5368720262304
2137.721432613926
2137.721432613926
2137.721432613926
2137.721432613926
2137.721432613926
2137.721432613926
2137.721432613926
2137.3647100380954
2137.3647100380954
2137.3647100380954
2137.3647100380954
2137.3647100380954
2137.3647100380954
2137.3647100380954
2136.9565082225354
2136.9565082225354
2136.704184257362
2136.704184257362
2136.704184257362
2136.5888487786906
2136.5888487786906
2136.5888487786906
2136.5888487786906
2136.5888487786906
2136.5888487786906
2136.5888487786906
2136.5888487786906
2136.5888487786906
2618.781783192167
2445.6070843816115
2391.832991176676
2334.4882898711244
2274.291035716566
2274.291035716566
2272.333391907944
2272.333391907944
2272.333391907944
2258.3874179235563
2221.838986750563
2221.838986750563
2221.838986750563
2221.838986750563
2213.4317338531064
2213.4317338531064
2204.959469072236
2191.9605040893784
2191.9605040893784
2191.9605040893784
2187.0334274243974
2187.0334274243974
2187.0334274243974
2181.764532557842
2174.119211896734
2172.9813325944856
2171.662168794207
2169.429810104993
2167.5476352881255
2161.410185381879
2161.410185381879
2161.410185381879
2156.013823288239
2153.163226659133
2149.4381645803874
2147.946242520687
2146.1366570738937
2143.2299996029997
2143.2299996029997
2143.2299996029997
2141.89879710005
2141.816839307107
2141.816839307107
2141.816839307107
2141.7842441775147
2141.7842441775147
2141.2568440404325
2141.0373844019123
2140.376862312421
2139.5193623022255
2139.5193623022255
2139.5193623022255
2139.5193623022255
2139.5193623022255
2139.5193623022255
2138.747518742029
2138.5621451712454
2138.1846026658172
2138.1846026658172
2138.1846026658172
2138.0211807105925
2138.0211807105925
2137.761755032191
2137.334397933744
2137.334397933744
2137.334397933744
2137.2035997531057
2136.8139074565183
2136.8139074565183
2136.8139074565183
2136.278280055955
2136.278280055955
2136.216356307132
2136.216356307132
2136.063565759236
2136.063565759236
2136.063565759236
2136.063565759236
2136.063565759236
2135.9673874638693
2135.9673874638693
2135.9673874638693
2135.9673874638693
2135.9673874638693
2135.9673874638693
2135.9673874638693
2135.9673874638693
2135.8439907493207
2135.8439907493207
2135.8439907493207
2135.8439907493207
2135.8439907493207
2135.8439907493207
2135.8126129263483
2135.8126129263483
2135.8126129263483
2135.8126129263483
2135.8126129263483
2135.8126129263483
2135.8126129263483
2135.791884642511
2135.791884642511
2135.7085275083527
2135.7085275083527
2135.7085275083527
2135.6590963451863
2135.6590963451863
2135.6590963451863
2135.6590963451863
2135.569646914564
2135.569646914564
2135.569646914564
2135.569646914564
2135.569646914564
2135.569646914564
2135.569646914564
2135.569646914564
2135.569646914564
2618.781783192167
2403.332867546103
2403.332867546103
2403.332867546103
2403.332867546103
2343.052323661971
2336.3174696073565
2336.3174696073565
2336.3174696073565
2336.3174696073565
2336.3174696073565
2336.3174696073565
2336.3174696073565
2315.360977522171
2309.9098699275896
2269.294900891942
2269.294900891942
2266.1018036696696
2264.7649012011248
2247.6676462240857
2247.6676462240857
2247.6676462240857
2244.797316344955
2244.797316344955
2244.797316344955
2233.467093217324
2233.467093217324
2231.8453861296366
2231.8453861296366
2231.8453861296366
2231.8453861296366
2226.2306159952827
2226.2306159952827
2225.8909479417134
2223.449930151776
2221.647839054555
2221.647839054555
2221.647839054555
2221.647839054555
2221.287722401911
2221.287722401911
2220.0292727080164
2220.0292727080164
2219.1095101312626
2219.1095101312626
2219.1095101312626
2218.326337566865
2218.139527482483
2217.3739776984835
2216.702090565621
2216.702090565621
2216.5692633751974
2216.5692633751974
2216.5692633751974
2216.5692633751974
2216.5692633751974
2216.5254637063667
2216.4945502761716
2216.4945502761716
2216.4945502761716
2215.4431581065896
2215.4431581065896
2215.4431581065896
2215.4431581065896
2215.4431581065896
2215.4431581065896
2215.4431581065896
2215.4431581065896
2215.4431581065896
2618.781783192167
2510.8150419125714
2510.8150419125714
2347.1562788490273
2347.1562788490273
2347.1562788490273
2199.34264453717
2199.34264453717
2198.641574021349
2145.854779282132
2145.854779282132
2144.4715341058645
2129.208346798684
2129.208346798684
2129.208346798684
2129.208346798684
2107.5285913969856
2107.5285913969856
2107.5285913969856
2106.4109711199803
2106.4109711199803
2106.4109711199803
2106.4109711199803
2106.4109711199803
2091.4081198308845
2089.7551339064935
2089.7551339064935
2089.6383130650015
2088.2695295250983
2088.2695295250983
2084.690065889291
2080.363466334306
2079.2407577748495
2079.2407577748495
2076.8341564234
2076.8341564234
2076.233983343197
2075.0210343161393
2069.6352300091703
2069.223343423668
2069.223343423668
2069.223343423668
2068.341436829048
2067.965769652941
2065.500766688397
2065.500766688397
2065.4553634595395
2065.4553634595395
2065.4553634595395
2065.344574577183
2063.0707060724953
2061.2597707801997
2060.885378955406
2058.560999382854
2058.50600759751
2058.50600759751
2057.9745359352123
2057.9745359352123
2057.7191710820375
2056.8082596874774
2056.8082596874774
2056.8082596874774
2056.5157118633742
2056.5157118633742
2055.8041013101774
2055.63068371581
2055.63068371581
2055.63068371581
2055.63068371581
2055.63068371581
2055.63068371581
2055.571554604335
2054.8439127684587
2054.8439127684587
2054.8439127684587
2054.693105605103
2054.693105605103
2054.6556709591946
2054.6556709591946
2054.6556709591946
2054.6556709591946
2054.6556709591946
2054.6556709591946
2054.6294802236007
2054.438300465452
2054.438300465452
2053.775786422887
2053.775786422887
2053.775786422887
2053.775786422887
2053.775786422887
2053.775786422887
2053.775786422887
2053.775786422887
2053.775786422887
2618.781783192167
2484.606045518599
2352.462073491266
2251.9460823497175
2251.9460823497175
2251.9460823497175
2251.9460823497175
2227.014622511183
2227.014622511183
2227.014622511183
2227.014622511183
2227.014622511183
2216.120606810916
2216.120606810916
2193.769694666246
2192.9091829310114
2178.0606088528225
2160.9949862915346
2160.9949862915346
2133.3701989460906
2133.3701989460906
2128.2834956898027
2111.4091083157373
2111.4091083157373
2110.5076088174865
2110.5076088174865
2099.4930406928706
2099.4930406928706
2090.667218485271
2088.0753019215535
2088.0753019215535
2088.0753019215535
2087.311190973582
2086.2280183221433
2079.3704461186794
2079.3704461186794
2079.3704461186794
2078.534394568332
2076.630327735079
2072.6724053058083
2071.2088955067225
2071.2088955067225
2071.2088955067225
2070.5379937825924
2069.3316983453137
2067.865850539506
2067.7193767730137
2067.0959012218673
2067.0959012218673
2066.886579553221
2066.886579553221
2066.5548399205486
2066.5548399205486
2066.427255186518
2066.0668284164335
2065.6811908751124
2065.6811908751124
2065.642466071695
2065.2649510224837
2065.019434355925
2065.019434355925
2064.846912192217
2064.846912192217
2064.846912192217
2063.877560204875
2063.875297356421
2063.875297356421
2063.875297356421
2063.435375223761
2063.435375223761
2063.3688229772183
2063.3688229772183
2063.293646479888
2063.293646479888
2063.293646479888
2063.293646479888
2063.293646479888
2063.293646479888
2063.293646479888
2063.2221141095697
2063.2221141095697
2063.1981475385073
2063.1981475385073
2063.1981475385073
2063.1981475385073
2063.1981475385073
2063.1981475385073
2063.1981475385073
2063.1981475385073
2063.1981475385073
2063.073426755195
2063.073426755195
2063.073426755195
2063.073426755195
2063.073426755195
2063.073426755195
2063.073426755195
2063.073426755195
2063.073426755195
2062.948266749075
2062.948266749075
2062.5786754719834
2062.5786754719834
2062.5786754719834
2062.5786754719834
2062.5786754719834
2062.5786754719834
2062.5600176739877
2062.5600176739877
2062.5600176739877
2062.5600176739877
2062.5600176739877
2062.5600176739877
2062.5600176739877
2062.5600176739877
2062.5600176739877
2618.781783192167
2614.760048394638
2391.4823362130223
2252.452201337669
2252.452201337669
2242.241314479439
2242.241314479439
2242.241314479439
2242.241314479439
2227.814572757369
2227.814572757369
2227.814572757369
2177.503512595459
2177.503512595459
2177.503512595459
2173.5332003093818
2173.5332003093818
2173.5332003093818
2173.5332003093818
2165.7508729441415
2162.2883304551883
2162.2883304551883
2162.2883304551883
2147.6977905789363
2147.6977905789363
2147.6977905789363
2144.2991407811833
2141.653714598023
2136.6533663050063
2132.456343365657
2132.456343365657
2132.456343365657
2127.184436233148
2127.184436233148
2127.184436233148
2127.184436233148
2127.184436233148
2127.184436233148
2127.184436233148
2125.7838943324414
2124.869608359935
2124.766849803084
2123.937386728779
2123.1009352418
2121.537707190043
2121.537707190043
2121.537707190043
2119.7845156977264
2119.7845156977264
2119.614815594743
2119.614815594743
2119.614815594743
2119.4215891364297
2119.4215891364297
2117.5594510436936
2117.5594510436936
2117.11801219128
2116.84804458849
2114.5691678640187
2114.5691678640187
2114.5691678640187
2114.5691678640187
2114.132283114641
2113.8433026745442
2113.8433026745442
2113.797001170692
2113.1406014191007
2113.1406014191007
2112.9842444415717
2112.9842444415717
2112.893806441319
2112.574319153085
2112.2799749208243
2112.2799749208243
2112.1691012352176
2112.1691012352176
2111.944151984641
2111.4619311600177
2111.4619311600177
2111.4619311600177
2111.4619311600177
2111.4619311600177
2111.4619311600177
2111.4619311600177
2111.4619311600177
2111.4619311600177
2618.781783192167
2498.195225238155
2494.9629376952307
2384.3727792049017
2298.1522738618523
2298.1522738618523
2212.575886662023
2179.2074667099228
2179.2074667099228
2179.2074667099228
2175.0165996199084
2152.555565629225
2142.3411128274806
2142.3411128274806
2142.3411128274806
2133.2541660974366
2133.2541660974366
2133.2541660974366
2133.2541660974366
2133.2541660974366
2133.2541660974366
2133.2541660974366
2117.1140564920333
2117.1140564920333
2100.192539710785
2100.192539710785
2100.192539710785
2098.240615171109
2092.590211071812
2092.590211071812
2088.6565372286145
2088.6565372286145
2082.5139269376477
2082.5139269376477
2082.5139269376477
2082.5139269376477
2080.1255612700024
2079.324525506858
2078.5089796815523
2077.4197852173443
2077.4197852173443
2076.0844200138117
2076.0844200138117
2074.7148229714326
2074.7148229714326
2073.0948960655487
2072.6417185366563
2072.6417185366563
2072.635882882712
2072.635882882712
2072.3612821124493
2072.3612821124493
2072.290841496081
2071.954930577551
2071.954930577551
2071.3881432912544
2071.3881432912544
2071.3136815351463
2071.257099029717
2070.6719140430573
2070.6719140430573
2070.6719140430573
2070.6719140430573
2070.5213401740666
2070.5213401740666
2070.5213401740666
2070.5213401740666
2070.4008778313423
2070.3275477229126
2070.3275477229126
2070.3275477229126
2070.3275477229126
2070.3275477229126
2070.3275477229126
2070.3275477229126
2070.3275477229126
2070.3275477229126
2070.2623696093956
2070.2623696093956
2070.2623696093956
2069.792493796335
2069.792493796335
2069.792493796335
2069.792493796335
2069.792493796335
2069.792493796335
2069.792493796335
2069.792493796335
2069.792493796335
2618.781783192167
2557.8751404190143
2380.9204879098293
2287.8708913387914
2287.8708913387914
2262.386063975985
2185.6762683084
2185.6762683084
2185.6762683084
2185.6762683084
2185.6762683084
2185.6762683084
2163.7682273929054
2155.5590522485895
2155.5590522485895
2155.5590522485895
2155.5590522485895
2151.2527999214913
2151.2527999214913
2151.2527999214913
2151.1202862358973
2142.5505908342966
2134.166512196322
2134.166512196322
2132.6732803775435
2132.6732803775435
2132.6732803775435
2131.197365660345
2127.5505716538637
2123.6981360287846
2122.5298845586326
2122.1021841100464
2118.3724225080996
2118.3724225080996
2117.187875228382
2117.187875228382
2116.1732129908783
2112.6010856951007
2112.579224116272
2110.3043644458407
2107.953888923383
2104.945342482604
2103.501902485392
2103.501902485392
2103.501902485392
2102.561956199862
2101.0821391776735
2099.617644499152
2099.617644499152
2099.1392850663055
2099.1392850663055
2099.1392850663055
2098.315870799713
2097.6763649192762
2097.6763649192762
2097.6763649192762
2097.6763649192762
2097.507641364475
2097.507641364475
2097.142198755399
2096.962134466424
2096.962134466424
2096.6654051622404
2096.5936360130363
2096.5936360130363
2096.4863927858405
2096.4863927858405
2096.4863927858405
2096.4863927858405
2096.460607750437
2096.460607750437
2096.1091935457903
2096.1091935457903
2095.62275930505
2095.62275930505
2095.62275930505
2095.62275930505
2095.62275930505
2095.62275930505
2095.62275930505
2095.62275930505
2095.62275930505
2618.781783192167
2580.2727635523156
2534.606109073493
2409.9561853014106
2409.9561853014106
2246.3234963066457
2246.3234963066457
2213.221505833362
2213.221505833362
2213.221505833362
2213.221505833362
2187.478031596945
2187.478031596945
2168.1594707901304
2168.1594707901304
2168.1594707901304
2162.4626398549913
2162.4626398549913
2162.4626398549913
2154.512271114721
2146.4722577660814
2145.406156666282
2142.3926798094376
2142.3926798094376
2141.320964175366
2140.312123864065
2125.1945827178956
2123.85889034999
2118.4710303287625
2103.190956740995
2103.190956740995
2103.190956740995
2103.190956740995
2103.190956740995
2098.9157903556834
2098.101847775534
2090.995743365784
2090.995743365784
2090.995743365784
2090.995743365784
2090.995743365784
2090.995743365784
2090.995743365784
2087.962312250764
2084.2879983291264
2083.6554511325976
2083.6554511325976
2083.393181627793
2079.5226830238844
2079.5226830238844
2079.5226830238844
2075.784349383011
2075.784349383011
2075.784349383011
2073.732575818398
2073.732575818398
2072.8465328866127
2071.945599567137
2070.2809800570867
2070.2809800570867
2070.2809800570867
2069.4701752464343
2069.4701752464343
2069.4701752464343
2069.4701752464343
2068.8093641368187
2068.8093641368187
2068.8093641368187
2068.8093641368187
2068.8093641368187
2068.516564224871
2067.94220120505
2067.6092741520015
2067.6092741520015
2067.6092741520015
2067.2101672199037
2067.2101672199037
2067.1267496835458
2066.9350643755574
2066.9179393241598
2066.9179393241598
2066.4845956183876
2066.4845956183876
2066.4845956183876
2066.4845956183876
2066.4845956183876
2066.4845956183876
2066.044213814532
2066.044213814532
2065.3441820646312
2065.3441820646312
2065.3441820646312
2065.3441820646312
2065.3441820646312
2065.285296181615
2065.285296181615
2065.285296181615
2065.285296181615
2065.285296181615
2065.285296181615
2065.285296181615
2065.285296181615
2065.285296181615
2618.781783192167
2301.049544972194
2301.049544972194
2301.049544972194
2301.049544972194
2278.4057365963768
2278.4057365963768
2170.0298650234267
2170.0298650234267
2165.8154140868673
2165.8154140868673
2163.7303854541838
2163.7303854541838
2145.2311803777825
2145.2311803777825
2140.8331936044997
2129.367718670393
2129.367718670393
2123.1758777238347
2123.1758777238347
2113.327646797846
2113.327646797846
2099.4693952446623
2099.4693952446623
2099.4693952446623
2099.4693952446623
2099.4693952446623
2096.8085779598687
2096.8085779598687
2095.091440725711
2092.890751602793
2092.5328001605226
2091.2946835429134
2090.196644070138
2087.0480146068785
2087.0480146068785
2087.0480146068785
2086.4000009021274
2086.30157152039
2085.724489357789
2084.680431492271
2084.680431492271
2084.680431492271
2084.680431492271
2084.680431492271
2084.501716406412
2084.501716406412
2084.4196909874527
2084.2274211827744
2084.2274211827744
2083.662513838026
2083.60124802183
2083.60124802183
2083.60124802183
2083.152429595458
2083.152429595458
2083.152429595458
2083.152429595458
2082.0064311668007
2081.954002842576
2081.954002842576
2081.954002842576
2081.954002842576
2081.954002842576
2081.954002842576
2081.954002842576
2081.954002842576
2081.954002842576
2081.6261372320087
2081.6261372320087
2081.6261372320087
2081.6261372320087
2081.6261372320087
2081.4416985381704
2081.4416985381704
2080.6511034147106
2080.6511034147106
2080.6511034147106
2080.6511034147106
2080.6511034147106
2080.6511034147106
2080.6511034147106
2080.6511034147106
2080.6511034147106
2618.781783192167
2465.7186838016914
2404.391879336521
2249.971905470324
2249.971905470324
2217.249458753391
2177.4323769808243
2177.4323769808243
2177.4323769808243
2177.4323769808243
2177.4323769808243
2177.4323769808243
2177.4323769808243
2163.505452677566
2113.9913237997343
2113.9913237997343
2113.9913237997343
2113.9913237997343
2113.9913237997343
2113.9913237997343
2113.9913237997343
2113.9913237997343
2113.9913237997343
2618.781783192167
2495.608988017891
2450.481801898534
2371.1704434349967
2361.5289453380337
2361.5289453380337
2188.8930808691866
2188.8930808691866
2160.6996145646826
2160.6996145646826
2160.6996145646826
2160.6996145646826
2160.6996145646826
2160.6996145646826
2150.9961934795565
2131.0195697047275
2127.8745539883403
2119.202574463963
2119.202574463963
2111.66330434211
2111.66330434211
2105.9018451844495
2105.9018451844495
2105.9018451844495
2104.5352284098813
2097.749391240186
2097.749391240186
2097.749391240186
2096.757200466549
2096.757200466549
2092.5079985082175
2092.5079985082175
2090.870646805022
2090.870646805022
2090.870646805022
2090.870646805022
2090.870646805022
2090.040758876898
2089.5274402425857
2088.1390667145174
2088.1390667145174
2088.1390667145174
2088.1390667145174
2088.1390667145174
2088.1390667145174
2087.9079087432738
2087.8604632330666
2087.8604632330666
2087.8604632330666
2087.420662450093
2087.1804628166637
2086.496991949194
2086.496991949194
2086.496991949194
2086.496991949194
2086.2679081327224
