2309.0246460650346
2303.8275986805484
2300.6320125301418
2292.3282646072603
2251.691059725183
2251.691059725183
2245.3782980407987
2211.1457829982924
2211.1457829982924
2185.3808418298386
2185.3808418298386
2185.3808418298386
2175.1884163400287
2175.1884163400287
2175.1884163400287
2165.0685016165535
2144.969765072058
2144.969765072058
2128.885508303428
2128.0587559305827
2106.176202854142
2102.7980641816976
2102.7980641816976
2102.7980641816976
2102.7980641816976
2102.7980641816976
2100.894005416426
2096.637878287619
2091.9021677675196
2088.812901786862
2088.812901786862
2088.812901786862
2086.6786197764313
2082.5542355201183
2082.5542355201183
2082.5542355201183
2082.5542355201183
2080.2359840186723
2078.2954665324614
2078.2954665324614
2078.099004614207
2078.099004614207
2078.099004614207
2078.099004614207
2078.014295790293
2078.014295790293
2077.4258252986583
2077.4258252986583
2076.5666148808764
2075.9662741591696
2075.9662741591696
2075.9662741591696
2075.8795629166416
2075.8795629166416
2075.7493370763536
2075.550436451405
2075.550436451405
2075.550436451405
2075.1727007247746
2075.1727007247746
2075.1727007247746
2074.339736650133
2073.9313568180874
2073.323830162027
2073.323830162027
2073.323830162027
2073.323830162027
2073.323830162027
2073.323830162027
2073.323830162027
2073.323830162027
2073.323830162027
2073.1477568035657
2073.1477568035657
2073.1477568035657
2073.1477568035657
2073.1477568035657
2073.1477568035657
2073.1477568035657
2073.1477568035657
2073.1477568035657
2315.375807748262
2309.0246460650346
2303.8275986805484
2300.6320125301418
2256.445036257886
2238.362808942087
2238.362808942087
2238.362808942087
2238.362808942087
2209.7751823467747
2190.3045418595325
2190.3045418595325
2190.3045418595325
2187.2120907962303
2187.2120907962303
2187.2120907962303
2186.8467079324137
2186.8467079324137
2186.8467079324137
2176.878639526072
2169.48331522654
2169.48331522654
2166.864223823916
2164.4391438843495
2163.4128485250094
2160.8358418576236
2160.8358418576236
2159.9122536655645
2159.4924421161454
2159.4924421161454
2159.1662499078793
2157.7077897680006
2157.7077897680006
2156.687788776109
2155.2262213879303
2153.256403466981
2153.256403466981
2153.256403466981
2153.020116785745
2142.408372377962
2124.9052267017582
2115.4171340485677
2114.5435946709727
2113.061849963669
2113.061849963669
2113.061849963669
2109.3967244601945
2109.3967244601945
2109.3967244601945
2108.6022888608545
2108.6022888608545
2108.6022888608545
2107.072932863878
2107.072932863878
2106.5535858405365
2106.5535858405365
2106.33581591448
2106.33581591448
2105.0803112087406
2103.241228596168
2103.241228596168
2103.241228596168
2103.241228596168
2103.1311488468295
2102.8192387001704
2102.8192387001704
2102.5142585084427
2102.5142585084427
2102.5142585084427
2102.1025295184145
2102.1025295184145
2101.6697097598853
2101.6697097598853
2101.6697097598853
2101.462001947672
2101.462001947672
2101.462001947672
2101.3232918982817
2101.0680574159906
2101.0680574159906
2101.0680574159906
2101.0680574159906
2101.0680574159906
2100.759030037409
2100.270242939795
2099.5733232112225
2099.5733232112225
2099.5733232112225
2099.5733232112225
2099.5733232112225
2099.5733232112225
2099.5733232112225
2099.5320710896394
2099.5320710896394
2099.5320710896394
2099.5320710896394
2099.5320710896394
2099.5320710896394
2099.5320710896394
2099.5320710896394
2099.5320710896394
2315.375807748262
2309.0246460650346
2286.690627358849
2286.690627358849
2286.690627358849
2228.2331133781518
2228.2331133781518
2228.2331133781518
2226.1868305017597
2194.970465790732
2194.970465790732
2194.970465790732
2194.970465790732
2194.970465790732
2194.970465790732
2194.970465790732
2165.7321423573158
2155.5493106762096
2155.5493106762096
2150.767108811972
2139.2085356306998
2138.5905989462326
2138.5905989462326
2135.4030351874026
2135.4030351874026
2133.2251765426336
2133.2251765426336
2133.2251765426336
2126.0751168328457
2126.0751168328457
2116.7352397944155
2116.7352397944155
2116.407138426499
2112.5041634232725
2112.5041634232725
2112.5041634232725
2112.2003541186637
2111.7398093114657
2111.6828810954366
2111.6828810954366
2111.6828810954366
2111.3406719402215
2111.0177904357197
2110.956690806393
2109.89938107604
2109.89938107604
2108.87758222482
2108.87758222482
2108.786627571218
2108.286154731389
2108.286154731389
2108.286154731389
2107.741391142912
2107.741391142912
2107.417566381315
2107.417566381315
2107.417566381315
2107.417566381315
2107.417566381315
2107.417566381315
2107.417566381315
2107.417566381315
2107.1379119363764
2107.1379119363764
2107.1379119363764
2107.1379119363764
2107.1379119363764
2107.1379119363764
2107.049127668763
2107.049127668763
2107.049127668763
2107.049127668763
2106.8673323979774
2106.8673323979774
2106.8673323979774
2106.8673323979774
2106.8673323979774
2106.8673323979774
2106.8673323979774
2106.8673323979774
2106.8673323979774
2315.375807748262
2309.0246460650346
2303.8275986805484
2276.7857251287246
2276.7857251287246
2269.4437806155497
2239.787315563483
2239.787315563483
2239.787315563483
2239.787315563483
2220.177415369331
2220.177415369331
2220.177415369331
2208.3707687494234
2205.594786608527
2205.594786608527
2205.594786608527
2205.594786608527
2201.964124666407
2195.0276649534744
2193.087145306162
2181.0210670082697
2178.870273646928
2178.2094048665863
2178.2094048665863
2178.2094048665863
2177.239151037001
2177.239151037001
2177.239151037001
2177.239151037001
2177.239151037001
2171.4198789646002
2169.9094118078056
2164.9664360445663
2162.112448391891
2162.112448391891
2162.112448391891
2158.004305497484
2157.4029892210224
2157.4029892210224
2154.8311366058274
2154.8311366058274
2154.8311366058274
2153.0969675013826
2152.714055503086
2152.714055503086
2151.794416796937
2151.794416796937
2151.5930764436557
2151.5930764436557
2151.1355590946787
2150.67114619311
2150.530684846585
2149.4410942817503
2149.4410942817503
2149.4410942817503
2148.2990224794153
2148.2990224794153
2147.8337861100495
2147.442880186849
2147.442880186849
2147.2761097737257
2146.60937666668
2143.437061184872
2143.1322813426914
2141.9045460112216
2141.419872666076
2141.419872666076
2141.419872666076
2141.419872666076
2141.1940610106053
2141.1940610106053
2140.479553499935
2140.373575712885
2140.373575712885
2140.373575712885
2140.352527787143
2140.352527787143
2140.011573272256
2139.9021028454968
2139.9021028454968
2139.9021028454968
2139.9021028454968
2139.754796426647
2139.754796426647
2139.7453893636034
2139.5428707292185
2139.5428707292185
2138.134511946197
2137.8673659487577
2137.5969521306197
2137.5969521306197
2137.5969521306197
2137.0052770599696
2135.97296276128
2135.97296276128
2135.2266018875607
2135.2266018875607
2135.2266018875607
2135.2266018875607
2135.0624508678197
2135.0624508678197
2134.4847966498382
2134.4107153103914
2134.320233603433
2134.146263045507
2134.0261083159976
2134.0261083159976
2134.0261083159976
2134.0261083159976
2132.589633299043
2132.589633299043
2132.589633299043
2132.589633299043
2132.589633299043
2132.589633299043
2132.589633299043
2132.589633299043
2132.589633299043
2315.375807748262
2309.0246460650346
2303.8275986805484
2249.098659019503
2249.098659019503
2249.098659019503
2243.912233954098
2243.912233954098
2225.6009582119127
2214.4838704687095
2214.4838704687095
2214.4838704687095
2187.997904783314
2187.997904783314
2187.997904783314
2182.7933278202927
2182.7933278202927
2182.7933278202927
2182.7933278202927
2172.2302248146293
2164.261917876195
2164.261917876195
2161.059176010451
2161.059176010451
2155.0459955728093
2151.807715894186
2151.807715894186
2147.7087383491253
2142.544717583551
2142.544717583551
2142.544717583551
2142.544717583551
2140.1441635755264
2140.077704695668
2137.484883338045
2137.484883338045
2134.106411078288
2134.106411078288
2134.106411078288
2133.0895576186576
2133.0895576186576
2132.7403313321656
2132.7403313321656
2132.7403313321656
2131.593711853075
2130.4920816342847
2130.3309018458226
2130.3309018458226
2126.8572768525455
2126.8572768525455
2126.8572768525455
2126.0135319248993
2126.0135319248993
2124.596694836349
2124.1567163684035
2124.1567163684035
2124.1567163684035
2122.9318802115226
2122.9318802115226
2122.9318802115226
2122.289335210668
2121.478249574416
2121.478249574416
2121.478249574416
2121.478249574416
2121.478249574416
2121.478249574416
2121.478249574416
2121.34338177747
2121.34338177747
2120.8808032633715
2120.8808032633715
2120.8808032633715
2120.8808032633715
2120.8808032633715
2120.8808032633715
2120.8808032633715
2120.8808032633715
2120.8808032633715
2315.375807748262
2309.0246460650346
2303.8275986805484
2300.6320125301418
2269.9914447960564
2269.9914447960564
2207.6588784030628
2180.092328993894
2180.092328993894
2180.092328993894
2180.092328993894
2180.092328993894
2166.3769228376386
2166.3769228376386
2166.3769228376386
2166.3769228376386
2148.810533898291
2142.982203491968
2142.982203491968
2142.982203491968
2140.6783085967277
2139.395562713986
2135.3075431895745
2129.1537290307556
2129.1537290307556
2123.0099887161628
2123.0099887161628
2119.312663734313
2117.57335822435
2117.57335822435
2115.7010062769486
2115.182583307827
2113.9941156283876
2112.266592873757
2112.266592873757
2111.930596666483
2111.930596666483
2111.7223028542685
2111.239192740502
2103.3416932283812
2103.3416932283812
2103.3416932283812
2101.8284564304313
2101.698922673098
2101.698922673098
2099.968559369644
2099.968559369644
2099.968559369644
2098.61499640933
2098.61499640933
2098.3730924484034
2098.3730924484034
2097.856784172522
2097.7665187812686
2097.5436831006423
2097.5436831006423
2097.0897497446967
2096.969072977259
2096.969072977259
2096.969072977259
2096.969072977259
2096.969072977259
2096.969072977259
2096.7463308361407
2096.7463308361407
2096.7463308361407
2096.7463308361407
2096.7463308361407
2096.7463308361407
2096.7463308361407
2096.7463308361407
2096.7463308361407
2315.375807748262
2309.0246460650346
2234.1401706789784
2234.1401706789784
2234.1401706789784
2234.1401706789784
2209.4835806849915
2179.8981689942457
2137.571971210943
2137.571971210943
2137.571971210943
2137.571971210943
2137.571971210943
2137.571971210943
2137.571971210943
2137.571971210943
2136.9089642105787
2136.9089642105787
2136.4855807715567
2135.655183009629
2133.9057189869736
2129.048906712944
2126.018231525481
2122.362921444555
2122.362921444555
2121.5681381108398
2118.8795650722036
2116.1932498403194
2116.1618516753138
2116.1618516753138
2114.4348908429074
2114.4348908429074
2114.2049969073637
2114.2049969073637
2114.2049969073637
2113.1527410929257
2113.1527410929257
2113.071758545483
2112.53636858162
2112.127631340479
2105.6281968942626
2098.153385750477
2098.153385750477
2098.153385750477
2098.153385750477
2098.153385750477
2094.961777424745
2094.961777424745
2094.961777424745
2094.961777424745
2094.961777424745
2094.4343435954734
2094.4343435954734
2092.532112754691
2091.791725522971
2091.791725522971
2091.791725522971
2091.791725522971
2091.791725522971
2091.791725522971
2090.5157136793555
2090.5157136793555
2090.5157136793555
2090.5157136793555
2090.5157136793555
2090.5157136793555
2089.8717604462563
2088.860259977948
2088.860259977948
2088.860259977948
2088.860259977948
2088.61725240253
2087.432945629727
2087.432945629727
2087.432945629727
2086.835352821741
2086.569579951083
2086.569579951083
2085.640971386972
2085.3819041234897
2082.4357830625477
2082.4357830625477
2082.4357830625477
2082.05243565424
2080.5938814600604
2080.5938814600604
2080.5938814600604
2080.5938814600604
2080.5938814600604
2080.5938814600604
2080.5938814600604
2080.5938814600604
2080.5938814600604
2315.375807748262
2272.5416224467212
2272.5416224467212
2238.190326383111
2238.190326383111
2238.190326383111
2238.190326383111
2238.190326383111
2238.190326383111
2221.0285187725167
2221.0285187725167
2209.5363281451127
2209.5363281451127
2209.5363281451127
2197.3420584976234
2177.8741542095795
2177.8741542095795
2176.1152578754804
2168.2405198028086
2168.2405198028086
2165.548784163726
2165.548784163726
2164.9966426741344
2163.2021236420546
2160.5054467961113
2154.0109955123444
2154.0109955123444
2154.0109955123444
2149.0906250748867
2147.48396428199
2147.48396428199
2147.4791370982102
2147.2924099664906
2145.398318845199
2143.9756351854694
2141.0344893742026
2141.0344893742026
2141.0344893742026
2141.0344893742026
2141.0344893742026
2140.676773196444
2140.297682573642
2139.606191421645
2139.080665252024
2138.616527974476
2138.616527974476
2138.2268809074835
2138.2268809074835
2138.0977767190875
2137.3668523210454
2137.3668523210454
2137.3668523210454
2137.294296982692
2136.7696501025735
2136.481161369682
2136.481161369682
2136.481161369682
2136.481161369682
2136.481161369682
2136.481161369682
2136.481161369682
2136.481161369682
2136.481161369682
2136.4792596893917
2136.4792596893917
2136.4792596893917
2136.4792596893917
2136.4792596893917
2136.4792596893917
2136.4792596893917
2136.4792596893917
2136.4792596893917
2315.375807748262
2309.0246460650346
2303.8275986805484
2155.5629210517804
2155.5629210517804
2155.5629210517804
2155.5629210517804
2140.1660309034114
2140.1660309034114
2140.1660309034114
2140.1660309034114
2140.1660309034114
2140.1660309034114
2140.1660309034114
2136.298034162342
2136.298034162342
2136.298034162342
2133.593420713497
2121.0914716495404
2121.0914716495404
2117.5674798831833
2111.775891208108
2111.775891208108
2111.775891208108
2111.775891208108
2111.775891208108
2102.8743386756755
2102.8743386756755
2100.5240481547635
2099.740443333844
2099.740443333844
2097.92757687293
2094.1582361518967
2092.744156866182
2091.964980094505
2089.6221160883597
2089.6221160883597
2089.6221160883597
2089.6221160883597
2088.771062962114
2088.321375483954
2086.9635644840805
2086.9635644840805
2086.4781437918487
2086.4781437918487
2086.217000914031
2086.217000914031
2085.6514978001674
2085.4683551588546
2085.4683551588546
2084.828502070364
2084.828502070364
2084.416559369598
2084.416559369598
2084.416559369598
2084.416559369598
2084.416559369598
2084.416559369598
2084.416559369598
2084.416559369598
2084.416559369598
2083.8147772839006
2083.8147772839006
2083.8147772839006
2083.504087114006
2083.504087114006
2083.504087114006
2083.504087114006
2083.504087114006
2083.504087114006
2083.504087114006
2083.115347567006
2083.115347567006
2082.944098698967
2082.944098698967
2082.944098698967
2082.944098698967
2082.944098698967
2082.944098698967
2082.944098698967
2082.944098698967
2082.944098698967
2082.052498488239
2082.052498488239
2082.052498488239
2082.052498488239
2082.052498488239
2082.052498488239
2082.052498488239
2082.052498488239
2082.052498488239
2315.375807748262
2309.0246460650346
2303.8275986805484
2300.6320125301418
2261.2905333835806
2197.939791425814
2197.939791425814
2197.939791425814
2197.939791425814
2164.691241081327
2164.691241081327
2164.691241081327
2164.691241081327
2158.908986906285
2158.908986906285
2158.908986906285
2146.2623650812957
2146.2623650812957
2146.2623650812957
2112.480932421702
2112.480932421702
2112.480932421702
2112.480932421702
2112.480932421702
2112.480932421702
2111.2747523083394
2110.471669350628
2108.0286941365107
2106.1516728565
2106.1516728565
2106.1516728565
2106.1516728565
2103.899624687617
2103.4508737947845
2103.4508737947845
2102.1851641214166
2102.0032651869515
2102.0032651869515
2099.9512137976694
2099.9512137976694
2099.9512137976694
2099.92854892473
2099.92854892473
2099.0920769103727
2099.0920769103727
2099.0920769103727
2098.5212247269274
2098.5212247269274
2098.5212247269274
2098.5212247269274
2098.5212247269274
2098.5212247269274
2098.5212247269274
2098.5212247269274
2098.5212247269274
2315.375807748262
2309.0246460650346
2303.8275986805484
2300.6320125301418
2257.1988613757203
2257.1988613757203
2257.1988613757203
2257.1988613757203
2257.1988613757203
2257.1988613757203
2257.1988613757203
2228.631985753594
2228.631985753594
2228.631985753594
2228.631985753594
2228.631985753594
2228.631985753594
2228.631985753594
2226.9672225132067
2226.9672225132067
2226.9672225132067
2223.877355396786
2208.356112715717
2159.4688306142543
2159.4688306142543
2159.4688306142543
2154.0198201887133
2147.041506020062
2130.9140511267055
2130.9140511267055
2128.328544674096
2128.328544674096
2128.328544674096
2128.328544674096
2128.328544674096
2127.8342374244135
2127.8342374244135
2127.613521780769
2122.2133877531624
2117.157805711054
2117.157805711054
2112.0245819878946
2112.0245819878946
2111.422816908129
2111.014267849918
2110.678236085686
2109.4345711207993
2109.4345711207993
2106.4159344705363
2106.4159344705363
2105.9767528551038
2101.5881432170595
2101.5881432170595
2100.685994007722
2100.685994007722
2098.6903384486086
2098.6903384486086
2098.6903384486086
2098.3604827658196
2097.7631247908694
2097.5758276472575
2097.2080385248746
2097.2080385248746
2096.701430824542
2096.701430824542
2096.598193009454
2095.2134983957703
2095.2134983957703
2095.145413033598
2093.254173380444
2092.811608215147
2092.811608215147
2092.811608215147
2092.811608215147
2092.811608215147
2092.811608215147
2092.811608215147
2092.3849348159
2092.3849348159
2092.3849348159
2092.3849348159
2092.2504000821264
2091.581442839273
2091.581442839273
2091.581442839273
2091.581442839273
2091.322691800303
2091.322691800303
2091.322691800303
2091.322691800303
2091.322691800303
2091.322691800303
2091.322691800303
2091.322691800303
2091.322691800303
2315.375807748262
2309.0246460650346
2303.8275986805484
2297.33817494605
2289.5691133207974
2289.5691133207974
2227.763659589158
2227.763659589158
2165.723977104527
2165.723977104527
2165.723977104527
2165.723977104527
2161.6351695940043
2161.6351695940043
2159.7835638193847
2159.7835638193847
2151.712497093389
2151.712497093389
2140.966563294497
2118.3474528269808
2118.3474528269808
2118.3474528269808
2114.5665195379834
2114.5665195379834
2114.5665195379834
2114.5665195379834
2111.976665635508
2108.842311061348
2108.608547931462
2105.654825312852
2104.9648585683362
2104.9648585683362
2104.5995584981156
2103.732310041862
2097.4391686626327
2094.5701309857463
2093.301447076282
2089.6504546217916
2089.2431371615335
2089.2394284666866
2086.240468394388
2084.5231729168017
2084.274972508053
2082.914321515987
2082.4637814589387
2080.222156210895
2080.222156210895
2079.6433914352037
2079.6433914352037
2077.53033017746
2077.496666492954
2076.882181555836
2076.882181555836
2076.0875541839773
2075.0528121262796
2074.714779500408
2074.46405849078
2074.4365513349185
2073.5705292385355
2073.5705292385355
2073.5705292385355
2073.506865225974
