2402.4149283225156
2285.673140521346
2280.8644599437644
2280.8644599437644
2205.6986062399005
2205.6986062399005
2205.6986062399005
2186.4790384244798
2186.4790384244798
2186.4790384244798
2186.4790384244798
2172.517607488391
2169.7589165437516
2169.7589165437516
2160.219133474345
2160.219133474345
2160.219133474345
2151.8120276379427
2147.8778079133644
2147.8778079133644
2147.8778079133644
2147.7451138829483
2139.7029525247967
2135.4149522710036
2135.4149522710036
2135.4149522710036
2133.5965090322106
2133.286320263906
2133.286320263906
2132.744870622908
2131.651416433175
2131.553456107229
2131.553456107229
2129.0022487645106
2129.0022487645106
2129.0022487645106
2127.6215498101874
2127.6215498101874
2127.6215498101874
2127.0059923297576
2126.5190923452074
2126.038511149951
2125.637659756464
2125.637659756464
2125.637007347445
2124.7588682298147
2124.7588682298147
2124.35266735341
2124.35266735341
2122.8403819772993
2122.8403819772993
2122.8403819772993
2122.8403819772993
2122.8403819772993
2122.786369419951
2122.243657808061
2122.1956600531903
2121.697045575986
2121.697045575986
2121.697045575986
2121.697045575986
2121.697045575986
2121.244824026289
2121.244824026289
2121.244824026289
2121.244824026289
2121.244824026289
2120.6822143023846
2120.6822143023846
2120.6822143023846
2120.6822143023846
2120.3565209498925
2120.3565209498925
2120.3565209498925
2120.3565209498925
2120.337893193222
2120.337893193222
2119.4735089103847
2119.4735089103847
2119.4735089103847
2119.4735089103847
2119.4735089103847
2119.4735089103847
2119.4735089103847
2119.4735089103847
2119.4735089103847
2618.3714354654076
2427.6906052443474
2207.986258202248
2207.986258202248
2207.986258202248
2207.986258202248
2182.908977604181
2182.908977604181
2147.33896189227
2147.33896189227
2147.33896189227
2147.33896189227
2147.33896189227
2140.25496622574
2140.25496622574
2140.25496622574
2140.25496622574
2138.9534317709554
2138.9534317709554
2127.727998719264
2127.727998719264
2127.727998719264
2123.743496543018
2123.743496543018
2123.743496543018
2117.0313043294204
2116.383632217854
2116.383632217854
2116.383632217854
2112.9276603054113
2108.689976475182
2108.689976475182
2106.139126013214
2099.5287348560964
2099.5287348560964
2099.1381016289765
2099.1381016289765
2098.057619106358
2098.057619106358
2095.061619293967
2095.061619293967
2095.061619293967
2093.61820920933
2093.61820920933
2093.61820920933
2093.61820920933
2093.61820920933
2092.5574470403453
2092.5574470403453
2092.5574470403453
2092.5574470403453
2092.5574470403453
2092.5574470403453
2092.2353951915065
2092.2353951915065
2092.1121563322613
2092.1121563322613
2092.1121563322613
2092.1121563322613
2092.1121563322613
2092.1121563322613
2091.9992145261112
2091.850955442043
2091.850955442043
2091.850955442043
2091.850955442043
2091.850955442043
2091.850955442043
2091.473877409414
2091.473877409414
2091.473877409414
2091.473877409414
2091.473877409414
2091.473877409414
2091.473877409414
2091.3080031113236
2091.3080031113236
2091.3080031113236
2091.3080031113236
2091.3080031113236
2091.3080031113236
2091.3080031113236
2091.3080031113236
2091.082476359253
2091.082476359253
2091.082476359253
2091.082476359253
2091.082476359253
2091.082476359253
2091.082476359253
2091.082476359253
2091.082476359253
2618.3714354654076
2457.2446464505165
2457.2446464505165
2355.477164199948
2307.842523528671
2251.840089876346
2251.840089876346
2251.840089876346
2251.840089876346
2196.622105141516
2180.2745870302515
2180.2745870302515
2179.398919439036
2179.398919439036
2170.2727123415793
2170.2727123415793
2170.2727123415793
2170.2727123415793
2157.9863779371635
2151.640395457474
2149.1468265313906
2149.1468265313906
2145.6939033179333
2145.6939033179333
2145.6939033179333
2145.6939033179333
2143.7551474621405
2143.269557283916
2133.6904990708626
2133.6904990708626
2127.0695297464795
2127.0695297464795
2127.0695297464795
2127.0695297464795
2124.318311828178
2123.5059779486182
2123.5059779486182
2123.153892875445
2123.153892875445
2122.0375366573653
2122.0375366573653
2122.0375366573653
2120.4567189268123
2120.4567189268123
2120.0921293614815
2120.0921293614815
2118.190038254828
2117.7607152507962
2117.7607152507962
2115.85984178139
2115.5464651839357
2115.5464651839357
2114.806548988244
2114.806548988244
2114.4428996009565
2113.5654840469997
2113.5654840469997
2113.479725833329
2113.479725833329
2112.9731879599917
2112.4552173142724
2111.4831879369763
2110.928915673276
2110.928915673276
2110.7847082028575
2110.605819446616
2108.889212814408
2108.288050496786
2108.288050496786
2107.058107728627
2107.058107728627
2106.7399810067036
2106.724451728809
2106.724451728809
2106.724451728809
2106.5456051461792
2106.3797605669693
2106.3797605669693
2106.3797605669693
2106.3797605669693
2106.0106251179905
2106.0106251179905
2105.5381966247633
2105.5381966247633
2105.5381966247633
2105.5381966247633
2105.5381966247633
2105.471549965504
2105.471549965504
2105.465822751198
2105.465822751198
2105.465822751198
2105.465822751198
2105.465822751198
2105.465822751198
2105.465822751198
2105.465822751198
2105.465822751198
2618.3714354654076
2513.7497650471473
2486.2611067608996
2325.606850688737
2255.0016215107457
2255.0016215107457
2255.0016215107457
2255.0016215107457
2243.6661486501584
2243.6661486501584
2229.1663734060644
2229.1663734060644
2202.117941042463
2202.117941042463
2192.8893928012185
2192.8893928012185
2182.6369040723043
2182.6369040723043
2175.9577886739535
2162.274969947129
2162.274969947129
2162.274969947129
2160.2816324541727
2152.678604900522
2152.678604900522
2146.207215733723
2146.207215733723
2146.207215733723
2143.4805310764655
2142.752240243815
2142.752240243815
2142.752240243815
2139.9366098795153
2139.2636453857326
2139.2636453857326
2135.411536702538
2135.411536702538
2129.4831907813264
2129.4831907813264
2127.782559146729
2127.782559146729
2127.782559146729
2126.607567025635
2119.514667161264
2119.514667161264
2119.514667161264
2119.514667161264
2119.514667161264
2119.514667161264
2116.366048788259
2113.2848752422806
2113.064898268328
2112.255967262503
2110.7495681465994
2110.7495681465994
2110.4066945452078
2110.4066945452078
2110.4066945452078
2110.17382924573
2110.17382924573
2109.6081851512804
2109.580283925484
2108.9413761740334
2108.7166165691374
2108.7166165691374
2108.7166165691374
2108.3752339467874
2108.3752339467874
2107.7271564833845
2107.602496655765
2107.602496655765
2107.073639045695
2107.073639045695
2107.073639045695
2107.073639045695
2107.073639045695
2107.073639045695
2107.073639045695
2107.073639045695
2107.073639045695
2618.3714354654076
2304.543319534143
2304.543319534143
2304.543319534143
2275.451625148914
2245.4625306964085
2245.4625306964085
2235.4577292131207
2187.187465531496
2187.187465531496
2187.187465531496
2187.187465531496
2181.618737092208
2181.618737092208
2181.618737092208
2181.1663101940658
2172.323730836414
2136.5735263787556
2116.0576678709817
2116.0576678709817
2116.0576678709817
2115.5084508373266
2115.5084508373266
2115.5084508373266
2115.5084508373266
2112.4631825344545
2112.4631825344545
2106.895762674691
2106.895762674691
2106.895762674691
2106.895762674691
2105.4536906435983
2099.0636847226206
2096.6239543672077
2091.5974106136364
2091.399429583686
2088.9778592240777
2088.9778592240777
2086.410472922869
2086.410472922869
2083.8286477089346
2083.8286477089346
2079.9370507855283
2077.2706322498475
2077.2706322498475
2076.0952854457028
2076.0952854457028
2073.5234267871956
2073.442015912805
2072.9715653110247
2072.9715653110247
2072.9715653110247
2071.3458730380394
2071.3458730380394
2071.3458730380394
2071.3458730380394
2066.599460021882
2066.126925056667
2066.126925056667
2066.126925056667
2066.126925056667
2066.126925056667
2065.2190259594136
2064.6187593201803
2063.986535723106
2063.986535723106
2063.5494259201905
2062.8019827926582
2061.7902775874313
2061.4036561596145
2061.3946006297697
2061.3946006297697
2061.1049341906887
2060.5427312724623
2058.95434827592
2058.0189511891645
2058.0189511891645
2058.0189511891645
2058.0189511891645
2057.438493233468
2057.4374473156013
2057.4374473156013
2056.904949545178
2056.904949545178
2056.5242359107983
2056.5242359107983
2056.5242359107983
2056.5242359107983
2056.4733102550663
2056.4733102550663
2056.2667133011378
2055.340529559102
2055.340529559102
2055.340529559102
2055.340529559102
2055.340529559102
2055.340529559102
2055.0002064285604
2055.0002064285604
2055.0002064285604
2055.0002064285604
2055.0002064285604
2055.0002064285604
2054.8421561614605
2054.8421561614605
2054.8421561614605
2054.8421561614605
2054.8421561614605
2054.8421561614605
2054.8421561614605
2054.8421561614605
2054.6138139220584
2054.6138139220584
2054.6138139220584
2054.6138139220584
2054.6138139220584
2054.6138139220584
2054.553433269426
2054.553433269426
2054.553433269426
2054.553433269426
2054.5020716411427
2054.480113498883
2054.480113498883
2054.2994586134114
2054.2994586134114
2054.2994586134114
2054.2994586134114
2054.2994586134114
2054.2994586134114
2054.2994586134114
2054.2994586134114
2054.2994586134114
2618.3714354654076
2508.815972769423
2323.6811416747732
2323.6811416747732
2323.6811416747732
2227.975501407772
2227.975501407772
2204.185311932418
2204.185311932418
2197.3450685662583
2197.3450685662583
2197.3450685662583
2197.3450685662583
2184.6649294119175
2184.2803966350225
2170.3887600716516
2154.699103822432
2145.240816175639
2145.240816175639
2145.240816175639
2138.356862141315
2127.697406642743
2110.4519244258886
2110.4519244258886
2110.4519244258886
2103.8287130286767
2090.4667811591416
2090.4667811591416
2090.4667811591416
2090.4667811591416
2085.5333765041246
2084.645199223645
2084.645199223645
2080.4097098349143
2080.280833144348
2080.280833144348
2078.692791214689
2077.9349646653222
2076.345296495897
2076.230461690262
2076.1570883633503
2076.1570883633503
2075.752212116231
2074.2145176530157
2074.2145176530157
2074.2145176530157
2074.2145176530157
2073.9736238880632
2072.11800499958
2072.11800499958
2070.934209909991
2070.934209909991
2070.934209909991
2070.934209909991
2070.2317991040927
2068.7156198858884
2067.0862725445522
2067.0862725445522
2066.102652146976
2066.102652146976
2066.102652146976
2065.648452926206
2065.648452926206
2065.648452926206
2064.8053217532342
2064.8053217532342
2064.750334073557
2064.750334073557
2064.275661714397
2064.275661714397
2064.275661714397
2063.657129647563
2062.8939816535362
2062.8939816535362
2062.2638274412334
2062.2638274412334
2061.874199320103
2061.7683337158605
2061.2603123719955
2060.45500003861
2060.45500003861
2060.1251778884866
2060.1251778884866
2059.9517330423923
2059.7154360558393
2059.7154360558393
2059.7154360558393
2058.474977184506
2058.474977184506
2058.474977184506
2058.474977184506
2058.474977184506
2058.474977184506
2058.474977184506
2058.2780516503694
2058.2780516503694
2058.2780516503694
2058.2780516503694
2058.2780516503694
2058.2780516503694
2058.2780516503694
2058.2780516503694
2058.2780516503694
2058.1727238826193
2057.8673106205733
2057.8673106205733
2057.8673106205733
2057.8673106205733
2057.8673106205733
2057.2190002503708
2057.2190002503708
2057.084909832189
2057.084909832189
2057.084909832189
2057.084909832189
2057.084909832189
2057.084909832189
2057.084909832189
2057.084909832189
2057.084909832189
2618.3714354654076
2309.3440609124445
2296.5562277755866
2296.5562277755866
2296.5562277755866
2296.5562277755866
2296.5562277755866
2273.8791689900427
2273.8791689900427
2273.8791689900427
2273.8791689900427
2273.8791689900427
2258.520051301548
2258.520051301548
2235.2055577120423
2229.599748630937
2229.599748630937
2228.744482962763
2228.744482962763
2213.8451194437143
2213.8451194437143
2213.8451194437143
2213.8451194437143
2213.8451194437143
2213.8451194437143
2213.8451194437143
2199.0690084041357
2199.0690084041357
2198.000623969033
2198.000623969033
2186.294619957047
2178.9928445127875
2178.9928445127875
2178.9928445127875
2178.9928445127875
2178.9928445127875
2178.9928445127875
2175.5041290369427
2175.5041290369427
2175.5041290369427
2175.1714412577976
2174.6030777346336
2172.9754856884992
2172.9754856884992
2171.607594341436
2171.607594341436
2171.607594341436
2170.6436990118164
2170.6436990118164
2170.6436990118164
2170.2016919486705
2170.2016919486705
2168.476027440776
2168.476027440776
2168.476027440776
2168.4332824821577
2168.4332824821577
2167.512727898882
2167.512727898882
2166.0753144344194
2166.0753144344194
2166.0753144344194
2166.0753144344194
2166.012483728956
2166.012483728956
2166.012483728956
2165.6317845069243
2165.585054453007
2165.10955679242
2165.001971417413
2165.001971417413
2165.001971417413
2165.001971417413
2165.001971417413
2165.001971417413
2165.001971417413
2165.001971417413
2164.9657099552155
2164.9657099552155
2164.8853074632084
2164.8853074632084
2164.8853074632084
2164.8853074632084
2164.8853074632084
2164.8853074632084
2164.8853074632084
2164.8853074632084
2164.8853074632084
2164.83952970068
2164.83952970068
2164.83952970068
2164.658189795657
2164.658189795657
2164.658189795657
2164.658189795657
2164.658189795657
2164.658189795657
2164.658189795657
2164.658189795657
2164.658189795657
2618.3714354654076
2560.818494070618
2305.47354395568
2233.35270779041
2233.35270779041
2204.290425731681
2195.935961867229
2195.935961867229
2158.593893570478
2158.593893570478
2158.593893570478
2156.64229146394
2156.64229146394
2156.64229146394
2156.64229146394
2156.64229146394
2153.1091239481348
2153.1091239481348
2129.68101074876
2129.68101074876
2129.68101074876
2129.68101074876
2129.68101074876
2126.610735673018
2126.610735673018
2123.5463626984865
2121.6551992690615
2121.6551992690615
2121.0721354877196
2120.5860077155703
2118.7987117319294
2118.7987117319294
2116.1738324175826
2113.114328393763
2112.5564855453713
2112.5564855453713
2111.5705507149423
2110.0273786211446
2110.0273786211446
2109.507400228301
2108.0018506076913
2108.0018506076913
2107.3333708924547
2107.3333708924547
2107.3333708924547
2105.8005248950144
2104.7905678897973
2104.7905678897973
2104.7905678897973
2104.3808769555444
2104.3808769555444
2104.3808769555444
2104.3808769555444
2103.7302122793208
2103.346990198051
2103.008204830813
2101.842495987606
2101.142854720999
2101.142854720999
2101.142854720999
2100.9027080955834
2100.9027080955834
2100.9027080955834
2100.644900389359
2100.644900389359
2100.127831250624
2100.127831250624
2100.127831250624
2100.127831250624
2100.127831250624
2099.944605364766
2099.944605364766
2099.944605364766
2099.8631212776795
2099.8631212776795
2099.729301530233
2099.729301530233
2099.729301530233
2099.498627320217
2099.498627320217
2099.3175926309186
2099.3175926309186
2099.3175926309186
2099.3175926309186
2099.3175926309186
2099.3175926309186
2099.3175926309186
2099.2514622506264
2097.385848434501
2097.385848434501
2097.385848434501
2097.2008158207946
2096.6886359765426
2095.9360465923505
2095.060851684634
2095.060851684634
2095.060851684634
2093.5443998041114
2093.5443998041114
2093.26260926979
2093.26260926979
2092.656038732102
2092.656038732102
2092.656038732102
2092.656038732102
2092.656038732102
2092.656038732102
2090.554434654152
2087.9547615025826
2087.9547615025826
2087.9547615025826
2087.9547615025826
2087.9547615025826
2087.9547615025826
2087.9547615025826
2087.9547615025826
2087.9547615025826
2087.6964376117294
2087.6964376117294
2087.6964376117294
2087.6964376117294
2087.6964376117294
2087.6964376117294
2087.424849496631
2087.424849496631
2087.424849496631
2087.409442764763
2086.6885832609305
2086.6885832609305
2086.6885832609305
2086.6885832609305
2086.6885832609305
2086.6885832609305
2086.6885832609305
2086.166483986833
2086.166483986833
2086.166483986833
2086.166483986833
2086.166483986833
2086.166483986833
2086.166483986833
2086.166483986833
2086.166483986833
2618.3714354654076
2290.286070501505
2268.600839376175
2268.600839376175
2268.600839376175
2256.975744620863
2250.439427236438
2250.439427236438
2219.244971589219
2195.5294472387864
2189.205937298379
2189.205937298379
2189.205937298379
2189.205937298379
2189.205937298379
2189.205937298379
2189.205937298379
2182.2560295412586
2182.2560295412586
2182.2560295412586
2182.2560295412586
2182.2560295412586
2182.2560295412586
2182.2560295412586
2182.2560295412586
2182.2560295412586
2176.777833983301
2176.777833983301
2172.6445501608778
2172.5894097252576
2172.283524709428
2165.527822364156
2160.2913881436143
2159.662178786941
2157.6937027511235
2157.6937027511235
2157.6937027511235
2152.5780181269524
2148.9388904252983
2148.9388904252983
2147.8862202443443
2147.867906917853
2146.1524328861246
2142.9997638123023
2142.9121602591017
2142.810490260069
2141.7142259955
2141.7142259955
2140.2461865189784
2140.2461865189784
2139.013467685022
2137.8277547843877
2136.3825170843543
2136.3825170843543
2136.3825170843543
2135.5997028790634
2135.3523781024946
2135.3523781024946
2135.2717263468976
2134.755751750583
2134.755751750583
2134.716619147924
2134.716619147924
2134.4419838264816
2134.4419838264816
2133.4031627195154
2133.4031627195154
2133.4031627195154
2133.3290132343895
2133.3290132343895
2133.0408588455016
2133.0408588455016
2133.0408588455016
2133.0408588455016
2133.0408588455016
2133.0408588455016
2133.0408588455016
2133.0408588455016
2133.007077041046
2131.7890115343203
2131.7890115343203
2131.554040037536
2131.554040037536
2131.554040037536
2131.554040037536
2131.554040037536
2131.554040037536
2131.5095416117256
2131.5095416117256
2131.5095416117256
2131.5095416117256
2131.5095416117256
2131.37435180236
2131.37435180236
2131.37435180236
2131.37435180236
2131.37435180236
2131.37435180236
2131.37435180236
2131.37435180236
2131.37435180236
2618.3714354654076
2577.6442523289347
2280.1558264444634
2280.1558264444634
2261.8888517636365
2203.4043547693063
2201.14265003546
2155.0375877102388
2148.6680166101232
2148.6680166101232
2148.6680166101232
2137.8005651750595
2137.8005651750595
2117.396545511907
2115.860182160788
2115.860182160788
2115.860182160788
2115.860182160788
2111.105048915089
2111.105048915089
2111.105048915089
2110.581233071312
2107.208505328234
2098.8557477653794
2092.246326036429
2092.246326036429
2092.246326036429
2089.0629463390587
2089.0629463390587
2085.242138709267
2082.880691404355
2082.880691404355
2081.564577075747
2081.564577075747
2081.564577075747
2081.368925063573
2081.368925063573
2080.6991015873346
2080.6991015873346
2080.6991015873346
2078.1541331013345
2078.1541331013345
2077.279504692204
2075.675140273273
2075.675140273273
2075.675140273273
2074.3820182163495
2073.841276681852
