694.3168554211397
694.3168554211397
692.7355691975432
685.8940240352304
677.1765168896561
677.1765168896561
673.6540982669005
673.6540982669005
671.7231640106997
668.2567049940886
662.7789106015539
662.7789106015539
662.7789106015539
662.7789106015539
662.7789106015539
661.0373875194499
656.2824313184121
646.2946859977195
646.2946859977195
646.2946859977195
646.2946859977195
646.2946859977195
646.2946859977195
646.2946859977195
642.8861918789041
642.8861918789041
642.8861918789041
642.8861918789041
641.5567033578801
641.5567033578801
641.5567033578801
641.5567033578801
641.312077260715
641.1621444586826
637.5320931732452
637.5320931732452
637.5320931732452
637.5320931732452
637.5320931732452
637.5320931732452
636.9930009013561
636.9930009013561
636.9295257112365
636.8600023578516
636.5453616500481
636.5453616500481
636.5453616500481
636.2666813612564
636.0959690318292
636.0959690318292
635.9294453783536
635.9294453783536
635.3133901672471
635.3133901672471
635.1688612619736
634.9798856739407
634.9130664777025
634.9130664777025
634.8771154958071
634.8771154958071
634.7311518786643
634.7311518786643
634.7311518786643
634.6420240461118
634.6420240461118
634.4049883126103
634.2413434950842
634.2413434950842
634.1181681814237
634.1181681814237
634.1181681814237
634.1181681814237
634.1181681814237
634.084095997082
634.084095997082
634.084095997082
634.084095997082
634.084095997082
634.084095997082
634.0136220641141
634.0136220641141
634.0136220641141
634.0136220641141
633.9614118845419
633.9565036620406
633.9565036620406
633.9565036620406
633.9565036620406
633.9565036620406
633.9565036620406
633.9311868746615
633.9311868746615
633.9240307874475
633.9240307874475
633.9240307874475
633.9240307874475
633.9240307874475
633.9240307874475
633.9240307874475
633.90378858835
633.90378858835
633.8891490193454
633.8891490193454
633.8891490193454
633.8696660317754
633.8696660317754
633.8696660317754
633.8696660317754
633.8696660317754
633.8471335781759
633.8068729907989
633.8068729907989
633.8068729907989
633.8068729907989
633.8067368587804
633.8067368587804
633.8067368587804
633.8067368587804
633.8067368587804
633.8067368587804
633.8067368587804
633.8067368587804
633.8067368587804
724.035731410055
706.5127781660242
702.8831143648223
694.7417309805373
691.7514110180784
689.8702552208564
688.7605949612712
665.8264217196466
661.4626171425534
654.6266384302403
653.6938217331702
650.4686450168613
648.2259010684924
643.0848455379687
641.5764306648895
641.5764306648895
641.5764306648895
636.8358878362708
635.6246799849821
633.354672780511
631.937885047718
629.0540532112718
629.0540532112718
625.9713569162737
625.9713569162737
625.365030969323
621.5314368972138
621.5314368972138
621.5314368972138
621.5314368972138
621.5314368972138
621.5314368972138
621.5314368972138
620.4042645582797
620.4042645582797
620.1454380854182
620.1454380854182
619.1139380102086
619.1139380102086
618.4026442673769
617.7448056304108
616.8910329667367
616.8910329667367
616.1731419391085
616.1731419391085
616.0852473338898
616.0852473338898
616.0852473338898
615.7295508295989
615.7295508295989
615.4521140456795
615.4521140456795
614.9031697119497
614.9031697119497
614.9031697119497
614.9031697119497
614.8395076568411
614.8395076568411
614.8395076568411
614.8135096292029
614.8135096292029
614.76936410986
614.2811395213175
614.2811395213175
614.0477536932358
613.9349521708094
613.9349521708094
613.9349521708094
613.8480027676163
613.8480027676163
613.8480027676163
613.8480027676163
613.8480027676163
613.8480027676163
613.8480027676163
613.6265803486964
613.469436886151
613.469436886151
613.469436886151
613.469436886151
613.469436886151
613.469436886151
613.469436886151
613.469436886151
613.469436886151
724.035731410055
703.8337178684442
685.5829191425725
685.5829191425725
677.6395719915431
667.5745539856351
667.5745539856351
665.7211610758496
665.7211610758496
665.7211610758496
659.2599196012417
659.2599196012417
659.2599196012417
659.2599196012417
658.0616974432804
658.0616974432804
658.0616974432804
658.0616974432804
652.0693591947486
652.0693591947486
652.0693591947486
652.0693591947486
652.0693591947486
652.0693591947486
648.582805921414
648.582805921414
648.582805921414
646.9776121752778
644.7822166438069
643.7972454711215
643.7972454711215
643.076340019302
641.9523935598072
640.9571481469412
640.9571481469412
640.9571481469412
640.4679262990436
640.4679262990436
640.4679262990436
639.8329969005445
637.9647246798263
637.389738948157
636.5805153272105
636.5805153272105
636.5805153272105
635.9902826709651
635.9902826709651
635.6953005526298
635.5927754534611
634.6321108413151
634.6321108413151
633.554228053987
633.554228053987
633.554228053987
633.554228053987
633.554228053987
633.309615832464
632.0206272432771
630.9683005369337
630.9683005369337
630.899500475898
630.899500475898
630.899500475898
630.899500475898
630.2015007651361
629.6123855637942
628.0138593982513
628.0138593982513
628.0138593982513
628.0138593982513
627.9754241788028
627.9754241788028
627.9754241788028
627.9754241788028
627.9754241788028
627.9754241788028
627.9754241788028
627.9754241788028
627.9754241788028
724.035731410055
715.8819711552937
705.6801965613759
677.7700368821389
677.7700368821389
673.4512398814724
673.4512398814724
670.1856694702873
668.9291590978353
668.9291590978353
661.5919821395828
661.5919821395828
661.5919821395828
661.5919821395828
661.5919821395828
661.5919821395828
661.5919821395828
661.5919821395828
661.5919821395828
657.8051441863086
657.8051441863086
656.3499034067203
655.5056509523243
655.5056509523243
653.064724263132
653.064724263132
653.064724263132
652.6358636405586
652.6358636405586
652.6358636405586
650.9991020382978
650.9991020382978
650.9991020382978
648.2287238853604
648.2287238853604
648.2287238853604
648.2287238853604
648.0509376646962
646.9385056876567
646.9385056876567
646.9385056876567
646.9385056876567
646.1924482976455
645.7369032549813
644.4861372928684
643.486682330928
643.486682330928
641.8196142289711
641.8196142289711
641.8196142289711
641.8196142289711
641.7245166692512
641.250820566255
641.2486777034424
640.9303581968163
640.2574622087728
640.2574622087728
640.2251653444447
640.2251653444447
640.2251653444447
640.2251653444447
640.2251653444447
640.2165576464207
640.0363411469232
639.7129137423216
639.6143338418506
639.4602922759094
639.4602922759094
639.4602922759094
639.4602922759094
639.4319663383791
639.051428707163
639.051428707163
639.051428707163
639.051428707163
639.051428707163
638.8986096254246
638.8986096254246
638.8986096254246
638.8986096254246
638.8986096254246
638.8986096254246
638.8986096254246
638.8986096254246
638.8986096254246
638.8832209292932
638.8832209292932
638.8832209292932
638.8832209292932
638.8832209292932
638.8832209292932
638.8832209292932
638.8832209292932
638.8832209292932
724.035731410055
711.5945163650925
693.2793192130167
675.8013869998988
675.8013869998988
671.256791779017
670.249557968455
667.1151170993436
667.1151170993436
667.1151170993436
666.2188218618028
666.2188218618028
666.2188218618028
666.2188218618028
661.0703491071564
661.0703491071564
659.588849846717
659.588849846717
659.588849846717
655.8124203891603
655.8124203891603
654.2229371719343
654.2229371719343
654.2229371719343
654.2229371719343
654.2229371719343
650.3658714781927
650.3658714781927
647.7130169359299
647.7130169359299
647.0950216402831
647.0950216402831
646.2549185307658
646.2549185307658
646.2549185307658
646.0501348586117
646.0501348586117
646.0501348586117
646.0501348586117
645.900003954072
645.900003954072
645.900003954072
644.8765934365697
643.4208201395086
643.4208201395086
643.4208201395086
643.396601164385
642.9505669703769
642.7627187890645
642.7627187890645
642.7627187890645
642.369586551425
641.8374652887192
641.8374652887192
641.8374652887192
641.8374652887192
641.8136507207356
641.4831338190324
641.4300727342036
641.4300727342036
641.4300727342036
641.4300727342036
641.3030266152102
641.3030266152102
641.3030266152102
641.3030266152102
641.3030266152102
641.0389602952022
641.0389602952022
640.9019681760872
640.9019681760872
640.9019681760872
640.8953761623656
640.8469707149072
640.8469707149072
640.8469707149072
640.8469707149072
640.8469707149072
640.8469707149072
640.8469707149072
640.8469707149072
640.8469707149072
724.035731410055
707.6679284183537
686.4485357649633
671.2746288826471
663.8565395133247
663.128295788398
656.7913677884434
656.7913677884434
656.7913677884434
656.7913677884434
656.7913677884434
656.7913677884434
656.7913677884434
656.7913677884434
656.7913677884434
724.035731410055
711.0411872885611
690.9606821175859
689.9622883745516
678.1427665349511
678.1427665349511
674.2890922384141
667.7636219075919
654.7193609417407
654.7193609417407
654.7193609417407
654.7193609417407
654.4036532103491
651.0156819394742
650.9848920505761
646.7664437585722
646.7664437585722
646.7664437585722
646.0850323658251
646.0850323658251
641.5273984736116
641.5273984736116
633.902847118631
633.902847118631
633.902847118631
633.902847118631
633.902847118631
633.902847118631
632.5355483361955
632.5355483361955
632.5355483361955
632.5355483361955
632.192475407405
632.192475407405
632.0982135610728
628.0963109795332
627.9174329975965
626.4161805181416
626.4161805181416
626.4161805181416
626.1193427306042
626.1193427306042
625.9543427244677
625.9543427244677
625.5342200243264
625.5342200243264
624.731555073463
624.731555073463
624.1420103632689
624.1420103632689
624.1420103632689
624.1420103632689
623.9613988953732
623.9613988953732
623.9014345280277
623.5558551711861
623.5558551711861
623.5558551711861
622.7414486739094
622.7414486739094
622.7414486739094
622.49267202181
622.4766344016241
622.4766344016241
622.344586160113
622.344586160113
622.344586160113
622.0628409217247
622.0628409217247
622.0628409217247
622.0587603614132
622.0587603614132
621.8115729814558
621.8115729814558
621.7703937805155
621.7703937805155
621.7703937805155
621.7703937805155
621.7703937805155
621.7614853934447
621.7614853934447
621.7472467807551
621.7472467807551
621.4458359269581
621.4458359269581
621.4458359269581
621.4458359269581
621.4458359269581
621.4458359269581
621.4342239126549
621.4342239126549
621.4036905179239
621.4036905179239
621.0808777578552
621.0808777578552
621.0808777578552
621.0808777578552
621.0808777578552
621.0808777578552
621.0808777578552
621.0808777578552
621.0808777578552
724.035731410055
701.3859527751274
701.3859527751274
690.1982872116726
682.9609607349189
682.9609607349189
670.9625746197272
670.9625746197272
670.9625746197272
668.4692565546832
664.265521913254
664.265521913254
664.265521913254
664.265521913254
659.3232249316966
657.9552214075362
657.9552214075362
657.9552214075362
656.7628328231838
656.7628328231838
651.8420894783832
650.7708173616861
650.7708173616861
650.7708173616861
650.7708173616861
650.1067657665274
650.1067657665274
648.2998338706527
648.2998338706527
648.1721128107126
647.1630944682253
647.1630944682253
647.1250067956124
643.9285393550133
643.9285393550133
643.6551383690369
642.8002383731292
637.4300264171727
637.4300264171727
637.4300264171727
635.4650382546689
635.4650382546689
635.4650382546689
632.988857507907
632.988857507907
632.988857507907
632.988857507907
632.988857507907
631.5618891538729
631.5618891538729
631.5618891538729
630.6589895440582
630.6589895440582
630.2483794243085
630.2483794243085
630.2483794243085
629.7081388884291
629.7081388884291
629.7081388884291
629.7081388884291
629.3789084172812
629.3789084172812
629.1309042063583
628.9218809187462
628.9218809187462
628.5146232975815
628.3279331494595
628.3279331494595
628.3279331494595
628.3279331494595
628.3279331494595
628.3279331494595
628.3279331494595
627.971911066924
627.373953838288
627.373953838288
627.373953838288
627.373953838288
627.3178319115237
627.3178319115237
627.3175652211584
627.3175652211584
627.060090588168
627.060090588168
626.3872406291938
625.8521329791334
622.6085690962235
622.6085690962235
622.6085690962235
622.6085690962235
622.6085690962235
622.0719700290183
622.0719700290183
622.0719700290183
621.8137857530895
621.7151937284333
621.7151937284333
621.3068436461521
621.3068436461521
621.3068436461521
621.3068436461521
621.0568293938253
620.9594496082208
620.9594496082208
620.9594496082208
620.9594496082208
620.9594496082208
620.6645537682289
620.4545001302504
620.4545001302504
620.3445250609461
620.2597002193318
620.2597002193318
620.2597002193318
620.2597002193318
620.2597002193318
620.2597002193318
620.2597002193318
620.2597002193318
620.2597002193318
724.035731410055
699.4690709778466
680.3286320320642
680.3286320320642
673.6755292646925
661.0370929077854
661.0370929077854
661.0356399133576
649.2929010881056
644.7592710799945
644.7592710799945
643.5741224421557
643.5741224421557
643.2178477565672
643.2178477565672
640.9966818848328
640.9966818848328
640.9966818848328
635.5253820048573
635.5253820048573
635.5253820048573
635.5253820048573
634.4101583950119
634.4101583950119
634.4101583950119
634.4101583950119
631.378682536561
631.378682536561
630.4303757317263
630.4303757317263
630.4303757317263
629.9405242107927
628.6406858303445
628.6406858303445
628.6406858303445
628.2233588582149
628.2233588582149
628.2233588582149
628.1849173239458
627.158127786167
627.158127786167
627.158127786167
625.1388435298286
625.1388435298286
625.1388435298286
625.1388435298286
625.1388435298286
624.4470652101096
624.4470652101096
624.3157441844763
624.1541210027525
624.1541210027525
623.9154856369763
623.9154856369763
623.603485691579
623.603485691579
623.3550864338412
623.3550864338412
623.3550864338412
623.3550864338412
623.3316164442192
623.3316164442192
623.3316164442192
623.3316164442192
623.0291062740021
622.9316139680619
622.8060756755107
622.8060756755107
622.8060756755107
622.8060756755107
622.6243794904
622.6243794904
622.6243794904
622.4486351156957
622.4486351156957
622.4486351156957
622.4486351156957
622.4486351156957
622.4486351156957
622.4486351156957
622.4486351156957
622.4486351156957
724.035731410055
712.6205990240247
699.920016895331
691.2764130103266
668.9758013978286
668.9758013978286
668.9758013978286
668.9758013978286
668.9758013978286
668.9758013978286
662.1163089492849
662.1163089492849
662.1163089492849
661.2740189488113
660.5902419033808
660.5902419033808
660.2308939219083
653.3121247016654
653.3121247016654
651.158019110747
651.158019110747
651.158019110747
651.158019110747
651.158019110747
651.158019110747
651.158019110747
651.158019110747
651.158019110747
724.035731410055
705.2488563270551
682.5497143681085
682.5497143681085
668.7743848055688
668.7743848055688
668.7743848055688
666.5668187996112
666.5668187996112
666.5668187996112
666.5668187996112
662.8493086067566
662.8493086067566
662.8493086067566
662.8493086067566
662.8493086067566
661.5031926970387
657.6519164329278
657.6519164329278
657.6519164329278
655.5695482381919
655.5695482381919
655.2448714818989
654.3046906800982
652.026148671413
651.3911827312323
651.3911827312323
651.3911827312323
651.3911827312323
651.3911827312323
649.1021237111554
649.1021237111554
647.2686451783239
647.2686451783239
647.2686451783239
647.2686451783239
647.0992145665216
647.0127746643775
647.0127746643775
646.3113360820705
646.3113360820705
645.3343874020381
644.8919042456239
644.8919042456239
644.5534213827548
644.5534213827548
644.5534213827548
642.3433683166331
642.3433683166331
641.4956297538051
641.4956297538051
641.4956297538051
641.4956297538051
640.7066531772301
639.1215770221677
639.1215770221677
639.1215770221677
639.1215770221677
639.1215770221677
639.1215770221677
639.1215770221677
639.1215770221677
638.8014494522266
637.9568225379321
637.9568225379321
637.9568225379321
637.9568225379321
637.920650404835
637.920650404835
637.7940497887166
637.7940497887166
637.7940497887166
637.7940497887166
637.7940497887166
637.5399875935512
637.5399875935512
637.5399875935512
637.5399875935512
637.5399875935512
637.2860245591489
637.2860245591489
637.1275519709792
637.1275519709792
636.9800951915985
636.9800951915985
636.9235713754902
636.6319649596182
636.6319649596182
636.4822590705223
636.4822590705223
636.3378371253851
636.3378371253851
636.1587000356943
636.1587000356943
636.1587000356943
636.1587000356943
636.1587000356943
636.1587000356943
636.1587000356943
636.1587000356943
636.0511921438397
636.0511921438397
636.0511921438397
636.0511921438397
636.0511921438397
636.0511921438397
636.0511921438397
636.0511921438397
636.0511921438397
724.035731410055
713.3728403426438
695.7087649515847
693.9065728530763
693.9065728530763
693.9065728530763
691.4040231910928
691.4040231910928
683.0742406243984
683.0742406243984
675.1869838543969
671.3349303372307
671.3349303372307
669.8462724159205
669.8462724159205
669.8462724159205
669.8462724159205
669.8462724159205
669.8462724159205
669.8462724159205
669.8462724159205
669.8462724159205
724.035731410055
710.4171587493736
692.7115027718337
686.3086804262512
676.9635909800975
674.1665559352565
659.1002446841508
659.1002446841508
659.1002446841508
657.5706147140794
655.1350886566539
652.6152949110308
652.6152949110308
651.2593856819541
651.2593856819541
643.628481689837
643.628481689837
643.628481689837
643.628481689837
643.2299941378642
642.4294303478283
641.6092019812097
641.6092019812097
639.4986082878461
638.6121668311079
638.6121668311079
633.6469420008234
633.6469420008234
633.6469420008234
631.189267497298
629.4101315322797
628.5755075791428
628.5755075791428
628.4707327224753
627.1677130664925
627.1677130664925
627.1677130664925
626.0210162755652
626.0210162755652
625.6793303356336
625.6793303356336
623.2520306116719
623.026220348423
621.8422250481581
621.8422250481581
621.340210617426
621.340210617426
621.340210617426
620.4386570714585
620.4386570714585
620.4386570714585
620.4386570714585
620.1027508830631
620.1027508830631
619.975238661083
619.975238661083
619.975238661083
619.975238661083
619.9305832461731
619.6389733183212
