706.0557676023355
673.7156471954892
673.7156471954892
669.2938436886327
669.2938436886327
669.2938436886327
669.2938436886327
669.167009376609
661.4846180442346
661.4846180442346
661.2898424300471
661.2898424300471
659.823456412948
659.823456412948
659.823456412948
656.7918166712265
649.8687407290477
649.4481163687351
649.4481163687351
649.4481163687351
649.4481163687351
649.3283251964639
649.3283251964639
644.9076476975235
644.9076476975235
643.4801493753722
643.4801493753722
641.2296035729413
638.529886015026
638.529886015026
636.7493321607584
636.7493321607584
635.2063663111344
635.2063663111344
635.161512387903
635.161512387903
635.161512387903
633.9486350597651
633.9422324273298
633.7110875984628
633.4303443071825
633.4303443071825
633.4303443071825
633.26395135528
633.1696167314743
633.0330508608005
632.6415312318867
631.8259740815306
631.8259740815306
631.8259740815306
631.8259740815306
631.8259740815306
631.8259740815306
631.8259740815306
631.8252427519533
631.664010800884
631.664010800884
631.664010800884
631.664010800884
631.6586054006427
631.6586054006427
631.5584193538924
631.5584193538924
631.5584193538924
631.5584193538924
631.5584193538924
631.5584193538924
631.5584193538924
631.5584193538924
631.4720774974498
631.4720774974498
631.3459576003802
631.3459576003802
631.0234572794047
631.0234572794047
631.0234572794047
631.0234572794047
631.0234572794047
631.0234572794047
631.0234572794047
631.0234572794047
631.0234572794047
706.0557676023355
706.0557676023355
706.0557676023355
692.8857646237951
692.8857646237951
684.8535126289457
676.3824673096633
668.7302119220415
666.4514977155427
666.4514977155427
663.74234732284
662.8466302466493
652.9393116121298
652.8535988076801
652.8535988076801
652.8535988076801
652.8535988076801
652.8535988076801
648.5964465119434
646.2586384000114
646.2586384000114
646.2586384000114
646.2586384000114
645.2326093290067
645.2326093290067
645.2326093290067
644.800766498892
644.800766498892
644.800766498892
644.800766498892
644.059627794264
644.059627794264
644.059627794264
644.0018562972684
644.0018562972684
643.8752874904897
643.1707397809998
643.1707397809998
643.1707397809998
642.2428797090411
642.2428797090411
642.2428797090411
641.6538937797437
641.6538937797437
641.3683356181922
641.3683356181922
641.3683356181922
640.9554437083241
640.1099719178209
640.1099719178209
640.1099719178209
639.9386528231423
639.9386528231423
639.9386528231423
639.548140262851
639.4743941326494
638.6972225084348
638.6972225084348
638.5239462208317
638.5239462208317
638.5239462208317
638.433099769651
638.433099769651
638.1556478370883
638.1556478370883
638.1556478370883
638.1556478370883
638.1556478370883
638.1556478370883
638.1317455440424
638.1317455440424
637.842955283177
637.842955283177
637.842955283177
637.8251624750684
637.8251624750684
637.6924993281503
637.6924993281503
637.4692824897538
637.4692824897538
637.4596669077052
637.4596669077052
637.4270861555714
637.4270861555714
637.4270861555714
637.4270861555714
637.4270861555714
637.4270861555714
637.4270861555714
637.4270861555714
637.4270861555714
706.0557676023355
699.3288120474244
687.442692259586
687.442692259586
686.4369377303751
666.7083592457009
666.7083592457009
666.7083592457009
666.7083592457009
666.7083592457009
666.7083592457009
666.7083592457009
666.7083592457009
663.8246142808557
663.8246142808557
663.8246142808557
663.4732494570818
663.4732494570818
661.5599238027107
659.029875690482
657.1043839849888
656.3172640243589
656.0364390530466
654.9792778922389
654.9792778922389
654.9792778922389
654.9792778922389
654.6734723871579
652.9309615142332
652.8728848329038
652.8728848329038
652.8728848329038
652.4776831417562
652.0092547550177
651.6756464012119
651.6756464012119
651.1522689806553
651.1522689806553
650.9666961316334
650.7424385036015
650.6396953101745
650.6396953101745
650.5751112614101
650.5292093865331
650.5292093865331
650.4807307122296
650.4161358714373
650.3118286336819
650.3118286336819
649.5321273904942
649.5321273904942
649.5321273904942
649.5321273904942
648.764061949437
648.764061949437
648.764061949437
648.764061949437
648.764061949437
648.5566064583505
648.5566064583505
648.4334665072907
648.4124748030397
648.4124748030397
648.3757898033676
648.3757898033676
648.2843312844763
648.2843312844763
648.2526201902252
648.2526201902252
647.9957160347221
647.4387897320635
647.4387897320635
647.4387897320635
647.4387897320635
647.4387897320635
647.4387897320635
647.3098006978762
647.3098006978762
647.1606605287429
647.1070485222745
647.060360770978
647.060360770978
647.060360770978
646.996634866763
646.996634866763
646.996634866763
646.9013102843734
646.9013102843734
646.8573594651239
646.7670540985272
646.7670540985272
646.722355293015
646.643660168102
646.643660168102
646.6247989976432
646.6247989976432
646.3864147831451
646.2351174625843
646.1790860087336
646.1790860087336
646.0536731692229
646.0536731692229
646.0096957199498
646.0096957199498
645.8786772504784
645.7627210659746
645.6972117008678
645.6972117008678
645.634236271749
645.443005458842
645.3680570747097
645.3438119591727
645.3438119591727
645.2836044353762
645.2836044353762
645.2639168265767
645.2639168265767
645.2639168265767
645.2464194063613
645.2464194063613
645.2464194063613
645.2053617301657
645.2053617301657
644.9974829913099
644.9974829913099
644.9974829913099
644.9974829913099
644.9974829913099
644.9774390377058
644.9774390377058
644.9774390377058
644.9774390377058
644.954140274942
644.954140274942
644.895809968444
644.895809968444
644.8589135373072
644.8589135373072
644.8589135373072
644.8589135373072
644.8085369792016
644.8085369792016
644.8085369792016
644.8085369792016
644.8085369792016
644.8085369792016
644.8035711146822
644.8035711146822
644.7904171133296
644.7904171133296
644.7191497371899
644.7191497371899
644.7191497371899
644.7191497371899
644.7191497371899
644.7191497371899
644.7191497371899
644.7191497371899
644.7076141766923
644.7076141766923
644.7076141766923
644.7076141766923
644.7076141766923
644.7076141766923
644.7076141766923
644.7076141766923
644.7076141766923
706.0557676023355
706.0557676023355
702.6904856020426
691.9746892342012
683.6803994310341
669.0542737325403
657.229777839544
657.229777839544
654.2303373039472
650.1491365187899
650.1491365187899
650.1491365187899
647.0499619725549
647.0499619725549
647.0499619725549
647.0499619725549
647.0499619725549
647.0499619725549
647.0499619725549
647.0499619725549
647.0499619725549
645.1375411026225
645.1375411026225
645.1375411026225
641.5675830713244
641.5675830713244
641.5675830713244
641.5675830713244
640.7176213695717
640.7176213695717
640.7176213695717
640.2183250410401
639.4947728440833
639.0858260091562
638.6991516918708
638.6991516918708
638.6746180619564
638.2863274860892
637.0544937557534
637.0544937557534
637.0544937557534
636.5902842519283
636.1279543824803
635.9934438218646
635.9277982996933
635.7455791919621
635.7455791919621
635.644235172521
635.472462945975
635.3906529646084
635.3906529646084
635.0816086549764
635.0816086549764
635.0816086549764
634.9306264737354
634.7989048079189
634.7989048079189
634.7912273464018
634.4576685146607
634.4576685146607
634.4576685146607
634.0834225870158
634.0834225870158
633.9462090663068
633.854572819144
633.854572819144
633.85193870745
633.5598834460859
633.5457357888188
633.5457357888188
633.5457357888188
633.5457357888188
633.4693956553332
633.4693956553332
633.4693956553332
633.4693956553332
633.4693956553332
633.4693956553332
633.4693956553332
633.4693956553332
633.4399667748114
633.0691390825228
633.0691390825228
633.0691390825228
632.6795161844343
632.6795161844343
632.6781284489441
632.6781284489441
632.6781284489441
632.3885867217905
632.3885867217905
632.3625734824011
632.3625734824011
632.3368138546583
632.3368138546583
632.3368138546583
632.3195670205962
632.2772174175999
632.2772174175999
632.2355468273583
632.2355468273583
632.2355468273583
632.2294126294548
632.2294126294548
632.0657365738421
632.0657365738421
632.0657365738421
632.0657365738421
632.0657365738421
631.9978810321726
631.9978810321726
631.9978810321726
631.9978810321726
631.8890826794042
631.8890826794042
631.8890826794042
631.8890826794042
631.8890826794042
631.8890826794042
631.8890826794042
631.8890826794042
631.8890826794042
631.8404074826044
631.8404074826044
631.7836000591684
631.7836000591684
631.7836000591684
631.7836000591684
631.7836000591684
631.7836000591684
631.7836000591684
631.7836000591684
631.7836000591684
706.0557676023355
706.0557676023355
696.1553157886333
677.7774751272824
677.7774751272824
669.5884306136759
659.8023903546081
659.8023903546081
659.8023903546081
659.8023903546081
651.2427555139944
651.2427555139944
651.2427555139944
651.2427555139944
651.2427555139944
649.1008656501359
649.1008656501359
645.6525631115948
645.1170877663
643.2108455145459
643.2108455145459
643.2108455145459
640.854304129632
640.854304129632
640.854304129632
640.854304129632
640.828547513735
640.6526030196012
638.7847885127753
638.1498547664107
637.1005713469003
637.1005713469003
636.5611530947323
636.5611530947323
636.2055016160043
636.1077147836903
633.5442025491019
633.5442025491019
633.2515270482826
633.2515270482826
633.2515270482826
632.8395096586123
632.2380806065601
631.8654778673657
631.8654778673657
630.4661023823572
630.3164121455915
628.7062866124659
627.5942078119184
627.5942078119184
627.5942078119184
627.5942078119184
627.5942078119184
626.9291097716026
626.8282388919934
625.4069693884933
625.0854230545737
624.3868485827162
624.3868485827162
624.3868485827162
624.3868485827162
624.3868485827162
624.3868485827162
624.3868485827162
624.3868485827162
624.3868485827162
706.0557676023355
702.4903300397043
681.6468838318035
674.5714598748782
674.5714598748782
674.5714598748782
674.5714598748782
674.5714598748782
669.5583821760193
669.5583821760193
669.5583821760193
669.5583821760193
665.0666615287411
661.7232307012175
661.7232307012175
661.7232307012175
656.8666316201536
656.8666316201536
656.8666316201536
656.8666316201536
656.8666316201536
656.8666316201536
656.8666316201536
656.8666316201536
656.8666316201536
706.0557676023355
702.605256251431
682.7257899721518
679.7501412171184
664.2743670502191
657.2229858481847
649.4471327129999
649.4471327129999
646.4601450751285
646.4601450751285
646.4601450751285
646.4601450751285
646.4005829436597
638.4570140519314
638.4570140519314
638.4570140519314
634.0569576249029
634.0569576249029
634.0569576249029
633.4933420942574
630.8765583847113
630.8765583847113
630.8765583847113
630.8765583847113
629.5022301491538
629.5022301491538
628.3594462156941
628.3594462156941
628.2870947079113
628.2870947079113
627.4974202722159
627.4974202722159
626.2242433645004
626.2242433645004
626.2242433645004
626.2242433645004
626.2242433645004
625.5669477961694
625.5669477961694
625.5669477961694
625.5440842725529
625.5440842725529
625.203691918098
625.203691918098
625.203691918098
624.9277783459803
624.9277783459803
624.6907568376698
624.6907568376698
624.5838987462441
624.5838987462441
624.5838987462441
624.5838987462441
624.5838987462441
624.5838987462441
624.5838987462441
624.5838987462441
624.4823512594088
622.7316771910564
622.7316771910564
622.7316771910564
622.7316771910564
622.7316771910564
622.7316771910564
622.7316771910564
622.7316771910564
622.7058962714143
622.6137661313203
622.5611630533024
622.5611630533024
622.5611630533024
622.5611630533024
621.8425167327001
621.6634004258558
621.6634004258558
621.6634004258558
621.6634004258558
621.6634004258558
621.373249536332
621.373249536332
621.373249536332
621.3361252905606
621.3361252905606
621.3361252905606
621.161952261461
621.161952261461
621.161952261461
621.161952261461
621.161952261461
621.1576708199021
621.1576708199021
621.1576708199021
621.1576708199021
621.1576708199021
620.97372802959
620.97372802959
620.97372802959
620.97372802959
620.97372802959
620.97372802959
620.97372802959
620.97372802959
620.97372802959
706.0557676023355
706.0557676023355
706.0557676023355
701.4318703310399
692.325874766216
692.325874766216
690.8319788447349
690.8319788447349
690.8319788447349
671.9620050429545
671.9620050429545
671.9620050429545
665.8875066114753
665.8875066114753
665.8875066114753
665.8875066114753
661.1395516104855
661.1395516104855
661.1395516104855
659.61799327202
659.61799327202
659.61799327202
659.61799327202
659.61799327202
658.3989566796904
658.3989566796904
658.3989566796904
657.1250818260534
657.1250818260534
657.1250818260534
657.1250818260534
657.1250818260534
656.5060936905984
654.5005442308818
654.5005442308818
654.2255097050145
654.2255097050145
654.1706375858037
653.4136984975371
653.4136984975371
653.4136984975371
653.3808983368813
652.3233680877959
651.4717497203746
651.4717497203746
650.6968866923315
650.6968866923315
650.6905816411044
650.6905816411044
650.5152280225982
650.4147339623813
650.3064043208087
650.3064043208087
650.271329887663
650.271329887663
649.4094214029609
649.3971419447188
649.3971419447188
649.3971419447188
649.3971419447188
649.3971419447188
649.3971419447188
649.3971419447188
649.3971419447188
649.3971419447188
706.0557676023355
706.0557676023355
699.1192126025649
682.0689777737988
672.0467512250025
663.4546565491513
661.1229272162755
654.4610304449823
654.4610304449823
648.9341363938199
648.9341363938199
648.9341363938199
644.3756993438608
643.7354904146907
643.7354904146907
643.2904717300585
641.3534679760173
641.3534679760173
638.5154014011151
638.5154014011151
638.5154014011151
636.7955538814829
636.683072228489
636.683072228489
636.683072228489
632.8779858523072
632.8779858523072
631.4990363493752
631.4990363493752
631.4990363493752
631.4990363493752
629.0513302780989
629.0513302780989
627.5819826814377
627.4376510051128
627.4376510051128
627.4376510051128
627.4376510051128
627.4376510051128
627.2667479234657
627.2667479234657
627.2667479234657
627.0069523587911
627.0069523587911
627.0069523587911
626.9689294538358
626.9689294538358
626.9689294538358
626.8501355878967
626.1377286171446
626.1377286171446
625.6148344851035
625.6148344851035
625.6148344851035
625.2418959618228
625.0532839160833
625.0532839160833
624.9149109717148
624.8853056568216
624.5911394577345
624.3790607757338
624.3790607757338
624.3790607757338
624.0919300740127
624.0919300740127
624.0919300740127
624.0919300740127
624.0919300740127
624.061563203888
624.061563203888
624.061563203888
624.0558836476164
624.0558836476164
624.0558836476164
624.0558836476164
624.0456225384879
623.8705757212169
623.8705757212169
623.8128383725978
623.7367471338231
623.7367471338231
623.6981210396489
623.6981210396489
623.6981210396489
623.6123779235381
623.6123779235381
623.5814074969088
623.5813723653822
623.5813723653822
623.5813723653822
623.5813723653822
623.5813723653822
623.4121776850642
623.4121776850642
623.4121776850642
623.4121776850642
623.4121776850642
623.3718937256095
623.3718937256095
623.3718937256095
623.3667927145906
623.3667927145906
623.3667927145906
623.2970744779452
623.2970744779452
623.2970744779452
623.2970744779452
623.2970744779452
623.2970744779452
623.2970744779452
623.2970744779452
623.2970744779452
623.2913278205566
623.2913278205566
623.2913278205566
623.2913278205566
623.2913278205566
623.2913278205566
623.2913278205566
623.2913278205566
623.2913278205566
706.0557676023355
700.0275202603138
679.3483623690861
679.3483623690861
673.3424749984474
673.3424749984474
672.227363322573
665.8247959339423
665.8247959339423
664.4180866064389
662.2294828275705
650.2338679966958
650.2338679966958
649.6349536893641
649.6349536893641
649.6349536893641
649.6349536893641
649.6349536893641
647.7112740716582
647.7112740716582
647.7112740716582
644.7371613075092
644.7371613075092
644.7371613075092
644.3065827297803
643.5556360620925
643.5556360620925
643.2539815209285
642.1137992034936
642.1137992034936
642.1137992034936
642.1137992034936
642.1137992034936
641.0434566118738
640.0944593265331
640.0944593265331
639.7019115643755
639.7019115643755
639.7019115643755
637.2366264002047
637.2366264002047
637.2366264002047
636.6556522330636
636.6556522330636
636.6556522330636
636.6556522330636
636.6281711514259
635.1235621726643
635.1235621726643
634.7675789771781
634.7675789771781
634.4236270868998
634.4236270868998
634.4236270868998
633.5229339505404
633.011093190504
633.011093190504
632.3510112978398
632.0671304534444
631.701234001105
631.701234001105
631.701234001105
631.0134477312192
630.2871176017042
630.2871176017042
630.2871176017042
630.2871176017042
630.2871176017042
630.2871176017042
630.2871176017042
630.1856141042426
630.1856141042426
630.0545751309788
630.0545751309788
630.0545751309788
629.8394823612047
629.8394823612047
629.733577234557
629.733577234557
629.733577234557
629.733577234557
629.6536186419463
629.6536186419463
629.3606259867735
629.3606259867735
629.3606259867735
629.3209452340742
629.3209452340742
629.2312314990266
628.9042770251036
628.9042770251036
628.9042770251036
628.9042770251036
628.9042770251036
628.8655749602436
628.8655749602436
628.7499896420774
628.7499896420774
628.7003550155576
628.7003550155576
628.7003550155576
628.7003550155576
628.7003550155576
628.7003550155576
628.7003550155576
628.7003550155576
628.7003550155576
710.573274797747
708.864660780324
691.1813494525776
686.3777826505253
678.233443525959
674.7384936947866
673.5231633942097
672.6569346505778
671.8794941320355
661.1381705974284
658.7100927850441
652.9832796313191
652.9832796313191
650.229497934204
650.229497934204
645.9969241712811
640.3579635642672
640.3579635642672
640.3579635642672
639.1874939267257
639.1874939267257
639.1874939267257
635.9100757869629
635.9100757869629
632.6242298173867
632.6242298173867
632.6242298173867
632.6242298173867
631.7336113383049
630.5930357231409
629.8282789415781
628.6601561856248
628.6601561856248
628.1474206204784
628.1474206204784
627.7758722968334
627.6070417830696
627.6070417830696
627.6070417830696
627.5136808662895
627.1936479468355
