700.5973088507178
683.617808981666
675.840963537662
671.4615779030238
665.0211841616172
652.6743006246404
652.6743006246404
646.6814842005185
646.6814842005185
646.6814842005185
646.6814842005185
646.6814842005185
644.6845919402869
644.6845919402869
643.328442127164
640.2258950118944
638.5155708290587
638.5155708290587
638.5155708290587
636.8060481474066
636.8060481474066
636.3901920041848
635.8963169791191
635.8963169791191
635.1780848040834
635.1780848040834
632.7963117905564
632.7963117905564
632.7963117905564
631.6883729616167
631.6883729616167
631.6883729616167
631.6883729616167
631.6883729616167
631.6883729616167
631.6883729616167
631.6883729616167
631.6883729616167
700.6525181983582
700.5973088507178
688.61638316419
686.714708724768
667.4764519377384
665.4564506055035
661.3023573984026
654.0298849093267
650.5849752124493
648.7288558399396
646.1517959853255
639.7476951132107
635.3070371944211
635.3070371944211
634.8588426469049
634.8588426469049
634.8588426469049
633.8696776871642
633.7208927499548
632.0030525921858
632.0030525921858
632.0030525921858
630.154667494269
630.154667494269
629.9138524765933
629.9138524765933
629.1260805383325
627.76773425353
627.76773425353
627.76773425353
627.76773425353
626.4500832454188
625.9539288118532
625.9539288118532
624.7008272744796
624.7008272744796
624.7008272744796
624.7008272744796
624.7008272744796
624.7008272744796
624.691994237803
623.5480450318973
623.5480450318973
623.5480450318973
623.5480450318973
623.2278951147713
623.0170267262641
623.0170267262641
622.9753606525131
622.9753606525131
622.6467200209207
622.5726973085636
622.5726973085636
621.5343911690234
621.0329469075652
621.0329469075652
621.0329469075652
621.0329469075652
621.0329469075652
621.0329469075652
621.0329469075652
621.0329469075652
620.5783403122846
620.5255772382976
620.3773695780804
620.3773695780804
619.4373842065331
619.4373842065331
619.2825224835534
619.2788460921682
619.2788460921682
619.2788460921682
619.0115234533807
619.0115234533807
618.9110594231757
618.9110594231757
618.711505732316
618.711505732316
618.711505732316
618.711505732316
618.5859890573746
618.5859890573746
618.3887168058085
618.3887168058085
618.3887168058085
618.3887168058085
617.8068863882355
617.8068863882355
617.8068863882355
617.8068863882355
617.8068863882355
617.8068863882355
617.8068863882355
617.8068863882355
617.8068863882355
700.6525181983582
700.5973088507178
690.1362174132403
690.1362174132403
687.4582901133217
676.0589064514113
663.4636982410045
662.1126705208252
662.1126705208252
662.1126705208252
662.1126705208252
662.1126705208252
661.0259319624297
652.802736352645
640.4801161802454
640.4801161802454
640.4801161802454
640.4801161802454
640.4801161802454
639.3928938128136
638.3709997019636
637.1502843172541
636.4187056818827
636.4187056818827
633.3284141594094
631.1410296693099
631.1410296693099
631.1410296693099
631.1410296693099
631.1410296693099
630.7703880289891
630.7703880289891
630.7703880289891
627.1712619110879
627.1712619110879
627.1712619110879
626.587488779777
626.587488779777
626.4919713955755
624.9281987166329
624.9281987166329
624.8980158934304
624.8980158934304
624.2485427930121
623.4974687539252
623.4974687539252
623.4974687539252
623.4974687539252
623.4974687539252
623.1881187612398
623.1881187612398
623.1781327717232
623.1781327717232
623.1781327717232
623.1781327717232
623.1781327717232
622.9868151800257
622.9868151800257
622.9416340251645
622.9416340251645
622.9416340251645
622.9416340251645
622.9416340251645
622.8092370730549
622.8092370730549
622.8092370730549
622.6441325186687
622.6441325186687
622.6441325186687
622.6441325186687
622.5691373178779
622.2661672022341
622.2661672022341
622.2051071303246
622.2051071303246
622.2051071303246
622.2051071303246
622.2051071303246
621.77471016064
620.7445345858832
620.7445345858832
620.7445345858832
620.7445345858832
620.6718632705232
620.6137210786775
620.6137210786775
620.2612658240297
620.2273004667566
620.2273004667566
620.0498166688773
619.5184326324337
619.5184326324337
619.5184326324337
619.5184326324337
619.3627896117703
619.309067429045
619.2883070453772
619.2883070453772
619.2883070453772
619.2883070453772
619.2883070453772
619.2883070453772
619.2883070453772
619.2883070453772
619.2883070453772
700.6525181983582
700.5973088507178
690.910017897869
670.0355627081416
660.3320875036673
659.4714100205422
659.4388923670783
654.1366776657268
650.9221881874805
638.0314594027792
637.4464137390524
632.6741607006126
632.6741607006126
631.0721093129227
631.0721093129227
631.0721093129227
631.0721093129227
631.0721093129227
631.0721093129227
631.0721093129227
631.0721093129227
631.0721093129227
700.6525181983582
700.5973088507178
674.5517935851759
674.5517935851759
673.3489834459247
671.6746283113174
663.9189879052349
662.8189984047254
660.3213218440519
652.9797516072274
652.9797516072274
649.9154875453847
649.9154875453847
649.9154875453847
649.9154875453847
648.8947814457003
648.8947814457003
648.1352567095649
648.1352567095649
645.371649793944
644.986968964264
644.986968964264
644.8045263952487
635.418835845323
635.418835845323
635.418835845323
635.418835845323
632.0936995784853
632.0936995784853
632.0936995784853
630.7919037251681
630.7919037251681
629.7248923653713
629.0199470005434
628.4499547291097
626.6988354207691
626.6988354207691
625.4354874881693
625.4354874881693
625.4354874881693
625.4354874881693
625.4354874881693
625.05599879192
624.5813492932474
624.4165207404768
624.4165207404768
623.9809239490568
623.1239239007963
623.1239239007963
623.1239239007963
623.1239239007963
623.1239239007963
623.1239239007963
623.1239239007963
622.5210257128952
621.8965327875959
621.8965327875959
621.8965327875959
621.7139020377438
621.7139020377438
621.7139020377438
621.7139020377438
621.0143570815906
621.0143570815906
621.0143570815906
621.0143570815906
621.0143570815906
621.0143570815906
621.0143570815906
620.8354207114081
620.8354207114081
620.8354207114081
620.6192307595643
620.6192307595643
620.6192307595643
620.4088321911869
620.4088321911869
620.4088321911869
620.4088321911869
620.3401403636133
620.3401403636133
620.3401403636133
620.3401403636133
620.3401403636133
620.3401403636133
620.3401403636133
620.3401403636133
620.0248131680245
620.0248131680245
620.0248131680245
620.0248131680245
620.0248131680245
620.0248131680245
620.0248131680245
620.0248131680245
620.0248131680245
700.6525181983582
700.5973088507178
685.244806655453
685.244806655453
685.244806655453
685.244806655453
681.3099578800609
677.7751068653689
675.0307949289221
669.8366923339381
665.8514225426607
662.8520648612518
662.8520648612518
659.4320062682593
655.9380385035106
655.9380385035106
645.2361143959951
645.2361143959951
645.2361143959951
640.3334445951989
639.5338538775011
637.5936755798873
636.2925638746859
634.337705996872
630.5989597413305
630.5989597413305
630.2357186547473
627.1353326991303
625.255133564429
625.255133564429
625.255133564429
625.1637310860145
625.1637310860145
625.1637310860145
624.6328499287714
623.8798491018647
623.8798491018647
623.8798491018647
623.4452945853615
623.4452945853615
623.4452945853615
623.4452945853615
622.9552391934106
622.9552391934106
622.9552391934106
622.4195765385481
622.235006283713
622.235006283713
622.235006283713
621.5100437542214
621.5100437542214
621.5100437542214
621.5100437542214
620.9639839030194
620.9639839030194
620.9249996513618
620.9249996513618
620.9249996513618
620.7697917561068
620.532035128302
619.6707261286416
619.6707261286416
619.6707261286416
619.6707261286416
619.6707261286416
619.6707261286416
619.605305328342
619.4022352237894
619.4022352237894
619.4022352237894
619.0029115786824
618.8051765040819
618.8051765040819
618.8051765040819
618.8051765040819
618.8051765040819
618.8051765040819
618.8051765040819
618.8051765040819
618.8051765040819
700.6525181983582
700.5973088507178
694.4876831073644
676.8217715720677
664.4875458689875
664.4875458689875
656.024024755146
645.0098998200356
641.789130845423
641.789130845423
641.789130845423
640.2024176954027
639.8821647125275
639.8821647125275
636.3543616502208
634.5755060927488
630.668006067358
630.668006067358
630.668006067358
629.2403683454514
628.0677560737881
628.0677560737881
628.0677560737881
628.0677560737881
626.682287255026
626.2759394147
626.2759394147
624.8799436585294
624.8799436585294
624.8799436585294
624.8799436585294
624.5790648153904
624.5790648153904
623.0108968765047
623.0108968765047
623.0108968765047
623.0108968765047
622.4924486794669
622.0989061681415
622.0989061681415
622.0989061681415
621.7916380751109
621.7501273598444
620.0130107002927
620.0130107002927
620.0130107002927
620.0130107002927
620.0130107002927
619.7668779272376
619.7668779272376
617.7470184437834
617.7470184437834
617.7470184437834
616.8128814159364
616.8128814159364
616.663032599651
616.663032599651
616.663032599651
616.5008861756274
616.5008861756274
616.5008861756274
616.4281441362685
616.4029753990013
616.4029753990013
615.9649938392324
615.9649938392324
615.9649938392324
615.9649938392324
615.9649938392324
615.9649938392324
615.9649938392324
615.9649938392324
615.9649938392324
700.6525181983582
700.5973088507178
692.2215011019653
678.0044570304728
678.0044570304728
662.3567301915357
662.3567301915357
655.4606483515156
655.4606483515156
655.4606483515156
654.1752436453647
654.1752436453647
654.1752436453647
654.1752436453647
654.1752436453647
649.3363704949596
649.3363704949596
649.3363704949596
648.0510775396888
648.0510775396888
646.5555791325469
645.3102565586646
643.4992182517024
643.4992182517024
641.8384266348543
641.8384266348543
640.0779030135064
640.0779030135064
637.5656169526485
637.5656169526485
637.5656169526485
637.5656169526485
637.5656169526485
637.5656169526485
637.5656169526485
637.423410070784
637.2551157602193
637.2551157602193
637.2551157602193
637.1006679072083
633.5332256256286
633.5332256256286
633.5332256256286
633.1123500249752
633.1123500249752
633.1123500249752
633.1123500249752
633.1123500249752
633.1123500249752
631.987145136393
631.987145136393
631.8842318156443
631.8842318156443
631.7921345214072
631.7921345214072
631.7921345214072
631.7578787492808
631.7578787492808
630.9786342148454
630.9786342148454
630.9786342148454
630.9786342148454
630.9786342148454
630.6908844585159
630.6908844585159
630.6908844585159
630.6908844585159
630.6908844585159
630.6908844585159
630.5174891910561
630.5174891910561
630.5174891910561
630.3398703640174
630.3398703640174
630.3398703640174
630.3398703640174
630.3398703640174
630.3398703640174
630.3398703640174
630.3398703640174
630.3398703640174
700.6525181983582
700.5973088507178
683.2630385967955
671.1323623287508
671.1323623287508
664.6458293863598
653.1029052884212
653.1029052884212
647.897659595151
647.897659595151
647.897659595151
647.897659595151
647.897659595151
647.897659595151
647.897659595151
646.9697934031548
646.9697934031548
645.5227700481125
642.9793563700227
640.8403685026038
639.3869927395772
639.0448833038122
638.8306816386845
638.8306816386845
637.9042242322299
635.218595678901
635.218595678901
635.218595678901
631.3972911306512
629.9991398877997
627.0035580035653
627.0035580035653
625.6368104278062
625.6368104278062
624.8163180269967
624.2633183067155
623.980768692875
623.980768692875
623.980768692875
622.9385499203827
622.9385499203827
622.9385499203827
622.4214408216451
622.4214408216451
622.3024318670178
622.3024318670178
622.3024318670178
622.3024318670178
622.3024318670178
622.3024318670178
622.2174288609593
622.0969677463343
621.9186672937059
621.9186672937059
621.83707107297
621.83707107297
621.83707107297
621.8262497106182
621.8262497106182
621.3787949858832
621.3787949858832
621.1736232731234
621.1736232731234
621.1736232731234
621.1736232731234
620.970301530233
620.970301530233
620.970301530233
620.7073785033244
620.7073785033244
620.7073785033244
620.7073785033244
620.7073785033244
620.7073785033244
620.7023607750486
620.1226631818607
620.1226631818607
620.1226631818607
619.8632668645621
619.8632668645621
619.8632668645621
619.8632668645621
619.8632668645621
619.8632668645621
619.5393541072682
619.5393541072682
619.364527041514
619.364527041514
619.364527041514
619.364527041514
619.364527041514
619.364527041514
619.364527041514
619.364527041514
619.364527041514
700.6525181983582
700.5973088507178
665.555073008973
665.555073008973
665.555073008973
665.555073008973
665.555073008973
665.555073008973
662.3570470316756
660.97939189102
656.895060929681
656.895060929681
656.895060929681
656.895060929681
653.6489019325311
653.6489019325311
653.6489019325311
651.7041394271565
651.6820170498687
648.8874206772184
648.8874206772184
647.0066422831117
647.0066422831117
647.0066422831117
646.5006607587003
643.7655761119556
643.516703256343
643.516703256343
643.0843528039338
642.9938374339896
642.9938374339896
641.949558954977
641.949558954977
641.949558954977
639.7711112312464
639.7711112312464
639.7711112312464
639.6155853087116
639.209661354655
637.1628505133943
636.8155183481624
636.8155183481624
636.8155183481624
636.2484576610349
635.5919126934881
635.5903971657675
635.2468683667638
635.1190495792026
634.1588973427506
634.1485301708539
634.1485301708539
634.1485301708539
634.1485301708539
634.1485301708539
634.1485301708539
633.9576279145336
633.6577143175219
633.4148721507395
633.4148721507395
633.4148721507395
633.4148721507395
633.4148721507395
633.4148721507395
633.4148721507395
633.4148721507395
633.4148721507395
700.6525181983582
700.5973088507178
692.1420949422877
680.3497845102493
675.531639279541
671.5811623258403
655.3988895144861
655.3988895144861
655.3988895144861
655.0130882362072
655.0130882362072
655.0130882362072
655.0016924763804
655.0016924763804
655.0016924763804
653.1423429904239
653.0101152098752
648.4236028036241
647.814252021305
647.814252021305
647.814252021305
647.814252021305
643.1656610697167
643.1656610697167
643.1656610697167
636.6003691573917
636.6003691573917
636.6003691573917
636.6003691573917
636.6003691573917
636.6003691573917
636.6003691573917
633.6526471156882
633.6526471156882
632.7486142909637
631.406649812542
631.406649812542
631.406649812542
630.1709801803584
630.1709801803584
630.1709801803584
630.1709801803584
629.1873274730423
628.739647191918
628.542483948314
627.9432615944033
627.0690959275983
627.0690959275983
627.0690959275983
626.7478492230811
626.7478492230811
626.4172947533143
626.4172947533143
626.4172947533143
626.409047585107
626.409047585107
626.409047585107
625.4473457250342
625.4473457250342
625.1167183272877
625.1167183272877
624.9654325382837
624.5282744823639
624.5282744823639
624.3149588448749
624.2468497668542
623.6750465826395
623.6750465826395
623.4722418096534
623.4722418096534
622.9992423664786
622.9992423664786
622.9992423664786
622.6599175491845
622.6599175491845
622.6599175491845
622.5848391755753
622.5710555383462
622.5710555383462
622.5710555383462
622.2294061189726
622.2294061189726
622.2294061189726
622.2294061189726
622.2294061189726
622.2294061189726
622.1425049089194
621.8081272188946
621.8081272188946
621.8081272188946
621.8081272188946
621.7206715070262
621.7206715070262
621.259503742298
621.259503742298
621.1087974793879
621.1087974793879
621.1087974793879
621.1087974793879
621.1087974793879
621.1087974793879
621.1087974793879
621.1087974793879
621.1087974793879
621.0738085863355
620.9211998620368
620.9211998620368
620.9211998620368
620.9211998620368
620.9211998620368
620.9211998620368
620.9211998620368
620.9211998620368
620.8994075689676
620.8994075689676
620.8994075689676
620.8512164456157
620.8512164456157
620.8512164456157
620.8512164456157
620.8512164456157
620.8512164456157
620.8512164456157
620.8512164456157
620.8512164456157
700.6525181983582
700.5973088507178
683.7010818917277
676.2265512603443
676.2265512603443
676.2265512603443
674.5405413323133
674.5405413323133
669.7043202948107
669.7043202948107
669.7043202948107
663.4185422663595
663.4185422663595
663.4185422663595
663.4185422663595
662.6564173278352
662.6564173278352
658.8492997815493
655.8643140507952
654.4284513786329
654.4284513786329
654.4284513786329
654.4284513786329
653.3503970918664
653.3503970918664
651.7508819655463
651.7508819655463
649.0837096136352
649.0837096136352
649.0837096136352
648.8038414090397
648.8038414090397
648.5684121254301
647.7404593149869
647.3105029185375
647.3105029185375
645.892071312305
645.0264163324634
645.0264163324634
645.0264163324634
644.4868472818773
644.4031493503337
643.7857252750919
642.8572035976136
642.8273254616478
642.8273254616478
642.238334362435
641.8816892875166
641.7294477420488
641.3273308321636
641.3273308321636
640.7016857250755
640.6391454479908
640.6391454479908
640.34997409509
640.34997409509
640.34997409509
639.133489363195
638.135578155163
638.135578155163
637.3626237057418
637.3626237057418
637.3626237057418
637.3626237057418
637.3626237057418
637.3626237057418
637.3626237057418
636.7690220420354
636.4556742621413
636.4556742621413
636.0774142650607
635.6491480622135
635.6491480622135
635.5586754345197
635.5586754345197
635.5586754345197
635.008947713259
635.008947713259
635.008947713259
635.008947713259
635.008947713259
634.9576883978696
634.9576883978696
634.9576883978696
634.3744573682371
634.3744573682371
634.3744573682371
634.3744573682371
634.1129693909631
634.0319543181567
634.0319543181567
633.889782075658
633.889782075658
632.587009705909
632.4982434246617
632.4982434246617
632.4927511353384
632.4927511353384
632.4927511353384
632.2738912987523
631.8934556950634
631.8151278971347
631.4274949829542
631.4274949829542
631.4274949829542
631.4274949829542
631.003284518912
630.90667960902
630.90667960902
630.90667960902
630.90667960902
630.7076625216471
630.7076625216471
630.5939603753745
630.5939603753745
630.5939603753745
630.5939603753745
630.5939603753745
630.5519814632445
630.5519814632445
630.1021532237191
630.1021532237191
630.1021532237191
630.1021532237191
630.1021532237191
