705.1668953805645
705.1668953805645
692.0145965524077
688.4975997416844
687.231740962183
679.2545758979252
679.2545758979252
678.6177549362933
666.1437965270718
666.1437965270718
666.1437965270718
666.1437965270718
666.1437965270718
662.8457671507585
662.8457671507585
660.5282415026314
660.5282415026314
659.4948513652271
656.9590533633256
656.9590533633256
656.9590533633256
656.9590533633256
656.8277869691478
650.6304310691413
650.6304310691413
649.0910776141124
649.0910776141124
649.0910776141124
646.6371861600262
645.8255796656248
644.9205524952589
644.3121406838414
644.3121406838414
644.3121406838414
642.7506090989405
641.9998998771957
641.9440218845882
641.9440218845882
641.9440218845882
641.4581625979772
641.4581625979772
641.4581625979772
641.4581625979772
641.4581625979772
641.1777586877631
641.0585087590079
640.2881748292336
640.0073553660941
639.9978746479114
639.1865514215247
639.1865514215247
639.1865514215247
639.1865514215247
639.1865514215247
639.1865514215247
639.1865514215247
639.057011685351
639.057011685351
639.057011685351
639.057011685351
639.057011685351
639.057011685351
639.057011685351
639.057011685351
639.057011685351
752.5616303761551
734.4285660456569
713.3255018773923
707.7984895601562
694.4981485765813
685.77145269277
685.77145269277
685.77145269277
685.77145269277
683.2773485761057
678.4453598345032
678.4453598345032
678.4453598345032
670.8173962797345
670.8173962797345
670.785327480366
670.785327480366
670.785327480366
667.3673692857849
667.3673692857849
667.3673692857849
667.3673692857849
667.3673692857849
666.3847746686972
665.1137598855353
661.5313074030339
660.0711265961475
659.1067535525234
659.1067535525234
659.1067535525234
658.1641017198815
657.8621549042381
654.0478418141786
654.0478418141786
654.0478418141786
654.0478418141786
654.0478418141786
652.6454775861516
652.6169963961926
651.559138200862
649.9078691111919
649.9078691111919
648.6204193567739
647.7038459321344
647.7038459321344
647.7038459321344
647.0744482440061
647.0744482440061
646.1334113665444
645.4683999779079
645.4683999779079
645.0935033941728
644.5050843911008
644.5050843911008
644.2810260756642
644.2810260756642
644.2810260756642
644.2649144281074
644.2649144281074
644.2048850340706
644.2048850340706
644.2048850340706
644.2048850340706
644.2048850340706
644.0021836852397
643.8595724742455
643.8595724742455
643.8595724742455
643.8427169626722
643.8427169626722
643.6130244947458
643.323573146123
643.323573146123
643.2520877614742
643.1419999068777
643.1419999068777
643.1088555474158
643.1088555474158
643.1088555474158
643.1088555474158
642.8895276682089
642.8895276682089
642.8895276682089
642.8895276682089
642.8895276682089
642.8895276682089
642.8895276682089
642.8895276682089
642.8895276682089
752.5616303761551
721.5443983758802
703.8405879994884
703.190085569944
695.3622245197356
687.6690908714834
672.2604168137852
669.1072113771763
667.5998426218522
663.8585683306719
661.1809974668566
660.353408145116
659.770789607485
653.7490704191418
653.7490704191418
649.40901292564
649.40901292564
649.40901292564
649.40901292564
646.0972238288217
645.9512979282114
643.1446389303516
638.4949340099331
638.4949340099331
638.4949340099331
630.8081611809761
630.8081611809761
630.5318137377068
629.1905043396596
629.1905043396596
629.1905043396596
625.0072008160606
625.0072008160606
625.0072008160606
622.6852862430793
622.6852862430793
622.6761255655587
621.6457811526815
621.107074336977
621.107074336977
621.107074336977
621.107074336977
620.4773251266882
620.3340086375268
620.3340086375268
620.1548774209233
619.8334021291735
619.8334021291735
619.3872405377789
619.3872405377789
619.3250802185555
619.3250802185555
619.2456945199765
618.6059147875409
617.957305505068
617.943734971378
617.943734971378
617.943734971378
617.7923494508872
617.7923494508872
617.7923494508872
617.4575060390216
617.3194158796408
617.3194158796408
617.1315324553416
617.1315324553416
617.1315324553416
616.9090025651691
616.8299481386534
616.8299481386534
616.766246252173
616.3766850737564
616.3766850737564
616.0225491416635
616.0225491416635
616.0225491416635
616.0225491416635
616.0225491416635
616.0225491416635
616.0225491416635
615.9395788876881
615.9395788876881
615.9395788876881
615.9395788876881
615.9395788876881
615.9100168467778
615.9100168467778
615.9100168467778
615.9100168467778
615.9100168467778
615.9100168467778
615.9100168467778
615.9100168467778
615.9100168467778
752.5616303761551
730.2376647900896
718.3429762069101
705.8993261170613
685.4147562545588
672.8832681827323
663.9826113625628
663.9826113625628
663.9826113625628
663.9826113625628
653.707121737681
653.707121737681
653.707121737681
653.707121737681
653.707121737681
653.707121737681
653.707121737681
651.0032791199221
651.0032791199221
647.902204891073
644.6299553669887
644.6299553669887
644.6299553669887
644.6299553669887
644.6299553669887
643.9939600957975
643.2769566264308
643.0631639259329
643.0631639259329
642.5207217081504
642.5207217081504
641.764269256095
641.764269256095
641.7619756609408
641.7619756609408
641.7321444722639
641.4565234799395
641.3754034357183
641.3754034357183
641.1543192021835
641.1543192021835
640.8309402107413
640.8309402107413
640.8309402107413
640.8096712255189
640.8096712255189
640.8096712255189
640.7169516077911
640.7169516077911
640.6054218516759
640.6054218516759
640.5302044856478
640.5302044856478
640.5302044856478
640.5004903452545
640.5004903452545
640.5004903452545
640.5004903452545
640.5004903452545
640.5004903452545
640.5004903452545
640.5004903452545
640.4299816496293
640.4299816496293
640.4299816496293
640.4299816496293
640.4299816496293
640.4299816496293
640.4299816496293
640.4299816496293
640.4299816496293
640.4208434733164
640.4208434733164
640.4208434733164
640.4208434733164
640.3590116771113
640.3590116771113
640.3590116771113
640.3590116771113
640.3590116771113
640.3590116771113
640.3590116771113
640.3590116771113
640.3590116771113
752.5616303761551
725.3955134423109
702.2032908918909
691.4417931309315
691.4417931309315
690.6447375265354
690.6447375265354
686.9231068748406
686.9231068748406
686.9231068748406
686.9231068748406
678.4500529865708
672.4763262895153
672.4763262895153
672.4763262895153
672.4763262895153
671.6393143773789
668.9527591957564
668.9527591957564
668.4460901239714
666.0405116665384
662.1173822234352
662.1173822234352
662.1173822234352
662.1173822234352
661.7759825139024
661.6102780038761
661.6102780038761
660.1650381360729
659.6755309223483
654.7145607752163
653.9134297170539
653.9134297170539
653.9134297170539
653.5718909768491
652.082673672279
652.082673672279
652.082673672279
651.9959270637872
651.5576593761105
650.8825804083127
650.8825804083127
650.8825804083127
650.8494803381583
650.0706142680627
650.0123868688205
649.3455180095272
649.3455180095272
648.8098471533772
648.0689727116123
648.0689727116123
647.6532799891452
647.3113670684096
646.9906582181153
646.6967742112967
646.6967742112967
646.2120095030436
646.2120095030436
646.1151847453514
645.5685783067728
645.5685783067728
645.3101597552264
645.3101597552264
645.2213204114883
645.2213204114883
645.2213204114883
645.2213204114883
645.1050503382896
645.1050503382896
644.6405055487284
644.4832671223874
644.2950493573309
644.2950493573309
643.9945619345235
643.9945619345235
643.9945619345235
643.8697746805198
643.8697746805198
643.8697746805198
643.7750725240253
643.7750725240253
643.5832152255224
643.5832152255224
643.5832152255224
643.5832152255224
643.5832152255224
643.5832152255224
643.5832152255224
643.5832152255224
643.5832152255224
643.5639401370023
643.5639401370023
643.5639401370023
643.5639401370023
643.4546728086409
643.4546728086409
643.4473642176887
643.4473642176887
643.3860767852412
643.3860767852412
643.3860767852412
643.3757369587547
643.3757369587547
643.3757369587547
643.3757369587547
643.3757369587547
643.3757369587547
643.3757369587547
643.3757369587547
643.3757369587547
752.5616303761551
717.3129543221761
705.2261291703686
705.2261291703686
705.2261291703686
705.2261291703686
705.2261291703686
700.042968253175
688.1710098128099
688.1710098128099
688.1710098128099
688.1710098128099
688.1710098128099
688.1710098128099
688.1710098128099
688.1710098128099
688.1710098128099
752.5616303761551
729.1468991491068
724.6830173248587
686.2380846604768
683.1572024520012
683.1572024520012
683.1572024520012
683.1572024520012
683.1572024520012
683.1572024520012
678.2662901377098
678.2662901377098
677.1084298912139
677.1084298912139
677.1084298912139
677.1084298912139
672.6674356961062
672.069531096915
672.069531096915
672.069531096915
672.069531096915
672.069531096915
672.069531096915
672.069531096915
672.069531096915
672.069531096915
752.5616303761551
728.803742289878
710.5673048451683
690.6796902868874
681.8559777726707
673.8157558836324
673.8157558836324
673.8157558836324
673.8157558836324
670.1754241999456
664.8771611896435
664.8771611896435
664.8771611896435
664.8771611896435
664.8771611896435
662.8866605767823
660.429408839825
660.429408839825
660.429408839825
660.429408839825
660.429408839825
660.429408839825
660.429408839825
660.429408839825
660.429408839825
657.6923105901719
654.086058300715
654.086058300715
652.383332832745
652.383332832745
652.383332832745
652.383332832745
652.383332832745
651.6139641691742
651.6139641691742
648.5958262578705
647.9960927875132
647.9960927875132
647.5619004232308
646.277099675116
645.5849003528301
645.5849003528301
645.5849003528301
645.5849003528301
645.3997210522089
644.2426842392208
644.2426842392208
643.8804165365635
643.8804165365635
643.8804165365635
643.8804165365635
643.8804165365635
643.8658383148503
643.8658383148503
643.7817200149403
643.7817200149403
643.7660209042136
643.7660209042136
643.679010891683
643.679010891683
643.6523213123568
643.4034685174882
643.4034685174882
643.4034685174882
643.4034685174882
643.3925559165237
643.3925559165237
643.3882624815546
643.2882046795332
643.2882046795332
643.2882046795332
643.2882046795332
643.2882046795332
643.2882046795332
643.2882046795332
643.2882046795332
643.2882046795332
643.1835427189367
643.1146808751568
643.1146808751568
643.1146808751568
643.1146808751568
643.1146808751568
643.1146808751568
643.1146808751568
643.1146808751568
643.1146808751568
752.5616303761551
719.0669170952583
713.4280223099505
703.043132411279
695.0524447293558
694.1790611237868
678.9022876849186
678.9022876849186
678.9022876849186
677.7347567469152
664.244098057889
664.244098057889
664.244098057889
664.244098057889
659.6852492725689
658.0313759002831
658.0313759002831
658.0313759002831
654.6102500104253
654.6102500104253
651.9701915647809
651.9701915647809
649.2258640361379
649.2258640361379
649.2258640361379
649.2258640361379
649.2258640361379
649.2033377526728
648.3774967830198
648.3774967830198
647.9497606365785
647.9005707417584
647.9005707417584
645.0298231057379
644.6304681492944
642.3654694792497
642.3654694792497
640.7056198908222
637.6830306416136
636.0623003794954
636.0623003794954
635.082011038016
634.8067851286503
634.8067851286503
634.4007575056993
634.4007575056993
633.8979532654787
633.8889937606114
633.0667156419074
633.0667156419074
633.0667156419074
633.0667156419074
633.0667156419074
633.0667156419074
632.8209335982971
632.730356007168
632.730356007168
632.6918693572903
632.4453583989094
632.4453583989094
632.4453583989094
632.4453583989094
632.4453583989094
632.4453583989094
632.3978964711748
632.3978964711748
632.3978964711748
632.3062206963764
632.3062206963764
632.3062206963764
632.2005835180069
632.1517867840929
632.1517867840929
632.1517867840929
631.9070813138261
631.9070813138261
631.8299089620909
631.8299089620909
631.8299089620909
631.8299089620909
631.8299089620909
631.8299089620909
631.8299089620909
631.8299089620909
631.8299089620909
752.5616303761551
726.1840427569884
722.6395457446977
707.1435160443009
707.1435160443009
692.6526599292025
682.3329216589973
682.3329216589973
682.3329216589973
682.3329216589973
676.5386712397706
665.3836602395837
663.7851235417264
645.7582020172488
645.7582020172488
645.7582020172488
645.7582020172488
645.7582020172488
645.7582020172488
645.7582020172488
645.7582020172488
645.7582020172488
752.5616303761551
731.4010822133756
705.8253104104184
703.4414886390512
692.6680908446789
682.652548401282
660.4225823390286
660.4225823390286
660.4225823390286
660.4225823390286
660.4225823390286
660.4225823390286
652.7317319334052
652.7317319334052
652.7317319334052
652.7317319334052
652.7317319334052
652.7317319334052
652.7317319334052
652.2672663623557
651.1121876568628
651.1121876568628
651.1121876568628
649.9706149794408
649.2376884803363
649.2376884803363
649.2376884803363
648.8402814065786
648.0738701702236
646.69696656141
646.3892888440947
646.3711839962833
645.0242466552967
644.3494345998752
643.0023742996855
643.0023742996855
643.0023742996855
642.7992820881512
641.785183282066
641.785183282066
640.693592077922
640.693592077922
640.693592077922
640.693592077922
640.3611463751098
639.9935204039122
639.728819254391
639.2381887977613
639.2215887691343
638.9255080192354
638.9255080192354
638.9255080192354
638.7801121413919
638.7631421436184
638.6454037641168
638.6454037641168
638.3269338482543
638.3269338482543
638.019210671847
638.019210671847
637.6621774714409
637.6621774714409
637.5084737469093
637.5084737469093
637.4531883673036
637.2821388719977
636.9781626619427
636.8949796718236
636.8209619601338
636.8209619601338
636.7133616688355
636.7133616688355
636.7133616688355
636.7133616688355
636.7133616688355
636.7133616688355
636.704219216727
636.4783720497477
636.4783720497477
636.4783720497477
636.4783720497477
636.4600268533746
636.4600268533746
636.4600268533746
636.4600268533746
636.4600268533746
636.4600268533746
636.4600268533746
636.4600268533746
636.4480044357313
636.4480044357313
636.4480044357313
636.4480044357313
636.4480044357313
636.4480044357313
636.4480044357313
636.4480044357313
636.4480044357313
752.5616303761551
728.7863813466636
722.0950533069297
707.1006570019929
688.2742316749336
688.1477981371299
685.4737797696748
673.4557797143809
673.4557797143809
673.4557797143809
668.169352756252
668.169352756252
663.2934942674901
663.2934942674901
659.2564136396179
658.5425025073489
658.5425025073489
655.2553785195353
651.7293337262189
651.7293337262189
651.7293337262189
651.7293337262189
651.7293337262189
647.6483811509255
647.6483811509255
647.6483811509255
646.8509549547956
646.8509549547956
645.7814743166954
643.7140877104957
643.1850585454788
642.9544475004996
642.9544475004996
642.5152650655277
640.6687031688716
639.964930179359
639.964930179359
635.7543069762531
635.7543069762531
635.7543069762531
635.7543069762531
635.7543069762531
635.7543069762531
635.7543069762531
634.566487760287
634.566487760287
633.0851186716204
633.0851186716204
633.0851186716204
633.0851186716204
633.0851186716204
632.7548739748102
632.1313217586116
631.9631339414686
631.2961842692647
631.0194971047932
631.0194971047932
630.9028113920307
629.8420500671389
629.8104786328515
629.8104786328515
629.8104786328515
629.8104786328515
629.4072230831056
629.1033801506582
629.1033801506582
629.1033801506582
629.1033801506582
629.1033801506582
628.9217581192964
628.9217581192964
628.8058477707993
628.8058477707993
628.8058477707993
628.4613287518426
628.4613287518426
628.4613287518426
628.4613287518426
628.3627102269644
628.3627102269644
628.3627102269644
628.3627102269644
628.3627102269644
628.3627102269644
628.3627102269644
628.3627102269644
628.3627102269644
752.5616303761551
733.3772312283589
721.0394305356381
701.3841074554714
698.2959237659537
682.877102225621
682.877102225621
682.877102225621
679.1048833272057
679.1048833272057
679.1048833272057
676.8416489303938
671.1570526407759
671.1570526407759
671.1570526407759
671.1570526407759
671.1570526407759
671.1570526407759
670.9819664992606
670.4307651421133
670.4307651421133
667.6836083676149
667.6836083676149
667.1996136424149
664.2982053300395
662.3423852326412
662.3423852326412
660.184724468047
660.184724468047
660.184724468047
659.2536607032033
658.1797732221395
655.7571490962378
655.7571490962378
654.7481261092843
653.8611681135836
653.8611681135836
650.9775644611537
650.9775644611537
650.8066851951493
650.8066851951493
650.3422841035701
649.2234764197784
648.6538930722243
648.0916838018625
648.0916838018625
648.0053410358325
647.4616730296167
647.4616730296167
646.3764107075317
646.3764107075317
646.3764107075317
646.3764107075317
646.3764107075317
646.2377539017272
645.9904252981208
645.9904252981208
645.6560182538838
645.4990811933694
645.4927324807161
645.3682865946715
645.3682865946715
645.3682865946715
645.1934084440074
645.1934084440074
645.1934084440074
645.1934084440074
645.0759749390843
645.0586186145604
645.0586186145604
645.0586186145604
645.0302873459812
644.8205981338031
644.8205981338031
644.8205981338031
644.8205981338031
644.8205981338031
644.7961352484879
644.7961352484879
644.7961352484879
644.7961352484879
644.7961352484879
644.7583656993925
644.7583656993925
644.7286312026531
644.7286312026531
644.684427952018
644.684427952018
644.684427952018
644.684427952018
644.684427952018
644.684427952018
644.684427952018
644.684427952018
644.684427952018
752.5616303761551
723.2314391720481
706.7480404783041
687.1203732125862
682.015229181062
671.2469938031358
661.6767600738074
659.6403912974203
659.6403912974203
659.6403912974203
659.6403912974203
659.6403912974203
658.5347172219717
652.5434692179081
649.293323469971
649.293323469971
647.6065632374729
646.7672651872532
637.1833736137658
635.7779393529092
635.7779393529092
635.7779393529092
635.7779393529092
635.7779393529092
635.7767954312485
634.1356385678678
632.610004020449
627.1226085411837
627.1226085411837
627.1226085411837
627.1226085411837
621.7180523724263
621.7180523724263
621.7180523724263
621.7180523724263
621.7180523724263
620.6474984412107
620.6474984412107
620.0013694316348
620.0013694316348
620.0013694316348
620.0013694316348
