700.7776421125693
697.4293323882933
673.1111019221587
659.6678402830577
659.6678402830577
659.6678402830577
656.848360125095
656.848360125095
655.8778043125901
655.8778043125901
655.8778043125901
655.8778043125901
654.3312632490538
654.3312632490538
652.2029783376166
652.2029783376166
648.5803202568301
648.5803202568301
647.820667038794
647.820667038794
646.6524622980245
646.6524622980245
646.6524622980245
646.6524622980245
646.0287438861391
646.0287438861391
644.0857084518339
644.0857084518339
644.0857084518339
644.0857084518339
644.0857084518339
644.0857084518339
643.289087628619
642.5440801016953
642.5440801016953
642.2489300131006
641.7709866313353
641.7709866313353
641.148129214075
641.148129214075
640.8794395684527
640.8794395684527
640.8794395684527
640.4014579437049
640.4014579437049
640.4014579437049
640.4014579437049
640.4014579437049
640.4014579437049
640.1282617074579
639.9888943430249
639.9888943430249
639.9888943430249
639.9888943430249
639.8091671818951
639.764546153808
639.764546153808
639.764546153808
639.715537247503
639.5639009072898
639.4367652340591
639.4367652340591
639.3519875498727
639.3519875498727
639.2769340765688
639.0294598260394
639.0294598260394
639.0294598260394
638.7866505818469
638.6407500462012
638.6407500462012
638.6407500462012
638.6407500462012
638.6407500462012
638.6382295971006
638.6039295830983
638.4379950092958
638.4379950092958
638.2947669446576
638.2947669446576
638.2947669446576
638.2947669446576
638.2227264213171
638.0570832145254
638.0570832145254
638.0570832145254
638.0570832145254
638.0570832145254
637.9616722459147
637.8577983724522
637.8577983724522
637.7291243353822
637.6694568632144
637.6694568632144
637.6017436651289
637.6017436651289
637.6017436651289
637.5130252073685
637.5085700587713
637.5085700587713
637.5085700587713
637.4231968848078
637.4231968848078
637.3797778235743
637.3797778235743
637.3797778235743
637.3797778235743
637.3797778235743
637.3797778235743
637.3797778235743
637.3797778235743
637.3797778235743
711.0747840300711
694.3619659891034
690.6206339511288
681.036292990414
669.6772718444313
668.9001562799774
663.409141140847
655.3796509696976
655.3796509696976
655.3796509696976
655.3796509696976
653.7077505328095
653.7077505328095
653.7077505328095
653.7077505328095
653.7077505328095
652.6077845137241
652.6077845137241
647.974638768558
647.0838019641918
647.0838019641918
643.405590597384
643.405590597384
643.405590597384
643.405590597384
643.405590597384
642.1721662618108
641.9579506559764
638.1919622808969
636.6417955737292
634.1162148751403
634.1162148751403
634.1162148751403
634.1162148751403
632.4106400119592
631.4955731302884
631.4955731302884
629.7629411655131
629.7629411655131
628.1313191000211
628.1313191000211
628.0657014096882
628.0657014096882
628.0657014096882
627.3016766765809
627.3016766765809
627.3016766765809
627.3016766765809
625.3330031359699
625.3330031359699
625.1160998235133
625.1160998235133
624.2406759917804
624.2406759917804
624.2198545348275
623.1409857417506
623.1409857417506
622.5004290395777
622.1848388578958
622.010945949024
621.5039079067735
621.5039079067735
621.3168383385247
621.3168383385247
621.3168383385247
621.2674353321636
621.1234135359672
620.605077346245
620.605077346245
620.605077346245
620.5330350492615
620.5330350492615
620.2972232725753
620.2972232725753
620.2972232725753
620.2972232725753
620.2972232725753
620.2972232725753
620.2972232725753
620.2972232725753
620.2972232725753
711.0747840300711
696.6515980026736
696.6515980026736
695.5050049278074
692.835988592223
675.616626489827
675.616626489827
675.616626489827
675.616626489827
674.0759258682383
674.0759258682383
674.0759258682383
674.0759258682383
671.7117945339143
669.9244796517279
669.9244796517279
667.8954390865993
667.8954390865993
667.8954390865993
667.8954390865993
667.3050132235452
665.4886230552004
665.4886230552004
662.0334232507189
662.0334232507189
662.0334232507189
662.0334232507189
661.5633905347574
660.406096941305
660.406096941305
660.323647452189
659.0401251300937
657.6310680253996
657.6310680253996
657.5087026018314
656.1576082087704
655.0121947989398
654.6992135131286
654.6992135131286
653.8231303419958
653.8231303419958
653.8231303419958
653.5200172326876
652.9811277622997
652.6930319902859
652.6473941252564
652.4099044388496
652.027668009114
651.5519203446316
649.9617069734393
649.3642314339676
649.3642314339676
649.3642314339676
649.3642314339676
648.2536104587183
647.7545786319035
647.7431971423932
647.7431971423932
647.185849048777
647.185849048777
646.9868274432683
646.8370346937397
646.8370346937397
646.2329103747769
646.2329103747769
646.2248050389887
646.2248050389887
646.2248050389887
646.2248050389887
644.1957470061836
644.1957470061836
644.0351286297569
644.0351286297569
643.7917440560799
643.693984992901
643.693984992901
643.0289120032133
643.0289120032133
642.9532025827514
642.9532025827514
642.9532025827514
642.7256972265875
642.3663471066075
642.3663471066075
642.3663471066075
642.1322548772674
642.1322548772674
642.1322548772674
642.1322548772674
642.1322548772674
642.1322548772674
642.1322548772674
642.1322548772674
642.023230077348
642.023230077348
642.023230077348
642.023230077348
642.023230077348
642.023230077348
642.023230077348
641.9037001559789
641.9037001559789
641.9037001559789
641.9037001559789
641.9037001559789
641.9037001559789
641.9037001559789
641.9037001559789
641.9037001559789
641.845241511058
641.845241511058
641.845241511058
641.845241511058
641.845241511058
641.845241511058
641.845241511058
641.845241511058
641.845241511058
641.8295141110652
641.8295141110652
641.8295141110652
641.8295141110652
641.8295141110652
641.8295141110652
641.8295141110652
641.8295141110652
641.8295141110652
711.0747840300711
709.2355594947713
693.695277974154
670.2893209268309
670.2893209268309
670.2893209268309
670.2893209268309
670.2893209268309
670.2893209268309
669.0125038002261
669.0125038002261
666.9599689288796
666.9599689288796
666.9599689288796
662.4809626130029
662.4809626130029
661.3849186088571
659.4251137689241
652.3276300528937
652.3276300528937
652.3276300528937
652.3276300528937
652.3276300528937
652.3276300528937
652.3276300528937
651.6896612846219
651.1166564369412
651.1166564369412
651.1166564369412
650.4587601604173
647.7452916558622
647.7452916558622
646.3079356657679
646.3079356657679
646.3079356657679
645.8084919650212
645.5750096710918
644.9545621667203
644.9545621667203
644.9545621667203
644.0391133233967
644.0391133233967
643.3765126078711
643.1487051383377
643.1487051383377
642.7663902887242
642.7663902887242
642.4826050272254
642.4826050272254
642.4826050272254
641.918072246808
641.918072246808
641.2031647433125
641.2031647433125
641.2031647433125
641.2031647433125
640.9903309633148
640.9785817037209
640.9785817037209
640.8872010555046
640.8872010555046
640.8872010555046
640.8872010555046
640.8872010555046
640.7688250085444
640.6445050938019
640.6445050938019
640.6445050938019
640.6445050938019
640.6445050938019
640.6445050938019
640.6445050938019
640.5170550880592
640.5170550880592
640.4940104895727
640.4940104895727
640.4504847957651
640.4504847957651
640.4504847957651
640.4504847957651
640.4467417523019
640.3006128699253
640.2819359418902
640.2819359418902
640.2819359418902
640.2819359418902
640.2819359418902
640.2819359418902
640.2819359418902
640.2819359418902
640.2819359418902
711.0747840300711
711.0211390126201
698.4967780583706
687.6020467338254
679.5266291636985
671.7829695776414
658.3132318808238
658.3132318808238
658.3132318808238
658.3132318808238
658.3132318808238
655.8424262844869
655.8424262844869
653.5681122411197
646.6056161276229
646.6056161276229
644.4228297044233
644.4228297044233
642.9258356007456
642.9258356007456
642.9258356007456
641.0631208416823
640.859869023406
639.9087721040768
639.6784637167834
639.6784637167834
635.995302377477
635.995302377477
635.995302377477
635.4938451611109
634.6254306847102
633.1215094608813
633.1215094608813
633.1215094608813
632.1196460601294
630.6751762413282
630.6751762413282
630.279993565914
630.0234403147276
629.7935999783367
629.7935999783367
629.7935999783367
629.4370814946584
629.4370814946584
629.0110012788874
629.0110012788874
629.0110012788874
629.0060548904438
628.1783302797865
628.1783302797865
628.1783302797865
628.1783302797865
628.1783302797865
628.1121192822243
628.1121192822243
628.1121192822243
628.1121192822243
628.1121192822243
628.1121192822243
628.1121192822243
627.8912891943341
627.8912891943341
627.8912891943341
627.8912891943341
627.8912891943341
627.8912891943341
627.8912891943341
627.8912891943341
627.8912891943341
711.0747840300711
711.0211390126201
683.4942850966286
683.4942850966286
683.4942850966286
683.4942850966286
683.4942850966286
681.2996169287989
670.4055021913832
663.898336429917
663.898336429917
663.898336429917
663.898336429917
658.848402900698
658.848402900698
658.848402900698
658.848402900698
656.837244490916
655.1631046716099
655.1631046716099
655.1631046716099
651.9638434505317
651.9638434505317
651.9638434505317
651.2806019049036
650.7152580504387
650.7152580504387
650.7152580504387
649.6900188237432
649.6054657964681
649.6054657964681
647.5474012402775
646.0604650716303
646.0604650716303
645.056141246755
645.056141246755
645.056141246755
644.8069453306792
644.2203058265109
644.0770022102417
642.5713563071008
642.5713563071008
642.5713563071008
640.9757267950696
640.9757267950696
639.9476445550183
639.9476445550183
639.9476445550183
639.9325091761531
639.9325091761531
639.6860850690265
639.3508771847464
639.1993420773725
638.3237725404784
638.3208294338667
636.5936039588097
635.9846800803891
635.9846800803891
635.9846800803891
634.848407592867
634.848407592867
634.848407592867
634.5662359121379
634.5662359121379
634.5662359121379
634.2889729892283
634.2889729892283
633.7194355580408
633.7194355580408
633.7194355580408
633.5538537644819
633.5538537644819
633.5538537644819
633.3993826150543
633.2711551983546
632.768000719143
632.7054586314823
632.7054586314823
632.7054586314823
632.3537337721303
631.805576059929
631.805576059929
631.805576059929
631.805576059929
631.805576059929
631.6833943535045
631.6833943535045
631.4678251758874
631.4678251758874
631.4678251758874
631.4678251758874
631.4678251758874
631.4678251758874
631.4678251758874
631.4678251758874
631.4678251758874
711.0747840300711
711.0211390126201
687.1833174816879
683.2109250846593
683.2109250846593
677.8685174684463
669.7499925408272
665.9692800474344
665.9692800474344
665.9692800474344
665.3260821827467
654.2893222234889
651.9524055840578
646.1446446519004
646.1446446519004
646.1446446519004
646.1446446519004
645.2829509936267
642.022037266901
642.022037266901
641.9612045640085
637.9880048709939
637.9880048709939
637.9880048709939
637.9880048709939
637.7298576143136
637.2450346156559
634.0927268809701
634.0927268809701
634.0927268809701
634.0927268809701
633.8055792446071
633.8055792446071
632.534540488784
632.282700210217
632.282700210217
631.229538561018
631.229538561018
630.943042701496
630.943042701496
630.943042701496
629.9968133473163
629.9968133473163
629.9968133473163
629.9968133473163
629.9968133473163
629.9968133473163
629.9968133473163
629.5421408278173
629.5073342172977
629.5073342172977
629.5073342172977
629.4788973685194
629.4788973685194
629.4788973685194
629.2792498939365
629.2792498939365
629.2792498939365
629.2792498939365
629.2792498939365
629.2792498939365
629.2535237247307
629.0469629892855
628.9418148937759
628.6502333245865
628.6502333245865
628.6502333245865
628.633594334024
628.2628214904186
628.2628214904186
628.0495007702764
627.7943023072315
627.7943023072315
627.7943023072315
627.7943023072315
627.7943023072315
627.7943023072315
627.6613736740752
627.6613736740752
627.6613736740752
627.6613736740752
627.1103193766799
627.1103193766799
626.1012479063625
626.1012479063625
626.1012479063625
625.5167995020796
625.5167995020796
625.4600726963561
625.4600726963561
625.4600726963561
625.2181722369983
625.0286895540769
625.0286895540769
625.0286895540769
625.0116972387923
625.0116972387923
625.0059500938532
625.0059500938532
625.0059500938532
625.0059500938532
625.0059500938532
625.0059500938532
624.8664143114214
624.6905552231539
624.6695438519968
624.6695438519968
624.4071632193064
624.4071632193064
624.4071632193064
624.2922449811526
624.2922449811526
624.2922449811526
624.2922449811526
624.2922449811526
624.2922449811526
624.2922449811526
624.2922449811526
624.2922449811526
711.0747840300711
707.2550731339559
688.6627402160088
683.560876825665
682.3649705996388
678.8680106241343
658.6200693302313
658.1988019723284
648.3915427215553
648.3915427215553
648.3915427215553
645.118812873859
645.118812873859
639.7832949428278
639.7832949428278
632.1099747333438
632.1099747333438
632.1099747333438
632.1099747333438
632.1099747333438
632.1099747333438
632.1099747333438
632.1099747333438
632.1099747333438
632.1099402149614
632.1099402149614
631.2993724665515
631.2993724665515
631.2993724665515
630.8486177174111
630.8486177174111
630.702839913214
630.1550141872428
629.3855592289929
629.3855592289929
627.7692176414157
627.7692176414157
627.7692176414157
627.7692176414157
627.7692176414157
627.5285325011647
627.5285325011647
627.5285325011647
627.1838067278205
626.9906525526526
626.9906525526526
626.9906525526526
626.5041456547995
626.4270564416154
626.4270564416154
626.3444419311118
626.3444419311118
626.3444419311118
626.2510780590017
626.2510780590017
626.2510780590017
626.2510780590017
626.2510780590017
626.2510780590017
626.2510780590017
626.2510780590017
626.2510780590017
626.2127115962804
626.1408145817752
625.9634757902865
625.9634757902865
625.9634757902865
625.9634757902865
625.9634757902865
625.9634757902865
625.9634757902865
625.9634757902865
625.9634757902865
711.0747840300711
711.0211390126201
702.1132879397535
676.8739652677706
676.8739652677706
676.8739652677706
670.5802748450103
663.6585916847953
659.525855066079
656.2142438065505
656.2142438065505
656.2142438065505
646.0892777438352
641.6299649308462
641.6299649308462
641.6299649308462
641.6299649308462
638.4056738980224
635.7002791183838
635.3940795622499
634.0392831886735
634.0392831886735
631.2267055474625
629.431009976208
629.431009976208
626.1562509609042
626.1562509609042
626.1562509609042
626.1562509609042
625.8473092023074
624.4377077000102
624.282586858584
624.282586858584
622.8600955693929
622.8600955693929
622.8600955693929
622.8600955693929
622.5208053754322
622.0184308401839
619.7505295481382
619.7505295481382
619.7505295481382
619.7505295481382
619.7505295481382
619.3410598265681
618.8579660602863
618.8579660602863
618.8579660602863
618.8579660602863
618.5249824020834
618.3081595018648
618.3081595018648
618.3081595018648
618.2453725338565
618.2453725338565
618.2453725338565
618.2453725338565
618.125836873843
617.6872279098086
617.6872279098086
617.5587661018145
617.5587661018145
617.2433927284511
617.2433927284511
617.2433927284511
617.235019712291
617.235019712291
616.8172829793752
616.6935872216798
616.6935872216798
616.6878552997218
616.6878552997218
616.6777323286384
616.6777323286384
616.6236934028826
616.5191154983099
616.5191154983099
616.4016762377344
616.4016762377344
616.3598867881504
616.3598867881504
616.3598867881504
616.3598867881504
616.3598867881504
616.3598867881504
616.3598867881504
616.2224217550195
616.0862182873034
616.0862182873034
616.0862182873034
616.0862182873034
616.0456274181951
616.0423929471222
615.8070065396001
615.8070065396001
615.462041112863
615.462041112863
615.462041112863
615.462041112863
615.462041112863
615.462041112863
615.462041112863
615.462041112863
615.462041112863
711.0747840300711
702.7954291414624
698.9574208194786
694.5493188531473
674.5768081872989
674.5768081872989
673.9711727360418
667.7442605567371
667.7442605567371
667.7442605567371
667.7442605567371
664.7432893414261
664.7432893414261
657.5165247563855
657.5165247563855
657.5165247563855
653.3909422126726
653.3909422126726
653.3909422126726
653.3909422126726
653.3909422126726
650.3903357756451
648.5657808764711
644.3778212109235
644.3778212109235
642.7829940802123
640.3637674164984
640.3637674164984
640.3637674164984
638.9517732696384
638.4204829783539
638.4204829783539
638.2567601834643
637.6567203649846
637.6567203649846
637.6498043004797
637.367578667117
636.8722608142698
636.2846695563553
636.164128288075
636.164128288075
635.5566562198286
635.4652228540757
635.4652228540757
635.4652228540757
635.1815553284242
635.1815553284242
634.9451976872972
634.9451976872972
634.4893171858582
634.4893171858582
634.4893171858582
634.4893171858582
634.3269640228887
633.9347321602153
633.9347321602153
633.874349582451
633.3475489523511
632.9366198318844
632.9366198318844
632.9366198318844
632.9366198318844
632.8607766900042
632.8607766900042
632.7617573691152
632.5128915104102
632.5128915104102
632.5128915104102
632.1391853476347
632.1391853476347
632.1391853476347
632.1391853476347
632.1391853476347
632.1391853476347
632.1391853476347
632.1391853476347
632.1391853476347
711.0747840300711
711.0211390126201
701.8770756239078
688.3981975331175
676.2185964672926
675.7739673708352
651.9621316592388
651.9621316592388
651.9621316592388
651.9621316592388
651.9621316592388
651.9621316592388
651.1541953523524
644.9446392382225
642.695177371536
634.8424037461353
634.8424037461353
634.8424037461353
631.3063682271611
631.3063682271611
631.3063682271611
631.3063682271611
631.3063682271611
628.0924602935492
627.4151131996202
627.4151131996202
627.4151131996202
626.9248930075207
626.9248930075207
626.9248930075207
625.4501927484638
625.4501927484638
625.4501927484638
625.4364112135684
624.901819126978
624.901819126978
624.901819126978
621.888318588876
621.888318588876
621.888318588876
620.8750105727775
620.7744828749225
620.7744828749225
620.7353605610897
620.7353605610897
620.7353605610897
620.4406999820387
620.4406999820387
619.9496790691963
619.4775914950301
619.4775914950301
619.4775914950301
