707.1092981331687
702.8516885989388
699.8807402247077
691.6289454199081
691.6289454199081
691.6289454199081
685.1036402808446
685.0886481738764
672.5026457480569
668.5537179293242
668.5537179293242
668.5537179293242
668.5537179293242
668.5537179293242
668.5537179293242
668.1490977700275
668.1490977700275
667.5689195725455
661.6910823504387
661.6910823504387
661.6910823504387
661.6910823504387
657.4099002922245
656.1106381630041
656.1106381630041
655.2157995689556
655.1768679689394
652.1353084147613
652.1353084147613
647.7480181230073
646.7293300719796
646.7293300719796
642.9848052680159
642.9848052680159
642.9848052680159
642.9848052680159
642.2988236524561
642.2988236524561
641.5685172616857
641.1103272546138
641.0770109412039
641.0770109412039
640.7663884980713
640.5902008194687
640.1790371316373
640.1790371316373
640.1790371316373
638.819403019369
638.819403019369
638.819403019369
637.6476192970792
637.6476192970792
637.6476192970792
636.8310704181424
636.8310704181424
636.8310704181424
636.8310704181424
636.8310704181424
636.8310704181424
636.8310704181424
636.8310704181424
636.8310704181424
725.5997718616167
711.3058937179934
693.3747180691846
693.3747180691846
677.1133816300913
677.1133816300913
671.7566536362467
657.9910524245388
654.7090620198298
645.61261763537
645.61261763537
645.61261763537
645.0771898572182
639.2549857506772
639.2549857506772
639.2549857506772
639.2549857506772
638.1437385769427
638.1437385769427
638.1437385769427
634.5640137904134
632.9489774663655
629.2038881705104
629.2038881705104
628.3906414944901
628.3906414944901
627.0944125008197
627.0944125008197
627.0944125008197
626.7046421956209
625.1186498626674
625.1186498626674
625.0332791616873
625.0266176101593
623.8861212129472
623.7977285952206
623.7977285952206
623.7306674948466
623.7306674948466
623.6331513329767
623.6331513329767
623.6331513329767
622.4634024594468
621.8261391426682
621.8261391426682
621.7031248243919
621.7031248243919
621.6607694867589
621.6441817242417
621.6441817242417
621.4899984348875
620.6082558869915
620.6082558869915
620.6082558869915
620.6082558869915
620.5880879873548
620.5880879873548
620.1638123992102
619.8677028146524
619.8677028146524
619.5994881408718
619.5994881408718
619.5994881408718
619.5994881408718
619.259628727534
619.259628727534
619.259628727534
619.259628727534
619.259628727534
619.259628727534
619.0809003528852
619.0809003528852
618.9157626020466
618.9157626020466
618.9157626020466
618.9157626020466
618.9157626020466
618.9157626020466
618.9157626020466
618.7682274843667
618.7682274843667
618.7682274843667
618.7682274843667
618.7682274843667
618.7682274843667
618.7682274843667
618.6202805569119
618.6202805569119
618.6202805569119
618.5803096389956
618.1183549139048
618.0147439720724
618.0147439720724
617.7959765511788
617.5232227789759
617.5232227789759
617.5232227789759
617.5232227789759
617.5232227789759
617.1246744821154
617.1246744821154
617.1246744821154
617.1246744821154
617.1246744821154
617.1246744821154
617.1246744821154
617.1216709442698
617.072307284515
617.072307284515
617.072307284515
617.072307284515
617.072307284515
616.9395910073229
616.9395910073229
616.9395910073229
616.8469109024367
616.8469109024367
616.8469109024367
616.8469109024367
616.8469109024367
616.8469109024367
616.8469109024367
616.8469109024367
616.8469109024367
616.7926056905194
616.7926056905194
616.7926056905194
616.7926056905194
616.7926056905194
616.7926056905194
616.7926056905194
616.7926056905194
616.7926056905194
725.5997718616167
713.6910351627708
695.8746919061397
695.3195988675998
684.0150857877759
671.5092346236894
664.6415551970737
664.6415551970737
662.0899219080111
655.271292120635
655.271292120635
655.271292120635
654.5197266172797
654.5197266172797
654.5197266172797
649.7703371319121
644.9721352327288
644.9721352327288
644.9721352327288
644.9721352327288
644.8906997628559
643.356768718746
641.595288871145
641.5644151641025
639.1789496868839
634.0278185792093
634.0278185792093
634.0278185792093
634.0278185792093
634.0278185792093
633.1920142280217
632.0621051573664
632.0621051573664
628.6342032956801
628.6342032956801
628.6342032956801
620.1949418444303
620.1949418444303
620.1949418444303
620.1949418444303
620.081348318871
619.3546752596249
618.8037697379702
618.5719175256645
618.0176366003832
618.0176366003832
617.2631754909705
617.2631754909705
616.3852674528056
616.0996113913227
616.0996113913227
614.7247404901445
614.7247404901445
614.465633711175
614.465633711175
614.465633711175
614.465633711175
614.383660030478
614.383660030478
614.383660030478
613.7447116068821
613.7447116068821
613.7447116068821
613.7447116068821
613.7447116068821
613.3570715427619
612.8717790540574
612.8717790540574
612.8717790540574
612.8239221284882
612.8239221284882
612.8239221284882
612.8239221284882
612.8239221284882
612.6323257546533
612.2204736849413
612.2204736849413
612.0368478022943
612.0368478022943
612.0368478022943
612.0368478022943
612.0158021776709
611.5297578341468
611.5297578341468
611.5297578341468
611.2656883586469
611.2656883586469
611.1636244770015
611.1636244770015
611.1636244770015
611.1636244770015
611.1636244770015
610.7771266360559
610.7771266360559
610.7771266360559
610.7771266360559
610.7771266360559
610.7771266360559
610.7771266360559
610.7771266360559
610.7771266360559
725.5997718616167
708.2978712509564
697.3679528815087
684.204950032485
674.1419538622641
668.268661248812
658.8106153596206
658.8106153596206
658.8106153596206
658.8106153596206
658.8106153596206
658.8106153596206
658.8106153596206
658.8106153596206
658.8106153596206
656.1702174151276
656.1702174151276
656.1702174151276
652.9551567332645
648.7003941302735
645.5091788169464
645.5091788169464
645.5091788169464
645.5091788169464
645.5091788169464
645.5091788169464
645.5091788169464
645.5091788169464
644.6073963994725
644.6073963994725
644.6073963994725
644.4254400992619
644.4254400992619
644.0623565498106
643.4789253076232
643.4789253076232
643.4789253076232
642.2742793910548
642.2742793910548
641.4962372238299
641.4962372238299
640.7107078786145
640.7107078786145
638.6956394971268
638.6956394971268
638.6956394971268
638.6956394971268
638.6810947573348
638.2795790776909
638.2795790776909
637.9084010734832
637.9084010734832
637.9084010734832
637.7117367173819
637.6338223441022
637.6338223441022
637.2610454153921
636.9949207901647
636.9672715398518
636.9672715398518
636.9672715398518
636.6777887932382
636.6777887932382
636.6777887932382
636.6586255546969
636.6586255546969
636.5529186684428
636.5529186684428
636.5529186684428
636.4061571443807
636.4061571443807
636.1016802760364
636.1016802760364
635.9100531989352
635.9100531989352
635.9100531989352
635.9100531989352
635.9100531989352
635.9100531989352
635.8630129700168
635.8630129700168
635.8630129700168
635.8630129700168
635.811897257943
635.811897257943
635.811897257943
635.811897257943
635.8108703180513
635.8108703180513
635.7760931809266
635.7760931809266
635.7760931809266
635.7760931809266
635.7760931809266
635.6972527562068
635.6972527562068
635.6972527562068
635.599817415859
635.599817415859
635.599817415859
635.599817415859
635.5052827626755
635.0437262007715
634.7789241907659
634.7789241907659
634.7789241907659
634.5385973020108
634.5385973020108
634.5385973020108
634.4207959045142
634.357843283755
634.3393998975872
634.3393998975872
634.2128182915676
633.9169934048723
633.9169934048723
633.5213393848435
633.5213393848435
633.5213393848435
633.5213393848435
633.5076413259619
632.6489224265011
632.6489224265011
632.4456663840439
632.4456663840439
632.3628828492464
632.3568478022614
632.3568478022614
632.3568478022614
632.1744287715553
632.1744287715553
632.1744287715553
632.0255460811605
632.0255460811605
632.0255460811605
632.0255460811605
632.0255460811605
631.920795474181
631.920795474181
631.920795474181
631.920795474181
631.920795474181
631.8220290628045
631.8220290628045
631.7986792208354
631.7986792208354
631.7347890308098
631.724992211919
631.724992211919
631.724992211919
631.724992211919
631.724992211919
631.5920830156547
631.5920830156547
631.5920830156547
631.5920830156547
631.5920830156547
631.5121158534708
631.5121158534708
631.4889067042592
631.4889067042592
631.4889067042592
631.4889067042592
631.4889067042592
631.4889067042592
631.4889067042592
631.4889067042592
631.4619249041529
631.4619249041529
631.4619249041529
631.4619249041529
631.4619249041529
631.4619249041529
631.4619249041529
631.4619249041529
631.3479297085872
631.3479297085872
631.3479297085872
631.3479297085872
631.3479297085872
631.3479297085872
631.3479297085872
631.3479297085872
631.3479297085872
631.2613298297982
631.2613298297982
631.2613298297982
631.2613298297982
631.2613298297982
631.2613298297982
631.2613298297982
631.2613298297982
631.2613298297982
725.5997718616167
721.085064769061
692.8572178720276
674.0575891860955
660.8127620189186
660.8127620189186
652.4715220741382
648.9077757296858
648.9077757296858
648.9077757296858
648.3190215130207
648.3190215130207
648.3190215130207
646.0519676891987
645.4138955204584
645.4138955204584
644.9923888389839
644.9923888389839
644.3776837931728
644.3776837931728
639.7164544574019
639.7164544574019
639.7164544574019
639.7164544574019
639.7164544574019
639.7164544574019
639.7164544574019
637.8769061177383
637.8769061177383
637.8769061177383
637.2794230650985
634.8502769072796
633.5380585959178
633.5380585959178
633.0010175191633
629.4699764908902
629.4699764908902
629.4699764908902
629.4699764908902
629.1695005314485
628.3404947178747
628.3404947178747
626.5882929003692
625.354336315631
625.354336315631
625.354336315631
625.3054149861305
625.2653255628198
625.1792010711985
624.8430604727215
624.8430604727215
624.8430604727215
624.8430604727215
624.8430604727215
624.8430604727215
624.8430604727215
624.8430604727215
624.7500706278548
624.5455427306955
624.4878329047185
624.2407091633806
624.2407091633806
623.6903866193965
623.6815474615679
623.6815474615679
623.6815474615679
623.6213724471484
623.6213724471484
623.6213724471484
623.5699622834084
623.5699622834084
623.53930924213
623.53930924213
623.53930924213
623.53930924213
623.5114440302433
623.5114440302433
623.4894148367206
623.4894148367206
623.4894148367206
623.4894148367206
623.3937099283752
623.3937099283752
623.3937099283752
623.3937099283752
623.3937099283752
623.3937099283752
623.3937099283752
623.3937099283752
623.3937099283752
725.5997718616167
725.008588294307
689.3325130451358
677.8618229852655
665.7806030639271
665.7806030639271
662.3514545498739
661.2242997905707
660.7824465921036
656.2568742132842
656.2568742132842
646.5300961328785
646.5300961328785
646.5300961328785
646.5300961328785
646.5300961328785
646.5300961328785
646.5300961328785
646.3690943049421
646.3690943049421
642.5994209338028
642.5994209338028
642.5994209338028
642.5994209338028
642.5994209338028
642.5179088316556
641.8402010057159
640.9830179731165
640.9830179731165
639.7664280769877
638.500430630034
638.500430630034
638.4574813157523
636.6787044710289
635.9614243084706
635.9614243084706
635.9614243084706
635.899329553754
635.899329553754
635.5302462317693
634.3319454883302
634.076756391617
634.076756391617
633.4840727700561
633.4840727700561
633.4840727700561
633.2319384971164
632.7779152227715
632.5277499726724
632.2359009409867
632.2359009409867
632.2359009409867
632.1249459298097
631.6649048489917
631.6649048489917
631.4902936437214
631.4902936437214
631.4902936437214
631.3878891703125
631.3878891703125
631.2409270422573
630.939373403351
630.939373403351
630.939373403351
630.939373403351
630.9304741145219
630.9138785090914
630.9138785090914
630.6076814385857
630.6076814385857
630.6076814385857
630.5227862185577
630.5227862185577
630.5227862185577
630.5227862185577
630.5227862185577
630.5227862185577
630.5227862185577
630.3732736550738
630.3732736550738
630.3732736550738
630.3732736550738
630.3732736550738
630.3732736550738
630.3732736550738
630.3732736550738
630.3732736550738
725.5997718616167
712.2297246700714
696.9646282724754
676.3231297238052
676.1381780716906
669.2924754361633
669.2924754361633
666.7335041509184
666.7335041509184
666.7335041509184
659.7265983565383
659.7265983565383
659.7265983565383
659.7265983565383
659.7265983565383
659.7265983565383
659.7265983565383
659.7265983565383
659.3178250162322
655.891365298429
655.891365298429
648.7238694159972
648.7238694159972
648.7238694159972
648.7238694159972
648.7238694159972
648.3365034674842
648.2760220243999
648.2760220243999
648.2760220243999
645.9704873557497
645.9704873557497
641.9800719206202
641.9800719206202
641.9800719206202
641.9743042752001
641.6244698926287
636.9932241872149
636.9932241872149
636.9932241872149
636.5000292318656
636.5000292318656
635.7975458975646
635.7975458975646
635.7975458975646
635.0241348995985
635.0241348995985
634.8885884914394
634.8885884914394
634.5220801078683
634.5220801078683
634.3070943981468
633.2645450425243
633.2645450425243
633.2645450425243
633.2645450425243
633.2499053814548
632.8836309974262
632.8836309974262
632.3659106631126
632.3659106631126
632.3016026625974
632.3016026625974
632.2774088744145
632.2774088744145
632.2774088744145
632.0563468657426
632.0563468657426
632.0563468657426
631.9219002964643
631.9219002964643
631.9197316297078
631.9106280391301
631.9106280391301
631.7727007543343
631.7727007543343
631.7727007543343
631.7727007543343
631.7727007543343
631.7727007543343
631.7727007543343
631.7727007543343
631.7727007543343
725.5997718616167
710.1341477847745
705.657554560148
685.9865662988309
669.47247588505
657.9007222161579
649.7320357963749
649.7320357963749
649.7320357963749
649.7320357963749
649.7320357963749
649.3120707516629
649.3120707516629
649.3120707516629
645.1980663797474
645.1980663797474
645.1980663797474
645.1980663797474
645.1980663797474
643.6841784305108
638.4455600453442
638.4455600453442
638.2305997211062
638.2305997211062
638.2305997211062
638.2305997211062
638.2305997211062
638.2305997211062
637.8200971784973
634.711812509819
634.4831961088073
634.4831961088073
634.4831961088073
634.4831961088073
634.387505253819
633.6884566186952
633.6884566186952
633.6884566186952
632.0323114590382
631.6231132811048
631.6231132811048
631.3259505975377
628.2976480117273
628.2976480117273
628.2976480117273
628.1108559893103
627.1045008320804
627.1045008320804
627.1045008320804
626.4066785980385
626.4066785980385
626.4066785980385
626.2167669522075
625.8776941968117
625.8068099974018
625.4177340713147
625.4177340713147
625.3035336753153
624.8572433964008
624.8572433964008
624.8572433964008
624.7201105249886
624.6500012833809
624.3988978804806
624.3988978804806
624.3988978804806
624.0875438402035
624.0875438402035
623.8578143983993
623.7026681157353
623.7026681157353
623.7026681157353
623.4019177485833
623.4019177485833
623.4019177485833
623.4019177485833
623.4019177485833
623.3540047996967
623.3540047996967
623.2449330039981
623.2449330039981
623.2449330039981
623.0535292808772
623.0535292808772
623.0535292808772
623.0372953932501
623.0081143867366
622.8983991620652
622.8983991620652
622.3716307440637
622.3716307440637
622.3716307440637
622.3716307440637
622.3716307440637
622.3716307440637
622.3669431622102
622.3669431622102
622.3669431622102
622.3669431622102
622.3669431622102
622.3669431622102
622.3669431622102
622.3139444156244
622.3139444156244
622.3139444156244
622.3139444156244
622.3139444156244
622.3139444156244
622.263800778202
622.263800778202
622.263800778202
622.263800778202
622.263800778202
622.178338947024
622.178338947024
622.178338947024
622.178338947024
622.117809030377
622.117809030377
622.117809030377
622.117809030377
622.117809030377
622.117809030377
622.117809030377
622.117809030377
622.117809030377
725.5997718616167
715.510587914278
712.2605440727165
699.6750905926992
692.22095393585
674.9005216807088
674.9005216807088
674.9005216807088
672.1069798806176
669.1022756258244
669.0685756281149
669.0685756281149
666.6169229732349
666.6169229732349
666.1324965703963
666.1324965703963
666.1324965703963
658.2845926476843
658.2845926476843
658.0669478925192
652.0496822128017
649.1743903605624
649.1743903605624
649.1743903605624
649.1743903605624
649.0816601372401
649.0816601372401
648.2190563268266
643.3823083173501
643.3823083173501
643.3823083173501
643.3823083173501
643.3823083173501
642.1576852702764
642.1576852702764
641.1960444161386
640.7639882919237
637.4836620072257
637.4836620072257
637.4836620072257
637.4836620072257
632.1465957993636
632.1465957993636
631.6818334883162
631.6818334883162
629.1099968335719
629.1099968335719
629.1099968335719
628.4855851097739
628.4855851097739
627.9877746431238
627.7438010970384
627.7438010970384
627.0668971625475
626.8548331404276
626.8548331404276
626.8548331404276
626.8548331404276
626.8548331404276
626.8548331404276
626.8548331404276
626.8548331404276
626.7225056462393
626.7225056462393
626.7225056462393
626.5662884732229
626.5662884732229
626.5662884732229
625.8575403161681
625.8575403161681
625.8575403161681
625.8575403161681
625.8575403161681
625.7568116996146
625.7568116996146
625.5978729276432
625.334667002302
625.334667002302
625.334667002302
625.334667002302
624.8966947857892
624.8966947857892
624.6023952168398
624.2058769584261
624.2058769584261
624.2058769584261
624.2058769584261
624.0028808111114
624.0028808111114
624.0028808111114
623.5087961994368
623.5087961994368
623.5087961994368
623.5087961994368
623.5087961994368
623.5087961994368
623.5087961994368
623.5050379798157
623.5050379798157
623.5050379798157
623.5050379798157
623.5050379798157
623.3860793005437
623.3860793005437
623.3860793005437
623.3860793005437
623.36343794614
623.3610486755913
623.3610486755913
623.3610486755913
623.3610486755913
623.3610486755913
623.3610486755913
623.3610486755913
623.267689224234
623.1790040700452
623.1392927206507
622.8978165815566
622.8978165815566
622.8978165815566
622.8978165815566
622.8978165815566
622.8978165815566
622.6342031269504
622.6342031269504
622.5381670310137
