719.6126338899898
703.0810827436011
690.8148544704602
671.8126709816054
671.8126709816054
670.7030131754527
670.7030131754527
670.7030131754527
667.1246651201338
659.4285553568617
659.4285553568617
659.4285553568617
657.2699746478174
657.2699746478174
657.2699746478174
657.2699746478174
657.2699746478174
653.3606553330428
653.2173854391604
648.7632740310468
648.4401088345949
648.4401088345949
648.4401088345949
648.4401088345949
646.61028287841
646.61028287841
644.7484294299016
644.2204426278898
644.2204426278898
643.5048214602465
641.8810308020543
641.7639370624518
640.6207358984618
640.6207358984618
640.6207358984618
639.3688978102037
639.3688978102037
638.4028879388504
638.4028879388504
637.5290196381773
637.3914382449495
637.3402078356742
637.3402078356742
637.3402078356742
637.3402078356742
637.0285998780666
635.3901893071813
635.3901893071813
635.3901893071813
635.073707014681
635.073707014681
634.8060055746683
634.5782127268801
634.5782127268801
634.5782127268801
634.1941578368243
634.1941578368243
634.1941578368243
634.1941578368243
634.1941578368243
634.1941578368243
633.9106626598484
633.8596043848402
633.8596043848402
633.8596043848402
633.6853051518692
633.6853051518692
633.6853051518692
633.6853051518692
633.6853051518692
633.6853051518692
633.6131114868595
633.6131114868595
633.4751903893533
633.4751903893533
633.3314042353055
633.3314042353055
633.3314042353055
633.3314042353055
633.2294441082735
633.2294441082735
633.2294441082735
633.2294441082735
633.2294441082735
633.2294441082735
633.2294441082735
633.2294441082735
633.2294441082735
742.5569984408194
712.2730102390494
697.9286186636004
684.8711426672518
681.3559439766924
675.7668728022888
675.7668728022888
674.4807253861975
668.441690370527
668.441690370527
662.3588450262972
655.981281742626
655.981281742626
653.8299374598787
653.8299374598787
652.5386444622637
648.8315937009237
648.8315937009237
648.8315937009237
648.8315937009237
641.6111160587188
641.6111160587188
641.6111160587188
641.6111160587188
641.6111160587188
640.4976398133477
639.2775111064877
639.2775111064877
639.2775111064877
638.9794892625757
638.2265934895379
637.387639943374
637.387639943374
637.299770714657
637.1563736677084
636.8276261673525
636.0315831716998
636.0315831716998
636.0315831716998
633.9106182838578
633.9106182838578
633.9106182838578
633.9106182838578
633.7311917709499
633.7311917709499
632.7706789271806
632.7706789271806
632.7706789271806
631.6006271715003
631.4247995775548
631.4247995775548
630.4934401817999
629.8556341551717
629.8556341551717
629.8556341551717
629.8556341551717
629.8556341551717
629.8556341551717
629.8556341551717
629.8556341551717
629.8556341551717
629.6077797298889
629.6077797298889
629.564839661691
629.564839661691
629.564839661691
629.564839661691
629.5464548047481
629.5464548047481
629.5464548047481
629.5464548047481
629.5464548047481
629.5464548047481
629.4853684603718
629.4853684603718
629.4853684603718
629.4853684603718
629.4037298935925
629.1199243067083
629.1199243067083
629.1199243067083
629.1199243067083
629.1199243067083
629.1199243067083
629.1199243067083
629.1199243067083
629.1199243067083
742.5569984408194
712.4889808480276
702.7432629116239
688.4370304204668
675.5453479506293
671.8892416566714
663.1778220857439
663.1778220857439
663.1778220857439
659.7267929666208
659.7267929666208
659.7267929666208
659.7267929666208
659.5604561594421
659.2270296732437
654.3976398573191
654.3976398573191
654.3976398573191
650.7620661278718
650.7620661278718
650.3566820584385
648.0151119857833
645.8775003480781
644.7978898270062
642.9949910722082
642.402379663592
642.402379663592
642.402379663592
640.7527952450629
640.7527952450629
640.7527952450629
635.9939112865417
635.9939112865417
635.9939112865417
634.2494922452979
634.156103902287
633.574206387351
632.7923211262885
632.7923211262885
632.7923211262885
632.7923211262885
632.7923211262885
632.7923211262885
632.4962153882333
631.7189790427037
631.7189790427037
631.7189790427037
631.7189790427037
631.5120016332052
630.488300447953
630.488300447953
630.488300447953
630.488300447953
630.488300447953
630.4691864641293
630.2132753171062
630.1540123068178
630.1540123068178
630.1540123068178
630.1540123068178
630.0667562130101
630.0667562130101
630.0667562130101
629.8813267601573
629.7959877761177
629.7959877761177
629.629701235927
629.629701235927
629.629701235927
629.629701235927
629.629701235927
629.629701235927
629.629701235927
629.629701235927
629.5579953621201
629.5579953621201
629.5579953621201
629.5579953621201
629.5579953621201
629.5579953621201
629.5579953621201
629.5031831643165
629.5031831643165
629.5031831643165
629.5031831643165
629.5031831643165
629.5031831643165
629.2696474259045
629.2696474259045
629.0780745349591
629.0290703385843
629.0290703385843
629.0290703385843
629.0290703385843
629.0290703385843
629.0290703385843
629.0290703385843
629.0290703385843
629.0290703385843
742.5569984408194
710.9360324650925
704.3894777614587
694.1014392888026
677.770188691238
676.3132980342189
676.3132980342189
676.3132980342189
676.3132980342189
676.3132980342189
675.1581858519164
667.1865214797059
667.1865214797059
666.4344344480286
666.4344344480286
665.2200544471312
661.4002950742472
661.4002950742472
661.4002950742472
661.4002950742472
656.0735402088512
656.0735402088512
656.0735402088512
655.2002817619389
655.2002817619389
655.2002817619389
655.2002817619389
652.3575359717813
649.4006508425512
649.3687887330248
646.8967477273347
646.8967477273347
646.8967477273347
646.8967477273347
646.8967477273347
646.2457573973004
646.2457573973004
642.3482468849049
642.3482468849049
642.3482468849049
642.3482468849049
641.4768640385798
640.7637762326374
640.7637762326374
640.7637762326374
640.7637762326374
640.7637762326374
640.7637762326374
640.1207823236061
640.1207823236061
640.0263385000624
640.0263385000624
639.9938839355194
639.5528892903159
639.434068868868
639.434068868868
639.434068868868
638.8166260068529
638.8166260068529
638.8166260068529
638.8153110457076
638.8153110457076
638.8153110457076
638.8153110457076
638.5912245604313
638.5912245604313
638.5912245604313
638.5808412969131
638.5808412969131
638.5808412969131
638.5808412969131
638.5808412969131
638.5808412969131
638.5545133795637
638.5545133795637
638.3319968163717
638.3319968163717
638.3319968163717
638.2873318121182
638.0638998514576
638.0114131890367
638.0114131890367
637.6988993561365
637.6988993561365
637.6988993561365
637.6988993561365
637.5113748140758
637.5113748140758
636.0425264605707
636.0425264605707
636.021803479124
635.8762288820261
635.8762288820261
635.5557691966284
634.5198510665133
634.5198510665133
634.5198510665133
634.1392805351995
633.2258455982596
633.2258455982596
633.2258455982596
633.2258455982596
633.2258455982596
633.2001715014263
633.2001715014263
633.2001715014263
632.9539087144706
632.855059944334
632.855059944334
632.855059944334
632.855059944334
632.855059944334
632.855059944334
632.855059944334
632.855059944334
632.855059944334
632.6844079194165
632.6543051813696
632.6543051813696
632.6543051813696
632.4393537786364
632.4393537786364
632.4393537786364
632.4393537786364
632.4393537786364
632.4393537786364
632.4393537786364
632.4393537786364
632.4393537786364
742.5569984408194
714.3073862469548
691.2533760791111
688.9505782241033
688.9505782241033
678.8712799900737
677.0465799273547
677.0465799273547
677.0465799273547
674.3928220284715
674.3928220284715
674.3928220284715
669.1754077809552
669.1754077809552
669.1754077809552
669.1754077809552
669.1754077809552
669.1754077809552
662.3059083580379
662.3059083580379
662.3059083580379
661.2795750730562
661.2795750730562
661.2795750730562
660.0210388882012
660.0210388882012
658.9933087103466
658.9933087103466
657.7032142503215
657.7032142503215
657.7032142503215
657.7032142503215
657.428334206847
657.2259258207154
657.2259258207154
656.8236730543249
656.8236730543249
656.8236730543249
656.4520410351995
656.0476317321995
655.015926243257
654.7110938778627
653.9160559065671
653.9160559065671
653.8347267091057
653.5975297782788
653.487503752595
653.2731589870281
653.2731589870281
653.2084782407776
653.2084782407776
653.2084782407776
653.1681303371146
653.1613440351583
653.0386442481057
653.0386442481057
652.8376586565334
652.7303604417573
652.7303604417573
652.4824101745374
652.3347890946611
652.1201707672305
651.9195057338401
651.9195057338401
651.9002128613025
651.9002128613025
651.9002128613025
651.9002128613025
651.8164701624573
651.8164701624573
651.8164701624573
651.811954446446
651.811954446446
651.8024124065408
651.8024124065408
651.8024124065408
651.7913444450401
651.7913444450401
651.7913444450401
651.7913444450401
651.7913444450401
651.7747959331905
651.7442833326658
651.7426953686095
651.7426953686095
651.7426953686095
651.7426953686095
651.7426953686095
651.7424347822342
651.5416645736068
651.4267579829524
651.4267579829524
651.1990772541475
651.1990772541475
651.1278396498151
651.1278396498151
651.1278396498151
651.1278396498151
651.1278396498151
651.1278396498151
651.1278396498151
651.1278396498151
650.8001717243282
650.8001717243282
650.4912862529895
650.4912862529895
650.4912862529895
650.4912862529895
650.4912862529895
650.4912862529895
650.4845484821228
650.4845484821228
650.4692813526649
650.4692813526649
650.4692813526649
650.4692813526649
650.4692813526649
650.4692813526649
650.4189800233187
650.4189800233187
650.4189800233187
650.3572205114161
650.3572205114161
650.2495452476522
650.0944575990865
650.0944575990865
650.0944575990865
650.0121805269255
650.0121805269255
650.0121805269255
650.0121805269255
649.938324096929
649.938324096929
649.938324096929
649.938324096929
649.938324096929
649.938324096929
649.9365321635419
649.9329956802649
649.9329956802649
649.8442501092757
649.8442501092757
649.8442501092757
649.8442501092757
649.8442501092757
649.8442501092757
649.8442501092757
649.7946262340623
649.7946262340623
649.7946262340623
649.7653247744225
649.7606112059328
649.7606112059328
649.7606112059328
649.6027878195762
649.1112481919104
649.1112481919104
648.7661989935398
648.7661989935398
648.7661989935398
648.7661989935398
648.7661989935398
648.7661989935398
648.7661989935398
648.6791480948792
648.6791480948792
648.6791480948792
648.6791480948792
648.6791480948792
648.6791480948792
648.6461664870469
648.6461664870469
648.6461664870469
648.6461664870469
648.6461664870469
648.6461664870469
648.6461664870469
648.6461664870469
648.627912937324
648.5846460767092
648.5846460767092
648.5846460767092
648.5846460767092
648.5846460767092
648.5846460767092
648.5846460767092
648.5846460767092
648.5846460767092
742.5569984408194
707.3863936830194
699.9666852835496
683.9493412939313
676.5415341027297
664.2396784323903
662.7077672714795
659.6533660938576
659.6533660938576
659.6533660938576
659.6533660938576
659.6533660938576
659.6533660938576
659.6533660938576
659.6533660938576
659.6533660938576
742.5569984408194
713.9629785073653
695.0228144876373
680.5332969867267
680.5332969867267
675.547135218116
673.4620099774202
673.4620099774202
668.2924040692886
668.2924040692886
664.2127934522845
664.2127934522845
662.4602459144637
661.6556717273679
661.6556717273679
657.06474926963
656.354766183498
656.354766183498
656.354766183498
656.354766183498
656.354766183498
655.5582754700629
653.9334718028254
653.9334718028254
653.9334718028254
653.9334718028254
652.4786826440821
652.4786826440821
651.3394879935638
649.8437610131705
649.8437610131705
649.8437610131705
649.8437610131705
647.8319549990847
646.3940893977922
645.8884110032482
645.8884110032482
645.769030992732
643.2471093027707
643.2131625916652
643.2131625916652
643.1630377249193
642.360047220784
642.360047220784
642.2062523662407
642.0320398815617
641.5839825252376
641.363095725938
641.363095725938
640.7381066935352
640.6535418607825
640.6535418607825
640.4896904548234
640.4896904548234
640.4896904548234
640.2463001400904
640.2463001400904
640.2463001400904
640.0558571928262
640.0558571928262
640.0558571928262
640.0558571928262
640.0558571928262
640.0018136476563
640.0018136476563
640.0018136476563
640.0018136476563
639.9601172956989
639.9601172956989
639.8941980704082
639.8941980704082
639.7773552929103
639.7773552929103
637.2523006603263
637.1682146955075
637.1682146955075
636.6151796596437
636.6151796596437
636.6151796596437
636.6151796596437
636.5335353405078
636.5335353405078
636.5335353405078
636.2160872972612
636.2160872972612
636.2160872972612
636.1360200193868
636.1360200193868
635.7506676619143
635.7506676619143
635.7077070449562
635.7077070449562
635.7077070449562
635.7077070449562
635.7077070449562
635.7077070449562
635.7077070449562
635.3723371090343
635.3264385782685
635.20066509525
635.20066509525
635.20066509525
634.5371986881154
634.5371986881154
634.4890029818356
634.4890029818356
634.4890029818356
634.4120908199404
634.4120908199404
634.4120908199404
634.4120908199404
634.4120908199404
634.4120908199404
634.4120908199404
634.4120908199404
634.4120908199404
742.5569984408194
725.5172513340992
702.7262801212593
693.455163976177
669.8135784704951
669.8135784704951
669.8135784704951
669.8135784704951
667.1904943758791
667.1904943758791
667.1904943758791
667.1904943758791
663.8675395602833
663.8675395602833
663.8675395602833
663.8675395602833
662.8000361374357
660.6579167045868
660.0676555854797
653.3034770032268
653.3034770032268
653.3034770032268
653.3034770032268
653.3034770032268
652.330313170606
652.1866061863255
652.1866061863255
649.8988615410108
647.4180141884596
643.6280183790276
643.6280183790276
643.6280183790276
643.6280183790276
643.6280183790276
643.6280183790276
643.6280183790276
643.6280183790276
643.6246129048204
643.6246129048204
643.6246129048204
643.5218908406349
643.4692505647705
643.372675902852
642.72359581602
642.45795847917
642.45795847917
642.45795847917
642.4341216901956
642.1268726066346
642.1268726066346
642.1268726066346
642.1268726066346
642.1268726066346
642.1268726066346
641.971598900223
641.971598900223
641.9659054530122
641.6921258603464
641.6921258603464
641.5305182077661
641.5305182077661
641.359267652943
641.1708837744278
641.1489645796414
641.116788045623
641.116788045623
641.116788045623
641.116788045623
641.116788045623
641.0174360012323
640.9772305568695
640.9772305568695
640.9772305568695
640.9594696521169
640.9594696521169
640.9594696521169
640.9594696521169
640.9276247249136
640.9276247249136
640.9276247249136
640.8587075370276
640.8317244201573
640.8317244201573
640.8317244201573
640.8317244201573
640.8086481187539
640.7554340121749
640.7554340121749
640.7376518459864
640.7376518459864
640.7376518459864
640.7376518459864
640.7376518459864
640.7066932426206
640.7066932426206
640.7066932426206
640.6040915069395
640.6040915069395
640.6040915069395
640.6040915069395
640.6040915069395
640.6040915069395
640.6040915069395
640.6040915069395
640.6040915069395
742.5569984408194
724.4203850627639
695.9079580502597
695.6147022457637
680.938107119339
677.1821845588009
677.1821845588009
677.1821845588009
677.1821845588009
677.1821845588009
677.1821845588009
671.206944386674
667.3334351662895
662.9399148201634
662.9399148201634
662.9399148201634
662.9399148201634
662.9399148201634
660.8360656855584
656.5471453737932
656.5471453737932
656.5471453737932
656.5471453737932
655.3140173511265
655.3140173511265
651.896208366547
649.8169962947517
649.8169962947517
649.8169962947517
646.9353632675158
646.9353632675158
646.9353632675158
645.4140179053701
644.8400074350826
644.8400074350826
644.8400074350826
644.6069486730112
644.4897468360341
644.4897468360341
644.4897468360341
644.4897468360341
644.4897468360341
644.4897468360341
644.3136688914105
643.9852295246639
643.6670257454565
643.6670257454565
643.5617500864004
643.4011636146575
643.4011636146575
643.4011636146575
643.4011636146575
642.7867479701268
642.4122614911746
642.4122614911746
642.4122614911746
642.2551897275105
642.2454739713803
641.8671799182747
641.8671799182747
640.8497790540729
640.8497790540729
640.3831057962942
640.3831057962942
640.3831057962942
640.3831057962942
639.8334823324402
639.8334823324402
639.8334823324402
639.1784965834922
639.1784965834922
639.0586240548772
638.9155520879214
638.9030074040668
638.7911800531836
638.7911800531836
638.7382852142812
638.6693970610212
638.6405617522096
638.6405617522096
638.5145282785861
638.5145282785861
638.5145282785861
638.5145282785861
638.5145282785861
638.3750080003059
638.3750080003059
638.3464563897326
638.3064932177139
638.3064932177139
638.2904715758262
638.2904715758262
638.1033198840307
638.1033198840307
637.9580320940669
637.9580320940669
637.9580320940669
637.9580320940669
637.9580320940669
637.9580320940669
637.9580320940669
637.8294070198465
637.8294070198465
637.6625140221172
637.6625140221172
637.6625140221172
637.6625140221172
637.6625140221172
637.6625140221172
637.6625140221172
637.6625140221172
637.6625140221172
637.5616686686941
637.5616686686941
637.5373227534731
637.5373227534731
637.5373227534731
637.5373227534731
637.5373227534731
637.5373227534731
637.5373227534731
637.5373227534731
637.5373227534731
742.5569984408194
720.4771971635836
694.6738825891019
681.9228808697536
677.5517114220821
677.5517114220821
677.5517114220821
658.3924600428592
658.3924600428592
658.1627050178674
658.1627050178674
654.4599484533528
649.8800922068987
649.8800922068987
649.6993509051555
649.6993509051555
649.6993509051555
648.0723200150449
647.1643981252089
647.1643981252089
647.1643981252089
647.1643981252089
645.0165253057434
645.0165253057434
645.0165253057434
642.14137292111
642.14137292111
642.14137292111
642.14137292111
639.4383100808755
639.4383100808755
637.0221016889154
636.5267720300599
636.5267720300599
636.5267720300599
635.9331092092582
635.7333857623781
635.7333857623781
635.7333857623781
635.5279190990121
635.2194287607349
634.152050921197
634.152050921197
634.0907043654624
633.908336462556
633.908336462556
633.5666918068906
633.5568031668462
633.5568031668462
633.5103389438649
