689.3128876522267
689.3128876522267
687.5787775422476
676.1973231690765
670.3450653261225
661.7222294882181
661.7222294882181
661.7222294882181
654.5326272753239
654.5326272753239
649.5009181030281
649.5009181030281
649.5009181030281
649.5009181030281
649.5009181030281
646.2232254153937
646.2232254153937
646.2232254153937
646.2232254153937
646.2232254153937
643.9167043006887
643.9167043006887
642.3098006967472
642.3098006967472
642.3098006967472
642.3098006967472
641.6420284254078
641.6420284254078
641.6420284254078
640.9491978596574
640.5893225213026
640.5893225213026
640.5893225213026
638.6201613518608
638.6201613518608
638.3345607245811
638.3345607245811
638.3345607245811
637.5170287390658
637.4060461270577
637.2252295697027
636.1737440224028
636.1737440224028
636.1737440224028
635.8197893675373
635.8197893675373
635.2253111424051
635.2253111424051
635.2253111424051
635.2253111424051
635.1972970559838
635.1787981453007
635.0121718915626
635.0121718915626
635.0121718915626
635.0121718915626
635.0121718915626
635.0121718915626
635.0121718915626
634.9639559257989
634.9639559257989
634.8948175620956
634.8948175620956
634.8198611644428
634.8198611644428
634.8198611644428
634.8198611644428
634.8198611644428
634.8198611644428
634.8198611644428
634.8198611644428
634.8198611644428
634.4886550349266
634.4886550349266
633.9123207399944
633.9123207399944
633.909213997192
633.5793386923433
633.0350847074811
633.0350847074811
633.0350847074811
632.763815630041
632.763815630041
632.763815630041
632.763815630041
632.763815630041
632.763815630041
632.763815630041
632.763815630041
632.763815630041
632.6973465821973
632.6973465821973
632.6973465821973
632.6973465821973
632.6973465821973
632.6463018822021
632.6463018822021
632.6358683164478
632.5132272427239
632.5132272427239
632.4412206507806
632.4412206507806
632.4412206507806
632.4412206507806
632.4412206507806
632.4412206507806
632.4412206507806
632.4050161233254
632.3706948144452
632.3706948144452
632.0918236990834
631.648574981691
631.648574981691
631.648574981691
631.648574981691
631.648574981691
631.648574981691
631.648574981691
631.648574981691
631.648574981691
710.8820674782502
687.4052944976954
687.4052944976954
687.4052944976954
687.4052944976954
687.4052944976954
687.4052944976954
687.4052944976954
687.4052944976954
687.4052944976954
710.8820674782502
703.0582543088908
698.7354182477278
684.5046710171137
684.5046710171137
684.5046710171137
684.5046710171137
684.5046710171137
684.5046710171137
680.4926054867267
680.4926054867267
677.2261230325339
675.5179666553415
674.7881777122941
674.7881777122941
674.7881777122941
668.9721406410093
668.8569415695938
659.0915818900384
659.0915818900384
659.0915818900384
658.860989384853
658.860989384853
658.7620434757473
657.8068430441234
656.1606107412289
656.1606107412289
653.0614531178398
653.0614531178398
653.0614531178398
652.6270477997253
645.6010062867734
645.6010062867734
645.6010062867734
645.6010062867734
645.6010062867734
645.6010062867734
645.1120605985128
644.9111254768778
644.9111254768778
643.5492953461265
639.234275720851
639.234275720851
639.234275720851
639.234275720851
638.9974856867062
636.9032018230955
636.9032018230955
636.9032018230955
636.9032018230955
636.9032018230955
636.9032018230955
636.3229055962184
635.2736439231647
635.2736439231647
632.8456317830203
632.8456317830203
632.8456317830203
632.5100919651504
632.5100919651504
631.3559591794985
631.3559591794985
631.3559591794985
631.3559591794985
630.6701957116665
630.5544717788406
630.5544717788406
630.4287254511725
630.1608036897431
630.1153096771885
630.1153096771885
630.1153096771885
630.1153096771885
630.1153096771885
630.083587820487
629.9400801216516
629.9008461777252
629.9008461777252
629.9008461777252
629.3122152166275
629.3122152166275
629.3122152166275
629.3122152166275
629.3122152166275
628.7125028122482
628.7125028122482
628.7125028122482
628.4153901198545
628.306401160798
628.306401160798
627.9277837495328
627.9277837495328
627.6970497942452
627.6970497942452
627.4407743478945
627.4407743478945
627.3918358285166
627.2339310505157
627.0146887511225
627.0146887511225
627.0146887511225
627.0146887511225
627.0146887511225
626.6157034550698
626.4764035522406
626.2290625954716
626.2290625954716
625.8725365722412
625.8725365722412
625.5971314895727
625.5971314895727
625.534481300205
625.534481300205
624.6982547752658
624.4538094485773
624.4538094485773
624.4538094485773
624.4538094485773
624.3454943146717
624.3454943146717
624.0244335092306
624.0244335092306
623.9371203123006
623.9371203123006
623.8548112040654
623.7131468167885
623.7131468167885
623.1773185314158
623.1773185314158
623.1773185314158
623.1773185314158
623.1773185314158
623.1007947235668
623.1007947235668
623.0318532256373
623.0318532256373
623.0318532256373
623.0091975326022
622.8779340072412
622.8779340072412
622.8779340072412
622.8779340072412
622.8779340072412
622.8779340072412
622.8725118556483
622.8725118556483
622.611715823664
622.611715823664
622.611715823664
622.611715823664
622.611715823664
622.5097334591746
622.5097334591746
622.5097334591746
622.5097334591746
622.5097334591746
622.4628424138042
622.4628424138042
622.1592424606258
622.1592424606258
622.1592424606258
622.1592424606258
622.1592424606258
622.1592424606258
622.1592424606258
622.1592424606258
622.1592424606258
710.8820674782502
697.940429116393
697.940429116393
687.8789821813115
661.9374542186289
661.9374542186289
661.9374542186289
661.9374542186289
661.9374542186289
658.611200210723
658.611200210723
658.611200210723
658.611200210723
657.1482106160373
653.5005557379213
649.9130477294806
649.9130477294806
649.9130477294806
649.9130477294806
647.8879922816515
647.8879922816515
647.8879922816515
647.0801075886203
646.0353247869072
645.0815426718942
645.0815426718942
641.7406053245711
641.7406053245711
638.2105996540641
636.4596787273478
635.2593667032298
633.0426242574401
633.0426242574401
629.5763270243236
629.5763270243236
629.5763270243236
629.4181539686059
629.4181539686059
628.0013479977059
628.0013479977059
624.1809232174717
623.149273782991
623.149273782991
623.149273782991
623.0655311744913
621.805447460928
621.5936164176698
621.5936164176698
621.5354285690872
619.0774597256201
619.0774597256201
619.0774597256201
618.0704389844807
617.4622616011848
617.4094077484052
617.4094077484052
617.4094077484052
617.1102819717828
616.0075528114659
615.427870436913
614.5087914018354
614.3468951275756
613.3125541350905
613.3125541350905
613.3125541350905
613.2426980368842
613.0133108345573
612.8499851667254
612.8499851667254
612.3412168742108
612.3412168742108
612.3412168742108
612.3069518890466
612.3069518890466
612.0770244694816
611.8954558440272
611.8954558440272
611.8954558440272
611.7540357937274
611.4452790306516
611.247675767852
611.247675767852
611.1017061531853
611.1017061531853
611.0308502572084
610.6487303382781
610.5750090472726
610.5750090472726
610.5750090472726
610.5750090472726
610.5503115278889
610.5503115278889
610.225885853653
610.225885853653
610.225885853653
610.225885853653
610.0017917827025
610.0017917827025
610.0017917827025
610.0017917827025
610.0017917827025
609.9715943401368
609.9715943401368
609.9715943401368
609.8628469822756
609.8628469822756
609.8628469822756
609.8628469822756
609.7377451603821
609.7335655583032
609.7335655583032
609.7335655583032
609.4644460728616
609.4644460728616
609.2186079765886
609.2186079765886
609.2186079765886
609.2186079765886
609.2186079765886
609.2186079765886
609.2186079765886
609.2186079765886
609.2186079765886
710.8820674782502
688.5696566878216
688.5696566878216
676.8354561917325
666.1212264735743
660.918632391533
660.918632391533
656.5263454452701
655.2926806300904
653.9605190414943
651.031654751467
647.6716240537135
647.6716240537135
646.8300741623273
644.7829033376609
644.7829033376609
644.7829033376609
642.9513519750328
642.9513519750328
642.9513519750328
641.2772090611535
636.670651037538
636.670651037538
636.670651037538
636.670651037538
636.670651037538
636.670651037538
636.5985761140671
636.5985761140671
634.8189283820927
634.8189283820927
632.6418110433416
632.6418110433416
629.9523388289792
629.9523388289792
629.9523388289792
629.9523388289792
629.2251240881776
629.2251240881776
629.2251240881776
629.1847798076785
628.6776805047458
628.6004854819605
628.6004854819605
628.6004854819605
628.490135717946
628.490135717946
628.490135717946
627.947998476735
627.947998476735
627.3497178812279
627.3497178812279
627.3497178812279
627.3497178812279
626.663012752921
626.663012752921
626.6412055091749
626.6412055091749
626.6412055091749
626.6412055091749
626.6412055091749
626.358828756314
626.358828756314
626.358828756314
626.358828756314
626.270728390725
626.270728390725
626.270728390725
626.270728390725
626.0139733662796
626.0139733662796
626.0139733662796
625.9610116875862
625.9000822221715
625.9000822221715
625.8145999505152
625.8145999505152
625.4815785258121
625.4815785258121
625.4815785258121
625.0037436601397
625.0037436601397
625.0037436601397
625.0037436601397
625.0037436601397
625.0037436601397
625.0037436601397
625.0037436601397
625.0037436601397
710.8820674782502
700.5010864270488
688.2973510067749
679.786582066352
678.1317729363313
674.5267682981525
667.3993457286455
658.5853605438709
658.5853605438709
658.5853605438709
658.5853605438709
658.5853605438709
655.0363348192949
655.0363348192949
652.1761663197769
652.1761663197769
652.1761663197769
652.1761663197769
651.7449347848825
651.7449347848825
651.7449347848825
651.7449347848825
651.3628368357546
648.3262548828219
648.3262548828219
648.3262548828219
648.3262548828219
648.3262548828219
645.6763830171079
645.6763830171079
643.8319415407299
643.8319415407299
643.8319415407299
643.8319415407299
643.4846110603189
642.6533374491678
642.6533374491678
641.9872131832765
640.8867132689267
640.8867132689267
640.8867132689267
640.5433090892972
640.5433090892972
639.8409619943654
639.8409619943654
639.8409619943654
639.6160218638857
639.6160218638857
639.6160218638857
639.4446235034898
639.4446235034898
639.4446235034898
639.3236394989777
639.3236394989777
639.3236394989777
639.2284322738219
639.2284322738219
639.2284322738219
639.0200341725609
639.0200341725609
639.0200341725609
639.0200341725609
639.0200341725609
638.9852291344284
638.9852291344284
638.9852291344284
638.9852291344284
638.9852291344284
638.9852291344284
638.97881336984
638.8720471796365
638.8720471796365
638.8720471796365
638.8720471796365
638.8720471796365
638.8720471796365
638.8720471796365
638.8720471796365
638.8720471796365
712.0753436059027
708.3716793618614
691.7146953213877
676.95825974987
674.3648390465935
674.3648390465935
671.7686770728595
671.7686770728595
664.6344982060331
664.6344982060331
662.6418805137849
662.6418805137849
662.6418805137849
662.6418805137849
662.6418805137849
662.6418805137849
662.6418805137849
662.6418805137849
661.3722454674188
661.3722454674188
661.3722454674188
661.3722454674188
661.3722454674188
657.2571868486029
657.2571868486029
657.2571868486029
655.585976533579
653.6923209598986
653.6923209598986
652.4455111109346
651.3834145745207
651.3834145745207
650.5732156805083
649.1755153507553
647.3338235806832
647.3338235806832
647.3338235806832
646.8433789946607
644.912203219387
641.9867939619473
639.8878830507008
639.8878830507008
639.8878830507008
638.4720404905114
638.4720404905114
638.0595565153805
638.0595565153805
638.0595565153805
637.4131299026999
637.4131299026999
637.4131299026999
635.6500881755363
635.6500881755363
635.1815313449695
635.1815313449695
635.1815313449695
634.9690226520188
634.155404167627
633.8427134485125
633.8427134485125
633.8427134485125
633.8427134485125
633.8427134485125
633.8427134485125
633.8427134485125
633.7398901416669
633.7398901416669
633.7273660479772
633.5305385326596
633.5305385326596
633.338039127692
633.338039127692
633.338039127692
633.2459588040876
633.2459588040876
633.2396510463412
633.2396510463412
633.2396510463412
633.2396510463412
633.2396510463412
633.2396510463412
633.2396510463412
633.2396510463412
632.9775409046348
632.9345720304452
632.9043840203992
632.9043840203992
632.9043840203992
632.9043840203992
632.8915968965182
632.8915968965182
632.8915968965182
632.8915968965182
632.8915968965182
632.8915968965182
632.8915968965182
632.7779746599148
632.7779746599148
632.7779746599148
632.7121715021475
632.7121715021475
632.7121715021475
632.7121715021475
632.7121715021475
632.7121715021475
632.7121715021475
632.6687584080092
632.6687584080092
632.6687584080092
632.6687584080092
632.6687584080092
632.6687584080092
632.6687584080092
632.6687584080092
632.6687584080092
712.0753436059027
712.0234999289221
694.6000893822248
690.587044350307
680.588837764805
680.588837764805
671.5789293432466
667.4901572521451
652.7901336033686
652.7901336033686
652.7901336033686
652.7901336033686
652.7901336033686
652.7901336033686
652.7901336033686
648.6050746190102
648.6050746190102
646.398910149275
645.2195829010958
645.2195829010958
643.2217169500171
643.2217169500171
643.2217169500171
643.2217169500171
640.9964388806908
640.9964388806908
640.9964388806908
639.8635493541619
639.8635493541619
639.8635493541619
639.474232031551
639.2699831514651
639.2699831514651
638.1570178074713
638.1570178074713
637.9236073480183
637.1640240141651
637.1640240141651
637.1640240141651
637.1640240141651
637.1640240141651
636.8569570251284
636.8569570251284
636.1133891228199
636.1133891228199
636.1133891228199
636.1133891228199
635.514559679734
635.514559679734
634.734740702397
634.734740702397
634.2575559598076
634.1425714735564
634.1425714735564
634.1425714735564
633.9343339023947
633.8138014208196
633.8138014208196
633.525961169986
633.5252737323107
633.4200795350354
633.4200795350354
633.4200795350354
633.285103786309
633.285103786309
633.2555008036559
633.1999125348481
633.1079487150265
632.9527548564323
632.9527548564323
632.9527548564323
632.4310722388733
632.4310722388733
632.4310722388733
632.4310722388733
632.1220685264873
632.1220685264873
631.8348846776463
631.8348846776463
631.597397350609
631.597397350609
631.5226809318236
631.5226809318236
631.3283125134041
631.3283125134041
631.3283125134041
631.3283125134041
631.3283125134041
631.3283125134041
631.3209827911589
631.2791516193639
631.2674240913093
631.1830175484081
631.1830175484081
631.1830175484081
631.1830175484081
631.1388253819841
631.1388253819841
630.9631988095005
630.9631988095005
630.9631988095005
630.9631988095005
630.9631988095005
630.9160417126795
630.9160417126795
630.9160417126795
630.9160417126795
630.8962988754514
630.8962988754514
630.833654511054
630.833654511054
630.833654511054
630.7990545939965
630.7990545939965
630.7990545939965
630.7990545939965
630.7990545939965
630.7990545939965
630.7990545939965
630.7990545939965
630.7990545939965
712.0753436059027
712.0234999289221
699.1972343705424
696.2505897322062
665.875962737746
661.3962464294292
661.3962464294292
661.3962464294292
656.9498924533234
656.9498924533234
656.9498924533234
656.9498924533234
648.2307178746611
648.2307178746611
648.2307178746611
648.2307178746611
642.203056509145
642.203056509145
642.203056509145
642.1574658626846
640.5938310756724
640.5938310756724
640.5938310756724
640.5938310756724
640.5938310756724
640.4045908025162
640.4045908025162
639.6839054973964
639.2194314681809
638.3368363409444
636.6705480079024
636.6705480079024
636.6705480079024
636.464454241981
636.345055924278
636.3296906760831
636.3296906760831
636.3296906760831
635.7231365000316
635.4859761940311
635.2564569471291
634.943242230979
634.7727463595218
634.7727463595218
634.7727463595218
634.1775348780466
634.1775348780466
633.4723043422331
633.4723043422331
633.4723043422331
633.4723043422331
633.4723043422331
633.2945483939069
633.2708599065013
633.1643291353051
633.1643291353051
633.1311244435841
633.1311244435841
633.1311244435841
633.1311244435841
633.1311244435841
633.1311244435841
633.1311244435841
633.1311244435841
633.0420550155316
633.0420550155316
633.0420550155316
633.0420550155316
633.0420550155316
633.0420550155316
633.0308994748941
633.0308994748941
633.0308994748941
633.0308994748941
633.0308994748941
632.9944736178506
632.9944736178506
632.9944736178506
632.9944736178506
632.9944736178506
632.9944736178506
632.990334120778
632.990334120778
632.9712013058668
632.8701667825862
632.852815087663
632.5341925324182
632.5341925324182
632.5341925324182
631.4073385923801
631.4073385923801
631.2101749903917
631.2101749903917
631.2101749903917
631.2101749903917
631.2101749903917
630.9544722513793
630.8739559370687
630.7234151679327
630.2315123936919
627.0835762413606
627.0835762413606
626.3275083089368
626.3275083089368
626.3275083089368
626.2145647445819
625.6340615819437
625.6340615819437
625.6340615819437
624.9991814121772
624.9991814121772
624.9991814121772
624.9991814121772
624.995817809305
624.875165411537
624.875165411537
624.875165411537
624.875165411537
624.875165411537
624.875165411537
624.875165411537
624.875165411537
624.670215244536
624.670215244536
624.670215244536
624.5519565554956
624.5519565554956
624.5519565554956
624.5519565554956
624.5519565554956
624.5519565554956
624.5519565554956
624.5519565554956
624.5519565554956
712.0753436059027
709.7103863594809
686.0539611731499
680.1505337418185
674.188535164803
674.188535164803
674.188535164803
669.4829581229314
663.8889546312984
663.8889546312984
663.8889546312984
662.7272762881039
654.4263024854637
654.4263024854637
651.4951795883127
650.7205575392945
644.434976741654
639.5118594786654
637.4417219177958
637.4417219177958
637.4417219177958
637.3251015622706
637.3251015622706
637.3251015622706
632.7538429018306
632.7538429018306
632.7538429018306
632.7538429018306
632.06618375112
632.06618375112
632.0635499479127
631.3244926325674
631.3244926325674
631.3244926325674
631.0738402892904
629.6260500885932
628.361287975831
628.361287975831
628.361287975831
628.361287975831
628.361287975831
628.361287975831
628.1821032983479
