703.7835062719472
692.1845660072238
681.0335494315186
681.0335494315186
681.0335494315186
678.4578558763068
671.2795693552397
671.2795693552397
665.1708188443802
665.1708188443802
665.1708188443802
665.1708188443802
665.1708188443802
665.1708188443802
665.1708188443802
658.7678510241022
658.7678510241022
658.7678510241022
658.3617653186507
656.7205407376266
656.7205407376266
656.7205407376266
656.7205407376266
656.7205407376266
656.7205407376266
653.5202411504904
651.220411322499
651.220411322499
651.220411322499
650.6503000284673
650.6503000284673
650.4516286080154
650.4516286080154
648.3510570069949
646.3238382990235
646.3238382990235
646.3238382990235
646.3238382990235
646.3238382990235
646.0205357057298
645.055145513812
645.055145513812
645.016761280826
643.7242318484874
643.7242318484874
643.7242318484874
643.582008233793
643.582008233793
643.582008233793
642.9597759129389
642.6439483733941
642.6439483733941
642.6439483733941
642.6439483733941
642.5465719664234
642.5465719664234
642.5465719664234
642.5465719664234
642.5465719664234
642.369007122327
642.369007122327
642.369007122327
642.3081268643302
642.3081268643302
642.2906179600902
642.2906179600902
642.2906179600902
642.2906179600902
642.2906179600902
642.2687255873542
642.2687255873542
642.2687255873542
642.2622018026202
642.2622018026202
642.2622018026202
642.2622018026202
642.2622018026202
642.2622018026202
642.1961508663304
642.1961508663304
642.1961508663304
642.1961508663304
642.1961508663304
642.1961508663304
642.1961508663304
642.1553674599727
642.1553674599727
642.1553674599727
642.1553674599727
642.1553674599727
642.1553674599727
642.1553674599727
642.1553674599727
642.1553674599727
731.8560814565269
704.8934283707968
704.8934283707968
694.1424242663536
676.1745818393634
674.9490453381117
674.9490453381117
674.8309260066609
667.8545800051498
660.744592208496
660.5779049909892
660.5779049909892
655.8613337343168
655.0286684035663
651.2774633637733
640.2226503117853
640.2226503117853
640.2226503117853
640.2226503117853
640.2226503117853
640.0320943151237
636.4811382762372
636.4811382762372
635.53395207228
634.1894012326245
634.1894012326245
634.1894012326245
633.851178427343
633.851178427343
632.965744463968
630.9386482188332
630.9386482188332
630.9386482188332
630.6464069462729
629.7952020744351
629.7952020744351
629.3130618704242
628.5492840852833
628.5492840852833
628.2681329039968
628.2681329039968
628.2681329039968
628.2681329039968
627.9074171574824
627.2361767346018
627.2361767346018
627.2361767346018
626.9566981080479
626.6007089221157
626.3950025586836
626.3950025586836
626.262155614632
626.262155614632
626.0706723748968
626.0706723748968
626.0706723748968
626.0706723748968
626.0706723748968
626.0307242920213
626.0307242920213
626.0307242920213
626.0307242920213
625.8433450047925
625.8433450047925
625.6480416980243
625.6480416980243
625.6480416980243
625.6480416980243
625.6480416980243
625.5701163666432
625.5701163666432
625.5701163666432
625.5436970174702
625.5436970174702
625.5436970174702
625.4985146062498
625.4985146062498
625.4985146062498
625.4985146062498
625.4985146062498
625.4985146062498
625.4985146062498
625.4985146062498
624.6496244608226
624.6496244608226
624.6496244608226
624.6496244608226
624.197186448139
624.197186448139
624.197186448139
624.197186448139
624.197186448139
624.197186448139
624.197186448139
624.197186448139
624.197186448139
623.9657331699749
623.9657331699749
623.9657331699749
623.9657331699749
623.9657331699749
623.9657331699749
623.8962436653424
623.8962436653424
623.8962436653424
623.8962436653424
623.8962436653424
623.8962436653424
623.7651099468197
623.7651099468197
623.7651099468197
623.7651099468197
623.7651099468197
623.7651099468197
623.7651099468197
623.7651099468197
623.7651099468197
731.8560814565269
714.0995963465821
697.6468760964888
682.4261752861107
682.4261752861107
682.4261752861107
682.4261752861107
682.3607099009524
671.2611566054636
671.2611566054636
671.2611566054636
669.8901621702614
669.8901621702614
669.8901621702614
669.8901621702614
666.2763294777558
666.0822125297277
666.0822125297277
665.1209933457302
664.4683812929159
664.4683812929159
662.8490608874478
660.0419159680458
660.0419159680458
660.0419159680458
660.0419159680458
658.8379973114614
658.6682758493066
658.4909977398714
658.4909977398714
658.4909977398714
657.6276539854944
657.6276539854944
657.3085232991707
657.3085232991707
656.9314605876659
656.9314605876659
656.5377695101727
654.5906595892479
654.3792302904246
654.3792302904246
654.3792302904246
654.2468297411192
654.2468297411192
654.2468297411192
654.0668275119846
654.0668275119846
654.0668275119846
654.0668275119846
653.7377485056122
653.6649826737951
653.6649826737951
653.5955023268235
653.5770037422909
653.5770037422909
653.5767782411389
653.5767782411389
653.5767782411389
653.3937102951551
653.3937102951551
653.3937102951551
653.3937102951551
653.3937102951551
653.3937102951551
653.387225263165
653.387225263165
653.387225263165
653.2120706001366
653.2120706001366
653.1606237469857
653.1606237469857
653.1606237469857
653.1606237469857
653.1606237469857
653.1606237469857
653.1606237469857
653.1606237469857
653.1606237469857
731.8560814565269
703.0932758116701
702.1084427916269
688.4514518327849
683.3098478963783
671.5684672732102
665.9645231646142
665.9645231646142
665.9645231646142
665.6989531453396
663.4922169607204
661.8960918564555
659.0782945907658
659.0782945907658
655.8931267478638
650.4150565611042
649.2768757535356
648.2088616297222
648.2088616297222
643.5129762224816
643.5129762224816
643.5129762224816
643.5129762224816
635.7772903343817
635.7772903343817
635.7772903343817
635.7772903343817
635.7772903343817
635.7279665772438
633.4568770072229
627.4325452967933
627.4325452967933
627.4325452967933
625.8500046436975
624.8525469622965
624.8525469622965
624.8525469622965
624.8525469622965
624.8525469622965
623.5367608877481
623.5367608877481
623.4871419745534
622.8610169277345
622.4049536993095
621.5805673320468
621.5805673320468
621.5805673320468
621.4262198329379
621.2831528394166
621.2831528394166
621.2831528394166
621.0786868389619
620.701703020898
619.8907468210441
619.8300589535122
619.6220330897954
619.6220330897954
619.3868505007341
618.3565444255582
618.3565444255582
618.2752442331258
618.2752442331258
618.0459049384312
618.0459049384312
618.0459049384312
617.7011972124719
617.7011972124719
617.7011972124719
617.5606946894562
617.5606946894562
617.4386686148532
617.4386686148532
617.4386686148532
617.1998440963911
616.9818671659137
616.9818671659137
616.9818671659137
616.9625174087564
616.9625174087564
616.9625174087564
616.9625174087564
616.9555218060677
616.9555218060677
616.9555218060677
616.9555218060677
616.9555218060677
616.9555218060677
616.9555218060677
616.9555218060677
616.9555218060677
616.7757461816099
616.7757461816099
616.7757461816099
616.7757461816099
616.7757461816099
616.5711791153421
616.5711791153421
616.5711791153421
616.5711791153421
616.5711791153421
616.5711791153421
616.5711791153421
616.5711791153421
616.5711791153421
731.8560814565269
719.6584608773621
694.3777555129614
689.746621226491
687.5290811078306
677.5652749445326
677.5652749445326
675.406849418448
663.2104804173389
663.2104804173389
663.2104804173389
662.9362173214668
662.9362173214668
662.9362173214668
662.9362173214668
662.9362173214668
661.8034188621726
661.3635453783081
661.1988381414596
661.1988381414596
653.6021174310005
653.6021174310005
653.6021174310005
653.6021174310005
653.6021174310005
653.4218839418504
650.6176566952164
649.0992623090608
649.0992623090608
647.4520436621235
646.7683654252925
644.8964556325168
644.8964556325168
644.8964556325168
643.8049502392694
643.0202508975674
643.0202508975674
642.9511345143006
642.9511345143006
642.9295671990653
642.9295671990653
642.9295671990653
642.6171798518927
642.6171798518927
642.474249904008
642.474249904008
642.1471270586691
642.0006166464243
641.8213474510765
641.8015580996017
641.6082887321347
641.4551128266644
641.4551128266644
641.4551128266644
641.3017498841742
641.3017498841742
641.3017498841742
641.2846846484168
641.2846846484168
641.0810075121113
641.0810075121113
641.076878799095
641.076878799095
640.8891507970284
640.8891507970284
640.8891507970284
640.8891507970284
640.8505051083235
640.8505051083235
640.8505051083235
640.8505051083235
640.8505051083235
640.8505051083235
640.8505051083235
640.8505051083235
640.8505051083235
731.8560814565269
727.0676750523726
713.9657333106373
689.1055793548184
689.1055793548184
689.1055793548184
685.0700031773061
680.7021214382219
667.4518642707321
667.4518642707321
667.4518642707321
665.4536218865579
664.0965441943916
664.0965441943916
662.0320194217948
657.8883332346469
657.8883332346469
656.379352580976
656.379352580976
654.2504287547429
653.1168207149418
653.1168207149418
652.0813723681622
652.0813723681622
651.3330238511328
650.2548486493728
650.2548486493728
650.2548486493728
649.3928467952118
649.3928467952118
649.3736096782292
648.4402641767142
648.0802023425953
647.9174837287694
647.9174837287694
647.9174837287694
647.9174837287694
647.9109886252787
647.6803753776994
647.6622849069953
647.1871051769671
647.1871051769671
646.975810502603
646.975810502603
646.975810502603
646.975810502603
646.8861609821373
644.8082574301304
644.8082574301304
644.8082574301304
644.4408521548045
644.3437499515943
644.1065547526015
644.1065547526015
643.7359432296754
643.7359432296754
643.7359432296754
643.7359432296754
643.7359432296754
643.7359432296754
643.7359432296754
643.6439268322663
643.6077969049941
643.6077969049941
643.6077969049941
643.6034208274255
643.6034208274255
643.5944769714143
643.5944769714143
643.5642569733515
643.5642569733515
643.496854558244
643.496854558244
643.3334165205458
643.3334165205458
643.3334165205458
643.3334165205458
643.3334165205458
643.3334165205458
643.3334165205458
643.3334165205458
643.3334165205458
733.0978486538866
712.0413098007284
696.3252324154378
670.5779384710431
670.3169059856738
668.8010105564028
666.1394301913206
663.263381999128
658.9542932885942
657.1418615844601
654.675876473923
651.412727981977
651.412727981977
651.412727981977
648.607208576857
648.1839555224781
645.1449632774577
642.2187081398201
642.2187081398201
642.2187081398201
640.0429869178645
640.0429869178645
635.9807451846821
635.9807451846821
635.9807451846821
635.6551796678167
635.6551796678167
635.0282571336483
634.7955198375367
634.7776200073866
634.7776200073866
633.8334062767232
632.1699690883547
632.1699690883547
632.1699690883547
631.7388156391589
631.7388156391589
631.2325546110559
631.2325546110559
631.0438806038704
631.0438806038704
631.0438806038704
630.6699783531568
630.1554151305075
630.1554151305075
630.0465340705812
630.0465340705812
629.8879110694636
629.8879110694636
629.8879110694636
629.8879110694636
629.4112779226822
629.4112779226822
629.3705540935592
629.3705540935592
629.3705540935592
629.3705540935592
629.3705540935592
629.3705540935592
629.0095785612965
629.0095785612965
629.0095785612965
629.0095785612965
629.0095785612965
629.0095785612965
629.0095785612965
629.0095785612965
629.0095785612965
733.0978486538866
704.7102770158973
681.5984169059598
681.5984169059598
681.5984169059598
678.9659845450781
672.2806706594828
672.2806706594828
664.3456864302176
664.3456864302176
660.8165347390255
660.8165347390255
660.8165347390255
654.5824384769207
654.5824384769207
653.3398158390518
651.6735029136319
650.8682129338434
650.4726126838857
650.4726126838857
645.001935847045
645.001935847045
645.001935847045
645.001935847045
645.001935847045
645.001935847045
643.950295867878
643.7906008111802
641.6806985766441
641.6806985766441
640.6185365511326
640.6185365511326
640.6185365511326
640.6185365511326
640.2865078850853
640.2865078850853
639.891216635062
639.1786218086002
638.9983345959696
638.2489484032051
638.2489484032051
636.7371976101981
636.6339656882253
635.9852825783291
635.5929244456679
635.3247927957439
635.3247927957439
635.2424101488583
634.0465624520208
634.0465624520208
634.0465624520208
634.0465624520208
634.0465624520208
634.0465624520208
633.8092380080736
633.8092380080736
633.8092380080736
633.1959859830978
633.1959859830978
633.1959859830978
633.1959859830978
633.0482437145967
633.0482437145967
632.914460030594
632.914460030594
632.6481311215184
632.6481311215184
632.6481311215184
632.6481311215184
632.6481311215184
632.6481311215184
632.6481311215184
632.6481311215184
632.6481311215184
733.0978486538866
689.3248304270177
689.3248304270177
689.3248304270177
679.0140161490879
679.0140161490879
673.846631108317
667.0903521983837
667.0903521983837
662.0472866714417
655.3777407335897
649.4872065723415
649.4872065723415
649.4872065723415
648.1873357199595
643.3611734588077
643.3611734588077
641.0285596869753
641.0285596869753
636.9980029750775
636.9980029750775
636.9980029750775
636.4759952543917
636.4759952543917
636.4759952543917
634.3557431349479
634.3557431349479
632.2245921221838
632.2245921221838
632.2245921221838
630.92299490668
630.92299490668
630.92299490668
630.8578591734158
630.6762529763728
630.6762529763728
630.2469837822554
630.2469837822554
630.2469837822554
630.2469837822554
630.2469837822554
630.2469837822554
629.3471733827935
629.3471733827935
629.3471733827935
629.3471733827935
629.3471733827935
629.2413392810355
629.2413392810355
629.2413392810355
628.6975501021734
628.4689211282712
628.4689211282712
628.4689211282712
628.3825352202347
628.1434281016808
628.1434281016808
628.0152726616615
628.0152726616615
627.587175284856
627.587175284856
627.587175284856
627.587175284856
627.5111520981553
627.4818758646378
627.4818758646378
627.479165095993
627.479165095993
627.479165095993
627.479165095993
627.1749501460209
627.124026632253
627.124026632253
626.7985658335106
626.7985658335106
626.7530624365548
626.7530624365548
626.7530624365548
626.7530624365548
626.7530624365548
626.7530624365548
626.7530624365548
626.7530624365548
626.7530624365548
733.0978486538866
703.6472533726261
689.4719984785312
670.2405451069137
670.2405451069137
670.2405451069137
669.5323287830525
660.7496201586321
660.7496201586321
660.7496201586321
660.7496201586321
660.7496201586321
660.7496201586321
660.7496201586321
655.5679065130416
655.5679065130416
655.5679065130416
655.5679065130416
655.5679065130416
655.5679065130416
654.4549332879254
650.293925258559
649.2476781978413
649.2476781978413
649.2476781978413
648.6260917529529
647.0016433273222
647.0016433273222
646.5768189261779
644.7246058538266
644.1644558892294
644.1644558892294
639.8648347970825
639.8648347970825
639.6940340042323
637.9718570815825
637.3260400559254
633.596750466696
633.596750466696
632.9004003579198
632.9004003579198
630.5137300031836
630.3005176076691
630.3005176076691
630.3005176076691
630.3005176076691
630.3005176076691
629.6082835602533
628.8729902569604
628.1264742871577
626.5387045900667
626.5387045900667
626.1038054996893
623.7190587038593
623.7190587038593
623.6431494941689
623.6431494941689
623.6431494941689
623.25168594205
623.2065990896926
623.2065990896926
622.5220912295285
621.785613675558
621.785613675558
621.785613675558
621.785613675558
621.4312700628078
621.4312700628078
621.4312700628078
621.1923722551779
621.1923722551779
621.1923722551779
621.1923722551779
621.1923722551779
621.1620472709828
621.0611528694434
620.8244236748128
620.8244236748128
620.705642641073
620.705642641073
620.705642641073
620.705642641073
620.705642641073
620.705642641073
620.705642641073
620.705642641073
620.705642641073
733.0978486538866
679.2280100011332
679.2280100011332
679.2280100011332
679.2280100011332
679.2280100011332
677.9842950939092
675.2210554588443
675.2210554588443
675.2210554588443
675.2210554588443
675.2210554588443
669.4412847585292
669.3735996807224
669.3735996807224
669.0191587638894
665.3232661238663
663.9000734208374
663.9000734208374
661.9246614599759
660.5522755513774
660.5522755513774
659.8056960353886
659.8056960353886
659.1044084620997
656.7370187975326
656.7370187975326
656.7370187975326
656.7370187975326
656.4966955947376
656.2085394135088
656.2085394135088
655.1651321822989
655.1651321822989
654.7833732134947
653.9000607950792
653.3530709580918
653.3173560378989
653.3173560378989
653.090999879928
653.0146114937537
652.9609325062289
652.0710103807205
652.0710103807205
651.8695132447849
651.6799602301395
651.6483915505152
651.6483915505152
651.3618828456649
651.3618828456649
651.2722822551577
651.2507830479408
651.1959511722748
651.1959511722748
651.140592912176
651.140592912176
651.140592912176
651.0105512595176
650.9040231893268
650.9040231893268
650.7778956685431
650.7778956685431
650.743295469608
650.717663556696
650.717663556696
650.717663556696
650.717663556696
650.717663556696
650.717663556696
650.5080111538094
650.5080111538094
650.5080111538094
650.5080111538094
650.5080111538094
650.3986138861088
650.3986138861088
650.3986138861088
650.3692173305395
650.3692173305395
650.3692173305395
650.3692173305395
650.3692173305395
650.3692173305395
650.3692173305395
650.3692173305395
650.2989394972368
650.2989394972368
650.2989394972368
650.2989394972368
650.2989394972368
650.2989394972368
650.2575806109904
650.2575806109904
650.2575806109904
650.2575806109904
650.2575806109904
650.2575806109904
650.2575806109904
650.2575806109904
650.2575806109904
733.0978486538866
685.8722466895094
684.2192206601005
684.2192206601005
679.1362136644392
674.982415468688
674.982415468688
666.6786885619526
666.6786885619526
666.6786885619526
655.8555315084554
655.8555315084554
655.8555315084554
655.8555315084554
655.8555315084554
655.8555315084554
655.6224344045148
655.6224344045148
655.6224344045148
653.4668503374957
653.4668503374957
653.4668503374957
652.7201731867351
650.3623227353444
648.052262461729
648.052262461729
648.0090977211174
647.7875896336383
647.0557528191696
647.0557528191696
647.0557528191696
646.5810885034608
645.4982921355098
645.248581596061
645.248581596061
645.0900093288504
644.9606981389527
