721.649815496556
716.8067319249328
698.473991284636
680.2833369249408
680.2833369249408
680.2833369249408
675.2884997261772
675.2884997261772
675.2884997261772
674.0479516315177
670.1233132650023
670.1233132650023
665.2990166518401
665.2990166518401
656.2043666511374
656.2043666511374
656.2043666511374
655.4544557230724
655.4544557230724
654.6423529190852
654.6423529190852
654.1038265690796
654.1038265690796
654.1038265690796
651.9429373169247
650.4708300473534
650.4708300473534
650.4708300473534
649.345035730244
649.0079060638406
648.9352950947457
648.6110168890445
647.4160210248049
647.2617735744226
646.2333904951813
646.2333904951813
646.2329892318021
646.2329892318021
646.2329892318021
646.2329892318021
646.1050175199499
646.1050175199499
646.1050175199499
645.6813357981327
645.6813357981327
645.473144754443
645.473144754443
645.473144754443
645.473144754443
645.4181874368824
645.0623276400959
645.0623276400959
644.944791213144
644.944791213144
644.7235316322137
644.7235316322137
644.7235316322137
644.7235316322137
644.6682519631565
644.6682519631565
644.4462284333092
644.4462284333092
644.3410230095745
644.3410230095745
644.3410230095745
644.180600601288
644.0143857627171
643.9394054259512
643.5187342254159
643.5187342254159
643.5187342254159
643.5187342254159
643.5187342254159
643.5187342254159
643.5187342254159
643.5187342254159
643.5187342254159
764.3434016225667
727.4632635122358
711.2809510705555
711.2809510705555
710.1914843190604
706.3753183099229
700.4472133730375
691.8586861210918
679.483419598093
679.483419598093
679.483419598093
679.483419598093
679.409820122668
671.3379687222832
671.3379687222832
671.3379687222832
671.3379687222832
671.3379687222832
670.0018193000308
667.2308689067727
663.5070101992698
663.5070101992698
663.5070101992698
663.5070101992698
661.8748562097993
661.8748562097993
661.6721370281969
661.6721370281969
661.3824938218846
656.2754999196928
655.2333760757457
655.2333760757457
655.2333760757457
653.8166206084486
653.8166206084486
653.8166206084486
652.3498416622091
652.3498416622091
652.3498416622091
652.2064708052512
652.2064708052512
651.9866827768291
651.9866827768291
651.9428283740838
651.9428283740838
651.9428283740838
651.8563688762754
651.841085551044
651.7622536651761
651.4043639084949
651.1246423503363
651.1246423503363
651.1246423503363
650.8874540082395
650.8874540082395
650.8874540082395
650.6708957567515
650.369656659247
650.369656659247
650.369656659247
650.022034329122
650.022034329122
649.718044191659
649.718044191659
649.718044191659
649.4706827259008
649.4706827259008
649.2299779171566
649.2299779171566
648.837756130751
648.837756130751
648.837756130751
648.837756130751
648.7865140122565
648.7711155357692
648.6638960409348
648.4320702395665
648.4320702395665
648.1721742519439
648.1721742519439
648.1721742519439
648.1721742519439
648.1721742519439
648.1478070581455
648.141321486368
648.1247384203741
648.1153285218574
648.1046543642449
648.0273063599586
648.0273063599586
648.0273063599586
647.8692589944235
647.8692589944235
647.8692589944235
647.8692589944235
647.8692589944235
647.8099818442934
647.8099818442934
647.8099818442934
647.8099818442934
647.8099818442934
647.8099818442934
647.8099818442934
647.8099818442934
647.8099818442934
764.3434016225667
724.9399585786535
716.1737178508047
699.9717377416923
694.5438692628728
694.5438692628728
694.5438692628728
694.5438692628728
694.5438692628728
692.033932810803
680.2571194828914
680.2571194828914
680.2571194828914
675.1014287323941
675.1014287323941
675.1014287323941
675.1014287323941
675.1014287323941
675.1014287323941
673.2820954620352
673.2820954620352
670.5288991224891
669.976837215495
668.5631873699051
668.5555968220561
668.5555968220561
668.4902689359644
668.4902689359644
666.7952645561102
666.0880009125854
662.7198015588626
661.7318035769551
661.7318035769551
660.1685231548179
659.5162385072458
656.3828307845421
656.3828307845421
656.3828307845421
656.0937320407288
656.0937320407288
655.5623970070328
655.5623970070328
655.5623970070328
655.5623970070328
655.5623970070328
655.5623970070328
654.9954241601628
654.9954241601628
654.1489374660756
654.1489374660756
654.1489374660756
653.7920816216129
653.7609920645265
653.0915482818461
652.7720747968028
652.7720747968028
652.6325617364331
651.8849028369067
651.5887501611259
651.5887501611259
651.1527409544028
651.118584532919
651.118584532919
651.118584532919
650.653122183687
650.6253213913182
650.6253213913182
650.6053918293901
650.6053918293901
650.6053918293901
650.5916268688085
650.5916268688085
650.5916268688085
650.4942008044239
650.4942008044239
650.4942008044239
650.4942008044239
650.4942008044239
650.4942008044239
650.4942008044239
650.4942008044239
650.4942008044239
650.4607784075184
650.3084876026236
650.3084876026236
650.1399746195225
650.1399746195225
650.1399746195225
650.1399746195225
650.1399746195225
650.1399746195225
650.1399746195225
650.1399746195225
650.1399746195225
650.0833218752618
650.0833218752618
650.0134393365976
650.0134393365976
649.8921164336713
649.8921164336713
649.8921164336713
649.8921164336713
649.8921164336713
649.8921164336713
649.8921164336713
649.8921164336713
649.801706939246
649.7198321054102
649.7198321054102
649.7198321054102
649.7198321054102
649.7198321054102
649.7198321054102
649.7198321054102
649.7198321054102
649.6972975542001
649.6972975542001
649.6972975542001
649.615904460183
649.615904460183
649.615904460183
649.615904460183
649.615904460183
649.615904460183
649.615904460183
649.615904460183
649.615904460183
764.3434016225667
740.0180007115739
714.4459475997817
714.4459475997817
714.4459475997817
709.5227976394367
709.5227976394367
709.5227976394367
709.5227976394367
701.57326786179
701.57326786179
700.8623613363616
700.8623613363616
700.8623613363616
699.1513058714082
683.0954426356022
683.0954426356022
683.0954426356022
680.1602124625912
675.1243283885428
674.8058506613445
674.8058506613445
674.8058506613445
672.7356041739517
672.7356041739517
670.5064661387996
666.7883688091268
666.7883688091268
663.9239207298833
663.9239207298833
663.9239207298833
663.9239207298833
663.9239207298833
663.9239207298833
661.9915737699232
661.9915737699232
659.7085062948856
659.7085062948856
659.7085062948856
658.4039362590893
656.2290200918524
655.9760789323968
655.9760789323968
655.7367734226092
655.0188948745374
655.0188948745374
654.4660311875102
654.3790352985053
654.3790352985053
654.3790352985053
653.242685530138
653.242685530138
653.093466167925
652.9997720220458
652.9997720220458
652.9997720220458
652.9997720220458
652.84734341643
652.84734341643
652.84734341643
652.7379880924959
652.7379880924959
652.7379880924959
652.7379880924959
652.7379880924959
652.7379880924959
652.1687727210581
652.1687727210581
651.9055481211651
651.9055481211651
651.4073436779152
651.4073436779152
651.4073436779152
651.2971569822622
651.1155444747997
651.1155444747997
651.1155444747997
650.9459806935871
650.899674615275
650.899674615275
650.8096374554722
650.8096374554722
650.8096374554722
650.8096374554722
650.8096374554722
650.8096374554722
650.8096374554722
650.7576195303074
650.7576195303074
650.6739225642483
650.6739225642483
650.6739225642483
650.6739225642483
650.6739225642483
650.6739225642483
650.6739225642483
650.6739225642483
650.6739225642483
650.6156060544794
650.6156060544794
650.6156060544794
650.6156060544794
650.6156060544794
650.5911438743384
650.5911438743384
650.5911438743384
650.5911438743384
650.5911438743384
650.5911438743384
650.5911438743384
650.5911438743384
650.5911438743384
764.3434016225667
702.0779975522019
702.0779975522019
702.0779975522019
702.0779975522019
701.3985665841633
701.3985665841633
693.9613163800899
678.2059014025932
678.2059014025932
678.2059014025932
676.6640564963773
670.2973906754578
670.2973906754578
670.2973906754578
667.5182222350426
667.5182222350426
660.80271360551
660.80271360551
660.80271360551
660.80271360551
659.8403066197942
659.8403066197942
656.9078346904269
656.3718782112699
655.7158429827465
655.144723395754
654.2583494948426
653.2971262299462
653.2971262299462
652.0618041964944
652.0618041964944
652.0618041964944
651.6335890373412
650.8101782142805
650.8101782142805
650.8101782142805
650.5382414126165
650.5382414126165
650.4463261441704
650.4463261441704
649.7549227885413
649.7549227885413
649.0510274813887
648.3046527002342
647.9311668363387
646.9038058175461
646.9038058175461
646.9038058175461
646.9038058175461
646.9038058175461
646.6952644800938
646.6952644800938
645.1976507965666
645.1976507965666
645.1976507965666
645.1976507965666
645.0623007477805
644.85628099373
644.7498566142658
644.3139566416517
644.3139566416517
644.3139566416517
644.3139566416517
644.3139566416517
644.3139566416517
644.2021085217904
644.2021085217904
644.2021085217904
644.2021085217904
644.1273733235828
644.0164923862369
644.0164923862369
644.0164923862369
644.0164923862369
643.9541971162444
643.9541971162444
643.7804058062669
643.7804058062669
643.7804058062669
643.7804058062669
643.7804058062669
643.7804058062669
643.7804058062669
643.7804058062669
643.7804058062669
764.3434016225667
721.8436207948206
712.4541741643307
705.0917759629921
691.4673337500151
691.4673337500151
691.4673337500151
682.6384300028799
682.6384300028799
682.6384300028799
682.6384300028799
682.6384300028799
682.6384300028799
680.6537840712473
680.6537840712473
677.4006674674549
677.4006674674549
677.4006674674549
677.4006674674549
669.1154339251898
668.1175601519748
668.1175601519748
664.6127202921598
664.6127202921598
664.6127202921598
664.1402295806702
664.1402295806702
664.1402295806702
664.1402295806702
664.1402295806702
664.1402295806702
664.1402295806702
664.1402295806702
664.1402295806702
764.3434016225667
726.6032422679118
717.6129655301463
703.4129088269714
686.3935478250072
674.5027520224834
662.6665038712044
662.6665038712044
650.2766256813494
650.2766256813494
650.2766256813494
650.2766256813494
650.2766256813494
648.376906338615
648.1836725714259
648.1836725714259
648.1836725714259
643.9815273245283
643.407617341519
641.070461239749
641.070461239749
641.0336593697699
641.0336593697699
641.0336593697699
640.3848868956478
638.0548513433685
637.4776199150385
637.4776199150385
637.4776199150385
635.2974980709748
634.8516943714496
634.3942166843011
634.3942166843011
634.3942166843011
633.5087349547159
633.5087349547159
633.5087349547159
632.9349260680561
632.4942589114443
631.6573519126594
631.6573519126594
631.6573519126594
631.4619551317107
631.2898890477179
630.9256850699392
630.9256850699392
630.9256850699392
630.7404158826516
630.6801980303075
630.6801980303075
630.4210182991686
630.2670768411475
630.2670768411475
630.2670768411475
630.1647769319504
630.1647769319504
630.1647769319504
630.1647769319504
630.1647769319504
630.0686069414854
630.0686069414854
630.0686069414854
629.7507575663735
629.7507575663735
629.7507575663735
629.7507575663735
629.7507575663735
629.5957754961728
629.5178946986784
629.5178946986784
629.5178946986784
629.5178946986784
629.5178946986784
629.5178946986784
629.3128562538615
629.3128562538615
629.3128562538615
629.3128562538615
629.3128562538615
629.2392748376707
629.2392748376707
629.2392748376707
629.2328838167501
629.2328838167501
629.2328838167501
629.2328838167501
629.0833413428969
629.0833413428969
629.0833413428969
629.0833413428969
629.0833413428969
629.0833413428969
629.0833413428969
629.0833413428969
629.0833413428969
764.3434016225667
729.5408055228717
699.1785801655841
699.1785801655841
699.1785801655841
698.1297938221104
695.7350187101484
695.7350187101484
694.4372549899955
683.957272891279
683.957272891279
683.957272891279
683.957272891279
683.957272891279
683.957272891279
683.957272891279
678.7914769626267
678.7914769626267
678.7914769626267
678.7914769626267
678.7914769626267
678.7914769626267
678.7914769626267
678.408403288407
675.0083084747267
674.6411835052749
674.6411835052749
673.3749602025621
670.9134417972439
669.9566943809658
669.9566943809658
669.9566943809658
667.1543151468583
667.1543151468583
667.1543151468583
667.1543151468583
666.9007175151746
660.4715753210085
660.4715753210085
659.299465868815
659.299465868815
658.6146964069434
658.6146964069434
655.766813205273
655.766813205273
655.766813205273
655.2678515925465
655.2678515925465
655.2678515925465
655.1773271815157
655.1773271815157
655.1773271815157
654.1698680471284
654.1698680471284
652.3782297387746
652.3782297387746
652.3782297387746
651.8911718657087
651.649637756078
651.2069655090241
651.2069655090241
650.8253031565479
650.6199213143725
650.2810821257308
650.1831540000678
649.9706074649336
648.9686686819929
648.9686686819929
648.9686686819929
647.6088426527542
647.6088426527542
647.6088426527542
647.6088426527542
647.4454869329938
647.3365152385403
647.3365152385403
647.0757146798644
647.0757146798644
647.0158455640067
647.0158455640067
646.6526937677535
646.6526937677535
646.6526937677535
646.4455341563286
646.4455341563286
646.3623483748488
646.3623483748488
646.3623483748488
646.3288439830839
646.3288439830839
646.3177400805581
646.307002445083
645.7907927351787
644.8229810141638
644.8229810141638
644.8229810141638
644.8229810141638
644.5609745612802
644.3910760034805
644.3910760034805
644.3910760034805
644.2110647542823
644.0352518425595
644.0352518425595
644.0352518425595
644.0352518425595
644.0352518425595
644.0299899386673
644.0299899386673
643.9992655899198
643.9625624127691
643.8994224573494
643.8994224573494
643.8994224573494
643.8034685614226
643.8034685614226
643.8034685614226
643.7668155927606
643.7668155927606
643.7668155927606
643.7668155927606
643.7668155927606
643.7265579363359
643.7265579363359
643.7265579363359
643.7265579363359
643.7265579363359
643.7265579363359
643.7265579363359
643.7265579363359
643.7265579363359
764.3434016225667
714.3637469868635
714.3637469868635
714.3637469868635
706.6637233536669
706.6637233536669
706.6637233536669
695.7941412710882
695.7941412710882
692.1206775724839
692.1206775724839
692.1206775724839
692.1206775724839
692.1206775724839
692.1206775724839
686.3431801935544
686.3431801935544
677.4049891767644
677.4049891767644
677.4049891767644
677.4049891767644
677.4049891767644
677.4049891767644
677.4049891767644
675.0449694402938
675.0449694402938
674.7136130050678
674.7136130050678
674.7136130050678
674.5820371432235
674.5820371432235
674.2555424812639
674.2555424812639
671.5949574102409
671.5949574102409
669.8172185216962
669.8172185216962
669.8172185216962
668.3237186347849
664.9485547198967
664.9485547198967
664.9485547198967
664.9485547198967
664.9485547198967
664.9485547198967
664.3876764239143
663.6547194604728
663.6547194604728
663.6547194604728
663.5506380643268
663.2537205892295
663.2537205892295
662.8616014592245
662.6024819804197
662.2370849944813
662.2370849944813
662.2370849944813
662.2010046244292
662.2010046244292
662.2010046244292
662.1098090460493
661.4771384577954
661.4771384577954
661.1457237467381
661.1457237467381
660.9097880946306
660.9097880946306
660.9097880946306
660.7261011539904
660.3549799673445
660.1406126238423
660.1406126238423
660.1406126238423
660.0252912881999
660.0252912881999
659.971721505341
659.971721505341
659.6849759730823
659.6849759730823
659.4856391665751
659.4856391665751
658.9409238693204
658.9409238693204
658.9409238693204
658.9409238693204
658.9409238693204
658.9409238693204
658.8973666745621
658.8973666745621
658.8973666745621
658.8973666745621
658.8973666745621
658.8973666745621
658.8973666745621
658.8973666745621
658.8973666745621
658.8288197079133
658.8288197079133
658.8288197079133
658.8288197079133
658.8288197079133
658.8288197079133
658.7342767736159
658.7342767736159
658.7342767736159
658.7342767736159
658.7342767736159
658.7342767736159
658.7342767736159
658.7342767736159
658.7342767736159
764.3434016225667
728.4871465261559
719.5280882673566
701.3176537318585
701.3176537318585
693.1096196424857
692.789906732959
692.789906732959
688.1273007632412
681.4900258251437
681.4900258251437
680.5593117857871
680.5593117857871
676.9390745949336
676.9390745949336
671.4260675707915
671.4260675707915
671.4260675707915
670.5449126875079
670.5449126875079
670.5449126875079
665.9455615122164
665.9455615122164
665.5794387971918
665.5794387971918
659.4196150702854
659.4196150702854
659.4196150702854
656.7929883109822
656.7929883109822
656.7929883109822
656.7929883109822
656.3604084291676
656.3604084291676
655.7728097264106
654.1604566539913
653.8455087771111
653.8455087771111
653.8455087771111
651.3927953635289
651.3927953635289
651.079578757717
651.079578757717
650.1599368421826
649.5730557086378
649.5730557086378
648.9546926695542
647.4623346498595
647.4623346498595
647.4623346498595
647.4623346498595
647.0913060563909
647.0913060563909
647.0913060563909
647.0913060563909
646.0610678099687
645.9643485056056
645.9547081997498
645.9547081997498
645.9547081997498
645.9547081997498
645.7132779113036
645.7132779113036
645.5456666546113
645.1234354313686
645.1234354313686
645.1234354313686
645.1234354313686
645.0643783042257
645.0643783042257
645.0643783042257
645.0349254940905
645.0349254940905
645.0349254940905
644.977905503191
644.9624959259951
644.9624959259951
644.9377624074095
644.8100559400876
644.7870392473859
644.7870392473859
644.7870392473859
644.7870392473859
644.7870392473859
644.7870392473859
644.7870392473859
644.7870392473859
644.7870392473859
644.7349215393582
644.7349215393582
644.7349215393582
644.7349215393582
644.5084505556454
644.5084505556454
644.5084505556454
644.1917494182019
644.1917494182019
644.0881028140702
644.0697645541605
644.0000636594023
644.0000636594023
643.9326719248256
643.9326719248256
643.9326719248256
643.9326719248256
643.9326719248256
643.9014950804581
643.8854981155381
643.8854981155381
643.8823880640028
643.8823880640028
643.8779171879439
643.8660171782731
643.7950524979726
643.7950524979726
643.7950524979726
643.6699172883967
643.6699172883967
643.6699172883967
643.6699172883967
643.6699172883967
643.6342587371183
643.6342587371183
