722.731359975963
712.0463039260866
702.1978868022925
692.6985587064788
677.2617452169297
677.2617452169297
677.2617452169297
677.2617452169297
677.2617452169297
677.2617452169297
677.2617452169297
677.2617452169297
675.2841138367291
675.2841138367291
675.2841138367291
675.2835631862713
675.2002128215183
675.2002128215183
671.7682401780485
670.6881731568659
670.6881731568659
670.6881731568659
669.9102104702231
669.0017833696274
668.6717792349763
668.6717792349763
668.6145421328297
668.6145421328297
667.0812880502629
666.6833875702399
659.6271596487506
659.6271596487506
658.6676757329735
658.6676757329735
656.8671537815967
656.8671537815967
656.8671537815967
656.8671537815967
656.6398320533416
655.8179158889859
655.8179158889859
655.3948710780783
654.2056089206808
654.2056089206808
653.5499154160132
653.5499154160132
653.5499154160132
653.1411848169342
653.0272896891114
652.8491765110863
652.8433201166184
652.8433201166184
652.8433201166184
651.8671411917584
651.8257106134376
651.6097573441267
651.6097573441267
651.3954632494782
651.1296982597046
651.1296982597046
651.1296982597046
650.8160163122175
650.8160163122175
650.7721370036684
650.7721370036684
650.688896131688
650.688896131688
650.594280478221
650.594280478221
650.5691054679148
650.5691054679148
650.5691054679148
650.5279764274427
650.4431219016379
650.4431219016379
650.3884504537706
650.3884504537706
650.3884504537706
650.3606551335059
650.3606551335059
650.3606551335059
650.3470143577988
650.3470143577988
650.3338528215979
650.3338528215979
649.6673272078896
649.6673272078896
649.5726074401298
649.353447273177
649.353447273177
649.2500357064904
649.2500357064904
649.2500357064904
649.2408673665847
649.2408673665847
649.2408673665847
649.2238104583546
649.2238104583546
649.2238104583546
649.0621096110757
649.0621096110757
649.0480719466543
649.0480719466543
649.0480719466543
649.0480719466543
648.9798267741875
648.9798267741875
648.9798267741875
648.9798267741875
648.9798267741875
648.9798267741875
648.9798267741875
648.9798267741875
648.9798267741875
723.2844701560141
713.1907646847712
708.6938471771912
688.4178771837852
673.9367782391947
671.6969311231389
671.6969311231389
670.612865869387
670.612865869387
670.612865869387
667.4180570310017
667.4180570310017
667.4180570310017
667.4180570310017
661.01551349308
653.680417970449
653.680417970449
653.680417970449
653.1347619128954
653.1347619128954
653.1347619128954
653.1347619128954
652.3008261446303
648.9400714720665
648.9400714720665
647.2022172333234
647.2022172333234
645.2855599773127
642.5453000202298
642.5453000202298
641.8229956901997
641.8229956901997
640.0608145789306
640.0322747742961
640.0322747742961
639.4063186323216
639.4063186323216
639.4063186323216
639.1647049799464
639.107402380282
639.107402380282
639.0764338104273
638.699804249381
638.699804249381
638.4041164704793
638.4041164704793
638.2560697671095
637.9288365588648
637.9288365588648
637.6916165917601
637.6916165917601
637.4009173961882
637.4009173961882
637.4009173961882
637.4009173961882
637.2649906229572
637.2649906229572
637.1246332941207
637.1246332941207
637.0547863238589
637.0547863238589
636.9772716725412
636.9772716725412
636.9772716725412
636.8982736293842
636.8982736293842
636.8982736293842
636.8982736293842
636.8982736293842
636.8982736293842
636.7599280235386
636.7599280235386
636.7599280235386
636.7599280235386
636.7599280235386
636.7599280235386
636.6710548572812
636.6710548572812
636.6498850396298
636.3603813101081
636.3603813101081
636.3603813101081
636.3603813101081
636.3603813101081
636.3603813101081
636.3603813101081
636.3603813101081
636.3603813101081
723.2844701560141
715.4929057849237
713.944392572199
680.0293605539714
680.0293605539714
676.571986266089
676.571986266089
665.688692179835
662.7399292753172
654.4296430943136
648.1897301540718
648.1897301540718
647.7999053822462
646.0829317412819
644.743641317125
640.4407004917181
637.8940068551349
632.0952193249291
632.0677870853218
627.5019789524193
627.5019789524193
625.852200334077
625.852200334077
622.458466583659
622.458466583659
621.369545622404
621.369545622404
621.3270521709452
621.1327717370824
621.1327717370824
621.1327717370824
621.1327717370824
620.8402884483307
620.8402884483307
620.6877953154636
620.6877953154636
620.6877953154636
620.6877953154636
620.6877953154636
620.6877953154636
620.6877953154636
620.0141067796225
619.6444905752967
619.1009964913809
619.0949739843544
619.0949739843544
619.0949739843544
619.0949739843544
618.5318809000659
617.8634505651459
616.9007263859169
616.9007263859169
615.6842639937437
615.6842639937437
615.6842639937437
615.5657413391208
615.3941077440873
615.3941077440873
615.2304095761859
615.2304095761859
615.2304095761859
614.8980442316767
614.6608125837896
614.6608125837896
614.6608125837896
613.4805977328574
611.9852944969916
611.9852944969916
611.7469040900878
611.7469040900878
611.7469040900878
611.7469040900878
611.7469040900878
611.387595415411
611.387595415411
611.387595415411
610.6548541913714
610.6548541913714
610.6548541913714
610.6548541913714
610.6548541913714
610.6548541913714
610.5164434363375
610.5164434363375
610.5164434363375
610.5164434363375
610.5164434363375
610.5164434363375
610.4703482165042
610.4703482165042
609.9543858697173
609.4653501027545
609.4653501027545
609.4653501027545
609.4653501027545
609.0752208975848
609.0752208975848
609.0752208975848
608.8804257077628
608.8804257077628
608.8804257077628
608.8804257077628
608.8804257077628
608.7452182913423
608.7452182913423
608.6650167597309
608.6650167597309
608.571929235576
608.4806330763937
608.4806330763937
608.4806330763937
608.4806330763937
608.4806330763937
608.4806330763937
608.4806330763937
608.4806330763937
608.4806330763937
723.2844701560141
717.6204975074425
708.4989991691552
698.9721619320994
688.0370035160222
683.5655205876258
683.5655205876258
683.5655205876258
678.6900606283126
678.6900606283126
671.5900995386435
671.5900995386435
669.6360276319278
668.1556118340956
668.1556118340956
668.1556118340956
662.6489357866619
662.6489357866619
659.7802509873713
659.7802509873713
659.1856397311274
653.5534225440605
653.5534225440605
653.5534225440605
653.104934609852
652.6453444255831
651.52460469615
651.2224875917458
651.0188944840536
649.1552136333028
648.723041173199
648.723041173199
648.4272875071649
647.740035445891
647.740035445891
647.3744598950332
647.3744598950332
647.3744598950332
647.3417092183796
647.3417092183796
646.849732398893
646.723939818995
646.5621087202596
646.3879821918769
646.1059544423997
644.8100178161197
644.6936302436787
644.6936302436787
644.6936302436787
644.6936302436787
643.4821756295114
643.4821756295114
643.4821756295114
643.4821756295114
643.3845095432052
643.3845095432052
642.8847228769965
642.8847228769965
642.4301760220283
642.4301760220283
642.4057955865079
642.4057955865079
641.824637144299
641.824637144299
641.7397245971254
641.7103262096086
641.7103262096086
641.4673138472701
641.4673138472701
641.4673138472701
641.4673138472701
641.4673138472701
641.4673138472701
641.4620592721841
641.2746671201388
641.2746671201388
641.2746671201388
641.2746671201388
641.1393920546238
641.0387741250515
641.0387741250515
640.9530655678948
640.896251905655
640.896251905655
640.896251905655
640.8082253336803
640.8082253336803
640.8082253336803
640.6839699640353
640.6839699640353
640.5811111916919
640.5811111916919
640.5811111916919
640.5811111916919
640.5811111916919
640.5811111916919
640.5811111916919
640.4476994344949
640.4476994344949
640.3280638349999
640.3280638349999
640.3280638349999
640.3280638349999
640.3280638349999
640.3280638349999
640.3280638349999
640.3280638349999
640.3280638349999
723.2844701560141
717.4174962337174
701.5450222726836
694.6578585981267
692.2353599294062
679.9477981062711
677.2462904062613
658.9227990479362
658.9227990479362
658.9227990479362
653.1472450447112
653.1472450447112
651.6591759597366
651.6591759597366
651.6591759597366
651.6591759597366
651.6591759597366
650.558283048938
648.5644120638252
648.5644120638252
648.563128394891
648.563128394891
648.4696495842473
643.8178241889957
642.7130179566336
642.7130179566336
642.7130179566336
641.7309881996066
641.7309881996066
639.1753371207972
639.1753371207972
639.1753371207972
639.1753371207972
639.1753371207972
638.9485928080336
637.5476885315452
636.5540403278599
636.5540403278599
636.5540403278599
636.5540403278599
636.5540403278599
636.407676785136
636.407676785136
636.3838106864929
635.8139553476242
635.8139553476242
635.8139553476242
635.1099287658021
635.1099287658021
635.1099287658021
635.0506957337229
635.0506957337229
635.0396882165086
634.7281129610191
634.7281129610191
634.4039256529619
634.4039256529619
634.4039256529619
634.1719689202032
634.1719689202032
634.1719689202032
634.09189513012
634.09189513012
633.5727448384771
633.5727448384771
633.5727448384771
633.4130070829627
633.4130070829627
633.4130070829627
633.4130070829627
633.4096594696674
633.4096594696674
633.2688416745648
633.2688416745648
633.2570376690553
633.2570376690553
633.1133470752806
633.1133470752806
633.1133470752806
633.1133470752806
633.1133470752806
633.0047990675447
633.0047990675447
632.9083930240209
632.8561960170389
632.8561960170389
632.8561960170389
632.8154587090743
632.8154587090743
632.2294174759157
632.2294174759157
632.2294174759157
632.1039933751285
632.1039933751285
632.0161016841975
632.0161016841975
632.0161016841975
632.0161016841975
632.0161016841975
631.9338976105922
631.9338976105922
631.9338976105922
631.8142399903834
631.8142399903834
631.8142399903834
631.8142399903834
631.8142399903834
631.8142399903834
631.8142399903834
631.8142399903834
631.8142399903834
723.2844701560141
718.9834793123795
706.411088560694
703.848951122689
690.892809616127
681.232425721536
678.1625333678201
672.217204568607
672.217204568607
672.217204568607
666.2365203229867
666.2365203229867
663.8599569270392
661.8155941067394
661.8155941067394
661.8155941067394
661.8155941067394
661.8155941067394
661.8155941067394
658.9539308099891
658.9539308099891
658.9539308099891
658.9539308099891
658.3619952913161
658.3619952913161
657.8015613711847
656.9203814707646
656.5739202072763
656.5739202072763
656.5739202072763
655.8007903821781
655.4400569352327
653.5880034425721
653.5880034425721
653.5880034425721
653.5880034425721
653.5880034425721
653.5880034425721
653.5880034425721
653.45230520153
653.45230520153
652.8393663804185
652.190180136473
652.1553253591793
651.7209000242818
651.5869118693209
651.5869118693209
651.5869118693209
650.9987583532628
650.3029861365275
650.3029861365275
650.3029861365275
647.6435858561389
647.6435858561389
647.6435858561389
647.6435858561389
647.3217925927264
647.3217925927264
647.3217925927264
647.3217925927264
647.10610491994
646.8394062775255
646.7641778628074
646.7641778628074
646.6092324573202
646.6092324573202
646.5504674399272
645.5811484844385
645.5811484844385
645.5811484844385
645.3884784517842
645.3884784517842
645.3884784517842
645.3884784517842
645.3884784517842
645.3884784517842
645.2961072105758
645.2857487913205
644.9109206456038
644.9109206456038
644.5426164040829
644.5426164040829
644.4668859671349
644.4668859671349
644.3641492029949
644.3641492029949
643.9694322467026
643.7421526799603
643.7421526799603
643.7421526799603
643.7421526799603
643.6206341188199
643.6206341188199
643.6206341188199
643.6206341188199
643.6206341188199
643.6206341188199
643.6206341188199
643.3936284049585
643.3936284049585
642.2070997755609
642.2070997755609
641.912889909973
641.912889909973
641.912889909973
641.912889909973
641.8880405889508
641.8880405889508
641.7368104876018
641.7368104876018
641.7368104876018
641.7368104876018
641.5781555636029
641.4526679744539
641.4526679744539
641.4526679744539
641.4526679744539
641.4526679744539
641.4526679744539
641.3895341578957
641.3333173119992
641.3333173119992
641.2712042140973
641.0710855554938
641.0710855554938
641.0710855554938
641.0710855554938
641.0710855554938
641.0710855554938
641.0710855554938
641.0606087349947
641.0606087349947
641.0373788899285
640.9066026973164
640.9066026973164
640.9066026973164
640.9066026973164
640.9066026973164
640.9066026973164
640.9066026973164
640.9066026973164
640.8082157998582
640.8082157998582
640.629625771847
640.629625771847
640.629625771847
640.629625771847
640.629625771847
640.629625771847
640.629625771847
640.629625771847
640.629625771847
723.2844701560141
717.5402335926141
705.2716664663342
683.339070377751
683.339070377751
683.339070377751
683.339070377751
683.339070377751
683.339070377751
683.339070377751
683.339070377751
682.4268915162368
682.4268915162368
678.5712453003092
678.3520250785566
675.4080602336094
675.4080602336094
675.4080602336094
675.4080602336094
675.0159777834408
669.2667151892773
669.2667151892773
668.5487269750594
663.1856097334692
662.2615765919561
662.2615765919561
662.2615765919561
662.2615765919561
662.2615765919561
662.2615765919561
661.6490154419546
660.6497029066605
659.5303602529362
659.5303602529362
657.6056427397695
657.6056427397695
657.6056427397695
657.4325697025458
657.2475483619393
657.0058789445319
656.7003093112587
656.7003093112587
656.0818295540373
655.5499583520318
655.5499583520318
655.5499583520318
655.5499583520318
655.2957776512071
655.2957776512071
655.2795355759166
655.2795355759166
654.3412145183122
654.3412145183122
654.1604619595697
654.1604619595697
654.1604619595697
653.9829459055202
653.7605850398525
652.4585657714551
651.7994387151
651.7994387151
651.7994387151
651.1420664417363
651.1420664417363
651.0517940346691
650.647095236988
650.4449882607925
650.2409600548615
650.0596194340842
650.0551149240399
650.0072799646529
649.7679662585676
649.7679662585676
649.7679662585676
649.7679662585676
649.5981499787742
649.5981499787742
649.5750752255932
649.5750752255932
649.4721135699302
649.4721135699302
649.4426234379263
649.4426234379263
649.4426234379263
649.4426234379263
649.3066813670613
649.3066813670613
649.3066813670613
649.2703126106543
649.2703126106543
649.2703126106543
649.2703126106543
649.2703126106543
649.2703126106543
649.2703126106543
649.2703126106543
649.2703126106543
723.2844701560141
723.2844701560141
711.4218572866971
702.2873133446668
692.1934283610364
682.1223471416371
672.5315228852738
672.5315228852738
662.0833805283687
662.0833805283687
661.7502857189752
660.0117536899861
656.7282309914557
656.7282309914557
654.5665470338013
654.5665470338013
650.4746017294099
650.4746017294099
650.185114609366
650.185114609366
650.185114609366
649.6641688013218
649.6641688013218
649.6641688013218
644.5528527757298
641.88659674923
641.88659674923
641.8813292905869
639.3049196084739
639.3049196084739
639.3049196084739
638.1015701612231
636.2518075063771
636.2518075063771
636.2518075063771
636.2518075063771
636.2518075063771
636.2518075063771
634.6088343992355
634.6088343992355
632.9124018004957
632.9124018004957
632.9124018004957
631.6301603401425
631.6301603401425
630.73015113882
630.73015113882
630.73015113882
630.73015113882
630.3167585407033
630.2783622456717
629.9506002945755
629.9506002945755
628.9462463532548
628.3951145093979
628.3951145093979
628.3951145093979
628.3951145093979
628.3951145093979
628.3951145093979
628.1551572383166
628.1551572383166
628.1551572383166
628.1551572383166
628.1551572383166
628.1551572383166
628.1551572383166
628.1551572383166
628.1551572383166
723.2844701560141
709.856171404518
698.0835344411989
698.0835344411989
690.0739414600858
690.0739414600858
686.1986089574028
677.3972081143784
674.4143236914379
674.4143236914379
674.4143236914379
669.2094018790142
669.2094018790142
669.2094018790142
669.2094018790142
664.3523885326151
664.3523885326151
664.3523885326151
664.3523885326151
661.5960194266466
661.5960194266466
661.5960194266466
658.7180616792642
658.7180616792642
658.7180616792642
658.3106706760971
655.7843064087119
650.5231604706867
650.5231604706867
650.5231604706867
650.5231604706867
650.5231604706867
650.5231604706867
650.5231604706867
649.9975360119622
649.9975360119622
647.296586332066
647.296586332066
645.2123091400989
645.0468123454473
643.4658121191137
643.4658121191137
643.3094911026908
642.635220140334
642.635220140334
642.635220140334
642.635220140334
642.635220140334
642.5434208976756
642.1416505563706
642.1416505563706
640.7754340684169
640.7754340684169
640.0455465612711
640.0293275429119
640.0293275429119
639.537194214721
639.537194214721
639.537194214721
639.537194214721
639.537194214721
638.8897683689399
638.8516020242903
638.482298114727
638.2349928595071
638.2349928595071
638.2349928595071
637.9654803770145
637.7549908940146
637.394827252265
637.394827252265
637.394827252265
637.394827252265
637.394827252265
637.3862888242961
637.3862888242961
637.3862888242961
637.2947029647919
637.2947029647919
637.2198788011877
637.2198788011877
637.0277298422731
637.0277298422731
637.0277298422731
637.0277298422731
637.0277298422731
637.0277298422731
637.0277298422731
637.0277298422731
637.0277298422731
636.2537347254672
636.2537347254672
636.1847628262632
636.1798993053305
636.1798993053305
636.1019610601172
636.1019610601172
636.1019610601172
636.0360479983595
636.0360479983595
636.0360479983595
636.0360479983595
636.0360479983595
636.0360479983595
636.0360479983595
635.9759170409322
635.9759170409322
635.9759170409322
635.9759170409322
635.9620621410106
635.9620621410106
635.9620621410106
635.9620621410106
635.9110877105585
635.9110877105585
635.9110877105585
635.9110877105585
635.9110877105585
635.9110877105585
635.9110877105585
635.9080228390443
635.9080228390443
635.9060599655093
635.9060599655093
635.9060599655093
635.9060599655093
635.9060599655093
635.8694295129642
635.8694295129642
635.8694295129642
635.8592313315999
635.8592313315999
635.8592313315999
635.8592313315999
635.8592313315999
635.8592313315999
635.8592313315999
635.8592313315999
635.8592313315999
723.2844701560141
723.2844701560141
707.2296679056209
692.4764544416958
692.4764544416958
683.8813535678324
