720.043747021886
710.4927301098636
693.7082253013141
693.1166855637113
689.5215740061548
685.3006267660036
679.7447445043732
675.5502341371969
675.5502341371969
675.5502341371969
675.5502341371969
665.3361571538725
665.3361571538725
661.8954492107999
661.8954492107999
660.3241926918407
660.3241926918407
660.3241926918407
660.3241926918407
660.3241926918407
660.3241926918407
655.6353596985999
652.3364604606024
652.3364604606024
652.3364604606024
652.3364604606024
652.3364604606024
651.2981884901374
650.7570674798413
644.4188655904525
644.4188655904525
644.4188655904525
644.0320901567885
644.0320901567885
644.0320901567885
644.0320901567885
644.0320901567885
644.0320901567885
644.0320901567885
643.3362605998036
642.470151616023
642.470151616023
642.470151616023
642.470151616023
641.6883919530945
640.4710826589502
640.1286479096655
640.1286479096655
639.5475350989573
639.5475350989573
639.5475350989573
638.9380970516198
638.9380970516198
638.3208129093439
638.3208129093439
637.4555953114634
637.4555953114634
637.4555953114634
637.0353333294963
637.0353333294963
637.0124645167812
637.0124645167812
637.0124645167812
636.9004155488431
636.9004155488431
636.8673808424898
636.6381034575066
636.6381034575066
636.6381034575066
636.6381034575066
636.6381034575066
636.6381034575066
636.6381034575066
636.6381034575066
636.5318592048383
636.2463088546958
636.2463088546958
636.2463088546958
635.7075592738793
635.7075592738793
635.4985339654573
634.8931391740848
634.8931391740848
634.7203387500127
634.7203387500127
634.7203387500127
634.7203387500127
634.6841616817891
634.3903222293777
634.378191426744
634.378191426744
634.3527878200217
634.3527878200217
634.3527878200217
634.3527878200217
634.3527878200217
634.1709150970453
634.1709150970453
634.1709150970453
634.1709150970453
634.1709150970453
634.1709150970453
634.1709150970453
634.0921428972667
634.0902059961284
634.0902059961284
634.0563189158213
633.9808064538336
633.9808064538336
633.9808064538336
633.9808064538336
633.9808064538336
633.874988269821
633.874988269821
633.874988269821
633.874988269821
633.874988269821
633.874988269821
633.874988269821
633.874988269821
633.874988269821
743.8896639180016
732.9865160907581
719.380156453228
695.6793062334355
695.6793062334355
679.7198437352635
679.7198437352635
679.7198437352635
679.7198437352635
679.7198437352635
679.7198437352635
679.7198437352635
677.2572071081119
677.2572071081119
676.3960269829807
671.0323932876531
671.0323932876531
668.9435092231553
668.9435092231553
668.9435092231553
668.8383558296492
668.8383558296492
668.8383558296492
664.5317701004628
664.5317701004628
662.4693261234835
662.4693261234835
662.4693261234835
662.4693261234835
662.1246486071982
662.1246486071982
662.1246486071982
661.6188882062763
661.2750657085364
660.7652643922693
659.038933935171
658.9869973789538
657.4734915436061
657.4734915436061
657.4734915436061
657.2941067437237
657.0701184938279
657.0501572479975
656.9636430832537
656.491504492053
656.218889153394
655.7638817928432
655.2748908235056
655.1360505989461
654.6232231437233
654.505166601431
654.4905307479833
654.2865639169271
654.1458936783597
653.9185141399078
653.9185141399078
653.4918373730378
653.4918373730378
653.4918373730378
653.4918373730378
653.4918373730378
653.4725562078387
653.4725562078387
653.4725562078387
653.4142185754766
653.3555754103327
653.3555754103327
652.8077493444625
652.8077493444625
652.8077493444625
652.8077493444625
652.8077493444625
652.8077493444625
652.8077493444625
652.8077493444625
652.8077493444625
743.8896639180016
716.5235821470766
699.5507170497566
689.421473810995
683.8869886826105
683.8869886826105
683.8869886826105
680.2744725737103
678.5796133566818
678.5796133566818
672.2776263790511
672.2776263790511
665.9653201077344
665.9653201077344
652.8365141758769
652.8365141758769
652.8365141758769
652.8365141758769
652.8365141758769
652.8365141758769
646.5964947017931
646.5964947017931
646.5964947017931
644.5394839382868
644.0646696368622
643.769191985436
643.769191985436
642.3772881965839
641.555855397841
641.555855397841
640.8764304375425
640.8764304375425
640.826930336179
640.826930336179
640.0308510948994
639.1275891942124
638.1634896963448
637.8362256540805
637.8362256540805
637.8362256540805
637.8362256540805
637.8362256540805
637.604686479794
637.604686479794
637.295832349766
637.295832349766
636.9494506684309
636.6341600823298
636.248737981968
636.248737981968
636.248737981968
636.248737981968
636.248737981968
636.2261939329363
636.2261939329363
636.1910178173423
636.1910178173423
636.1910178173423
636.1910178173423
635.8793101248064
635.8793101248064
635.8793101248064
635.8245973242591
635.8245973242591
635.8245973242591
635.8245973242591
635.8245973242591
635.8169516839306
635.8169516839306
635.699830713342
635.4173051978573
635.4173051978573
635.4173051978573
635.4173051978573
635.4173051978573
635.4173051978573
635.4173051978573
635.4173051978573
635.295566630646
635.295566630646
635.295566630646
635.295566630646
635.295566630646
635.295566630646
635.295566630646
635.295566630646
635.1705552283462
635.1705552283462
635.1705552283462
635.1705552283462
635.1705552283462
635.1705552283462
635.1705552283462
635.1705552283462
635.1705552283462
743.8896639180016
715.8267185225873
715.8267185225873
701.0702056086932
694.5414966458893
688.1470277610605
683.5475209954519
678.5923843492179
674.1000210017347
674.1000210017347
674.1000210017347
673.5759214744014
669.968706206726
669.968706206726
669.828668723081
663.2240043014248
661.9046851934764
661.9046851934764
658.267465838179
656.9371273274442
656.9371273274442
649.4784131807583
649.4784131807583
649.4784131807583
649.4784131807583
649.4784131807583
649.4503417748534
649.0328271278221
649.0328271278221
649.0328271278221
648.3843671841558
648.1942998383607
648.1942998383607
646.7669200672776
646.7481545866635
646.7481545866635
646.7481545866635
646.7481545866635
645.7195199484922
645.6840290871434
644.7229780346698
644.7229780346698
644.7229780346698
644.7229780346698
643.6256221264205
643.6256221264205
643.6256221264205
643.6256221264205
643.6256221264205
643.6256221264205
643.6256221264205
643.5147115582178
643.2492299440767
643.2492299440767
643.2492299440767
643.2492299440767
643.2492299440767
642.4439189983004
642.4439189983004
642.3852993475656
642.3852993475656
641.7213067572844
641.7213067572844
641.7213067572844
641.7213067572844
641.5476455137398
641.5476455137398
641.5476455137398
641.5476455137398
641.5476455137398
641.5476455137398
641.5476455137398
641.0548670222827
641.0548670222827
641.0548670222827
640.9993059009571
640.6412330473
640.6412330473
640.6101060777983
640.6101060777983
640.6101060777983
640.6101060777983
640.6101060777983
640.6101060777983
640.6101060777983
640.5947461741315
640.5947461741315
640.4761513070636
640.4761513070636
640.4761513070636
640.4761513070636
640.1558480123305
640.1558480123305
640.154780441377
640.154780441377
639.9116493744193
639.9116493744193
639.9116493744193
639.9116493744193
639.9116493744193
639.8928650019715
639.8928650019715
639.6402379372707
639.6402379372707
639.6402379372707
639.6402379372707
639.6402379372707
639.6402379372707
639.6402379372707
639.6402379372707
639.6402379372707
639.6354035255147
639.6354035255147
639.6354035255147
639.6354035255147
639.6354035255147
639.6354035255147
639.5961318497095
639.5961318497095
639.485966354044
639.485966354044
639.485966354044
639.485966354044
639.485966354044
639.485966354044
639.485966354044
639.485966354044
639.485966354044
743.8896639180016
714.8491194633075
712.4039833625143
702.5063621454026
683.7571431039319
683.7571431039319
683.7571431039319
683.7571431039319
683.7571431039319
683.7571431039319
681.6638327171507
681.6638327171507
681.6638327171507
676.9463808150339
676.4025278977891
676.4025278977891
675.7785239891648
675.7785239891648
675.7785239891648
675.2048450454785
671.7475108079267
669.522998262087
669.522998262087
669.522998262087
664.3625020155962
664.3625020155962
662.320341324031
662.320341324031
660.136696852853
660.136696852853
660.136696852853
658.9874990721487
657.7234800754798
657.7234800754798
657.475122180206
655.0830732682881
655.0034042737761
654.5630385079012
654.2973015047179
653.9237515517075
653.1382815465678
652.3031957344682
652.3031957344682
652.3031957344682
651.0534954119354
651.0534954119354
650.3612060317053
650.3612060317053
650.0745890878521
649.3724708605125
649.3724708605125
648.8861490970855
648.5547386971622
648.5547386971622
647.7371923219889
647.6367641366248
647.3962300957842
646.8840428455046
646.8840428455046
646.7746164152366
646.0413724148818
646.0413724148818
646.0413724148818
646.0413724148818
646.0413724148818
645.8875093778788
645.8875093778788
645.8715928775213
645.5510301691197
645.1325948779878
645.1325948779878
645.1325948779878
645.1325948779878
645.1325948779878
645.1325948779878
645.0457003594836
645.0457003594836
645.0214332834073
644.8379646508055
644.8379646508055
644.6244253085929
644.6244253085929
644.6244253085929
644.6244253085929
644.6244253085929
644.6244253085929
644.6244253085929
644.6244253085929
644.6244253085929
743.8896639180016
715.6966827128817
704.518779338381
687.3900339971581
687.2730004243092
673.9392158756038
673.9392158756038
673.9392158756038
662.7160487810597
662.7160487810597
662.7160487810597
662.7160487810597
662.7160487810597
661.5365896516041
658.70403381797
658.70403381797
658.70403381797
658.70403381797
658.70403381797
658.70403381797
658.70403381797
656.4411526852535
656.4411526852535
656.4411526852535
656.4411526852535
656.4411526852535
656.4411526852535
656.4411526852535
650.4372715437528
650.4372715437528
650.4372715437528
650.4372715437528
650.4372715437528
650.4372715437528
649.6505946958525
648.4628816430371
647.9184260566981
647.4474827001021
647.4474827001021
647.3601623853081
647.0651620010715
647.0651620010715
647.0243580711531
647.0243580711531
647.0012507959539
647.0012507959539
646.7425278020169
646.6092381540983
646.4793602833738
646.2642394482423
646.2642394482423
645.9267260995628
645.9267260995628
645.9267260995628
645.9267260995628
645.7685565042509
645.7685565042509
645.7685565042509
645.7574221081945
645.7574221081945
645.6925751561571
645.6925751561571
645.6710428745195
645.6710428745195
645.6710428745195
645.6710428745195
645.5198962319645
645.5198962319645
645.4387340033546
642.8686171881078
641.9843581719222
641.9843581719222
641.9843581719222
641.9843581719222
641.3724857679938
641.3724857679938
641.3724857679938
641.3724857679938
641.3724857679938
641.3724857679938
641.3724857679938
641.3724857679938
641.278192947068
641.278192947068
641.278192947068
641.174799232858
641.174799232858
641.174799232858
641.174799232858
641.174799232858
641.0877585756718
641.0877585756718
641.0537008539982
641.0537008539982
641.0537008539982
641.0537008539982
641.0537008539982
641.0537008539982
641.0537008539982
641.0537008539982
640.8959400689052
640.5179098026898
640.5179098026898
640.2796246774351
640.2796246774351
640.2796246774351
640.2796246774351
640.2796246774351
640.2796246774351
640.2796246774351
640.2796246774351
640.2796246774351
640.1020079314403
640.1020079314403
640.1020079314403
640.0946084163758
640.0946084163758
639.4760060157796
639.4760060157796
639.4760060157796
639.4760060157796
639.4760060157796
639.4760060157796
639.4760060157796
639.4760060157796
639.3723235838692
639.3723235838692
639.3723235838692
639.3723235838692
639.3723235838692
639.3723235838692
639.3723235838692
639.3723235838692
639.3723235838692
743.8896639180016
715.301392671934
699.3615187866501
689.8585787689865
689.8585787689865
686.6112814351026
686.6112814351026
683.8381896970191
674.1078301921664
671.7919481305762
671.7919481305762
665.9409161384508
665.9409161384508
655.88564094185
655.88564094185
655.88564094185
655.88564094185
655.88564094185
655.88564094185
655.88564094185
655.88564094185
655.88564094185
655.494746101843
654.6880073858077
654.6880073858077
653.6631174435174
653.0027727575565
650.740479239081
650.740479239081
649.1815994423633
648.054505446211
648.054505446211
647.6288050171028
647.6288050171028
647.2117264640591
647.2117264640591
646.6970566926095
645.4225200844219
644.6792094642844
644.6792094642844
644.6792094642844
644.3454346176404
644.3454346176404
643.5061282692684
643.5061282692684
643.4355995150449
643.4355995150449
642.9559135365557
642.9559135365557
642.9559135365557
642.7212032852078
642.7212032852078
642.7212032852078
642.3782592600933
641.8102929990742
641.8102929990742
641.6924324822166
641.6718277015157
641.6718277015157
641.6718277015157
641.6510416909225
641.5011744540261
641.4215148310061
641.4215148310061
641.4006073062327
641.4006073062327
641.3619981307043
641.3619981307043
641.3619981307043
641.3619981307043
641.2579092034367
641.2579092034367
641.2579092034367
641.2579092034367
641.2579092034367
641.2579092034367
641.2579092034367
641.2395486546648
641.2139708262081
641.2139708262081
641.2002302313384
641.2002302313384
641.1542247035673
641.0138617189704
641.0138617189704
641.012045634463
641.012045634463
641.012045634463
641.012045634463
640.9911844990381
640.9911844990381
640.9911844990381
640.9911844990381
640.9798042978116
640.9798042978116
640.9798042978116
640.9798042978116
640.9798042978116
640.9798042978116
640.9798042978116
640.9798042978116
640.9798042978116
743.8896639180016
722.1379814177517
710.3985425704421
687.0589776941875
687.0589776941875
683.4859511715275
683.4859511715275
681.7990824910185
679.740359517953
679.740359517953
677.3056382290905
675.0748620623431
668.1994287179236
668.1994287179236
668.1994287179236
668.1994287179236
667.2311087048739
667.2311087048739
661.8166617388266
661.8166617388266
661.8166617388266
658.4556734815654
658.4206060498693
649.8117736128817
649.8117736128817
649.8117736128817
649.8117736128817
647.9319570916097
647.3579549537974
647.3579549537974
647.3579549537974
642.7990902640787
642.7990902640787
642.7990902640787
642.7990902640787
642.7990902640787
642.7990902640787
641.753904593384
641.753904593384
641.753904593384
641.3883365570923
640.307181406532
640.307181406532
640.307181406532
639.4923105043492
639.2911445501782
638.6834286988584
638.563578335418
638.0273753348396
638.0273753348396
637.9822904148632
637.9822904148632
637.7461770684386
637.7461770684386
637.7461770684386
637.40997513633
637.40997513633
637.40997513633
637.40997513633
637.3554606273739
637.101759049165
637.101759049165
637.101759049165
637.101759049165
636.9911187167044
636.9911187167044
636.9572885395032
636.9572885395032
636.9572885395032
636.9572885395032
636.9572885395032
636.9572885395032
636.9572885395032
636.9572885395032
636.9572885395032
636.8149030962908
636.5297331376614
636.5297331376614
636.5297331376614
636.4789232254221
636.4637568482508
636.4637568482508
636.4637568482508
636.4561493697015
636.4561493697015
636.4561493697015
635.924862135374
635.924862135374
635.924862135374
635.924862135374
635.924862135374
635.924862135374
635.924862135374
635.9050193779408
635.9050193779408
635.9050193779408
635.7215052385496
635.7215052385496
635.7215052385496
635.7215052385496
635.7215052385496
635.7215052385496
635.7215052385496
635.7215052385496
635.7215052385496
743.8896639180016
722.1769938833352
708.9547384880113
699.014735582107
692.7653144091059
682.4636812357295
680.0907662569771
679.2766868248707
674.1377955592422
674.1377955592422
674.1377955592422
674.1377955592422
674.1377955592422
674.1377955592422
670.0367260479923
670.0367260479923
670.0367260479923
670.0367260479923
670.0367260479923
670.0367260479923
664.3119536969915
664.3119536969915
664.3119536969915
664.3119536969915
664.3119536969915
662.851373259791
662.851373259791
661.4074058994422
661.4074058994422
657.3845797143379
654.9149660893594
654.9149660893594
654.9149660893594
651.959909507873
651.959909507873
651.959909507873
651.959909507873
651.0317482159592
647.2266612468958
646.8068259666413
646.8068259666413
646.8068259666413
646.8068259666413
646.1845975142828
646.1845975142828
642.4090508996021
642.4090508996021
641.9519901463823
640.7982431991358
638.6986348478127
638.6986348478127
638.6986348478127
638.6986348478127
638.6986348478127
637.8058804965452
637.0929633000587
637.0929633000587
637.0929633000587
634.7955908095496
634.7955908095496
634.7955908095496
634.0639205355699
634.0639205355699
634.0639205355699
634.0639205355699
633.6414174500757
631.9393634814908
631.9393634814908
631.6618250616394
631.3466960919941
630.7924304238761
630.7924304238761
630.7924304238761
630.6397299610201
630.2272005083613
630.2272005083613
629.8256293900051
629.7460969711708
629.4292766008303
629.4292766008303
629.3579311822001
629.3579311822001
629.3579311822001
629.3579311822001
629.3579311822001
629.1749295434049
629.090589619532
629.090589619532
629.090589619532
629.090589619532
629.0351692871227
629.0351692871227
629.0351692871227
629.0351692871227
629.0351692871227
628.7326224059559
628.7326224059559
628.7326224059559
628.7326224059559
628.7326224059559
628.7326224059559
628.7326224059559
628.7326224059559
628.7326224059559
743.8896639180016
720.1162949883953
699.145519287247
691.1128684572512
691.1128684572512
680.9468411265242
680.9468411265242
680.9468411265242
680.9468411265242
680.9468411265242
680.9468411265242
680.9468411265242
680.9468411265242
679.7617807214376
679.7617807214376
678.4141879558281
677.4759162378778
677.4759162378778
675.9558584832961
675.9558584832961
675.9558584832961
663.637020531698
663.637020531698
663.637020531698
663.637020531698
663.637020531698
663.637020531698
663.637020531698
663.451330798574
663.451330798574
659.6802843152531
659.3436141879893
659.3436141879893
658.6087325651555
657.7410405094553
657.7410405094553
657.7410405094553
657.0972792808905
656.4885280443328
656.4885280443328
656.4885280443328
656.4885280443328
656.4885280443328
654.8789133837657
654.8789133837657
654.4995030207061
653.9668273466821
