714.0539118856935
707.5506457486978
689.3476517839383
679.5361355545999
679.5361355545999
679.5361355545999
667.3865814990609
667.3865814990609
667.3865814990609
662.0666715885371
661.9446627085847
661.9446627085847
659.0033008412032
657.3176199587051
657.3176199587051
657.3176199587051
649.6813534243959
649.6813534243959
649.6813534243959
649.6813534243959
649.6813534243959
649.6813534243959
649.6813534243959
649.6813534243959
648.3679055902575
648.3679055902575
648.3318936757041
648.3318936757041
648.2533037234817
646.876543742683
646.1157052728979
645.6670365135643
645.6670365135643
645.2923280443738
645.2923280443738
644.8083466902244
644.6977543288032
644.4595647256635
644.4495806756433
644.371995981586
644.371995981586
644.0353360842156
644.0353360842156
644.0353360842156
643.8267262395174
643.8267262395174
643.7227047230563
643.7227047230563
643.6983037521737
643.6532336467183
643.6532336467183
643.6532336467183
643.4517135425581
643.3687895810156
643.3687895810156
643.3687895810156
643.1644775429096
643.1644775429096
643.066924272097
643.0458435563464
643.0458435563464
642.9215464167146
642.9215464167146
642.9215464167146
642.9215464167146
642.6478096981317
642.6478096981317
642.6478096981317
642.6369424559471
642.6369424559471
642.6369424559471
642.4576990066129
642.4576990066129
642.4576990066129
642.4576990066129
642.4576990066129
642.4439575114734
642.4439575114734
642.443120444957
642.443120444957
642.443120444957
642.443120444957
642.443120444957
642.3308947297763
642.3308947297763
642.3308947297763
642.3308947297763
642.3308947297763
642.3308947297763
641.6028253854093
641.6028253854093
640.9268938570509
640.9268938570509
640.9268938570509
640.9268938570509
640.9268938570509
640.9268938570509
640.9268938570509
640.9268938570509
640.9268938570509
728.0007687675107
691.7306912494969
690.4808828268687
685.3237136711446
661.4108552859363
661.4108552859363
659.1319629311088
659.1319629311088
655.4089537540699
655.4089537540699
649.8656226461467
649.8656226461467
648.1678183251678
646.3737557192441
646.3737557192441
646.3737557192441
646.3737557192441
644.779960237028
641.5314646408984
641.5314646408984
641.5314646408984
641.5314646408984
641.0596488737572
640.3426553353892
636.8406420893731
636.8406420893731
636.8406420893731
634.0271821966883
633.4179019414803
631.6041428042657
631.6041428042657
631.6041428042657
631.6041428042657
631.6041428042657
631.6041428042657
631.6041428042657
631.6041428042657
631.6041428042657
631.0949019780577
631.0949019780577
630.861246638261
630.861246638261
630.861246638261
630.1133429342999
630.1133429342999
630.1133429342999
628.2904257685312
628.002170590699
627.6303273230357
627.6303273230357
627.6303273230357
627.0579002293717
627.0579002293717
626.9115456570106
626.9115456570106
626.9115456570106
624.6102901523108
624.6102901523108
624.6102901523108
624.6102901523108
622.0249759307865
621.9361316939326
621.717016765419
621.717016765419
621.717016765419
620.810458187333
620.1876539104027
620.1876539104027
620.1876539104027
620.1876539104027
619.8454744259211
619.8454744259211
618.8349547966556
618.8349547966556
618.8349547966556
618.8349547966556
618.8349547966556
618.8349547966556
618.7356594760116
618.7356594760116
618.5227784696826
618.5227784696826
618.3813583305345
618.3813583305345
618.2279159441249
618.2279159441249
617.9808013917705
617.9808013917705
617.9808013917705
617.9808013917705
617.9808013917705
617.9531064056429
617.9531064056429
617.9531064056429
617.909230674681
617.6623200368861
617.3049728625714
616.9695153629102
616.9695153629102
616.9695153629102
616.7444724529167
616.7444724529167
616.7444724529167
616.6786013838147
616.6786013838147
616.629085190328
616.4827821657218
616.4748382423558
616.4748382423558
616.2512988122243
616.2512988122243
616.2512988122243
616.1326523647093
616.1326523647093
616.1326523647093
616.1326523647093
616.1326523647093
616.1326523647093
615.821177178959
615.821177178959
615.821177178959
615.821177178959
615.821177178959
615.821177178959
615.821177178959
615.821177178959
615.821177178959
728.0007687675107
711.7821320832871
698.5743058966824
684.0936468786233
684.0936468786233
684.0936468786233
684.0936468786233
684.0936468786233
684.0936468786233
684.0936468786233
684.0936468786233
673.0673358892216
673.0673358892216
671.5315557559811
671.5315557559811
671.5315557559811
670.5192725652971
670.5192725652971
668.1208741482078
666.0026809917969
664.8433632421854
664.8433632421854
664.8433632421854
664.8433632421854
659.1703363737755
657.4121636322395
657.4121636322395
657.4121636322395
656.4596867292071
656.4596867292071
656.2046523366943
656.2046523366943
655.7179640366187
655.7179640366187
655.620299590398
655.5127832113465
655.5127832113465
655.1168210397873
655.1017210262123
655.1017210262123
654.9719501997484
654.6576782647996
654.5997792835707
654.5726275062256
654.431056892334
654.431056892334
654.3593842314197
654.3593842314197
654.327588277104
654.327588277104
654.223839453288
654.2211562371982
654.2211562371982
654.1539967044182
654.1262977334534
654.1262977334534
654.1262977334534
654.1262977334534
654.1262977334534
654.1262977334534
654.1262977334534
654.1262977334534
654.1262977334534
728.0007687675107
715.7543895300483
701.0235892953444
684.4344491404229
681.3631365890668
681.3631365890668
679.0085952683798
678.7042017741793
664.6034995461318
663.8714315575543
660.5464533838095
651.0341026356812
651.0341026356812
651.0341026356812
651.0341026356812
646.203870358937
646.203870358937
646.203870358937
645.8826889170418
645.8826889170418
645.8826889170418
645.8826889170418
645.518480396769
640.9528134184593
640.9528134184593
640.9528134184593
640.9528134184593
640.691199528833
640.1085163406892
639.0461887746285
639.0461887746285
639.0461887746285
639.0461887746285
638.0822887595805
638.0822887595805
635.9259465869166
635.9259465869166
635.9259465869166
635.9259465869166
635.9259465869166
635.653133569721
635.653133569721
635.653133569721
635.6153577942789
634.8128035259755
634.8128035259755
634.8012979584681
634.8012979584681
634.2586404733407
633.6254123398669
633.5997797616549
633.4971726029898
633.2022395342364
633.2022395342364
633.2022395342364
633.2022395342364
632.684393298198
632.684393298198
632.6397557884849
632.6397557884849
632.582783359057
632.582783359057
632.582783359057
632.5101451531888
632.5101451531888
632.4489440203886
632.4489440203886
632.4489440203886
632.4489440203886
632.4489440203886
632.4489440203886
632.4489440203886
632.3540462859869
632.3540462859869
632.3540462859869
632.3540462859869
632.3540462859869
632.3540462859869
631.9842909692126
631.5261962002681
629.5368702415394
628.6346766662717
628.4969747903119
628.4969747903119
627.6759284428847
627.4343621774466
627.4343621774466
627.4343621774466
627.4343621774466
627.050994224118
627.050994224118
626.6813570090771
626.6813570090771
626.4926158103933
626.2952266450633
626.2952266450633
626.2952266450633
626.2952266450633
626.2952266450633
626.2952266450633
626.2952266450633
626.2952266450633
626.2952266450633
728.0007687675107
716.5996853634318
690.5199364427311
688.868546847587
676.2624760542216
676.2624760542216
676.2624760542216
676.2624760542216
676.2624760542216
668.5779316807066
663.6433252730226
663.6433252730226
663.6433252730226
663.6433252730226
657.3353468331702
657.3353468331702
657.3353468331702
657.3353468331702
657.3353468331702
657.3353468331702
657.3353468331702
654.4648830502385
654.4648830502385
654.4648830502385
654.4648830502385
654.4648830502385
654.4648830502385
651.5754855457146
651.5754855457146
650.3274191324257
649.3612981206649
649.2311171688448
649.2311171688448
649.1269481972384
647.682113195152
647.5203447480392
646.2243156477606
646.2243156477606
646.2243156477606
646.2243156477606
646.2243156477606
645.8766573976073
644.5903422881556
644.5903422881556
644.3206108948752
644.3206108948752
644.3206108948752
643.9505649438647
643.8264938313843
643.6113043006646
643.2840213213001
643.2752665075428
643.2603878849942
643.2603878849942
643.2524357511847
642.9702609939633
642.9702609939633
642.9702609939633
642.7809983890114
642.7809983890114
642.7809983890114
642.7809983890114
642.6719038485048
642.6587620767036
642.6587620767036
642.543727472931
642.543727472931
642.543727472931
642.5226357269855
642.5226357269855
642.5226357269855
642.5226357269855
642.5226357269855
642.5226357269855
642.5226357269855
642.5226357269855
642.5226357269855
728.0007687675107
698.084333970535
698.084333970535
685.7373838463083
683.1516403443745
683.1516403443745
683.1516403443745
679.5299973165543
679.5299973165543
676.8598987372919
676.8598987372919
671.6629160117133
671.6629160117133
670.9000167523029
670.9000167523029
670.9000167523029
666.8509733136882
666.8509733136882
664.9264724507668
664.9264724507668
664.9264724507668
664.9264724507668
662.6417293444616
662.1537730581163
662.1537730581163
660.0217298745622
660.0217298745622
660.0217298745622
658.6172402150333
658.6172402150333
657.0158456119161
657.0158456119161
654.7806494782071
654.7806494782071
654.7806494782071
653.30334933219
650.8601342497565
650.8601342497565
650.8601342497565
650.8601342497565
650.8601342497565
650.8601342497565
650.8601342497565
650.8413919353183
650.8413919353183
649.9229177296087
647.9777672746484
647.2599636166017
647.2599636166017
647.2599636166017
647.2599636166017
647.2599636166017
647.2599636166017
646.0913942907531
645.1081797729935
644.7350812358625
644.2620986655483
644.2620986655483
644.2620986655483
643.1991693423541
643.1991693423541
643.1937629851383
643.1937629851383
642.9611982272347
642.6686344511335
642.4147440843585
642.4147440843585
642.3620260511036
642.3620260511036
641.7108145306108
641.7108145306108
641.7108145306108
641.7108145306108
641.3270692547915
641.3270692547915
641.3270692547915
640.8546909300075
640.8053531491012
640.4981932301554
640.4981932301554
640.4981932301554
640.4981932301554
640.4981932301554
640.4981932301554
640.1772742737262
640.1772742737262
640.1772742737262
640.1772742737262
640.1772742737262
640.1772742737262
640.1020637563912
640.1020637563912
640.1020637563912
640.0460001054277
640.0460001054277
640.0460001054277
640.0460001054277
640.0460001054277
639.9450447529298
639.9450447529298
639.9450447529298
639.8556577951588
639.6223793804555
639.6223793804555
639.6223793804555
639.5156998156102
639.5156998156102
639.5156998156102
639.3836171108444
639.3836171108444
639.1716907006044
639.1716907006044
639.1716907006044
639.1716907006044
639.1716907006044
639.1716907006044
639.1716907006044
639.1716907006044
639.1716907006044
728.0007687675107
702.3220144261231
693.4239372134148
685.2480159886836
680.2725196914299
673.7007982167636
673.7007982167636
673.7007982167636
673.7007982167636
673.7007982167636
673.7007982167636
671.8905298446899
670.3477405112764
666.8052995181355
665.5117309317892
665.5117309317892
664.7288597424146
663.9532690037004
663.9532690037004
663.9532690037004
661.8757223918165
658.2642446874911
658.2642446874911
658.2642446874911
658.2642446874911
658.2642446874911
658.2642446874911
654.3011438266901
654.3011438266901
654.3011438266901
654.3011438266901
654.1802005714799
652.8875080344224
652.8875080344224
652.8875080344224
652.8875080344224
652.0247296261565
651.8719761039747
650.1520309749048
648.8930980430083
648.8930980430083
648.8930980430083
648.8930980430083
648.8930980430083
647.7531366682717
647.7531366682717
643.2267226133896
643.2267226133896
643.2267226133896
643.2267226133896
641.894107043163
641.894107043163
641.894107043163
639.6537378223034
638.7071187983355
638.7071187983355
638.7071187983355
637.7843550685869
637.7843550685869
637.4776059722731
636.4405566376845
636.4405566376845
634.9633740197885
634.9633740197885
634.9633740197885
634.9633740197885
634.8291443756744
633.9433572488952
633.1442367063784
633.1054897843811
633.1054897843811
633.1054897843811
632.9770219143614
632.9770219143614
632.8731871491518
632.6239039434466
632.5919536719537
632.2084385413657
631.9556154204186
631.9556154204186
631.9556154204186
631.9556154204186
631.9556154204186
631.7819881328326
631.7819881328326
631.6347847568272
631.6347847568272
631.6347847568272
631.6347847568272
631.6347847568272
631.5700304726519
631.5700304726519
631.5700304726519
631.5700304726519
631.5700304726519
631.5700304726519
631.4977942159043
631.4977942159043
631.4909299902381
631.4909299902381
631.4909299902381
631.4823461550045
631.4823461550045
631.4354011851848
631.4354011851848
631.4354011851848
631.4354011851848
631.4354011851848
631.4206266341222
631.4206266341222
631.4206266341222
631.4206266341222
631.4206266341222
631.3443788627551
631.3443788627551
631.3443788627551
631.3443788627551
631.3443788627551
631.3443788627551
631.3443788627551
631.3443788627551
631.3443788627551
728.0007687675107
713.6762233348813
688.1429837948464
687.1676845303962
686.9529615848354
667.9712982280968
667.9712982280968
667.9712982280968
663.6265840416745
660.0118370122451
660.0118370122451
660.0118370122451
651.6104604383338
651.6104604383338
651.6104604383338
651.6104604383338
648.4485987850891
645.248299928737
645.248299928737
642.4613463648853
639.3172473087177
639.1375043015419
639.1375043015419
639.1375043015419
639.0770626929456
638.7375347606222
638.6994205501646
638.6994205501646
638.6163313895727
638.6163313895727
638.4334834668355
638.3586121400863
638.0300357992634
638.0300357992634
637.1757618281765
637.1757618281765
637.1757618281765
637.1757618281765
636.604195144236
636.604195144236
636.604195144236
636.0424376179976
636.0424376179976
635.637539246279
635.637539246279
635.637539246279
635.1529666291732
635.1529666291732
634.828183248323
634.7064604400755
634.3692143937957
634.3692143937957
634.2528104641624
634.2528104641624
634.2528104641624
634.1603160475868
634.1603160475868
634.1603160475868
634.0243985932515
633.7657699418556
633.7657699418556
633.7657699418556
633.7657699418556
633.7657699418556
633.7657699418556
633.7657699418556
633.7657699418556
633.7657699418556
728.0007687675107
724.4687403105598
707.8548649109772
694.6514674823203
678.0747859732858
662.2662247524853
662.2662247524853
659.6393869895984
659.6393869895984
655.5509141207513
655.1682699064098
655.1682699064098
655.1682699064098
655.1682699064098
655.1682699064098
655.1682699064098
655.1682699064098
654.1270281615307
654.1270281615307
654.1270281615307
654.1270281615307
654.1270281615307
654.1270281615307
650.3992757018797
650.3992757018797
650.3992757018797
650.3992757018797
650.3992757018797
649.1516980027487
647.9493814900028
647.9493814900028
647.9493814900028
647.9493814900028
644.320987903752
644.320987903752
644.320987903752
644.320987903752
644.320987903752
644.3104344327348
643.7840649579161
643.7840649579161
643.519428661178
641.0937533932458
641.0937533932458
641.0937533932458
640.0593914708031
640.0593914708031
639.6715055014473
639.3850600445809
639.3850600445809
638.7312122852056
637.7100114584072
637.659630082052
637.659630082052
637.3783335873794
636.5844912778717
636.5844912778717
636.5844912778717
635.9522432360912
635.5864059216256
635.4004474096374
635.3116338352982
634.8977260812251
634.8977260812251
634.8977260812251
634.6843841109408
634.4695761803116
634.2234443308021
634.2234443308021
634.1137737342564
634.1137737342564
633.0220729584678
633.0220729584678
633.0220729584678
632.503127061259
632.503127061259
632.503127061259
632.3439027060119
632.3439027060119
632.3439027060119
632.2459018377826
632.2459018377826
632.2459018377826
632.2459018377826
631.878654192692
631.878654192692
631.878654192692
631.878654192692
631.878654192692
631.878654192692
631.878654192692
631.878654192692
631.7541109359921
631.7541109359921
631.7541109359921
631.5820720855105
631.5820720855105
631.5820720855105
631.5820720855105
631.5820720855105
631.5820720855105
631.5820720855105
631.5820720855105
631.5820720855105
728.0007687675107
710.6753516628289
694.2962633952692
683.0387877768479
683.0387877768479
683.0387877768479
678.8750783938849
678.8750783938849
674.6084393154588
674.6084393154588
674.6084393154588
673.3060766934891
673.3060766934891
669.1092122683532
666.5670778634616
666.5670778634616
666.5670778634616
666.5670778634616
663.1549408349983
658.5857465730861
656.4191953078305
656.4191953078305
656.4191953078305
656.4191953078305
656.4191953078305
655.5541023452702
655.5541023452702
654.0518130366688
651.9968908844696
651.9968908844696
649.370823414691
649.370823414691
648.7266076076495
648.7266076076495
643.3727420300435
640.2181377296256
640.2181377296256
640.2181377296256
640.2181377296256
640.2181377296256
639.2817054174593
639.2817054174593
638.4747834471368
638.4747834471368
636.6974948149212
636.507541205196
636.507541205196
636.507541205196
635.834513265195
633.9934581712571
633.9934581712571
633.9934581712571
633.9934581712571
633.261256024245
632.4902603033327
632.4902603033327
631.2715857140961
627.7233714799148
627.1611631571249
625.17732339391
625.17732339391
624.2018161317775
623.4225121241456
621.5375194515991
621.5375194515991
621.1075385495332
621.1075385495332
621.1075385495332
621.1075385495332
620.6225597729465
620.3484831533623
619.3898113753293
619.0114043339473
618.8968389257714
618.5487249706193
617.9106611493955
617.9106611493955
616.9537025147066
616.9537025147066
616.8726642116185
616.8726642116185
616.7385145039204
616.6529258902584
616.3138061805078
616.3138061805078
616.3138061805078
616.1290467823563
615.6357981629089
615.6357981629089
615.6357981629089
615.5589426794025
615.4074610458632
615.2348241939696
615.2348241939696
614.9388759017952
614.9388759017952
614.9388759017952
614.9388759017952
614.9388759017952
614.4551861396989
614.3343412452903
614.3343412452903
613.90220396204
613.90220396204
613.90220396204
613.7933947193701
613.7933947193701
613.7933947193701
613.7488700998653
613.7488700998653
613.7488700998653
613.7488700998653
613.7487855244619
613.7487855244619
613.6494681272493
613.6494681272493
613.6494681272493
613.6494681272493
