692.6812992881308
681.1221645012946
677.9001742233982
672.5331927005245
658.8128852842133
654.0206293945892
648.2204053436135
640.2401782971964
637.2019310020594
633.3864374468155
632.6522113117106
630.8706778820439
627.6071987770222
627.6071987770222
627.2636520496688
625.1603746483888
624.194575535811
624.194575535811
621.0757004917798
621.0757004917798
620.8654024238174
620.8654024238174
620.5551417706911
620.0448362263128
617.7952542387218
617.7952542387218
617.7952542387218
617.5425747690508
617.5425747690508
617.5425747690508
617.1954879074996
615.3472569912008
615.2904412298755
614.8936536180482
614.8936536180482
614.2567370579941
613.3774868753843
613.3774868753843
613.3062672524402
612.7501153735177
612.7501153735177
612.2520023082917
611.9488995033529
611.9488995033529
611.107640399385
611.107640399385
610.7536049114418
610.6556098021842
610.5726696951881
610.2964121358765
610.2964121358765
609.3625472658747
609.3625472658747
609.3625472658747
609.3625472658747
609.3625472658747
609.0749233576141
608.6641020558527
608.6641020558527
608.2505835514759
607.9644503359709
607.9644503359709
607.4445869231813
607.4445869231813
607.4445869231813
607.4445869231813
607.1051334335873
607.1051334335873
606.8308478110847
606.6653071355262
606.6653071355262
606.4208591086875
606.1669736196094
606.1065632670708
606.0582350031884
606.0582350031884
606.023305920894
605.3917688123378
605.3220181290206
605.3220181290206
605.3220181290206
605.3220181290206
605.2709581741818
605.2709581741818
605.2709581741818
605.2060017662528
605.2060017662528
605.2060017662528
605.2060017662528
605.1434111597879
605.1434111597879
605.1434111597879
605.1434111597879
605.1434111597879
605.1414300312525
605.0986870407738
605.0986870407738
605.0656898187891
605.0656898187891
605.0656898187891
605.0656898187891
605.042795082239
605.042795082239
605.042795082239
604.9930380501277
604.9930380501277
604.9930380501277
604.9930380501277
604.9930380501277
604.9332393277055
604.9332393277055
604.9332393277055
604.9332393277055
604.8282099455702
604.8282099455702
604.8282099455702
604.8282099455702
604.7445056193806
604.7105664940246
604.7105664940246
604.7105664940246
604.7105664940246
604.7105664940246
604.7105664940246
604.7105664940246
604.7105664940246
604.7105664940246
712.019412516572
684.0835429026333
684.0835429026333
682.8944496537301
682.8944496537301
675.6264724477612
675.6264724477612
664.575708701269
664.575708701269
663.8698161170802
663.8698161170802
663.8698161170802
663.8698161170802
661.7727649709302
661.7727649709302
655.4068326683423
655.2469324823104
655.2469324823104
654.3407857793529
652.0406908023011
650.0279640662175
646.6687312475193
644.7957386016067
644.7957386016067
644.7957386016067
644.7957386016067
642.7294941745062
642.7294941745062
642.7294941745062
642.5382805773871
641.8794628316286
641.8794628316286
641.3837791811623
641.3837791811623
640.2904937628583
639.809860318739
639.6210044077375
639.0492826002295
639.0492826002295
638.39703891522
638.2983479016262
636.8345330836487
636.8345330836487
636.8345330836487
636.7202235558273
636.7202235558273
636.6045868532693
636.1170487281605
636.1170487281605
635.5783656911879
634.285821708048
634.285821708048
634.285821708048
633.5275440591477
633.5275440591477
633.5275440591477
633.5275440591477
633.4564064428431
633.4564064428431
633.4564064428431
633.4564064428431
633.4564064428431
633.4564064428431
633.4564064428431
633.4307624776961
633.0876342663643
633.0876342663643
633.0876342663643
633.0876342663643
633.0876342663643
632.9175451473136
632.635699759844
630.9604917273393
629.0059269996199
629.0059269996199
628.390275580637
628.2810169544222
628.1020430193778
627.9276563211305
627.9276563211305
627.6243242574616
627.6243242574616
627.6243242574616
627.4187199755019
627.4187199755019
627.4187199755019
627.1296444130577
627.1296444130577
626.8683410221224
626.8683410221224
626.577131427279
626.577131427279
626.577131427279
626.577131427279
626.577131427279
626.577131427279
626.577131427279
626.577131427279
626.577131427279
712.019412516572
692.7771100901198
691.1958582699758
671.2339133194301
662.2147483751329
662.2147483751329
662.2147483751329
662.2147483751329
662.2147483751329
662.0680156671285
662.0680156671285
660.9612224924485
660.9612224924485
660.9612224924485
660.9612224924485
660.9612224924485
660.9612224924485
660.9612224924485
660.9612224924485
660.9612224924485
712.019412516572
692.3902589161593
672.9408504102955
661.9858078923935
661.9858078923935
661.9858078923935
661.9858078923935
661.9858078923935
661.9858078923935
652.0434150425386
652.0434150425386
647.6769090751299
647.6769090751299
647.6769090751299
647.6769090751299
647.0708556115803
640.3245739510893
640.3245739510893
638.090819414317
638.090819414317
638.090819414317
630.8740987865948
630.8740987865948
630.8740987865948
630.8740987865948
630.3612228072475
630.3612228072475
630.3612228072475
630.3612228072475
630.3612228072475
630.3612228072475
630.3612228072475
629.2474116056898
628.6348814328451
627.557728522673
626.9966138167966
626.9966138167966
625.7939118332381
623.7107219926723
623.7107219926723
623.7107219926723
621.6755828978121
621.6755828978121
621.6755828978121
621.6755828978121
620.8839820591234
620.6614960906378
620.6614960906378
620.6614960906378
620.0295200651121
620.0295200651121
619.6019492066605
619.6019492066605
619.3672511094255
619.3672511094255
619.3672511094255
619.2910192420701
618.8276949268591
618.7435065820566
618.5711485133064
618.5711485133064
618.118187421328
618.118187421328
618.118187421328
618.118187421328
618.118187421328
618.1015412143546
618.1015412143546
618.1015412143546
618.1015412143546
618.1015412143546
618.1015412143546
618.1015412143546
618.1015412143546
618.1015412143546
617.8367448806376
617.8367448806376
617.8367448806376
617.8367448806376
617.8367448806376
617.8367448806376
617.8367448806376
617.8367448806376
617.8367448806376
712.019412516572
685.1586564333331
685.1586564333331
683.8303935948613
670.5604488009872
659.7898236774533
655.808497453312
655.808497453312
646.9036452784103
646.9036452784103
646.9036452784103
644.3427674774716
644.3427674774716
640.474938402566
640.474938402566
640.474938402566
640.474938402566
640.474938402566
640.474938402566
640.474938402566
640.474938402566
639.7598087054726
637.6125321280932
636.955199434155
636.134830241805
636.1182536497815
634.1997723985614
633.9152467383472
632.997061311068
632.997061311068
632.4656444512309
632.3306569694955
632.1285445327721
631.2532634482377
631.2532634482377
631.2092126678148
631.2092126678148
630.9936087964987
630.9936087964987
630.9936087964987
630.9936087964987
630.9262220237208
630.1906444555361
630.1906444555361
630.1906444555361
630.1906444555361
630.1906444555361
630.1906444555361
630.1906444555361
630.1906444555361
630.1906444555361
712.019412516572
675.9092964504326
675.9092964504326
675.9092964504326
675.9092964504326
666.3385473473197
662.0702126049149
651.8002470037375
651.8002470037375
651.8002470037375
645.006370021882
645.006370021882
645.006370021882
645.006370021882
645.006370021882
645.006370021882
645.006370021882
645.006370021882
642.9324160183191
642.9324160183191
642.9324160183191
642.9324160183191
640.1122980927178
640.1122980927178
640.1122980927178
640.1122980927178
640.1122980927178
640.1122980927178
640.1122980927178
638.9703289467438
638.9703289467438
638.9703289467438
638.9703289467438
637.9958739286022
637.8757703795077
637.8757703795077
637.8757703795077
637.637206973533
637.059136170636
637.059136170636
637.059136170636
634.9002540018384
634.9002540018384
634.5189863318167
634.5189863318167
634.5189863318167
633.7463541660051
633.7463541660051
633.7463541660051
633.7463541660051
633.7463541660051
633.7463541660051
633.3692458011193
633.3692458011193
633.3692458011193
633.3692458011193
633.1278614579221
633.1278614579221
632.7513835715486
632.7513835715486
632.5801264253776
632.5801264253776
632.4546870574273
632.4546870574273
632.0515642376731
632.0515642376731
632.0515642376731
632.0515642376731
631.7706683698111
631.6144098174768
631.5586007131758
631.1994397550556
631.1994397550556
631.1545272571146
631.1545272571146
631.1115428428981
631.1115428428981
630.9086554935251
630.9086554935251
630.9086554935251
630.8434817410932
630.8434817410932
630.7243426212863
630.7243426212863
630.7243426212863
630.7243426212863
630.7243426212863
630.6373265638365
630.6373265638365
630.6373265638365
630.6373265638365
630.6373265638365
630.6373265638365
630.6373265638365
630.6373265638365
630.3494216997641
630.3494216997641
629.4388113208427
628.8562616218929
628.8562616218929
628.8562616218929
628.8562616218929
628.5411034765642
628.4512088967191
628.4512088967191
628.2942280600274
628.2942280600274
628.2388911740607
628.2388911740607
628.2388911740607
628.127269712628
628.127269712628
628.127269712628
628.127269712628
628.127269712628
628.127269712628
628.127269712628
628.127269712628
628.127269712628
712.019412516572
689.2995443698354
663.9797260357868
663.9797260357868
663.9797260357868
656.0366081888639
656.0366081888639
656.0366081888639
656.0366081888639
656.0366081888639
656.0366081888639
656.0366081888639
656.0366081888639
656.0116823594753
656.0116823594753
656.0116823594753
654.3123219019614
654.3123219019614
648.5442650704772
646.9716639914762
646.9716639914762
646.9716639914762
646.9716639914762
646.9716639914762
646.9716639914762
644.3010544024145
643.2025244758235
640.0117023640864
638.8709525458137
638.8709525458137
638.8709525458137
638.8709525458137
638.8709525458137
637.2246166426814
635.5629957160311
635.5629957160311
635.5629957160311
635.071126029203
635.071126029203
632.8067107802204
632.8067107802204
632.8067107802204
631.892994651839
631.892994651839
630.634008310523
630.634008310523
630.634008310523
630.3132649220031
630.3132649220031
630.3132649220031
629.098748433467
629.098748433467
629.098748433467
629.098748433467
629.098748433467
629.098748433467
629.098748433467
629.0987031416981
628.820133625352
628.820133625352
628.820133625352
628.820133625352
628.820133625352
628.820133625352
628.7279524639002
628.7279524639002
628.6972180786977
628.6972180786977
628.6972180786977
628.5368194744725
628.5368194744725
628.5368194744725
628.4738141107595
628.4738141107595
628.4738141107595
628.4738141107595
628.4679462598108
628.4679462598108
628.4679462598108
628.2184793953227
628.2184793953227
628.2184793953227
628.0714715835601
628.0714715835601
628.0714715835601
628.0714715835601
628.0714715835601
628.0714715835601
628.0714715835601
628.0714715835601
628.0714715835601
712.019412516572
671.9525036096965
671.9525036096965
671.9525036096965
671.9525036096965
668.9344491626384
654.4204301131614
654.4204301131614
652.2018322876489
652.2018322876489
652.2018322876489
652.2018322876489
652.2018322876489
652.2018322876489
649.5735032899147
645.7531809552866
645.7531809552866
645.7531809552866
645.7531809552866
643.5273960680859
642.423597836996
642.423597836996
642.423597836996
642.1340405841057
639.6126848849667
639.6126848849667
639.0446657460008
639.0446657460008
638.5974978823126
637.3412025275143
634.5818231510968
634.5818231510968
634.5818231510968
634.5818231510968
634.5818231510968
633.3493028512919
633.3493028512919
632.8916729915147
632.8916729915147
632.7615735366437
632.7615735366437
632.5583837395928
632.5583837395928
632.5583837395928
632.5583837395928
631.0199555526027
631.0199555526027
631.0199555526027
631.0199555526027
630.4647827645903
630.4647827645903
630.4647827645903
630.4647827645903
630.4647827645903
630.4647827645903
630.248371734181
630.1734159099751
630.1734159099751
630.1022476607689
629.8674369425644
629.8160011713722
629.4018310818608
629.4018310818608
628.9378353966636
628.9378353966636
628.4121606908462
628.4121606908462
628.2758396370476
628.2758396370476
628.2672129225074
628.2672129225074
628.2672129225074
628.2672129225074
628.1418840851421
628.1418840851421
628.1300861065445
628.1231160500423
627.8850656347581
627.8850656347581
627.8850656347581
627.8850656347581
627.8798248557114
627.7347646973247
627.4543659282888
627.3349201618196
627.2964363941302
627.2964363941302
627.2573947376035
627.2573947376035
627.2573947376035
627.0370357673993
627.0370357673993
627.0118023465786
626.9198308930958
626.9198308930958
626.9198308930958
626.9152667960338
626.9152667960338
626.6889940126009
626.6889940126009
626.6889940126009
626.6889940126009
626.6889940126009
626.6889940126009
626.6889940126009
626.6889940126009
626.6889940126009
712.019412516572
695.5069786184949
691.6391407748519
668.8606537974778
663.0428756390293
663.0428756390293
663.0428756390293
655.3326578405921
654.6341061326366
646.1400520449839
644.8031736374959
643.2633561913867
643.1399714364619
640.2137512389364
631.9380227211893
631.443073855272
631.443073855272
631.443073855272
630.4123479923103
625.9429281028343
625.9429281028343
625.5898587444382
622.9271108221152
622.9271108221152
618.1317213127286
617.201201252953
615.3186144626699
615.3186144626699
614.5173960625411
614.5173960625411
614.5173960625411
614.5173960625411
614.5173960625411
614.2603071445153
613.462606515891
613.462606515891
612.8122010805625
612.8122010805625
610.3509949172461
610.3509949172461
609.7588105882504
608.3720758403917
608.3720758403917
608.3681222752231
607.9466010899041
607.9466010899041
607.5539793879668
607.5539793879668
607.5539793879668
606.5366795732664
605.8770064359904
605.7986356478433
605.5969863777732
605.5969863777732
605.5969863777732
605.3363053251308
605.3363053251308
604.9572758103205
604.9572758103205
604.9572758103205
604.9033540859666
604.4886219114851
604.4886219114851
604.4886219114851
604.4886219114851
604.15769114781
604.15769114781
604.15769114781
603.8914875807366
603.7907304196397
603.7907304196397
603.7907304196397
603.7907304196397
603.7907304196397
603.7907304196397
603.7907304196397
603.7907304196397
603.7907304196397
603.6695058213318
603.6695058213318
603.6038570423357
603.496177529637
603.4930697287283
603.4930697287283
603.4930697287283
603.4930697287283
603.4930697287283
603.3681478036349
603.3681478036349
603.255103757948
603.255103757948
603.255103757948
603.2013834998328
603.2013834998328
603.1682230285799
603.1421760674588
603.1421760674588
603.0646530456969
603.0646530456969
603.031078815433
603.031078815433
603.031078815433
602.9618333492459
602.9618333492459
602.9618333492459
602.8725593630265
602.8725593630265
602.8725593630265
602.8725593630265
602.8725593630265
602.8725593630265
602.8725593630265
602.8725593630265
602.8725593630265
712.019412516572
697.9766980508963
675.3955371995056
667.7810325444348
667.7810325444348
667.7810325444348
664.3027810710863
664.3027810710863
664.3027810710863
652.6027908322312
652.6027908322312
650.2854342221792
650.0905329404527
646.3340481038883
646.3340481038883
638.2979202614565
636.1066720098316
633.858749464459
633.858749464459
633.858749464459
633.6934201722133
632.4444497349073
632.4444497349073
632.4444497349073
630.8633312601804
630.6049365721389
630.6049365721389
630.6049365721389
630.6049365721389
630.6049365721389
630.6049365721389
630.425621589746
628.7773627052954
628.7773627052954
624.5031605842206
624.5031605842206
624.5031605842206
623.004641744174
623.004641744174
623.004641744174
623.004641744174
623.004641744174
623.004641744174
621.9605874752556
621.9605874752556
619.3716775068312
618.94956569519
618.94956569519
618.94956569519
618.3240108665968
618.3240108665968
618.3240108665968
618.0357247123804
618.0357247123804
617.8193668487464
617.5361890953529
617.5361890953529
617.5212674151247
617.5212674151247
617.3884249336925
617.3607994470038
617.3607994470038
617.0952298590158
617.0952298590158
617.0952298590158
617.0699617839327
617.0699617839327
617.0699617839327
617.0699617839327
617.0280277481166
617.0280277481166
617.0280277481166
617.0280277481166
616.7535334102904
616.7535334102904
616.669903845195
616.669903845195
616.669903845195
616.669903845195
616.6126679750621
616.5344449476931
616.3272819244517
616.2656955930164
616.2656955930164
616.2656955930164
616.2656955930164
615.9793023552132
615.9793023552132
615.9793023552132
615.9608574918683
615.9608574918683
615.8046696432085
615.8046696432085
615.8046696432085
615.8046696432085
615.8046696432085
615.71581153394
615.71581153394
615.0084335576893
615.0084335576893
614.4714124892079
614.2124812479863
614.2124812479863
614.2124812479863
613.809469164024
613.809469164024
613.809469164024
613.809469164024
613.6828715066067
613.6714150212026
613.6714150212026
613.6714150212026
613.4907554130142
613.3429911163835
613.3429911163835
613.3429911163835
613.2803700639342
613.2803700639342
613.2803700639342
613.2803700639342
613.2803700639342
613.2803700639342
613.2803700639342
613.2803700639342
613.2762105309396
613.0758794765904
613.0758794765904
613.0637870348293
613.0637870348293
613.0637870348293
613.0637870348293
613.0637870348293
613.0637870348293
612.8930366160497
612.8930366160497
612.8930366160497
612.7585310999551
612.7585310999551
612.7585310999551
612.7585310999551
612.7585310999551
612.7585310999551
612.7585310999551
612.7585310999551
612.7585310999551
712.019412516572
702.9232398805761
671.3935289943985
671.3935289943985
661.4317726674091
661.4317726674091
661.4317726674091
661.4317726674091
661.4317726674091
661.4317726674091
661.4317726674091
661.4317726674091
656.2861722348197
653.6808062143176
648.8452658092026
648.8452658092026
645.4501401674175
642.7007938226342
629.1646484783976
629.1646484783976
629.1646484783976
629.1646484783976
628.347089315941
628.347089315941
627.9917937670393
625.8523994914915
625.8523994914915
624.3484814311237
624.3484814311237
623.3417924656162
623.3417924656162
623.0015442874331
622.3587335221099
620.0375005859688
618.9413061969628
618.9413061969628
618.9413061969628
618.9413061969628
618.9413061969628
618.7733576239799
618.1313579179174
618.1313579179174
618.1313579179174
617.6214437612193
