680.6802631301043
680.6802631301043
680.6802631301043
679.7438799900549
667.5231717703125
662.7011599435773
662.7011599435773
662.7011599435773
662.7011599435773
659.3545660085459
659.3545660085459
657.9889540745442
657.9889540745442
657.9889540745442
657.6491454966051
657.6491454966051
649.7785031599209
649.7785031599209
649.7785031599209
649.7785031599209
649.7785031599209
649.7785031599209
649.7785031599209
647.0777921245352
645.3526613669407
645.3526613669407
642.8564578017034
642.8564578017034
642.8564578017034
641.2184683777442
641.2184683777442
641.2184683777442
641.2184683777442
641.2184683777442
641.2184683777442
638.9501344060114
638.9501344060114
638.9501344060114
636.9404172591833
636.9404172591833
636.9404172591833
636.9404172591833
636.9404172591833
636.5627369750493
636.5627369750493
636.5627369750493
635.0676002007094
633.883774894146
633.883774894146
633.1015398006524
632.3521571677765
632.3521571677765
629.7727753154006
629.7727753154006
629.3298256114907
628.8006879335563
628.7821233121927
628.7821233121927
628.7821233121927
628.7821233121927
628.7821233121927
628.4084780093868
627.2537323770598
626.870510534838
626.6242661713898
626.6242661713898
626.5860632994776
625.798483179271
625.798483179271
625.7506494448936
625.7497266616597
625.6804039015805
625.6304656769383
625.6304656769383
625.598650249107
625.2953555425524
625.2953555425524
625.2931504826352
624.5885177594324
624.4335049595707
624.4335049595707
623.8142629192479
623.8142629192479
623.7606092551594
623.7606092551594
623.5747980154482
623.5747980154482
623.4262756384322
623.0355213844091
623.0355213844091
623.0355213844091
623.0355213844091
623.0355213844091
623.0355213844091
623.0355213844091
622.9368486360087
622.750114932772
622.750114932772
622.5455347876535
622.1692394744232
622.1692394744232
622.1692394744232
622.1692394744232
622.1692394744232
622.1692394744232
622.0182371098792
622.0182371098792
622.0182371098792
621.8921531067742
621.8921531067742
621.8921531067742
621.8921531067742
621.8921531067742
621.8921531067742
621.8921531067742
621.8921531067742
621.8921531067742
720.0935514410207
707.7257207922753
685.3140273931265
677.95873717349
655.3167266111393
655.3167266111393
654.2560709189634
653.7635292554055
648.6199099487189
648.6199099487189
646.5375447280052
642.6811199473377
642.6811199473377
642.6811199473377
642.6811199473377
638.8199477030179
638.7435766306698
638.7435766306698
638.7435766306698
638.7435766306698
638.7435766306698
638.7435766306698
638.7435766306698
638.7435766306698
638.7435766306698
720.0935514410207
700.9199134248879
690.8823985167995
689.3309903783222
677.7703491037955
669.6993432929855
661.2137251694977
661.2137251694977
661.2137251694977
660.7970348101221
660.7970348101221
660.7970348101221
660.7970348101221
660.7970348101221
658.1269605056864
653.9609571927836
651.17291846842
651.17291846842
651.17291846842
648.2151033006771
648.2151033006771
648.2151033006771
648.2151033006771
648.2151033006771
648.148193232107
644.2247108681529
643.0694806127457
643.0694806127457
641.0659184113705
638.7490342221533
638.7490342221533
638.7490342221533
638.7490342221533
638.0867981805011
638.0867981805011
637.8604562494982
636.6381554844438
636.6381554844438
635.2144034001508
635.2144034001508
634.482535450747
634.482535450747
634.3724981540088
633.843407563577
633.7496977527674
633.2107775199953
633.2107775199953
632.3108626344231
632.236083538643
632.1981464946473
631.9966462558483
631.7770853291133
631.2179430221707
631.0465211759947
631.0465211759947
631.0465211759947
630.5925606693323
630.5925606693323
630.5925606693323
630.071645678318
630.071645678318
630.071645678318
630.071645678318
630.071645678318
630.071645678318
630.071645678318
630.071645678318
630.071645678318
720.0935514410207
701.7972308229832
692.3700884835686
673.3854472126792
661.0431303162245
655.7963860619498
644.934784765833
644.934784765833
644.934784765833
644.934784765833
644.934784765833
644.934784765833
639.9979271285167
639.9979271285167
639.9979271285167
639.9979271285167
637.6042549660856
636.4883518878745
636.4883518878745
635.7291469860363
632.274375259767
632.274375259767
632.274375259767
632.274375259767
632.1583377357572
630.4649110379847
630.4649110379847
630.4649110379847
630.4649110379847
628.7334292172866
628.7334292172866
628.7334292172866
628.7334292172866
628.1326336911008
628.0266229658346
628.0266229658346
624.2443773648538
623.5792026159054
623.5792026159054
623.5792026159054
623.5792026159054
622.9324067372559
622.9324067372559
622.9324067372559
622.5921291395277
622.5921291395277
621.9305640002277
621.9305640002277
621.9305640002277
621.9305640002277
621.9305640002277
621.9056538680815
621.8707757617904
621.8707757617904
620.5331901069487
620.5331901069487
620.5331901069487
620.5331901069487
620.5331901069487
620.5331901069487
620.5146709199562
620.4625674868838
620.4625674868838
620.2104151920545
620.2104151920545
620.1759466876798
620.1759466876798
620.1759466876798
620.1759466876798
620.1759466876798
620.1759466876798
620.1759466876798
620.1759466876798
620.1759466876798
720.0935514410207
689.982796028718
689.982796028718
687.6208175054736
672.4061027294592
664.8687837677055
655.4110957907845
653.6106897579386
650.4065834399662
648.6337059414487
648.6337059414487
648.6337059414487
648.6337059414487
642.6175351703478
642.6175351703478
642.6175351703478
642.6175351703478
642.6175351703478
640.555582269548
640.555582269548
634.0260922635831
634.0260922635831
634.0260922635831
633.3945966942541
633.3945966942541
633.3945966942541
633.3945966942541
633.3945966942541
633.3945966942541
630.8734454338539
630.8734454338539
630.8734454338539
630.8734454338539
630.8734454338539
630.8734454338539
630.8734454338539
630.8734454338539
630.8734454338539
629.0925972914222
628.1166874306999
628.1166874306999
627.8152214200383
627.8152214200383
627.1817520433954
627.1817520433954
627.034959439793
627.034959439793
627.034959439793
626.1830203182328
626.0827983939143
624.4139213236467
624.4139213236467
624.4139213236467
624.0495234597581
624.0495234597581
624.0495234597581
624.0495234597581
624.0495234597581
623.7944259359391
623.1748517870836
623.1748517870836
622.0497224300757
622.0497224300757
622.0497224300757
622.0497224300757
621.9300350145081
621.4797638738687
620.8990361774435
620.8990361774435
620.8990361774435
620.8344431307735
620.8344431307735
620.776781619653
620.7176994366961
620.7176994366961
620.2636755633987
620.2636755633987
620.2636755633987
620.2636755633987
620.2359104367953
620.2359104367953
619.8698282494731
619.8698282494731
619.8698282494731
619.8698282494731
619.8698282494731
619.8698282494731
619.5696149384356
619.448004126303
619.448004126303
619.3595847424422
619.3595847424422
619.3337553762209
619.3337553762209
619.3337553762209
619.1543176749663
619.1543176749663
619.1543176749663
619.1543176749663
619.1543176749663
619.1543176749663
619.1543176749663
619.1543176749663
619.1543176749663
720.0935514410207
703.4738023636047
701.1773536843826
673.0413052424591
671.2353632939712
671.2353632939712
670.4038313998258
670.4038313998258
670.4038313998258
670.4038313998258
670.4038313998258
667.00567127762
664.6604821740833
661.8617398690088
661.8617398690088
659.343613029873
659.343613029873
659.343613029873
655.1458700269596
653.6170926706588
653.6170926706588
653.6170926706588
652.4210268377757
652.4210268377757
650.567682862043
650.567682862043
650.567682862043
647.7213898000603
647.7213898000603
647.5028682213639
646.7976235797208
646.7976235797208
646.7976235797208
645.9865160505691
645.6025869499807
644.1654143438001
644.1654143438001
644.1654143438001
644.1654143438001
643.7377903599798
642.8906627401946
642.8906627401946
642.5337519273054
642.4041920322488
642.4041920322488
642.0606767410897
641.9546532865647
641.9546532865647
641.9546532865647
641.6520837508157
641.6520837508157
641.5379956804943
641.5379956804943
641.5379956804943
641.2890646233834
641.1401717579647
641.1401717579647
641.0206676497698
641.0206676497698
641.0206676497698
641.0206676497698
640.7526966058866
640.7526966058866
640.7526966058866
640.7526966058866
640.7526966058866
640.7526966058866
640.7526966058866
640.7526966058866
640.7134585419332
640.7134585419332
640.7134585419332
640.7134585419332
640.7134585419332
640.7134585419332
640.7134585419332
640.6494506252911
640.6494506252911
640.6494506252911
640.6494506252911
640.6144853621743
640.6144853621743
640.6144853621743
640.6144853621743
640.6144853621743
640.6144853621743
640.6144853621743
640.590774114259
640.590774114259
640.590774114259
640.590774114259
640.590774114259
640.590774114259
640.590774114259
640.590774114259
640.5833950695888
640.5833950695888
640.5833950695888
640.5768258112186
640.5768258112186
640.5768258112186
640.5768258112186
640.5768258112186
640.5768258112186
640.5398008056793
640.5398008056793
640.5398008056793
640.5398008056793
640.5398008056793
640.5398008056793
640.4876768966096
640.4876768966096
640.4876768966096
640.4876768966096
640.4876768966096
640.4876768966096
640.4876768966096
640.4554029843201
640.4554029843201
640.4554029843201
640.4554029843201
640.4554029843201
640.4554029843201
640.4554029843201
640.4554029843201
640.4232768044769
640.4232768044769
640.4232768044769
640.3875744725
640.3875744725
640.3875744725
640.3480879816605
640.3480879816605
640.3480879816605
640.3480879816605
640.3480879816605
640.3480879816605
640.3480879816605
640.3480879816605
640.3480879816605
720.0935514410207
698.8170084562734
690.1692437494785
673.6928559106441
673.6928559106441
673.6928559106441
668.2464935970193
665.2554059975408
665.2554059975408
661.732801424899
661.732801424899
661.732801424899
658.9137006628465
651.3591424665897
651.3591424665897
651.3591424665897
647.9812096704064
647.9812096704064
647.1956659185314
646.6178403930022
643.1414937734967
643.1414937734967
643.1414937734967
643.1414937734967
642.5249946492041
641.4826159323773
641.4026081948396
641.4026081948396
640.2484707358506
640.1097093476287
640.1097093476287
640.1097093476287
640.1097093476287
639.8335109042621
639.8335109042621
639.8335109042621
639.7513223419597
639.7513223419597
639.3657530897088
639.3657530897088
639.1135984683929
639.0982718003071
639.0982718003071
638.9270734063606
638.9270734063606
638.9270734063606
638.9270734063606
638.9270734063606
638.9100161019871
638.9087346648538
638.7128919799837
638.7128919799837
638.7128919799837
638.6977268914538
638.6977268914538
638.5431684996606
638.5431684996606
638.4734611414527
638.4734611414527
638.4734611414527
638.2885550582731
638.2885550582731
638.2885550582731
638.031812923588
637.8833216927721
637.8833216927721
637.7494864392725
637.7494864392725
637.7494864392725
637.7494864392725
637.3804007880955
637.3804007880955
637.3804007880955
637.3804007880955
637.3804007880955
637.3804007880955
637.3804007880955
637.3804007880955
637.3804007880955
720.0935514410207
707.6043441490717
682.3119647490722
681.9008375887381
680.1985373703023
666.6622412690843
659.7834719020638
659.7834719020638
658.0771214539759
653.1317154903655
647.5996650792414
638.9676405172302
637.687837537556
637.687837537556
637.687837537556
635.5180973571438
635.5180973571438
635.5180973571438
635.5180973571438
635.5180973571438
635.5180973571438
635.2465334877884
631.9400386020567
631.9400386020567
631.2517709958264
631.2517709958264
630.410551790783
623.6703650787209
623.6703650787209
623.6703650787209
623.6703650787209
623.6703650787209
623.6703650787209
622.7123485201083
622.7123485201083
622.7123485201083
622.7123485201083
621.9395063457401
620.370065078195
620.370065078195
620.370065078195
620.370065078195
619.5930094912386
619.4017178870421
619.4017178870421
619.4017178870421
619.1605845360341
618.5325763619534
618.1770582033668
618.1019624505441
618.1019624505441
617.8977864029264
617.7981708606624
617.7981708606624
617.7981708606624
617.351728259169
617.351728259169
617.351728259169
617.0303695889917
616.6921986107462
616.6802694740256
616.6433862997592
616.6433862997592
616.1377353345113
615.7325690743775
615.7325690743775
615.7325690743775
615.7325690743775
615.7325690743775
615.6046735966797
615.6046735966797
615.289980090337
615.289980090337
615.289980090337
615.289980090337
615.289980090337
615.289980090337
615.2191910708528
615.2139929511652
615.2139929511652
615.2139929511652
615.1986979694975
614.9641643233789
614.9641643233789
614.8995950481304
614.8995950481304
614.8995950481304
614.8995950481304
614.8995950481304
614.8472942730193
614.8472942730193
614.8472942730193
614.7073026381379
614.7073026381379
614.7073026381379
614.7073026381379
614.7073026381379
614.7073026381379
614.7073026381379
614.7073026381379
614.7073026381379
720.0935514410207
696.4736058990393
683.158312947911
671.7949798192798
670.0053276842078
659.0386793106198
653.2144784445976
651.5192236398724
644.0135708519855
642.716308633354
637.5199861091745
635.6585705375692
635.6585705375692
635.6585705375692
631.2958496454535
631.2958496454535
631.2958496454535
631.2958496454535
629.1728469711254
629.1728469711254
629.1728469711254
625.9320738006089
625.9320738006089
624.451896520787
624.451896520787
624.320072563371
623.8247618182918
623.5918731274493
623.0183867240448
623.0183867240448
623.0183867240448
621.9857160376525
621.9857160376525
620.827914407898
620.827914407898
620.045428851318
620.045428851318
619.679285253629
619.679285253629
619.679285253629
619.4407947355363
619.4407947355363
619.2483190306215
619.2483190306215
619.2483190306215
619.1684957237818
618.7472028972957
618.7472028972957
618.7472028972957
618.3694833658001
618.3694833658001
618.2672021808471
618.2672021808471
618.2601595518041
618.0049950315826
618.0049950315826
617.5655568606954
617.5655568606954
617.5655568606954
617.5655568606954
617.5655568606954
617.5655568606954
617.4931205278593
617.4931205278593
616.8128271272222
616.8128271272222
616.8101661635789
616.8101661635789
615.47190242001
615.47190242001
614.8914435368275
614.8914435368275
614.7087804362498
614.5543843809579
614.5543843809579
614.5543843809579
614.4516444949895
614.4181807351441
614.4181807351441
614.16509988072
614.16509988072
614.16509988072
614.16509988072
614.16509988072
614.16509988072
614.16509988072
614.16509988072
614.16509988072
720.0935514410207
700.1956672982844
691.2852350740727
674.2768616595421
660.9397231059677
650.5898597087521
650.5898597087521
643.9327305426222
643.9327305426222
642.360853663269
638.6797754838497
638.6797754838497
638.6797754838497
634.2371465668159
634.2371465668159
634.2371465668159
634.2371465668159
634.2371465668159
633.3972406051897
631.114544293739
631.114544293739
629.8728651231295
629.8728651231295
628.8171140432318
627.8828054792393
626.1067133962871
626.1067133962871
626.1067133962871
624.8904035779166
624.3561415618411
622.604009042202
622.1730031203741
621.9225992977849
621.9225992977849
621.9225992977849
620.0069006822849
620.0069006822849
619.8433102556475
619.8433102556475
619.1481679065661
618.9925386781446
618.9925386781446
618.5926038573916
616.252121944433
616.252121944433
616.252121944433
616.252121944433
616.252121944433
616.252121944433
616.252121944433
616.252121944433
616.2007835900752
616.2007835900752
616.2007835900752
616.2007835900752
616.2007835900752
616.2007835900752
615.9295851069164
615.8383793343578
615.4698086590022
615.4698086590022
615.1055730020954
615.1055730020954
615.1055730020954
615.1055730020954
615.1055730020954
615.1055730020954
615.1055730020954
615.1055730020954
614.9300355290883
614.9300355290883
614.9300355290883
614.818356576405
614.617548416123
614.617548416123
614.3754007867315
614.3754007867315
614.2756705398178
614.2756705398178
614.2756705398178
614.1079134332539
614.1079134332539
613.930505501026
613.6738123341971
613.6738123341971
613.5684935111872
613.5684935111872
613.5684935111872
613.5684935111872
613.5684935111872
613.3884082738118
613.375403791991
613.375403791991
613.2521815410374
612.8800295746905
612.8753582833685
612.8753582833685
612.8753582833685
612.8753582833685
612.8753582833685
612.8753582833685
612.7679843195493
612.7679843195493
612.7403043351094
612.7403043351094
612.2446434008439
612.2446434008439
611.9571776894087
611.9571776894087
611.9571776894087
611.9571776894087
611.9571776894087
611.9571776894087
611.9571776894087
611.9571776894087
611.9571776894087
720.0935514410207
701.5942484791841
701.5942484791841
701.5942484791841
700.4720997784136
692.3174411522768
683.5162129655334
683.5162129655334
683.5162129655334
683.5162129655334
682.6490029794027
669.170821113806
669.170821113806
669.170821113806
669.170821113806
669.170821113806
666.0490250176783
666.0490250176783
666.0490250176783
662.9229094168691
661.4914823550045
661.4914823550045
661.4914823550045
660.3437844269714
660.3437844269714
658.2101490165202
658.2101490165202
658.0617634486442
657.5544278468501
657.5544278468501
657.5544278468501
657.5544278468501
654.0454884386729
654.0454884386729
654.0454884386729
654.0454884386729
652.1791539051972
649.4136363622256
649.4136363622256
649.4136363622256
649.4136363622256
649.4136363622256
649.4136363622256
649.4136363622256
649.0129439145587
649.0129439145587
648.6478698841058
648.2026577763522
645.9716632859225
645.9716632859225
645.9716632859225
645.9054261374711
645.6847783425098
645.6847783425098
645.6847783425098
645.6446825808343
645.6144185047572
645.5187257158341
645.5187257158341
645.1136200720698
645.1136200720698
645.1136200720698
644.8804301846326
644.7428728799237
644.7428728799237
644.7428728799237
644.7428728799237
644.7428728799237
644.7428728799237
644.5911043744596
644.5911043744596
644.5911043744596
644.4272524578262
644.4176804773749
644.4176804773749
644.1793448097403
644.1793448097403
644.0587534031747
644.0587534031747
644.0587534031747
644.0587534031747
644.0587534031747
644.0025051678927
644.0025051678927
643.7945408402312
643.7945408402312
643.7945408402312
643.7945408402312
643.7945408402312
