681.16996731027
680.5798717175596
680.2202806556732
680.2202806556732
676.5462914024209
670.504947305977
669.2124375802084
658.6767589962092
651.0408960814276
651.0408960814276
649.2500065361992
649.2500065361992
644.0228277231453
644.0228277231453
644.0228277231453
644.0228277231453
644.0228277231453
641.851918071077
641.851918071077
637.2483830085387
637.2483830085387
637.2483830085387
637.2483830085387
635.1285613014817
633.7044470695403
632.7863625863779
631.1327234313057
629.9765476617287
629.9765476617287
629.4183855294698
626.7556545556779
626.7556545556779
626.5402609424929
626.5402609424929
626.5402609424929
624.754291778517
624.754291778517
624.754291778517
624.754291778517
624.754291778517
624.5101569041707
624.5101569041707
624.2931027767721
624.2931027767721
623.4131377669759
623.4131377669759
623.4131377669759
623.4131377669759
622.9480265953645
622.9480265953645
622.9480265953645
622.9480265953645
622.3662004652813
622.3662004652813
622.2437065352303
622.165958044115
622.165958044115
621.874127467449
621.2121278976482
621.2121278976482
621.1214347629685
620.9561255820464
620.9561255820464
620.9038960612141
620.6679897030901
620.6679897030901
620.6679897030901
620.6545827660567
620.6545827660567
620.6545827660567
620.2624184393853
620.2161587348924
620.2161587348924
619.9826423236418
619.9826423236418
619.9818511827391
619.9818511827391
619.9818511827391
619.9818511827391
619.9426137764376
619.8855862704485
619.661176000338
619.661176000338
619.661176000338
619.661176000338
619.661176000338
619.661176000338
619.661176000338
619.6136483701142
619.6136483701142
619.6136483701142
619.5511334873883
619.5511334873883
619.5511334873883
619.5511334873883
619.4470090205242
619.4470090205242
619.4470090205242
619.4470090205242
619.4470090205242
619.4470090205242
619.4182065679536
619.4182065679536
619.4182065679536
619.4182065679536
619.4182065679536
619.4182065679536
619.4182065679536
619.4182065679536
619.4182065679536
681.16996731027
681.16996731027
681.16996731027
677.2449901553713
673.467619881369
666.0512626293461
659.9724397416337
646.4381792586662
646.4381792586662
646.4381792586662
646.4381792586662
646.4381792586662
646.4381792586662
642.6055501278996
642.6055501278996
640.7448059674279
637.527709226173
637.527709226173
637.2420917424948
637.2420917424948
637.2420917424948
637.2420917424948
635.9933159554814
632.9689077189475
632.9689077189475
632.9689077189475
631.8203935987432
631.8203935987432
631.2022963634834
628.5141277986596
628.5141277986596
628.5141277986596
628.1581423151089
628.1581423151089
628.1581423151089
628.1581423151089
628.045973795846
628.045973795846
628.045973795846
627.196244313814
627.196244313814
627.196244313814
627.196244313814
627.196244313814
627.196244313814
627.196244313814
627.196244313814
626.5601126090776
626.3323253239394
626.3323253239394
625.8152919062452
625.0122023276665
625.0122023276665
625.0122023276665
625.0122023276665
625.0122023276665
625.0122023276665
625.0122023276665
625.0122023276665
625.0122023276665
624.6449819414092
623.2103933388184
622.8039556119285
622.8039556119285
622.8039556119285
622.744390796254
622.6204714907641
622.086703174969
622.086703174969
622.086703174969
622.086703174969
622.086703174969
622.086703174969
622.0684569772824
621.5823294469252
621.5823294469252
621.5823294469252
621.5823294469252
621.5823294469252
621.5823294469252
621.5823294469252
621.3919286581188
621.038148782728
621.038148782728
621.0348830467556
621.0348830467556
621.0348830467556
621.0348830467556
621.0348830467556
621.0348830467556
621.0348830467556
621.0348830467556
621.0348830467556
681.16996731027
681.16996731027
680.3599994289799
679.5726504332883
668.1042541291928
666.6869603425763
656.438165144994
656.438165144994
656.438165144994
651.3341673181402
651.3341673181402
651.3341673181402
651.0332860927476
651.0332860927476
651.0332860927476
651.0332860927476
646.2513193872817
646.2513193872817
646.2513193872817
646.2513193872817
646.2513193872817
646.1018315693175
646.1018315693175
646.1018315693175
642.1009561956597
642.1009561956597
642.1009561956597
642.1009561956597
642.1009561956597
642.1009561956597
641.6247373257954
641.420122130341
641.420122130341
641.420122130341
636.258713541738
636.258713541738
635.1495594655471
633.5315074957967
629.5691023349546
629.5691023349546
629.0571926070661
629.0571926070661
627.1780893057243
626.1699121976203
626.1699121976203
625.5176185170146
624.7329242376702
624.7329242376702
624.2470342483607
624.2470342483607
624.2470342483607
623.401264489721
623.401264489721
621.6605901942496
621.6605901942496
621.2194632499122
621.2194632499122
621.0159489906184
621.0159489906184
620.9128266176058
620.5824493658473
620.5824493658473
620.5742835646149
620.2228192282338
619.5446040393649
619.3069367600576
619.3069367600576
617.8177211739733
617.8177211739733
617.8177211739733
617.8177211739733
617.8177211739733
617.8177211739733
617.8177211739733
617.8177211739733
617.776939847205
617.776939847205
617.776939847205
617.776939847205
617.776939847205
617.6049642297505
617.6049642297505
617.501264874456
617.501264874456
617.501264874456
617.3850655911365
617.3850655911365
617.3850655911365
616.7309978653849
616.6243528320682
616.6243528320682
616.6243528320682
616.6243528320682
616.1031181483709
616.1031181483709
616.1031181483709
616.1031181483709
615.8696315767932
615.8696315767932
615.8696315767932
615.8696315767932
615.8696315767932
615.4363565922674
615.4363565922674
615.4363565922674
615.4363565922674
615.4363565922674
615.4363565922674
615.4363565922674
615.4363565922674
615.4363565922674
681.16996731027
681.16996731027
680.2918572931072
679.632057219654
673.4577070019286
672.4991389830348
669.2317390513548
669.2317390513548
669.2317390513548
667.4257444954209
658.7351036196322
658.7351036196322
658.7351036196322
658.7351036196322
658.7351036196322
658.7351036196322
658.7351036196322
658.7351036196322
658.1636255021614
649.2586595420091
649.2586595420091
649.2586595420091
649.2586595420091
649.2586595420091
649.2586595420091
647.564163671151
646.8836350366068
644.2569979073857
644.2569979073857
644.2569979073857
644.2569979073857
644.0389122686296
644.0389122686296
643.8711471443904
643.4130062400837
643.1706022862348
643.1706022862348
641.9012550748707
641.7686518429132
641.7686518429132
641.1635691613671
641.1635691613671
640.5115440715527
640.5115440715527
640.5115440715527
640.5115440715527
640.4247714034988
640.1877501748588
640.1434596060152
640.0161208745383
639.9316408749019
639.9316408749019
639.6674017192671
639.6674017192671
639.6674017192671
639.5785487119318
639.5785487119318
639.4749302181784
639.4749302181784
639.4684408177941
639.4684408177941
639.387229501182
639.387229501182
639.387229501182
639.387229501182
639.387229501182
639.387229501182
639.3745148572423
639.3217292219776
639.3217292219776
639.3030008052701
639.3030008052701
639.2791166074604
639.2791166074604
639.2791166074604
639.2791166074604
639.2475025016018
639.2475025016018
639.2475025016018
639.2475025016018
639.1499977818924
639.1499977818924
639.1499977818924
639.1499977818924
639.1499977818924
639.1499977818924
639.1499977818924
639.1499977818924
639.1499977818924
681.16996731027
681.16996731027
679.8820230720947
676.5056774164915
665.9459934025892
655.2117467343255
655.2117467343255
655.2117467343255
652.8185542012201
652.8185542012201
652.8185542012201
648.3870881040028
647.0155476010243
647.0155476010243
647.0155476010243
647.0155476010243
647.0155476010243
647.0155476010243
647.0155476010243
643.3645562132415
643.3444541238509
643.3444541238509
643.3444541238509
643.3444541238509
641.3944232085927
641.3944232085927
641.3944232085927
638.8970918898125
638.8970918898125
635.7949213414693
635.7949213414693
635.7949213414693
635.7949213414693
635.7949213414693
635.2799989721248
634.5837862922457
634.5837862922457
634.5837862922457
634.5837862922457
634.5837862922457
634.5837862922457
632.8928882922502
632.8153722068259
632.6905175749027
632.6905175749027
632.6905175749027
632.6905175749027
632.5212026473052
632.5212026473052
632.4615640271733
632.4146813338167
632.200646430973
632.200646430973
631.69957691953
631.69957691953
631.69957691953
631.612923087087
631.612923087087
631.612923087087
631.598717774382
631.598717774382
631.598717774382
631.598717774382
631.4260726288192
631.2263471762121
631.2263471762121
631.2263471762121
630.6707113926504
630.6707113926504
630.6707113926504
630.5912050910091
630.5912050910091
630.5912050910091
630.5912050910091
630.5912050910091
630.5912050910091
630.5912050910091
630.5912050910091
630.5912050910091
681.16996731027
681.16996731027
675.9457861350812
671.4794545450728
663.3529576953094
648.2493933247173
648.2493933247173
648.2493933247173
648.2493933247173
648.2493933247173
648.2493933247173
648.2493933247173
645.0096337848606
645.0096337848606
645.0096337848606
645.0096337848606
643.1123714253227
643.1123714253227
643.1123714253227
641.5006875412358
638.1800882571755
638.1800882571755
638.1800882571755
638.1800882571755
638.1800882571755
638.1800882571755
638.1800882571755
638.1800882571755
638.1800882571755
637.2873844154825
637.2873844154825
636.3849291005524
636.1490304190936
636.1490304190936
636.1490304190936
635.252848953117
633.3979124496814
633.3979124496814
633.3979124496814
633.3979124496814
633.3979124496814
633.3952778429102
632.1046579261049
631.0199235860435
631.0199235860435
631.0199235860435
631.0199235860435
630.8025986736994
630.4062302751698
630.4062302751698
630.4062302751698
630.4062302751698
630.4062302751698
630.1439615858582
630.1439615858582
630.1439615858582
630.097468550536
630.097468550536
629.9902512467382
629.8640305236627
629.7155896988506
629.0055532402318
629.0055532402318
629.0055532402318
628.0675180034144
628.0675180034144
627.8968411967049
627.8968411967049
627.0316871218744
627.0316871218744
627.0316871218744
626.8312048651392
626.8312048651392
626.5629440837239
626.5078355631302
626.3579486931252
626.2851031144096
625.6803628337656
625.4784383401329
625.4784383401329
625.4064199338243
624.9075729851863
624.8924596114792
624.8924596114792
624.8924596114792
624.5106839671582
624.3551245081484
623.9607037416404
623.9607037416404
623.9607037416404
623.8036335893039
623.6022449306316
623.6022449306316
623.5965160152576
623.5965160152576
623.5965160152576
623.4658134709762
623.4658134709762
623.4471243382355
623.4471243382355
623.0109176360276
623.0109176360276
623.0109176360276
623.0109176360276
623.0109176360276
623.0109176360276
623.0047434877793
623.0047434877793
623.0047434877793
623.0047434877793
623.0047434877793
623.0047434877793
623.0047434877793
622.997325169154
622.997325169154
622.997325169154
622.997325169154
622.997325169154
622.7775696594903
622.7506231843116
622.7506231843116
622.7506231843116
622.7506231843116
622.7506231843116
622.7506231843116
622.685561626426
622.685561626426
622.685561626426
622.685561626426
622.685561626426
622.685561626426
622.685561626426
622.685561626426
622.685561626426
681.16996731027
681.16996731027
672.9295602401971
672.9295602401971
668.0987822637479
668.0987822637479
663.6730419624564
652.479447171276
646.4861099903948
646.4861099903948
638.0508295831912
638.0508295831912
638.0508295831912
638.0508295831912
638.0508295831912
636.7981821897564
636.7981821897564
636.335120399617
631.5792939405701
631.5792939405701
631.5792939405701
628.9821895594457
628.9821895594457
628.9821895594457
628.9821895594457
628.9821895594457
628.9821895594457
628.9384670056902
628.9384670056902
628.588151954938
628.2361273110363
627.7643738637195
627.7643738637195
627.1517794071314
625.931791924055
625.931791924055
625.1615232616374
624.1510146042581
624.1510146042581
624.1510146042581
624.1510146042581
624.1510146042581
624.0058760948579
624.0058760948579
623.5517241973153
623.5517241973153
623.5517241973153
623.2975048698887
623.2975048698887
623.2975048698887
623.2975048698887
623.2975048698887
623.2975048698887
623.2975048698887
623.2975048698887
623.2975048698887
681.16996731027
681.16996731027
680.3225691706305
679.4490286221592
665.0222987996056
657.1104649343404
640.675828536199
640.675828536199
640.675828536199
640.675828536199
640.488278119878
637.2397401721657
637.2397401721657
637.2397401721657
637.2397401721657
634.1274360699047
632.2987778591923
630.9387916720547
630.9387916720547
630.9387916720547
630.9387916720547
630.9387916720547
630.2568657110857
627.7598895059007
627.7598895059007
625.9490088935537
625.9490088935537
625.785704018219
624.9940736250004
623.7745098897391
623.7745098897391
621.2837652295765
621.2837652295765
621.2837652295765
621.174355059935
621.174355059935
621.1354695310775
620.8118431126417
618.7256903566282
618.7256903566282
616.0156763121212
616.0156763121212
616.0156763121212
616.0156763121212
615.7997516219964
614.0731744880302
613.6818787791714
613.2130710805436
612.2784642737436
612.2784642737436
612.0207141641505
612.0207141641505
611.6883736103314
611.6883736103314
611.6883736103314
610.9677029069938
610.9677029069938
610.9677029069938
610.9677029069938
610.3305219730671
610.3305219730671
610.2487285846538
610.1989534666154
609.6170371592424
608.6184483638397
608.6184483638397
608.6184483638397
608.3434293516533
608.3434293516533
608.3434293516533
608.3434293516533
608.3257481171477
607.9630217815962
607.7696606075751
607.7696606075751
607.7369199829997
607.7369199829997
607.7369199829997
607.4747599816374
607.4747599816374
607.3623637701044
607.3623637701044
607.3623637701044
607.3420873765147
607.3420873765147
607.3420873765147
607.3420873765147
607.3420873765147
607.3420873765147
607.2756371753011
607.2756371753011
607.2756371753011
607.2756371753011
607.2345989765934
607.2345989765934
607.2345989765934
607.2345989765934
607.2345989765934
607.2345989765934
607.2345989765934
607.2345989765934
607.2345989765934
681.16996731027
681.16996731027
680.4171220453721
678.1388334108491
666.3779658347777
660.1412457130845
659.0306561271153
659.0306561271153
659.0306561271153
659.0306561271153
655.0287353639046
655.0287353639046
655.0287353639046
655.0287353639046
655.0287353639046
652.6353715469445
652.6353715469445
652.6353715469445
650.3312132346048
650.3312132346048
650.3312132346048
650.3312132346048
649.5200973496706
649.5200973496706
649.5200973496706
649.5200973496706
649.5200973496706
649.5200973496706
645.4223087890882
645.4223087890882
645.4223087890882
644.816806838506
644.816806838506
644.6898077010843
644.6898077010843
643.3933568047046
643.3933568047046
643.3933568047046
642.5897961987534
642.5897961987534
640.8900432084008
640.4677072140972
640.4677072140972
640.260275126899
640.260275126899
639.2887861748734
639.2887861748734
638.9777205097645
638.151494040931
638.151494040931
637.4451780788567
637.4451780788567
636.4339134713839
636.1690879107641
636.0325737207984
635.8891530007519
635.8891530007519
635.8891530007519
635.7457245331128
635.4555627088737
635.4555627088737
635.3112394306282
635.3112394306282
635.3112394306282
635.2842398837372
635.2842398837372
635.1948651519042
635.1948651519042
635.1948651519042
635.1948651519042
635.1948651519042
634.9002458902771
634.9002458902771
634.8526475400241
634.8526475400241
634.5936285259794
634.5936285259794
634.5936285259794
634.5936285259794
634.5936285259794
634.5936285259794
634.5936285259794
634.4984581378708
634.4984581378708
634.4984581378708
634.4984581378708
634.4984581378708
634.4984581378708
634.4984581378708
634.4597745426245
634.4597745426245
634.3447887860065
634.3447887860065
634.3447887860065
634.3447887860065
634.3447887860065
634.3447887860065
634.3447887860065
634.3447887860065
634.3447887860065
681.16996731027
681.16996731027
680.7380767690182
676.4497332263647
667.7006618613801
665.2315219515506
657.9506918278253
657.9506918278253
657.9506918278253
657.9506918278253
657.9506918278253
657.9506918278253
653.6493311628392
653.6493311628392
653.6493311628392
650.7962964853405
649.4963025993961
649.4963025993961
649.4963025993961
648.1389034676157
648.1389034676157
646.3355891823113
646.3355891823113
646.3355891823113
646.3355891823113
644.8407840350586
644.8407840350586
644.8407840350586
644.3027084040926
644.3027084040926
642.7979512081688
642.7979512081688
642.7979512081688
642.7979512081688
642.3817245500784
642.3817245500784
641.5523000944871
641.0493300080541
641.0493300080541
640.6909779398711
638.4517199550917
638.4517199550917
638.4517199550917
638.152783360908
638.152783360908
638.0480641223415
637.4519330175443
637.4519330175443
637.4519330175443
636.7080374701143
636.7080374701143
636.7080374701143
636.46698157674
636.3599342679156
636.0518662907468
635.8214527498109
635.8214527498109
635.8214527498109
635.8214527498109
635.8214527498109
635.8214527498109
635.8214527498109
635.6495718802196
635.6495718802196
635.6495718802196
635.6495718802196
635.4519301664084
635.3729644259282
635.3729644259282
635.2764855284587
635.2764855284587
635.2764855284587
635.2764855284587
635.2764855284587
635.2220538202159
635.2220538202159
635.105147701382
635.105147701382
634.9722739919092
634.9722739919092
634.8562590877121
634.853777662458
634.6804417199099
634.5780420724357
634.5059872311967
634.5059872311967
634.5059872311967
634.5059872311967
634.5059872311967
634.2834241065716
634.2834241065716
634.2834241065716
634.2834241065716
634.2822271543278
634.2822271543278
634.2822271543278
634.2507923744754
634.2507923744754
634.224614380069
634.224614380069
634.224614380069
634.224614380069
634.224614380069
634.224614380069
634.224614380069
634.1856350038152
634.1856350038152
633.9422939709086
633.9422939709086
633.9422939709086
633.9422939709086
633.9422939709086
633.9422939709086
633.9422939709086
633.9422939709086
633.9422939709086
681.16996731027
681.16996731027
680.968829431232
680.0439372913658
679.5352019185231
678.8560909418657
676.489898739872
659.467505206412
659.467505206412
654.154772243716
654.154772243716
