5993.937363768077
3170.391181507267
2706.768868243924
1804.3571810049418
1559.1598493483489
1227.823530541028
1063.651593973114
859.2882394627937
764.7291507491291
722.5552678033225
683.0878521671468
664.3646219467939
623.8043376241053
595.8499555254409
576.2151816514868
564.1834771323947
556.9184030104954
545.6647782175343
539.3534143653976
538.7391136444145
532.8780082641499
530.9970797570716
522.7877890748666
518.815716242643
514.148699521955
508.52861770237223
502.13958312590034
498.22433047004597
492.9534495922381
490.3283413802835
486.87269672527276
484.28093379266636
480.37211271080605
478.62526149941505
475.7314926188577
474.6626206748173
473.8312338238501
471.25564670781455
469.2155303378786
466.9239545359754
464.93299754879547
463.16388189351835
461.7205368986735
461.05744767934
460.7027412313587
460.4599269525128
460.1422735245372
459.1920581905619
458.36648584681643
457.78983442615436
456.55133505061605
455.8817521543047
455.256243330147
455.1338257594499
454.72287477405405
454.322869902576
454.0040354219483
453.79470647890844
453.5102673971803
453.2675085150721
452.7831064804347
452.68763999449305
452.245755628112
452.0016313923987
451.9095510205845
451.60153828295597
451.4350065663788
451.2601889946483
451.17843866268754
451.1520741046754
450.97716361586487
450.9066062294125
450.9066062294125
450.73292139456174
450.5622852629226
450.5622852629226
450.34982743067377
450.28013612272156
450.28013612272156
450.2787121986313
450.19184513031826
450.19184513031826
450.1739308031144
450.1526125297361
450.1251298048599
450.0443348589231
449.9532335478967
449.9000283933628
449.89870751611556
449.7961163272681
449.7961163272681
449.79474210358313
449.7731634557021
449.72872141469975
449.68562516090935
449.6117334268478
449.57257801078435
449.57257801078435
449.57257801078435
449.57257801078435
449.5603330818532
449.5603330818532
449.5603330818532
449.5603330818532
449.5603330818532
449.5603330818532
449.5603330818532
449.557656608941
449.557656608941
449.557656608941
449.557656608941
449.5327937791486
449.5327937791486
449.5327937791486
449.5327937791486
449.5327937791486
449.5327937791486
449.5327937791486
449.5327937791486
449.5327937791486
8087.679251244844
6287.27577634158
4302.584449913944
2664.086154650569
2121.5428405585308
1694.6061041843018
1288.4921299101197
1056.9101038948575
896.4915082948934
851.1187208765643
818.8910276758994
765.3959086888194
730.8689967192079
700.9058371436321
687.6884745127284
676.8173007849223
663.0279793495101
655.443583511012
640.5026775059777
634.3499079021844
612.6935303789263
598.8618367252149
591.7926529221177
585.0274815186847
583.431139171633
581.597216582198
578.3595818791922
575.0742014178973
572.2533464563487
569.5436609704893
566.5059329694662
562.3021523640161
560.4306574976613
555.3286288184081
551.9775741813321
547.1373707004751
540.192916785694
535.5899181426714
531.6900456912133
527.494564039031
523.839192552214
521.2178681916395
518.897820369868
516.8039942102081
515.3340387574032
514.0505158351797
513.3421794913756
511.7445722270096
510.59443045691074
509.3244459882964
508.50693488108845
507.8396993254088
506.94647866469916
506.0953021614575
505.1921490002283
504.50116812584855
503.71493423067477
502.6242609761677
501.0335186835267
500.6200130435716
499.71852794206694
498.92748091813183
498.3214527736282
497.3305918463924
496.47533482136555
495.6060338175271
494.6838751897269
494.04479908054634
493.3998148189711
492.0897882364967
491.17633605093044
490.16658676037304
489.0718882874878
488.07648164907056
487.45597414502043
486.96599155133583
486.491166258502
485.75712311695986
485.34338656341276
484.7653861435874
484.25889650644996
483.65496450687635
482.9908378497255
482.5059017021531
481.9531729490418
481.26695332533905
480.7017966319902
480.115667895607
479.29055670146283
478.5095397918261
477.62418265220816
476.9242856156947
476.3070865735021
475.8023228521694
475.22733969371325
474.72834752745297
474.1844597127605
473.6823021197516
473.1638515014273
472.51488979149826
472.02708833111694
471.5797101799272
471.14061131207745
470.68873046085554
470.0436462381758
469.3473772421585
468.64868733430365
468.05320292860137
467.36520694143553
466.4759483230574
465.922932466259
465.4215526065708
464.9190681291377
464.4897643105064
464.2599687204399
463.7882981571819
463.185775848242
462.6832373211853
462.23296108477336
461.70355450979594
461.22126945362083
460.7893671019747
460.4565828441568
460.07753997929336
459.874792591268
459.6338350244471
459.51392210346773
459.27217689401294
459.05383803272156
458.8402688963709
458.56568486102856
458.2476558348982
458.01608585992403
457.8596241296186
457.5982179017212
457.4508034905461
457.1962791920093
457.00330980872735
456.803724025084
456.59715833037046
456.51045925110003
456.2807899997349
456.00611964286117
455.76165840430895
455.47320471073033
455.19769118572117
454.8522436804027
454.5873179561191
454.292955221905
453.97755815100936
453.7533498479287
453.557130060523
453.38483388326
453.24697341733565
453.0553928016786
452.92681945744584
452.7297690529518
452.54493484287883
452.41294974455957
452.3245431181978
452.2014657784462
452.0839942621785
452.0506853246833
452.0163249441214
451.9232103046356
451.86630672516213
451.8442031883746
451.72675322899636
451.60334897816364
451.55805864471137
451.4877039023586
451.4460289228691
451.3840899529504
451.3619360420843
451.2828216066627
451.23941087462356
451.19615412480834
451.1322927267666
451.01718624789294
450.97416268437667
450.9446137987144
450.8911622433619
450.754430249335
450.6924666898111
450.65996344737283
450.65513212823464
450.60869410896476
450.4515071032026
450.4515071032026
450.4220305320561
450.4193335650751
450.4193335650751
450.40267255935834
450.3919109295275
450.36613209928015
450.324154748881
450.324154748881
450.28245713532544
450.23567032400655
450.23066192651686
450.18036092277794
450.18036092277794
450.18036092277794
450.18036092277794
450.18036092277794
450.18036092277794
450.17558914991827
450.10248014431966
450.00981820385755
450.00981820385755
450.00981820385755
450.00981820385755
450.00981820385755
449.9062126301428
449.8599570170367
449.8599570170367
449.8599570170367
449.8599570170367
449.8599570170367
449.8599570170367
449.8599570170367
449.8599570170367
449.8599570170367
8087.679251244844
5824.836013789096
4029.3668703316184
2732.3385632881427
2034.552905993075
1534.68344141106
1382.2851543281301
1140.6554097360195
903.3632802668739
805.3265690315336
723.1507461385711
662.5346345242577
629.0521364348639
601.3807709979003
591.5358542226954
580.2099179438321
572.4930560794585
556.1997035607981
544.2866206271243
537.2012950157142
531.043937364921
529.2068999154128
526.1949630419647
523.9128126382527
520.3226029902136
517.542829921566
515.5026695753252
512.5092235967264
508.2207768514995
505.3996825733244
502.39561256845
500.48998263013164
498.0723374303209
495.5705918836286
493.05747244319934
491.1800913911818
489.43825697909983
488.75346848779566
487.81639274774875
486.66145691193924
485.77687160072855
484.5722719448986
483.36612875175945
482.10375233200614
480.99433433868563
479.89737829342346
478.87412814874716
477.9828010251612
476.98493728949796
475.55128592207654
474.170920802768
472.37419285685803
471.31837217064844
469.73405624354604
468.535163349714
467.6917749881631
466.9414544402208
466.32437512402004
465.5513785935201
464.93433509604176
464.35500683895646
463.71752317528114
463.24026188383175
462.72480121355267
462.36443099710743
461.95660177507233
461.48111528811444
460.96077492078024
460.329075136551
459.94778367105715
459.3170011142642
458.8079678482231
458.4830136409296
458.2067957254705
458.01513575361315
457.69572479519877
457.39182907648086
457.12550649753786
456.7145177431669
456.21067859024157
456.03178369147207
455.6273878524703
455.22684111785895
454.93538148011373
454.7086053835531
454.3990543968524
454.00892369892125
453.8130172809584
453.51706432081625
453.10892278044696
452.8314327859553
452.66309558649994
452.4661198785512
452.355185772912
452.2227216693361
452.0406975084234
451.9507332711023
451.8467962818569
451.7305622089305
451.63652975231724
451.4963745632981
451.31188413807627
451.14247309252744
451.00905142026187
450.8431787869264
450.739912625092
450.739912625092
450.67764651117636
450.6219680500489
450.59892499757245
450.5136352060296
450.5136352060296
450.5120083727248
450.43478097182793
450.4066177724294
450.3990099214373
450.35671977023406
450.35671977023406
450.3248816296205
450.27641224721486
450.26515205386653
450.2479449641119
450.200481566044
450.1436795229084
450.056118475486
450.056118475486
450.04542020006386
450.0071674118247
449.9608591761199
449.9463699886079
449.9463699886079
449.9463699886079
449.91460377457884
449.88019828935705
449.853419694662
449.8170327405163
449.7951049880907
449.7951049880907
449.7951049880907
449.7914676786977
449.7914676786977
449.7914676786977
449.78078441054635
449.773590739118
449.773590739118
449.7508383749366
449.7508383749366
449.7508383749366
449.7508383749366
449.74981242001104
449.74981242001104
449.71847630485433
449.71847630485433
449.71847630485433
449.7135339450301
449.61453810616683
449.53958183834584
449.53958183834584
449.53958183834584
449.53958183834584
449.53958183834584
449.53958183834584
449.53958183834584
449.53958183834584
449.53958183834584
8087.679251244844
6280.27967183739
3932.770698488845
2310.9229700866326
1741.9691183802856
1385.4507986130322
1126.4274287839485
950.5576897474208
829.0952608700989
758.6944055755237
719.7738403973558
680.5691733491087
669.5797060865074
635.6634911613454
629.6229105450507
617.5296290356109
598.4143996904393
591.0762916098456
583.0622589064905
578.358457995246
571.9516671039848
565.2739746353659
559.2326990574819
554.6650753286098
551.0286960069548
548.899873132461
547.0160111169209
543.9190844115138
543.6008841651238
543.2173343384206
540.886606433535
540.1093663917151
539.1631690462193
538.4562813050458
537.3322065518197
535.3140215399998
533.9772276973745
533.1096430991314
531.7170705730837
530.3191343973652
528.7787875680058
527.0958625296335
525.1955576690393
522.7525844402255
521.3004780120003
519.6775976936012
517.8587590554805
516.4765362508535
515.5394481153525
514.7058860537337
514.0032771609725
513.3765601093453
512.7274308069769
512.2135453896069
511.4134969847089
510.53799298719855
509.65835272991825
509.00191316019044
508.3445868945794
507.949797590541
506.90813695654197
506.3028224817015
505.55172956088944
504.8478203058709
504.26716832410983
503.77010558257143
503.1591537025237
502.48287149288274
501.8320097225061
500.9057462544749
500.20827330774875
499.4703896893873
498.86765074457475
498.2882273120667
497.6684935289025
497.0980160498684
496.58942596125206
496.02080924768705
495.57566482952154
495.05889830605804
494.4164810022211
493.7537823317893
493.0536083992266
492.4732080416549
492.02680857498495
491.51907885192554
491.03698207655145
490.5480077693977
490.0918643262862
489.42917193692597
488.77471495120034
488.26299132488396
487.74465501073496
487.1488935942115
486.46465146815973
485.77443238156434
485.12528988917217
484.44360632320166
483.6674512703479
482.79486568308994
482.0397768112101
481.3010277772729
480.9259968807361
480.48299774775353
480.00311956163773
479.5496670170858
478.8255015228563
478.1626695583156
477.3819702759647
476.7154484406856
476.0949716657915
475.2899152608654
474.59432611649277
473.8152733117585
473.1264302095826
472.45499636142995
471.9100687900941
471.2901173478738
470.76224772403333
470.15446223949533
469.6682694549039
469.170617991558
468.7933453398306
468.4376701283029
468.00416693988535
467.6383828091589
467.23053803309585
466.8163183100507
466.2556004194369
465.8556376379033
465.33425901542853
464.98548519295895
464.59907430057234
463.9638720786512
463.52295392550815
463.0180208542897
462.56075216617967
462.20559135266933
461.71794194452764
461.3942168850118
460.8602225612434
460.4524057039744
459.98835524899187
459.5628957259069
459.17576400644384
458.76392560495765
458.38043683520976
458.0109137479036
457.6865130694487
457.35929348322964
456.92455942161183
456.4363766315404
455.9650230505243
455.5138781775929
455.13800717793123
454.6841155799264
454.2600335693713
453.84438088569306
453.37050273961216
452.9414265073823
452.5768979749529
452.28651024715367
452.1140959842171
451.8056303644248
451.5377737568255
451.1424925782127
450.87740041220883
450.5897838187967
450.3860522805961
450.0704554377537
449.85353848642046
449.59220125643833
449.380091616505
449.1933783092119
449.0658086104674
448.92865095682043
448.69773983284955
448.5055155854131
448.3383546581516
448.16415419465727
448.0262741446121
447.8634437998246
447.7442785176501
447.6065489863499
447.3942771980489
447.2661955986414
447.1308006839163
446.9528641023857
446.8279592200152
446.7152226119441
446.61356188455136
446.48267843719384
446.4032011098518
446.26774461837755
446.23087449531806
446.08959490245553
446.0510626236905
446.0393325132937
445.9740595340794
445.887613220722
445.8543761575534
445.8103719888066
445.77804609649917
445.70246338626623
445.67366154661073
445.60054975062025
445.60054975062025
445.52097253489035
445.52097253489035
445.4925201842914
445.40670808027375
445.35586857975494
445.31313374531305
445.26623320865656
445.26623320865656
445.2399645929686
445.2399645929686
445.2141279067335
445.191196450936
445.191196450936
445.191196450936
445.1616862444076
445.1616862444076
445.1616862444076
445.1616862444076
445.1616862444076
445.1616862444076
445.1616862444076
445.1616862444076
445.1616862444076
8087.679251244844
6401.178190600843
3880.3222678798284
2733.325844641457
1990.2852018437773
1505.8850172577108
1399.7270217288333
1349.1616750254252
1112.407971029652
1018.4370815436308
961.883580883359
917.0670451162172
894.3331251088991
825.8532908848131
766.2127123031573
729.9540769785017
712.6692955682835
698.9146211082767
680.8429391138711
669.3325231882757
657.9093679242385
650.4177255988271
639.1194996131711
632.1297808681541
629.3327069420428
623.6876336600996
619.3771616224592
615.5744822094996
612.0535408637504
603.5906892777058
597.6830452360284
586.6572193882055
580.5228547397409
575.1233779181069
569.0729346811413
562.6741295772068
556.9100584535489
553.1279270059773
548.2713005919215
542.9541091513773
534.858497387697
530.2908872405383
526.1463417310175
523.8394384984784
521.370255105197
520.1841882330639
518.1348230481391
516.2050641896044
514.2832739188082
512.5648460751412
510.91908237114933
509.5562180679166
507.5890091007628
505.75268304372645
504.64804753305737
503.06320484457075
501.23085193849136
500.013027514563
499.0205814470346
497.421951642026
496.02403831353786
494.53551282532794
493.04358218701014
491.69944186688844
490.394246327057
489.139128935276
487.5272547884567
486.297869624625
485.0067222976457
483.52205339294557
482.3464644241386
481.16227940886944
479.6858280904901
478.0681123940761
476.12437669329114
474.29639698504536
472.60440175274107
471.54673103918003
470.8867034908612
470.02501784430063
469.2015218840352
468.51411148934966
467.7154315350487
467.1535822947157
466.62714208621776
466.0554349688325
465.4135108720326
464.7986411007105
463.7286015153006
462.8502146881719
462.37608402756734
461.90592925355713
461.55185106079705
461.04155201643675
460.4172871624255
459.918719008813
459.3637056127362
458.9747092314617
458.52009813723066
458.0174002812657
457.55727537570147
457.2383074670229
456.9674949450237
456.749062642046
456.3500661060315
456.06892508367116
455.8017229566616
455.5063905962913
455.174441260943
454.83600992390427
454.4472060689382
454.0292331890351
453.7266025757221
453.3613803781804
453.04666731920497
452.72313019368727
452.5357290128147
452.29034768832855
452.04817812513653
451.8930041411423
451.66756140821957
451.4526100317955
451.21806372531336
450.86084967118194
450.61101207903573
450.37281908992543
450.18294990938716
449.98818868036585
449.75757944146454
449.588208649288
449.3276681599227
449.12370374696883
448.9281490382905
448.7225991483572
448.46819612429033
448.31077850754434
448.1180954035756
447.9819040764583
447.82927798036434
447.62679072481126
447.4366025136976
447.21386632590367
447.0926224878763
446.9707698264061
446.8821539519899
446.73108560082534
446.667051845978
446.55479431945093
446.47309037123716
446.37021818928554
446.33729024260316
446.3076733155022
446.2461982501152
446.2265540037745
446.1572933215599
446.13343033773026
445.9462991972931
445.91558789823733
445.83511560609236
445.82946573803304
445.7882477315373
445.72344505783497
445.6904872767263
445.5850916888067
445.55264409286195
445.52404337555726
445.46921021677923
445.40430947565346
445.29719130364384
445.2805945093191
445.2415667197809
445.2415667197809
445.2415667197809
445.1952597878627
445.1503103410923
445.1503103410923
445.1503103410923
445.13398577694886
445.13398577694886
445.13398577694886
445.13343691097583
445.13343691097583
445.13343691097583
445.13343691097583
445.13343691097583
445.13343691097583
445.1321866286914
445.1321866286914
445.1321866286914
445.1321866286914
445.1321866286914
445.1321866286914
445.1321866286914
445.1321866286914
445.1321866286914
8087.679251244844
6368.205259242587
2983.3104891124603
2023.0674067514772
1858.0944220163024
1181.9345094467344
923.3622150783823
724.2445107510814
673.748054094952
651.1525076721013
606.2115695536634
575.4311671656549
555.4318828342713
539.1609595069377
533.9159311220583
527.6033752462578
509.2504797252244
504.36185311402573
497.59869664669156
493.52972789350895
491.56516532877606
488.1351435594583
485.9615414586162
483.35380560420697
481.19997039402756
479.3580226034744
476.88968377493995
475.36318701224184
475.0750071558981
473.886385540873
473.44316660015113
472.12108425171846
471.8168067116237
471.77910976336227
469.65586255627363
468.6736349011779
467.74916510188535
466.7640732662435
466.12221096495296
465.4469537046763
464.9069418527394
464.441885291897
463.798876070553
463.5000794515555
462.62763401773367
462.04229966369803
461.78452302586913
460.9954615303383
459.66167154997805
458.27927548616447
458.1257244604024
457.3639958427155
457.0812483292609
456.5561023906003
456.5561023906003
456.3224923761256
456.13053871055007
456.13053871055007
455.7347199995087
455.6305465621347
455.2475823142568
454.95838657281143
454.717498461973
454.51665809209817
454.29010930235995
453.96501264833955
453.8524936329399
453.62126636429076
