4398.28727617348
3255.7338073341275
1969.474323073711
1488.341408920918
1279.1806392208828
998.2999961392159
896.3561196398938
856.7411428812197
789.6405473814943
753.0270378726
700.0333490785829
686.1725484997025
656.704755123121
656.704755123121
652.7673207744295
641.2502054544573
631.7552895637413
624.6565138647547
622.0256914189431
609.8063087599779
602.6570799365603
600.3522529034748
598.7907745415107
596.180657629758
596.180657629758
592.172032592776
591.3392010338744
591.3392010338744
586.6341826862133
582.961098862523
582.961098862523
582.0731996643563
581.8699611799484
580.5112315008621
580.0257141658075
580.0257141658075
578.334988911239
576.585350276998
575.4883031562958
573.9148874704855
573.2000803665513
570.0786196250853
569.2963692440571
568.8929073185126
566.501261883551
565.9361513805491
565.3013008023327
564.5458525985233
564.2666991447993
563.3701531822502
562.3293266924527
560.888954323759
558.9081158030092
557.4154433452916
556.0377273891081
556.0377273891081
552.6055549771465
551.4068535851166
551.4068535851166
548.2115718092053
547.2285797726197
543.7606329699445
542.6605104396303
540.0180104273622
538.7596132790795
537.9095360228644
536.2408807145473
534.53663305433
532.1420891699375
529.1154984599607
527.1286683044435
523.0054748072312
519.9001665842144
516.8126737587507
514.558227551174
512.3442333517135
510.45454500622185
507.948359537226
505.92426998571966
503.44575277378203
502.1812778324978
500.7015834598263
498.3078463218983
496.46089164212856
494.70590060493845
493.3268805174391
492.0745309992708
490.74840018103913
490.03808238818783
489.3261725026518
488.43929497290804
487.3511613892425
485.6312481361091
484.318286641259
483.35471170089886
482.79169288238324
481.7015169497426
480.8777972355288
480.0483945174029
479.20109758797173
478.17496664462175
477.24958898330897
476.29898028256804
475.2729954911565
474.37153339542726
473.1805336386125
472.0246710834275
470.7810052869223
469.66995814884774
468.70923861848365
467.65953554828786
466.8077739277469
465.85587002391406
465.00718080633453
464.06664911269513
463.2509618838945
462.4861190934289
461.69844574483415
460.65798529523073
459.7943159021076
458.8572250918
457.8911650386678
456.87678756624535
455.79104053053527
454.84895584141634
453.8800049021094
452.7194712235084
451.4429952335006
450.5078229057693
449.49575825903645
448.7523549690174
447.76924303152754
446.9322761493403
446.28006290811584
445.4063787712787
444.3605178851551
443.53302998109854
442.7263739517991
442.049869762464
441.3841505502804
440.72247788675827
439.9876505494027
439.2379485056605
438.3934042942178
437.68040454179817
436.8772237216487
436.0912940949562
435.4024814432488
434.672313892645
434.1520925090456
433.67875611461193
433.1602538215732
432.59584165231587
431.9645423319367
431.26675245205377
430.82996595228246
430.24952949696086
429.62837722794876
428.893837704357
428.31722951428327
427.5852642455117
426.7698611406793
426.2419130749558
425.7041275007569
425.1489911532734
424.610815577757
424.0893679056783
423.55799136708737
423.1228890375695
422.6723464537951
422.24443479976463
421.7326656005113
421.3044703989263
420.7585586955358
420.2904697592382
419.78479757628213
419.33630694629346
418.80513747768134
418.3696624366835
417.97991522197174
417.5341282206637
417.191798311224
416.7893027053722
416.53483576339386
416.20931525243856
415.7596683910938
415.3318117439366
414.87499248576904
414.3588826052157
413.8993659834207
413.44470693817976
413.0224633217316
412.5771202476336
412.2908541935615
411.98166001880804
411.75019867463595
411.41216637461446
411.15045994529623
410.7878668342487
410.418215490399
410.11197746431185
409.7391741374358
409.3972867943381
409.05116318731405
408.6931753390842
408.3895455935297
408.1230689649274
407.86758254009345
407.63840783297206
407.42647192945947
407.2092382032791
406.87042641121303
406.6710072865486
406.3177866678807
406.03535383790944
405.8181351766438
405.7033000407734
405.50958694971933
405.41668427489424
405.2393683178946
405.12263712663247
404.98117574852677
404.8463481777848
404.7412626857239
404.66400186926376
404.5983204460828
404.5201979844801
404.4668739504855
404.3256758208157
404.23459975275074
404.12692504023374
404.0808636317383
404.02284423700746
404.02284423700746
404.02284423700746
403.9838426228197
403.9838426228197
403.9838426228197
403.93625013362714
403.93625013362714
403.91867496317604
403.9098700693858
403.9098700693858
403.9098700693858
403.8862628523756
403.8862628523756
403.8862628523756
403.86981996572194
403.86981996572194
403.86981996572194
403.86938359966115
403.86938359966115
403.86010945240236
403.86010945240236
403.8548581705376
403.8548581705376
403.8463770308618
403.8463770308618
403.8463770308618
403.8463770308618
403.8434395899362
403.8434395899362
403.8405421204993
403.8405421204993
403.8405421204993
403.8405421204993
403.8405421204993
403.8405421204993
403.83707893212915
403.83707893212915
403.8174992802697
403.8174992802697
403.8174992802697
403.8174992802697
403.8174992802697
403.81676786475947
403.81676786475947
403.81676786475947
403.81676786475947
403.81486754405427
403.81486754405427
403.8100148411528
403.8100148411528
403.8058442104763
403.7992323930764
403.7992323930764
403.7929085955086
403.7929085955086
403.7912614675555
403.77560268202103
403.77560268202103
403.7709956000272
403.7709956000272
403.77050236201154
403.77050236201154
403.77050236201154
403.77050236201154
403.77050236201154
403.77050236201154
403.77050236201154
403.77050236201154
403.7694214783172
403.7694214783172
403.7694214783172
403.7595913680635
403.7595913680635
403.74837565295263
403.74837565295263
403.74837565295263
403.747171219649
403.747171219649
403.747171219649
403.73454072467706
403.73454072467706
403.73454072467706
403.73454072467706
403.73454072467706
403.73454072467706
403.7338589657229
403.7338589657229
403.73235193883187
403.73235193883187
403.7206490883864
403.7206490883864
403.7153334813683
403.7136400977902
403.7136400977902
403.70452897208537
403.70452897208537
403.7034522368902
403.7034522368902
403.7034522368902
403.7034522368902
403.70226671639966
403.68939655488066
403.6825175240209
403.6825175240209
403.6825175240209
403.67472008061196
403.67472008061196
403.6736424428469
403.6736424428469
403.6665909970167
403.66179739016036
403.66179739016036
403.66179739016036
403.66179739016036
403.66179739016036
403.66179739016036
403.66179739016036
403.66179739016036
403.66179739016036
6528.335904821418
4621.983632845128
2923.0124510319774
2340.732181045788
1900.9296766116313
1782.1421475614434
1478.4565463257698
1431.6705027701298
1082.9576984369755
1057.3643108823771
940.9498604354449
891.7065062185735
869.1179666913496
840.1771491984704
822.5949725817321
789.3777683397518
762.1247882297863
762.1247882297863
755.5764811938571
746.848289147568
730.1665280098252
709.9647391667909
700.8429326041779
693.6052518802214
684.2414916862267
676.9484336142796
670.5343339601013
669.8740876926328
661.6113890820654
633.8963893134794
625.4724372672603
609.8467918926847
601.6196607304876
593.8928712597777
586.4932661511725
579.7458386842347
572.7314491875986
566.5812413018422
559.1776987198846
551.1656510893047
545.6750148426306
541.908950226246
537.5855937453657
532.7227572327924
530.4046301633138
525.649910495956
522.4068524183623
516.6469314222626
512.276983765795
507.3714320721353
504.6278042975304
500.8291872609793
498.42330154069646
494.9377995398723
493.0429366168396
490.6791188912955
488.54173640507145
486.7547452987178
484.9990270944454
483.4517309369427
481.63599510073357
480.6053217900341
478.9308905953119
476.84811710235164
475.02420250615404
473.58196051988455
472.62369718367825
471.2574244506788
470.3057880466189
469.4335124185674
468.9653118029447
468.1109051218506
467.3862103045209
466.63033731046323
465.6159519893454
465.04419550283677
464.1954080408179
463.1981793620136
462.38773554651004
461.4873170027066
460.85660694062017
460.3656322876318
459.74992692029485
458.8409244701109
458.1327117057761
457.5141712702609
456.5976333580044
455.87858882533885
455.2914307452703
454.787562144136
454.2891801908726
453.966113287281
453.55239520903973
453.239962954846
452.8370905633609
452.45009154854824
452.21244292556213
451.93141702743424
451.6664876553333
451.45033080324214
451.30899697383353
451.15352768555454
450.96089770683017
450.78935776671113
450.68531646635904
450.5644620487094
450.41377874386643
450.36834354491384
450.3323486465181
450.25589225674196
450.17447697495504
450.06000945216243
449.9519306962652
449.7651939103146
449.65292558040295
449.6189352318207
449.5815069364022
449.50799404599695
449.430435994957
449.41027295222386
449.37209130208566
449.3140077680476
449.3140077680476
449.3140077680476
449.3140077680476
449.3140077680476
449.3140077680476
449.3140077680476
449.3140077680476
449.3140077680476
8578.552899625309
6288.716435014688
2500.5577115077003
1870.8966300436757
1730.0925407219995
1455.069626586071
1383.2923924488832
1237.817042820335
1169.1816152006818
993.8152784388386
842.2994803043523
783.3748402034636
720.2619923519167
698.5870873618796
667.9812137606543
662.5153017681976
644.7887731213584
619.2857609308298
619.2857609308298
615.1853362797704
608.9456121254981
604.0860294047956
603.073906423933
597.7014003656914
592.9263450670074
592.9263450670074
592.9263450670074
590.6760584274023
589.5737788648207
585.2566552320723
585.2566552320723
583.2923513423762
582.1211565111083
579.288362882084
577.9105207143393
577.2272401368123
575.3910187592919
574.5328055916525
573.4937326603671
572.2592330142768
569.789441234211
569.7573668628258
569.4327010865763
569.0210493614729
567.6922449587846
565.7070037819897
563.3127820981124
559.476863656794
558.6633103337975
556.2532811305659
555.1768911783251
554.6690780276479
553.8798973160801
550.9579748708219
547.9698115488777
544.892363363936
542.7064143382696
540.8784265327347
539.340074867326
537.5398077094451
534.6803828166435
532.8799729728775
531.6636621683487
529.091849104737
526.5117931908404
525.2451522065305
523.4875502546884
521.8468696193455
519.9264306666553
518.5643841737221
516.0556056631951
512.9780810762805
509.87109333446017
506.772961088354
502.9117068327836
500.05482815964615
498.628744162241
497.50967975271476
496.0371485950323
495.3638312343591
493.9395449992269
493.0402284880154
491.26922250770167
489.8921766933387
488.18171625048694
487.1597556399942
485.6452234736133
484.4466759643566
483.31740773896183
482.4209080384172
481.5911156671055
480.77189931428416
479.7055909956717
478.44411883311363
477.67847767335866
476.62362966635976
475.9078472164238
475.09237743334165
474.38784881592636
473.6607419106957
473.1696181028368
472.7896050540956
472.36572108530476
471.9123958463572
471.42930619396435
470.9753421220985
470.4190507537393
469.8283192489997
469.2173927556343
468.25751270251857
467.5808664052748
466.92363720122296
466.05145062582596
465.4472147542234
464.63578634278696
464.0478576837929
463.3352223113521
462.81868137522224
462.2010535905908
461.8404737295542
461.35941240115625
461.0260188952449
460.73833175635525
460.35730850048674
459.90738842544357
459.43211461546673
459.05860232429
458.7427093039276
458.5076951201374
458.17981564166075
457.90881515864055
457.66611608308347
457.42285515943536
457.2485085209734
456.9693044072061
456.723517854686
456.4997864687094
456.24470039869936
455.9552904637535
455.7368627397732
455.4636402006466
455.27298690270896
454.93825826724094
454.6990847829803
454.3902472570036
454.0596795097866
453.85513869435437
453.71277085741616
453.55864610579397
453.3825594363481
453.0552107687373
452.77511006646785
452.57822666282027
452.30165750922754
452.1241451897366
451.89570405373775
451.7792625108187
451.66954082579184
451.5468314169042
451.43088869107874
451.2567811808764
451.147116883697
451.0694715086551
450.9557136444918
450.88396960008606
450.8396057459083
450.7722331460203
450.6555650646413
450.47555033530216
450.3355369736528
450.25571938227625
450.1803715404944
450.1111595353868
450.0708396314888
450.0050627626293
449.97902985318103
449.90167419151817
449.8518538073474
449.8210944301808
449.8210944301808
449.8210944301808
449.79677712461626
449.7961863034279
449.78206283556386
449.78206283556386
449.78206283556386
449.7751630810385
449.7503218904779
449.71605502794597
449.7051716643248
449.6907044021078
449.66910629277817
449.66910629277817
449.66910629277817
449.66910629277817
449.66910629277817
449.66910629277817
449.6582299114544
449.6582299114544
449.6345959194016
449.6301928776977
449.6301928776977
449.6301928776977
449.6301928776977
449.6301928776977
449.6030053636643
449.6030053636643
449.5561223546396
449.5561223546396
449.5561223546396
449.5561223546396
449.5561223546396
449.5561223546396
449.5561223546396
449.5561223546396
449.5561223546396
8578.552899625309
8133.007338010908
4474.76594249986
3146.6816545356983
2244.0888670816043
1839.8444270178338
1338.22601175518
1178.5098971783268
990.7342270543045
825.0957330329853
764.2403386118015
763.6312576518569
722.8081107147227
709.0505491476031
693.9877043961293
671.0059116087077
666.3578423067878
650.4974203944519
616.2284639745014
612.3359214045162
599.4244113319397
598.1068997614171
597.5201154832123
590.9301290206555
587.9312414177066
583.6718142381611
582.4461954741843
580.0841927384947
579.2792638682042
574.9361754731046
573.4137669897822
573.0525722584003
569.0785543266045
566.5197730919527
562.171565164639
557.6790034957257
555.8676721704636
552.4377126545797
550.5599445768564
547.9584468212919
545.5123043716665
543.4133238526474
541.8104066785666
538.5122304949268
535.2321078829832
533.1531000852306
531.4267161118771
528.7224341178506
527.1984679133263
524.1771519393335
519.1773677378133
516.8479581225071
514.9149586395332
512.1379963934593
510.0684206924267
508.1641061028089
506.7158952651438
506.0516854055803
505.2928487284067
503.0503805378509
502.07748173619586
500.74650138505496
500.0227080261992
499.5572967815675
498.60723597699393
498.32824722803167
496.7691085797846
494.2906029124891
493.17372401465735
492.34538627310144
492.0071686899487
490.8190228213726
490.5444061823679
489.3031367234796
488.90032740796346
488.57318483020475
487.7788189541642
487.7788189541642
487.02820580272265
485.9010615656737
485.38121818064906
484.8124208511091
484.27854731372804
483.7948190641581
483.7948190641581
483.56112936751305
483.07725198013867
482.02893232020654
481.26500824974505
479.02106095902957
477.9765648207858
476.6511288784889
476.2819967771858
475.11415726955875
474.5958095293633
474.1604285020228
473.56414961975725
473.10606109007483
472.6330077810685
472.25142333848373
471.85134138493027
471.50905610416567
471.0796114828067
470.376400952901
469.7814085915858
469.1377141187316
468.36353080127697
467.9932036183286
467.4637301541399
466.9412454210753
466.46930794506727
466.1751960505759
465.8488336857624
465.5602498779656
465.1889240503907
464.6773699040715
464.19334330081557
463.83386199065353
463.5211763878695
463.1544503559052
462.8299986927149
462.5400218974929
462.2279491824414
461.88808960893783
461.6267351034944
461.26471638112054
461.00910644458685
460.78574530571495
460.50760228470034
460.3299525612374
460.12530415766884
459.6725633115146
458.69836184635557
458.4589232340406
457.7209853685477
456.9431317904453
456.44313381247207
455.7921334939891
455.23268776126866
454.4546074015791
454.08608308096586
453.6367192760918
452.80869718727735
452.30627005877204
452.17597626877557
450.80816756070664
449.93690921706775
449.39392187458554
448.9720240067927
448.56835868505874
448.14804959562036
447.7752662775544
447.7752662775544
447.6772586069654
447.5043394337543
447.3750140126112
447.31338671120625
447.2116810133643
446.9935391904687
446.7915731676228
446.6029822317822
446.4945764615676
446.45896342347936
446.4131587418436
446.241996541064
446.14926697960624
446.0338331245888
445.97107215223326
445.89546501764977
445.89546501764977
445.88500069254775
445.72159582931573
445.67156758535566
445.67156758535566
445.64452281653996
445.64452281653996
445.5122767145346
445.5122767145346
445.4621909181647
445.4621909181647
445.4621909181647
445.4547612775273
445.3825269546614
445.3825269546614
445.3825269546614
445.3825269546614
445.3825269546614
445.35011003696997
445.35011003696997
445.35011003696997
445.34933328443685
445.3480094539981
445.3480094539981
445.3480094539981
445.3480094539981
445.316440457969
445.316440457969
445.316440457969
445.316440457969
445.316440457969
445.316440457969
445.316440457969
445.316440457969
445.2993314668418
445.26917565895775
445.2630397122101
445.23120183758806
445.23120183758806
445.23120183758806
445.23120183758806
445.23120183758806
445.23120183758806
445.23120183758806
445.2306529814937
445.2276812782755
445.2276812782755
445.192479679993
445.192479679993
445.192479679993
445.192479679993
445.192479679993
445.192479679993
445.19039397307967
445.19039397307967
445.1742268078938
445.1742268078938
445.1742268078938
445.1742268078938
445.1742268078938
445.1438341212646
445.1438341212646
445.1438341212646
445.10579514664727
445.10579514664727
445.10579514664727
445.10579514664727
445.09992238231024
445.09992238231024
445.09992238231024
445.09992238231024
445.09992238231024
445.0575606897382
445.0575606897382
445.0575606897382
445.0575606897382
445.0575606897382
445.0575606897382
445.0575606897382
445.0575606897382
445.0575606897382
8578.552899625309
6544.8567177619125
3115.7895290388497
2285.6098106145555
2049.8868457617336
1736.9684341837471
1418.8619335511862
1303.1284604326358
1208.1656202353493
1096.226910799131
1037.934715203614
939.0501861230077
919.3765733300698
860.1570990328146
819.3492269432265
796.4661134329658
763.2629810810696
715.1269133698868
714.4852406649297
688.329880932972
676.9747014833705
668.5059055998264
653.8656190209603
638.9137859807151
622.5825554108226
611.3640487404795
599.6448589432785
591.7339088328542
588.8367769357172
586.0504629119899
578.9689597081367
575.4962049753406
569.7531581955806
568.3534424108932
566.2139776534004
554.4371660734155
550.2348627377025
547.359976420267
543.4542808970715
541.2629116394148
537.9100143665714
536.1002956481832
533.7697725108551
530.4850321355921
528.835338703885
526.7160809874898
525.8192453371981
523.6577583806134
522.5450908979495
520.4906851921255
518.9398756964629
517.6319165300143
515.7610757509842
