4888.722529592812
3183.4458697881173
2620.784251103834
1882.318881828886
1390.903810371633
940.1210036867524
814.598042308659
646.4936858048272
587.3039933222907
568.8971291055543
548.788159293939
534.8395529966814
530.5172286660897
522.125789838555
517.0576788535822
507.3503520137825
497.6077890468647
492.6879931623194
489.92581355274507
486.06276088465876
484.73900439941974
481.97780671774956
480.88733827604733
479.8240200544902
478.73348461544424
476.8680959240958
475.532894622405
475.532894622405
474.88171310563445
474.7456506325451
474.7456506325451
474.58319388534704
474.037570274289
473.765627724492
473.10509676629704
472.56569214820604
471.96403775809046
471.6978192940039
471.6978192940039
471.6978192940039
471.52437204328237
471.1770136589904
470.69029029951434
470.50390582889736
470.47122683912505
470.21340961999346
470.1176051075074
469.2451086365238
468.9592602892459
467.87399671849874
467.8711627197912
467.6645472481888
467.1330584336233
466.88522042489683
466.2227401028447
465.9460235742963
465.43894733673943
465.00733321716876
464.49735311262106
464.17320641685393
463.7577161732868
463.4233095570335
463.15902509210366
462.795979915963
462.41495848020736
462.189569302034
462.16716552101843
461.9665679295688
461.7015464617778
461.311906259734
461.0394982059281
460.5180730659452
460.1798713798875
459.8907972199229
459.56694840998284
459.3218060804996
458.8729997203104
458.22886443938086
457.908200525076
457.6228255171213
457.23718590175105
456.6752892561367
456.1954040759365
455.777268929902
455.1573521071095
454.7636085299131
454.4679616453028
454.313627291417
453.9862131457674
453.6709224776329
453.35963732453473
453.1125444631203
453.00799421821387
452.9058164314858
452.5765832836197
452.124716433472
451.89127081011605
451.74282638398
451.64779469306825
451.56337478920597
451.3709500647868
451.28235086676364
451.2492867273947
451.1083683712129
450.9205106315786
450.8190661860974
450.67296823396055
450.5819961443984
450.3601774914989
450.246106940472
450.1362658003908
450.09161350383533
450.0418755989889
449.9895703790203
449.9895703790203
449.98015597825093
449.93966859495595
449.8788486319527
449.8204591705846
449.7199600933358
449.6706318963928
449.6158464507202
449.60858401950264
449.54995420386877
449.5241137802861
449.5019070946764
449.5019070946764
449.44111693768474
449.44111693768474
449.4146884853033
449.4146884853033
449.41068259917745
449.41068259917745
449.3933719195666
449.3933719195666
449.3933719195666
449.38352119803073
449.38352119803073
449.38352119803073
449.38352119803073
449.38352119803073
449.35316365811565
449.35316365811565
449.35316365811565
449.35316365811565
449.35316365811565
449.35316365811565
449.35316365811565
449.35316365811565
449.35316365811565
8199.165135807074
4175.85408592195
2712.638927979425
1755.165060659645
1256.1728821380436
1096.4329853490422
828.1258982212654
750.0536955630097
649.6283397879436
627.9280980304788
616.4663191858047
598.4013389224405
579.361290825483
564.0058821788309
556.0424484518576
541.6771728202921
534.2981704332619
530.7440632837315
521.8405158040762
518.539573142974
514.6912208303659
514.3819291497784
508.56179226851805
502.5449508334877
500.018780200092
496.118658979388
494.7768255822775
491.67659557272646
486.90512593915855
483.4267475081304
481.97647322854533
480.3802644167705
478.911826019112
477.6382973001993
476.4161328922742
474.08131781255025
472.0026787886546
470.55204510923454
468.74967871365646
466.7528486974477
465.0412524020445
464.3219971592681
463.5249099676869
462.16146496712184
460.8105538590888
459.62449296580667
458.7110332877749
457.5353437991304
456.3562140027565
456.0812816513643
455.8887667462256
455.71491253115755
455.71491253115755
455.47382508943633
455.02700964874765
454.86093731356107
454.5054960697415
454.29660791284135
453.9313452207602
453.88140155920865
453.6304236190323
453.4286984260313
453.39409282734067
453.23328760579267
453.03646972388344
452.9328974013882
452.84447386740067
452.5424009836996
452.40911400532514
452.0304311158514
451.9472113067254
451.5636763698353
451.3990961138923
451.2471315163557
451.0183702293402
450.9378726324189
450.8550811761263
450.61814125744417
450.44074369964244
450.3923314041071
450.26695003758834
450.2453619888837
450.09699099270216
450.06175345461315
450.06175345461315
449.9063023990034
449.89290432725664
449.87171041161264
449.86497631884146
449.86497631884146
449.83041118312536
449.76514113229
449.7230723250615
449.67987116545
449.64027764999616
449.64027764999616
449.627451652875
449.62151612555243
449.61432405535925
449.5692848570891
449.51204736432175
449.51204736432175
449.51204736432175
449.51204736432175
449.51204736432175
449.501913078322
449.4853402276499
449.4728761453205
449.46177808163156
449.41923363115706
449.41923363115706
449.41923363115706
449.41923363115706
449.3850184391036
449.3850184391036
449.3850184391036
449.3850184391036
449.3850184391036
449.3850184391036
449.3850184391036
449.3850184391036
449.3850184391036
449.3550590927084
449.3550590927084
449.3550590927084
449.3550590927084
449.3550590927084
449.3550590927084
449.3550590927084
449.3550590927084
449.3550590927084
8199.165135807074
4189.026000803577
2262.2373653859013
1992.0019214974582
1468.6862187209194
1159.5195512245073
941.7887975055107
856.7468276798261
797.6319983512665
743.9408613059989
698.2186196622545
659.4425845912724
618.6600445501215
599.2232641191927
580.1440896117722
577.8553326980176
563.189673518727
551.7597409167838
544.0501635990925
538.6884627597622
534.6972236796862
532.2911449861978
529.4526509930743
528.1397173017908
521.5769339649491
518.1667832112216
516.1496487535909
514.6145059498248
504.62952960770673
500.1721269967537
497.30984414072907
495.63950415707257
493.653627383618
490.68182611204895
489.87954166879024
488.5072690243313
487.42675219634475
486.08917202026845
485.7201501741411
483.77671013016453
482.99758790682455
481.16091987996265
481.04855816968217
480.61139137626463
478.10931395553104
477.7485940436974
477.2554760116589
476.2326342335486
476.1892738596373
476.1892738596373
475.63430582272736
475.5258627106696
475.35604756490756
475.15295715254626
475.0664395506209
474.8814328784765
474.77539329787965
474.657299473538
474.657299473538
474.44199669659406
474.36870525978543
474.2062159767746
474.11332751409856
473.97117963245154
473.8956262121835
473.8263910345837
473.7985097496758
473.66857717439945
473.66857717439945
473.6258593570621
473.58783878250443
473.54478829185626
473.41732618138803
473.31455835882366
473.2304550480334
473.2304550480334
473.1806341799
473.11752259615594
473.06829806389527
473.0126616839732
472.97862596240407
472.899726038448
472.88748679468716
472.8637478493837
472.8221512317261
472.8038471393359
472.7656840393111
472.7656840393111
472.7635493497108
472.740147489533
472.7318258374436
472.7318258374436
472.6951997713837
472.6743906912716
472.66367527565365
472.66367527565365
472.65141993652094
472.6248332162272
472.592319106346
472.56298527859116
472.5439087125826
472.52367223165595
472.52234123183024
472.5046681109424
472.5046681109424
472.4928388822739
472.4864358385155
472.47658374397287
472.47658374397287
472.46948718020406
472.46386744750237
472.46386744750237
472.43549604283726
472.43549604283726
472.4347050986974
472.4347050986974
472.4200897699424
472.4200897699424
472.4167060185201
472.4167060185201
472.4050099417901
472.3987616148627
472.39168357378753
472.38297957944354
472.37240501105856
472.37240501105856
472.3714785833849
472.35505874222264
472.34694606536834
472.34654010963163
472.34654010963163
472.33466720238073
472.327099832743
472.327099832743
472.3186738680327
472.31081418879535
472.3094898074474
472.29032091464416
472.27429015731525
472.2704612546952
472.25839570529706
472.24850242948685
472.24850242948685
472.24287694996855
472.22544505041014
472.2163092044212
472.20739682877894
472.20134727568154
472.20134727568154
472.20134727568154
472.1897666792391
472.17005893251564
472.1658365261793
472.1583217986001
472.154143317219
472.15306642471455
472.1373629071601
472.1373629071601
472.13283765944743
472.13283765944743
472.13283765944743
472.12753109912387
472.1230788007103
472.10838644418146
472.10838644418146
472.10237966545435
472.10237966545435
472.079208986297
472.0731232645424
472.057653898009
472.0546388406971
472.0493141213404
472.040399697757
472.040399697757
472.0155766408826
472.01266311998495
472.0098949553153
472.0098949553153
471.98790274633774
471.98790274633774
471.98790274633774
471.9842545960288
471.9842545960288
471.97568478937785
471.97046676970973
471.9451440415774
471.9375464283873
471.93280218648977
471.93280218648977
471.9164353006337
471.9145267441387
471.8926859429354
471.88703494120045
471.88703494120045
471.88703494120045
471.8802098742781
471.8802098742781
471.864403362183
471.86380284030184
471.85292455856995
471.84703453624024
471.8328815521308
471.8295679108601
471.80949827904783
471.80949827904783
471.8011149689305
471.8011149689305
471.7887402420683
471.78489510840984
471.78489510840984
471.7666784901507
471.7666784901507
471.7520176752204
471.7520176752204
471.74910906303666
471.747382973901
471.7403828834281
471.7403828834281
471.7403828834281
471.7403828834281
471.7402065887532
471.7402065887532
471.726670017873
471.7113271429348
471.7113271429348
471.7113271429348
471.7003579116664
471.6889953164847
471.6760041310879
471.6760041310879
471.6760041310879
471.6760041310879
471.6760041310879
471.6740582695487
471.6671121111324
471.65974008066416
471.6503779464745
471.6503779464745
471.6420295246112
471.63530599542463
471.63048961809517
471.6203895313136
471.6203895313136
471.61398565377215
471.61279454472276
471.6127521039968
471.6127521039968
471.60749390991407
471.60749390991407
471.60749390991407
471.5973642257906
471.59406989547307
471.59406989547307
471.5879870780759
471.5879870780759
471.5879870780759
471.58045522298085
471.57268454598204
471.57268454598204
471.57158097068316
471.55422698493743
471.55422698493743
471.55422698493743
471.54845297854996
471.54089908062065
471.5357542548841
471.5357542548841
471.5326101016038
471.5326101016038
471.5277366073139
471.5277366073139
471.52564438403755
471.5249912611389
471.5249912611389
471.5157590880916
471.5157590880916
471.5131836322055
471.50656919909915
471.50656919909915
471.50656919909915
471.4961486092313
471.48884790109383
471.48876147451176
471.48876147451176
471.48346938841587
471.4765505667669
471.4765505667669
471.4765505667669
471.4765505667669
471.47430286792047
471.46623350876115
471.46563351558154
471.46563351558154
471.46563351558154
471.46012533965086
471.46012533965086
471.46012533965086
471.46012533965086
471.46012533965086
471.46012533965086
471.46012533965086
471.4569770026377
471.4569770026377
471.44791296651636
471.44791296651636
471.4477076672773
471.4450545704321
471.4450545704321
471.4421650011452
471.43614742465974
471.43614742465974
471.43614742465974
471.43614742465974
471.43614742465974
471.43614742465974
471.43294288876115
471.43294288876115
471.42702546801524
471.42702546801524
471.4268440625453
471.4268440625453
471.42429084890176
471.42429084890176
471.4209001472769
471.4209001472769
471.4209001472769
471.41654553644264
471.4116429111083
471.4116429111083
471.4094515235102
471.4094515235102
471.4094515235102
471.4094515235102
471.4094515235102
471.40766982530135
471.4006689762902
471.4006689762902
471.3936348712448
471.39094918283877
471.3780541580822
471.37184594650114
471.36600501706044
471.36227978408465
471.34608981775045
471.3436309366582
471.3436309366582
471.3436309366582
471.3426597574463
471.34257997862323
471.3394731985864
471.3282065214062
471.3282065214062
471.3282065214062
471.3175874660217
471.3138492217145
471.3138492217145
471.3138492217145
471.3136074302996
471.3136074302996
471.3136074302996
471.30798454041997
471.3064054844166
471.3064054844166
471.3064054844166
471.3024246627699
471.3024246627699
471.3024246627699
471.3018586992951
471.3018586992951
471.3018586992951
471.3018586992951
471.299489782712
471.299489782712
471.299489782712
471.299489782712
471.2994109137923
471.2994109137923
471.2994109137923
471.2979002191987
471.2979002191987
471.29224327701957
471.29224327701957
471.29079356028865
471.29079356028865
471.28099659988277
471.2747165221472
471.27377442531883
471.2663582240657
471.2663582240657
471.2663582240657
471.2663582240657
471.2663582240657
471.2663582240657
471.2663582240657
471.26481215776636
471.26481215776636
471.26481215776636
471.26116730757633
471.26116730757633
471.26116730757633
471.26116730757633
471.26116730757633
471.26116730757633
471.26116730757633
471.26116730757633
471.26116730757633
8199.165135807074
4498.056118530364
2972.1701087004867
1664.6887041188363
1387.013327740508
992.1974930695412
864.523936143599
790.6224910740124
736.9651666083055
684.9164464586254
639.1891944890182
634.4110777838525
619.1771871589303
602.7151683850935
594.6075805194084
584.3860384955345
544.0900877447034
532.4125832564845
520.4617904106011
515.6551956559672
511.3781067258169
508.00500818301475
503.99236680238465
500.55066858336124
498.37826145336453
496.630539929702
496.630539929702
495.70106018205587
494.918053757503
494.165116052669
493.34632513978636
493.1052315233949
492.551740533403
492.551740533403
492.0832433143008
491.2415123621571
490.5414003001251
489.38075900181883
488.55146651944005
488.2248313152895
487.76438495705514
486.97436909745454
485.700878341544
484.72510902607524
483.41362346437205
481.8809387582445
481.08245722092397
479.6895870943106
478.59352852900645
478.0591612228006
476.9941705763811
476.2557414314536
474.9979298438135
474.49344078383353
473.70602852904904
473.0259651290173
472.27230602171977
471.7528492756473
471.0553919107871
470.16438752441087
469.8774371672723
469.38546391723463
468.89765369884435
468.3905989498834
468.0029917656625
467.5484791722905
467.25109558823357
466.89654352628656
466.63728714302374
466.32184941514663
465.96446526093683
465.7082994687444
465.53653612371363
465.29596801242405
465.1612136743935
464.9504049592199
464.78228700557156
464.55407646159864
464.36328955907896
464.12317330538167
464.01653900458825
463.8157636021901
463.73120394700743
463.6058464583805
463.46411891635955
463.37150427747434
463.22563832616015
463.1486814590788
463.0497220431534
462.9502505995877
462.81817753574194
462.6660867909068
462.45851306808595
462.370343415587
462.26476402686563
462.1677933179177
462.0435760681511
461.87947904426034
461.72222906795804
461.6108797677323
461.4398733042714
461.3160828578504
461.21269467269144
461.0277580364768
460.7576808294086
460.4833618196783
460.34963651829594
460.22298610700466
460.1237600166584
459.94663429357195
459.7988211642327
459.6543583498511
459.49387102755827
459.40750935207456
459.24160863365995
459.1479906022157
458.93264706505363
458.78061219835115
458.63021148074273
458.4655071835587
458.33125906659194
458.21610800685124
458.14496490866753
458.01174041150966
457.8546753455211
457.7429351662897
457.5670045097125
457.4755354664818
457.2937680675585
457.2046060854192
457.04241555202105
456.91883760644816
456.77188102944314
456.6385747564844
456.4580426528151
456.3200738215565
456.18064011966635
456.0465101208753
455.9564223517358
455.8302715021804
455.6678793461853
455.3854166476158
455.24026600084596
455.02318400198504
454.8329500481923
454.62619015939555
454.4767982350813
454.40109741396014
454.251530006153
454.0971828263886
453.8504077698611
453.73185644785525
453.5828948907634
453.3576183900323
453.19230579321726
452.9953956095584
452.8376568603156
452.7205876673859
452.5401214436145
452.49527780478826
452.45631714176386
452.3724777948604
452.2911708706754
452.25432813815956
452.1266552723802
451.9837585662787
451.91178028663734
451.8085205808902
451.57762487023314
451.4667396851644
451.373947545561
451.3117463569925
451.24242916302615
451.2147308400463
451.0535335773816
450.9959509205273
450.9417465350254
450.8659125890073
450.8068653459805
450.69991252946596
450.6247350656611
450.5286508586199
450.3805158479642
450.32145864212663
450.22434696268016
450.1685992058176
450.11009787508385
450.11009787508385
450.06700932437894
450.06700932437894
450.05588059401333
450.038569971366
449.9711503639297
449.9711503639297
449.8934632180881
449.8357566501638
449.8124721906825
449.7702334747273
449.7642447993724
449.7642447993724
449.7333578839544
449.7288335635924
449.7201755821425
449.71879356959084
449.71879356959084
449.6340784049275
449.6340784049275
449.6340784049275
449.6340784049275
449.6340784049275
449.6340784049275
449.6301778669958
449.6301778669958
449.59983519403954
449.58501439841723
449.58501439841723
449.58501439841723
449.58501439841723
449.58501439841723
449.568947360152
449.568947360152
449.568947360152
449.568947360152
449.53872303135597
449.5374246497698
449.526505684759
449.526505684759
449.526505684759
449.526505684759
449.5078826220695
449.5078826220695
449.5078826220695
449.4884787822157
449.48415986062076
449.48415986062076
449.48415986062076
449.48415986062076
449.48415986062076
449.48415986062076
449.48415986062076
449.48415986062076
449.48415986062076
8199.165135807074
4135.5999254097605
3005.4708271381396
1937.4626586153713
1378.406198314276
1058.7347360441481
1030.7384589128428
906.0709605834888
773.3971702003188
701.226840760482
662.9302493018049
618.9970263980381
597.557357042166
584.7657768883015
575.5522279416762
556.3509256797794
547.5922317076679
540.5798802085677
539.023109133496
535.4283286851626
535.4283286851626
527.5466424823906
523.7820218935868
520.984912937772
516.0594623430114
514.8273007373865
513.3791415347326
509.88169978660187
509.88169978660187
507.8202808616618
507.1458061470204
507.1458061470204
507.1458061470204
506.5758443286976
505.6739220418609
505.0043528113748
503.34078832646264
502.2406285091283
501.4741440718682
499.67342622438247
498.48043948661166
497.9535445339871
496.0711911050792
494.6722471155889
493.4136389537215
491.66907585257724
490.53859926662005
489.9994410108358
489.1520278861168
488.6892030774893
487.0582532681712
486.35208572208336
485.5440572715469
484.08856205572306
483.17873020264165
483.1664012668341
481.4772651003225
481.1692424649447
480.66828001405935
480.0601053668031
479.2862734021671
478.4098162527464
478.27754716471077
477.82355709779654
477.11339283189517
476.05501903427364
475.6547539350934
474.54419016151076
474.19464179682967
474.0255775132284
473.60137579805416
473.4148327594265
