6937.826702240097
4044.5414732552954
3261.6024367790274
2105.0098093386623
1666.0909705381357
1221.771702556698
1017.2831774319347
880.9864041746508
792.4535099283851
775.3590653620219
744.4750944437641
726.3756798139734
707.9002347870119
693.1489367751408
675.8114880766627
660.945007235126
652.0178218902095
641.9501749624302
638.0907831752836
628.6047612658316
625.9726823183303
622.9533017236956
619.4559036881459
617.572099025524
615.9769271867709
613.488038556205
612.7079165815665
609.7208543234847
608.149191169899
604.092117731406
600.899299477272
597.8428268860878
595.0189809017086
592.8081196082801
589.7109357334753
586.0936853568279
582.6418947198099
579.2363949291959
576.9285485383307
573.9167087462691
571.0894781059684
568.2788285269968
566.9175088795403
563.979819142854
561.8714653914243
560.5494515932858
558.9680176234342
556.4670644244604
555.341422033934
553.4678287686772
551.7828619957897
550.2608557343267
548.2806210257647
546.1561901774669
543.8216922268874
541.9400198398835
538.9630657821366
536.8417625794584
534.4440244883309
532.7785826420863
530.5606456050805
528.8937238816793
527.9334735940199
526.6712381139383
525.2410094267102
524.0172554697891
522.6295790012907
522.1067246367592
520.8415508373046
519.6176798585698
518.385808924072
516.9013936075849
515.2077450575591
513.9241151489609
512.3905846006613
510.15429088098233
508.6659134532078
507.0795183006615
506.12302388594765
505.6216148729325
505.0863564676362
504.05917583591827
503.3448898888063
502.3702867460562
501.531819867444
500.4058834507757
499.48508337005626
498.5260985617177
497.5011548181609
496.54225287686495
495.36328778051893
494.36171763955366
493.4049942376006
492.36469737746256
491.46168690663285
490.6225653514993
489.83041049383934
489.0356424244933
488.4897792872674
487.8963634636582
487.4387694359067
487.04141267026864
486.47578335620045
485.9564180649397
485.45565134271277
484.8555975921319
484.22084232932576
483.5063377076029
482.68631340189825
481.93499598750475
481.1928503513949
480.46880423729834
479.81073169677023
479.1758458730925
478.7562705540606
478.21540673460146
477.6208135128336
477.0494197749066
476.5263964650148
475.90670450972976
475.3967261497176
474.5200056533682
473.8873461218842
472.84283364268975
471.9907704902697
471.1636776261246
470.3975714059294
470.0346526778776
469.7590477311423
469.3778239552281
468.96054233217575
468.47158893364883
468.15822734347836
467.7997031209542
467.4962459454971
467.06827978213704
466.6991786333639
466.36582742358144
466.0001421908855
465.54578230293254
465.0336604574709
464.5418453871521
464.0567484605368
463.5785410275588
463.0726929349565
462.6980996074192
462.270925884696
461.79619503400204
461.54293028231945
461.3447882048497
461.1221749375027
460.9243768568611
460.6848632642168
460.4375952801616
460.1427891255132
459.81754845934483
459.51536237230755
459.117064562181
458.80093905377055
458.5616425105308
458.4214754130107
458.21311652540095
458.0374747719731
457.72590457131616
457.50439651873216
457.2934744128163
457.09754806657315
456.8911714944564
456.67485281159713
456.5242313652395
456.27207497938576
455.9827826725017
455.7747823763187
455.4883223529315
455.09870607312695
454.89798694304875
454.62022260057375
454.42102653459403
454.1597940541838
454.05968519643164
453.89195463001397
453.7901946120586
453.6629932556215
453.4996808310182
453.325326490987
453.23732162575106
453.09536302084103
452.96687787026855
452.82007155035296
452.62058635478763
452.4680622091461
452.31088645077995
452.18353451482676
452.07839757890304
451.7168197410469
451.55486709303375
451.4344783066706
451.42885499047986
451.38609521374855
451.25361855755114
451.20315067044316
451.1602647106759
451.0474485050316
450.9238664475571
450.8265633430285
450.8134607110343
450.8100740515398
450.7775226300978
450.5962804151611
450.47686631045497
450.4759286227476
450.47036174668386
450.27602084886587
450.27602084886587
450.1530588424429
450.1530588424429
450.1530588424429
450.14261060687625
450.1365007881475
450.04670516344794
450.04670516344794
450.04670516344794
450.04670516344794
450.04670516344794
450.04670516344794
450.04670516344794
450.04670516344794
450.04670516344794
6937.826702240097
6325.03872537562
3249.959610172855
2250.573625701649
1576.2886536580813
1265.5758977687526
1146.6920931401523
1074.60032389824
951.2389077441211
896.2386052785376
812.451481887086
776.4066753928336
730.5806135116563
709.1858800190369
681.943649191802
661.8273146994943
650.3796251315415
647.0051512302032
627.6369808891226
619.177664882426
607.5865556306737
603.616450873813
602.9333664344724
597.3772856739971
596.3219409106991
593.9617379435681
588.8886430121933
586.9333755301274
583.718426136679
575.0410858093428
567.2361199071945
563.993246437323
560.9567361855056
558.3493599835592
554.5702758568037
549.5108115039075
546.5889023677137
543.3135764568035
539.8754472480279
538.9218236370994
537.3600013612739
536.1861888873026
533.1971726682873
529.8784422647002
529.8784422647002
529.2253937538212
527.8712280748755
527.3452842441498
524.9845611418951
523.1953118290143
521.7187436947996
520.8261284558589
518.7427035399975
517.6605010312952
516.5073305685066
514.3075277131343
513.4795222522466
512.1376536244906
510.5541861496894
509.327683001271
507.57772256625674
505.6021563986294
502.679294826845
500.43008284531027
499.13096701175886
497.37914149325405
495.6653040158874
494.1676545136687
491.6738821234465
491.27107253310044
490.77470858539
490.3697525879706
489.8910579345104
489.4150495470318
488.9022315488163
488.2358713503915
487.63341427109424
486.9166261450477
486.16142204497015
485.31800747225384
484.67886229582274
483.5256855114317
482.955955964891
482.12481127112767
481.29363659964514
480.54681955261526
479.86622119325995
479.3532065002288
478.9647587458794
478.25262634321643
477.73874660418164
477.26106477370206
476.8126511528651
476.3047979087467
476.0372682158535
475.42592451820065
474.8394488665924
474.47002346216675
473.92703935534803
473.39770393159813
473.0411567644039
472.4923535397961
472.0520866561068
471.57691383136677
471.07786726414247
470.7335730139784
470.3795482369892
469.95254556060087
469.6376694170817
469.121449125121
468.7345673409876
468.37173961467767
468.08150435140135
467.66551707833867
467.3042381352153
466.7607221745174
466.33021110373045
465.94261386242596
465.5021024186698
465.19375673896775
464.9071300006276
464.63075646336745
464.36175596658916
464.1868255192451
464.054724514512
463.68186014188143
463.3347460180773
463.0322140444655
462.72084769562133
462.41444527304554
462.03412303414416
461.7160613420504
461.3760514779157
460.883687040403
460.64376954011533
460.3350547813013
460.0472793629715
459.80283344620443
459.6056191971458
459.2984772671581
458.90270852083677
458.60728491129817
458.2707191340095
458.0323237283597
457.63993542451794
457.4005092461547
457.21844188284257
457.1306090105754
456.99495901808353
456.7774843742342
456.6491907064129
456.2578023992157
455.964019696116
455.68702091817613
455.4463913610486
455.26826684420837
455.05689333046087
454.9497033407421
454.8210567339292
454.60876088716526
454.20316229923094
454.08132526973975
453.8626577103225
453.63580713037254
453.4945819754993
453.3726587251315
453.2237572757201
453.05273555747175
452.9521829142316
452.535971592
452.4113364617152
452.255483593138
452.1108474951898
452.03376240190266
451.77573885623525
451.725025288729
451.5050292102085
451.348481291604
451.17754091629735
451.04066159698556
450.9443015435089
450.8499981561829
450.79347068451733
450.68546930763904
450.6531352284973
450.60707396452494
450.5576468661505
450.4780939525214
450.45483846413
450.32202391600964
450.2892069221618
450.18115920912203
450.1171735863458
449.9636241026362
449.9636241026362
449.9507320646928
449.9313499135288
449.91722450331184
449.8510020739995
449.8510020739995
449.8491622319706
449.8491622319706
449.78138216781457
449.78138216781457
449.78138216781457
449.78138216781457
449.77339138021654
449.77339138021654
449.77339138021654
449.7680398984843
449.7680398984843
449.7680398984843
449.7680398984843
449.7486829963637
449.7311290961036
449.7311290961036
449.72795828808955
449.70953152985317
449.6531699686567
449.6531699686567
449.61043275935936
449.61043275935936
449.61043275935936
449.61043275935936
449.61043275935936
449.6035672853116
449.6035672853116
449.6035672853116
449.6035672853116
449.6035672853116
449.6035672853116
449.6035672853116
449.6035672853116
449.6035672853116
6937.826702240097
4640.892478233491
3470.1374542779913
1991.2545867987626
1718.137723181799
1665.9261453992756
1391.1708459394372
1269.7933312442942
1053.9166914222706
981.2611227255194
814.4406082129094
779.505859870614
727.7053102225439
679.5747738325591
637.6705774780073
616.9823633974795
582.0976635942873
566.7317909649155
553.8979701825053
546.3545537425186
529.6809416117014
519.6388310446966
509.2049168303213
503.2077497473997
499.77603052087267
497.9803080027439
496.7355549329972
495.79272978013097
495.02368996390385
493.8317360608517
492.16062165772024
490.6479445013239
488.75100928483926
487.029191324611
485.34192345995245
484.05340558816596
482.9792774645234
481.45722835376137
480.6411194724447
478.98511045287637
477.7618013491216
475.5072525417865
473.8499098593625
471.9375035477553
469.64836659112746
467.7535131745693
466.0386522504549
463.7076976729595
462.52887683344005
461.53757902068037
460.9892004966574
460.0581185795928
459.63175761029544
458.7667627083548
457.97642199393584
457.5366977109886
457.01308969010864
456.6000123608229
456.23073357305566
455.8010965109241
455.50758449174947
454.99036601742375
454.52886340609604
454.1735876776683
453.6424740151582
453.4169165390907
453.1411017308321
452.8591983768636
452.69142928894075
452.4424444630469
452.3098143593696
452.1714812075617
452.07288856404887
451.90951754428716
451.8232568204365
451.7495365715111
451.6936773415828
451.5632130269801
451.5422198830864
451.46996391267254
451.26004277178316
451.2414613594252
451.07701014127633
450.9658565087729
450.94854913975234
450.9290179667456
450.74025341325046
450.6730989098429
450.52562856143464
450.404377451086
450.34621902911874
450.2195117242792
450.1874240785746
450.16733792055425
450.0784693909333
450.04470155502156
449.97840203359345
449.9687213562772
449.9096416741533
449.9096416741533
449.9096416741533
449.81084978432506
449.7624088959421
449.75003241243735
449.7367600100589
449.7340022057073
449.70580107185697
449.68367030460774
449.68367030460774
449.68367030460774
449.6765025552858
449.5524934909963
449.5524934909963
449.5524934909963
449.5524934909963
449.5524934909963
449.5459226842359
449.5459226842359
449.5459226842359
449.5459226842359
449.5459226842359
449.5459226842359
449.52393200887724
449.41814642597336
449.41814642597336
449.41814642597336
449.41814642597336
449.41814642597336
449.41814642597336
449.41814642597336
449.41814642597336
449.41814642597336
449.39542779783676
449.39542779783676
449.39542779783676
449.39542779783676
449.39542779783676
449.39542779783676
449.39542779783676
449.39542779783676
449.39542779783676
15007.043456916801
4936.875165571936
3837.712684163682
2304.164685846654
2053.9009592703587
1543.5843385927376
1287.186290810449
1139.6280237932447
1070.0779848600666
885.1824631835589
841.0037510921183
811.9293007375995
786.271136483361
763.2194785038266
732.4717257842711
720.8074721428104
709.8514922101676
706.0142158936201
706.0142158936201
698.5299510829909
691.1930120921777
683.3390971305944
674.4921258472473
665.5368596321352
657.0581374672378
649.4154575620335
640.4971933598877
635.0195659530364
628.7671923558629
622.2100400786238
616.1366324173017
612.2862130700171
608.7108966192186
607.1181551492016
604.4767324283259
603.3407648358282
601.7649061276895
599.8685271300327
597.4011952888127
595.6800331221408
593.5545632198844
591.4447329249306
589.725879324698
587.8599587478487
586.2313909701812
584.9144513606125
583.5878604552672
582.254556044145
580.593359844989
579.5566043816159
578.5435142459012
577.3969065418783
576.3240463373468
575.4379901975122
574.9489717803123
574.4090447740272
573.957244084364
573.3142841222041
572.6417725379603
571.9120827490796
571.1732943800624
570.4837175841021
569.7870421852126
568.9564988750454
568.3751216403782
567.7259142675279
567.1933433723957
566.6714095900477
566.2155309256596
565.6578423801546
565.0910726789473
564.5422506662461
563.9926520941759
563.4065523220479
563.0055947627176
562.4275168275099
562.0887237442216
561.5430918501552
560.9054688926233
560.2315292115393
559.5155034451602
558.8799792517522
558.3048111211505
557.5429475734694
556.910661780745
556.3281628963173
555.8206046147786
555.1734326950135
554.6235187292202
553.5827201225267
552.8071110051415
552.1344572999674
551.3158894321016
550.7628666198672
550.0205981991154
549.440474965091
548.577674940028
548.0510840693404
547.4392414938695
546.8573488647737
546.2498044232041
545.8961329791737
545.2702173116709
544.7645165450759
543.9612305862083
543.1929971775937
542.4117882017965
541.5355643328759
540.643193819791
539.5538830388057
538.4196508201444
537.1781100261071
535.725507541285
534.6399083083961
533.242269802443
532.4597647245278
531.5076264396127
530.8773257604689
530.2142720722609
529.7721524854805
529.1494368886919
528.7775039108345
528.1918873424266
527.7271278827639
527.1311338222149
526.5518344993286
525.7104322961599
525.2518432032825
524.6971511694271
524.2746672308783
524.0249375234719
523.5146338931856
522.8782348746704
522.1858142490405
521.5091225667297
520.87393664168
520.2575162381776
519.7262374685431
518.7915473135171
518.3622160757579
517.7138386932272
517.043990055259
516.5272062387361
516.0116921276026
515.4758231461898
514.9213730862972
514.3093742074698
513.7043553306318
513.1236961371671
512.5626574599341
511.99464181018936
511.39980711325967
510.83890774608
510.3732852740824
509.93866967296157
509.44620686660426
508.8665392793395
508.15889392295315
507.6509943051427
507.1828596078835
506.63735839641896
506.0316849544535
505.4152964992294
504.6933226866367
504.035535690924
503.47566977117117
503.0139383099201
502.5826286166888
502.21162042885686
501.5639344291594
501.0932093854572
500.59430371291523
500.0542325859003
499.5097303310599
499.0502789613908
498.6233133243099
498.24736148962575
497.85218312014075
497.5857063318175
497.1976377928372
496.7247446811713
496.24244084990534
495.7175803635198
495.0687730340195
494.4410711810105
493.93480450652135
493.4492686239257
492.8850350798569
492.482117782341
492.01469876638856
491.6707188164923
491.3252456278824
490.95555289835727
490.5916230313543
490.25581669325584
489.90044641852387
489.58832872887353
489.2153922175575
488.75309970996807
488.3527242983799
487.9394813876887
487.48966493437354
486.9608394941735
486.5387772361795
486.0069533638645
485.65009299132674
485.2705087138247
484.9129149432088
484.4809685967258
484.1080812024035
483.7618077529317
483.47314569153133
483.1784004923842
482.97241294068374
482.77522071073827
482.5051704596586
482.1955941243058
481.9843495481423
481.63697570040404
481.24648725943644
480.75305576814935
480.0322299142333
479.31176714890194
478.6361880460351
478.1692365387127
477.9066634365778
477.633836284692
477.15829140775537
476.7389310884136
476.2879889028551
475.74915364828416
475.25372879857343
474.6648538279758
474.3193136740989
473.98960086220745
473.6552919649348
473.39327546240577
473.0830085079716
472.73582477674654
472.46947954339834
472.1750737505597
471.7899370797536
471.463169864814
471.1289541662376
470.7938082760693
470.46780378094024
470.0958919788375
469.62780196704836
469.30049787811816
468.83923453907494
468.1792984236621
467.8533516377211
467.421215585544
467.0824321044249
466.8121377363133
466.5287146507793
466.2837988052238
466.1015790888474
465.832419492848
465.5325224805483
465.13771717589634
464.5592382514638
464.28039067016357
463.92897174695725
463.5417891824635
463.3022025099881
462.93521500889597
462.5273971492189
461.8935163763225
461.4581637419924
461.1477172680103
460.8176966083747
460.4030231113345
460.02942986491513
459.66936047755996
459.283627296458
459.01271554491734
458.63510250140484
458.3675747692456
458.0454238125653
457.6812461355673
457.4413603136216
457.1435996678114
456.9839179256528
456.63711639987287
456.28609615317146
455.95769441613726
455.766597559042
455.533579339907
455.27693402153807
455.02702866178356
454.8234880534748
454.65429789296627
454.4389670745389
454.23938251315343
454.0959882032426
453.8821226048237
453.74397416799917
453.60714288219754
453.4148734541082
453.2276605167932
453.0120227931512
452.7996375268665
452.7187833651499
452.44030916002777
452.1745805416435
451.9716319760485
451.75561016259087
451.6424059670827
451.49153102663143
451.3564485572713
450.9705687555224
450.7100980526009
450.54176228181825
450.41455544130764
450.24585143439907
450.05180034811826
449.9065835471629
449.65967711628286
449.53989995332086
449.49184513767483
449.2955388156591
449.0974090845117
448.8628307743184
448.7541963312253
448.64879669898323
448.6177507359209
448.4840029291095
448.3803712296763
448.2849069767338
448.2339072373056
448.173684114521
448.00868713616205
447.8999356827935
447.84092226702467
447.5983804125144
447.51586926281556
447.4585487055878
447.3523462232754
447.2255863542725
447.0340933757765
446.94851891640957
446.92481866945866
446.68437783147004
446.66116289570226
446.54296897341663
446.3800515096196
446.21436465528643
446.0697541057426
445.89265198171233
445.8283813098401
445.7418533437908
445.70086092748556
445.66573097113707
445.5530291426809
445.4895212612254
445.4895212612254
445.4895212612254
445.4895212612254
445.4895212612254
445.4895212612254
445.4895212612254
445.4895212612254
445.4647018705788
445.4647018705788
445.4647018705788
445.4647018705788
445.4482485162938
445.4482485162938
445.4482485162938
445.4482485162938
445.4482485162938
445.44162462336476
445.4385880551845
445.4385880551845
445.41760279687367
445.41760279687367
445.4023616708313
445.4023616708313
445.3382479442437
445.3382479442437
445.3382479442437
445.3382479442437
445.307642296619
445.307095170409
445.307095170409
445.307095170409
445.307095170409
445.307095170409
445.29477442609203
445.29477442609203
445.273407419542
445.273407419542
445.273407419542
445.273407419542
445.273407419542
445.26301109809776
445.26301109809776
