6375.698090688696
4544.862111256924
2739.780703537783
1923.9545708221515
1336.4278558576552
1120.6778658228632
986.7573640337012
786.8057868081702
682.4590088730902
627.8833362655932
599.8547474600404
589.7315997704017
576.8073317236058
564.0428689930567
553.9283926460672
543.285709150362
541.2695674466729
539.0212113456272
539.0212113456272
530.9550889521823
524.5772266684879
522.6655482837882
518.358408889631
514.9625674051562
512.1101897988286
508.7347168279857
497.817727844297
496.61063593575403
493.8419911267283
491.03599148788743
490.14815744898027
487.69794086601644
486.9737178513198
485.60482275509145
484.43412488633663
482.99836729757396
481.9819643594187
481.6221756341097
481.33169119858456
480.02544843680704
479.51749396990317
478.8576610939225
478.0273943963172
477.4390628058976
476.9675860610898
476.5078698577672
476.0097944686786
476.0097944686786
475.8162230267679
475.583519089998
475.42558738751256
474.7319868729537
474.4165900487425
474.18689846223504
474.0138926357832
473.8639238563487
473.8639238563487
473.8182147466888
473.7380075898298
473.70335608865645
473.67181585584245
473.5658285714911
473.4530788587156
473.3657041290604
473.3657041290604
473.27937413112045
473.10371110986256
473.0718343294525
472.92422361201466
472.8720487233619
472.8167833194136
472.77196331273706
472.746291836393
472.6775410448598
472.6310643516647
472.56420174098236
472.5491428533802
472.53892327691284
472.5012517901186
472.4388429652396
472.3773953768205
472.33154969098325
472.29527667982876
472.2533723790086
472.20696072914615
472.12363275240824
472.1047184015325
472.07266075990947
472.0548680960504
472.0283703092782
471.99530584277346
471.9394919365068
471.91227631151594
471.880401051283
471.86826939488
471.80770672713163
471.72333119919904
471.6873240467503
471.5940928241128
471.52757880336765
471.4374088185451
471.39012481860044
471.3363568253005
471.22619076189096
471.18882034681525
471.11885772048515
471.047889118578
470.9831024368927
470.9296235697208
470.91233406999544
470.8260109118914
470.6910747965186
470.5718339978299
470.4463597437773
470.36124997098085
470.2377723019566
470.12759568704854
470.08321564195967
470.06588468639563
469.9787717531509
469.79610808552985
469.7652538072481
469.6585034644342
469.59212887401856
469.5256274523359
469.429672487247
469.33497629968394
469.26033295881996
469.16037946127653
469.0113158558248
468.9307100775896
468.80402472268247
468.7218275441318
468.6267127200989
468.48043531386264
468.35701385986846
468.236501064199
468.1277649977891
468.029913852224
467.9209043777546
467.8186835912379
467.64975486447435
467.4591042039511
467.20162279103204
467.06606880247057
466.87883585163564
466.74728337314195
466.5960791631306
466.49451251129636
466.3906823799547
466.295162090259
466.21768946946014
466.10168008218636
466.0163967016313
465.84173786048166
465.74525774135117
465.62456799471835
465.5422784535574
465.4447758894709
465.2949355901866
465.1897576235128
465.03230038183136
464.85721780341134
464.7189151740523
464.5149963287171
464.2480344931678
464.0673597716611
463.8302922159919
463.6562657665006
463.5213335268686
463.3911976841912
463.26392235081374
463.1156135390702
462.98265480290036
462.8712206037325
462.73026499076923
462.5277855322508
462.31550125122504
462.1454022308349
461.9752199582384
461.76890845482666
461.65041778830295
461.4991159406028
461.37944458197575
461.22638305347806
461.13579002551154
460.9854507457989
460.831327028788
460.70214343177963
460.5572642550454
460.47699312504403
460.37670787263926
460.27035798929586
460.1499484359374
460.04455964676896
459.8839383348916
459.7778448282727
459.6802015653333
459.5271407574246
459.3864649327669
459.3209240987857
459.1977380329224
459.05037245831016
458.9451924780086
458.83908225427365
458.735594157804
458.61133895334365
458.50238727160865
458.3638587455992
458.21045347322064
458.0800278820847
457.8192756068883
457.6322099967921
457.4408698703668
457.1126366251841
456.84818939570835
456.54691619403764
456.3591489821125
456.1733529674491
455.8840300777831
455.73743475928427
455.49331403482876
455.3514547491779
455.23207087762927
455.11973658652573
454.91327305074674
454.7016064245269
454.53788839904075
454.33207936741684
454.21764914673815
454.03884532153603
453.9112499730294
453.6922572308794
453.4934574635044
453.29787496581616
453.15306280793243
453.05359970784986
452.8845541339363
452.7864143127131
452.773570109523
452.65155469879903
452.5726286526378
452.48547285558095
452.4038388213579
452.32497502873025
452.2485907168914
452.1973621012698
452.09536944113705
452.0438122422737
451.9511701526293
451.90775842944095
451.83341886808523
451.6980970044921
451.63585103852296
451.5617609677755
451.4953480061364
451.48998750346533
451.36537010353317
451.2260117453341
451.11401529335075
451.06136383496414
451.02023346233614
450.9612166301395
450.89455889087344
450.8208538289059
450.7858289038476
450.66279172274386
450.5974645218834
450.4501685733211
450.4401558330524
450.37672255531425
450.3469052139883
450.3469052139883
450.3116555219463
450.2984298292864
450.23417952071696
450.22572512012016
450.1502026652697
450.09554067094786
450.01176796691317
450.01176796691317
450.01176796691317
450.0000410578667
450.0000410578667
450.0000410578667
449.98539249853064
449.98539249853064
449.9621078801475
449.8064684378744
449.8064684378744
449.8064684378744
449.8061882755077
449.7548104126188
449.7161356333239
449.635032889357
449.635032889357
449.58041746293264
449.58041746293264
449.58041746293264
449.57583150988086
449.57583150988086
449.55470445454085
449.44169364837717
449.44169364837717
449.413567334139
449.413567334139
449.413567334139
449.413567334139
449.413567334139
449.413567334139
449.413567334139
449.40278295209333
449.3920648989919
449.3920648989919
449.3920648989919
449.3920648989919
449.3920648989919
449.36953600424
449.36953600424
449.36953600424
449.36953600424
449.36953600424
449.3570322721332
449.3570322721332
449.3570322721332
449.3570322721332
449.3570322721332
449.3449078021477
449.3449078021477
449.3449078021477
449.3449078021477
449.3449078021477
449.3449078021477
449.3449078021477
449.3449078021477
449.3449078021477
449.34070784971834
449.34070784971834
449.34070784971834
449.34070784971834
449.34070784971834
449.34070784971834
449.34070784971834
449.34070784971834
449.34070784971834
10787.326629140081
6196.827708930733
3983.8989413864383
3214.4246541480225
1890.2860797268465
1595.8921180452294
1157.3970675001174
1002.3706251892556
839.1585267695356
736.102106503143
693.9457356843593
675.3995966311322
650.574803361597
619.1355064677416
610.6256805079742
597.7913275839119
575.7661395718346
574.0196498028181
563.9077204644011
555.4703035504866
555.4703035504866
552.1403055322982
547.8038732337745
540.7691375819688
537.9454256842037
537.9454256842037
531.3029793367531
531.3029793367531
529.8265739073154
527.8162352390489
522.2038631211221
517.0532073987016
517.0532073987016
513.7327510382601
511.84615291998637
509.3549855158697
504.4781654995904
500.3584677170444
495.5069230270824
491.5386417831561
488.36988728564097
487.14989342437923
484.7863527602697
483.31408230459465
482.38942803848386
480.14135971491294
480.10840041629297
478.9680277670808
478.35981126205917
478.1675759270278
477.81585145842683
477.32882948871844
477.00926585771737
476.5614563064846
476.3740969158468
476.29341317496517
476.20776342459203
476.06008840774336
475.95334655856635
475.8832497883688
475.8416001764534
475.8036076985869
475.7662182930102
475.72822642903424
475.7237816245013
475.67472155528606
475.63473121468786
475.5874952165228
475.548575297585
475.5193805065391
475.5193805065391
475.4785494816651
475.4434659884736
475.42957929026
475.42957929026
475.4076182326428
475.38292520952024
475.3721225049854
475.36308590645973
475.3561188544377
475.3561188544377
475.3561188544377
475.3561188544377
475.3543217779388
475.3543217779388
475.3543217779388
475.3490530074822
475.3485208079896
475.3378713368573
475.3378713368573
475.3371302814385
475.3371302814385
475.3371302814385
475.3371302814385
475.33095182474665
475.33095182474665
475.33095182474665
475.33095182474665
475.33095182474665
475.33095182474665
475.33095182474665
475.33095182474665
475.33095182474665
10787.326629140081
6704.301353970073
4056.1471053088367
2716.1438055915005
1942.3226236181063
1527.5167705502843
1257.9561735629168
1045.4375804428823
910.9744568589081
770.3031897106757
689.6175915843603
643.1423038058795
618.4729371864034
582.033100791303
560.3019763500023
557.5019538905949
544.3235199709356
539.699179171381
536.7147985806654
528.6222299654588
528.6222299654588
527.3493134652972
527.3493134652972
524.2933320808719
521.2504208770848
521.2504208770848
513.9111785251316
509.16570166998565
507.6751536591023
506.1616868511356
502.8879864304726
502.8879864304726
494.77002706826585
494.77002706826585
494.77002706826585
493.86451596381505
492.17505454845957
490.14411160873914
490.14411160873914
488.36379892159385
487.02697993002243
485.5481571061455
484.6284364096158
484.6284364096158
484.45558924256187
482.398724241674
482.398724241674
482.398724241674
481.5290176062549
480.8152349924924
480.2207849436078
479.5886487555778
479.0522555631948
478.50066137927394
478.27546146898123
478.05009663804447
477.88496305954686
477.21090886688694
477.21090886688694
477.01285877726593
476.9500240959767
476.9500240959767
476.79709306488195
476.73057454393
476.70967369588305
476.5724071184004
476.5724071184004
476.48170067655457
476.400031123199
476.322984107366
476.322984107366
476.22534265645766
476.1823039084415
476.13099906830263
476.0877884037893
476.0877884037893
476.0877884037893
476.0600363264751
476.04785607124757
476.00379457786903
476.00379457786903
476.00379457786903
475.9830064662673
475.98002346537265
475.98002346537265
475.97015091612906
475.9466798231646
475.93947223850626
475.90684823620126
475.90684823620126
475.89162970587125
475.89162970587125
475.89162970587125
475.89162970587125
475.8893615455073
475.8893615455073
475.8893615455073
475.8867039959108
475.885017727279
475.880347879494
475.880347879494
475.880347879494
475.8795620129251
475.8794441438131
475.8794441438131
475.8794441438131
475.87342146355684
475.87342146355684
475.87342146355684
475.86807337354276
475.86807337354276
475.86807337354276
475.86807337354276
475.8640041909857
475.8597251273472
475.8597251273472
475.8597251273472
475.8597251273472
475.8597251273472
475.8597251273472
475.8597251273472
475.8597251273472
475.8597251273472
10787.326629140081
6659.18229181045
3485.040281991299
2760.7837615878607
2259.393349237226
1728.598369603142
1369.338276516553
1101.2794794383321
861.0481346841015
737.6377144755224
684.9119232324247
645.6111410792129
602.7267777535012
592.130435254938
568.6970159436783
548.5970742449704
539.1949603994063
530.1902695526351
522.3702746206194
519.6354235185963
511.6229815998871
507.1576872732498
507.1576872732498
501.3497297899451
496.1831688995715
496.1831688995715
494.98250828026437
490.91863040596115
490.5701009269534
490.2839758667314
489.26362878373016
488.81474842899314
487.86731257280263
487.145163368517
487.145163368517
486.7453439970772
486.4250042143484
486.0555463719003
485.6786279119361
485.59836122226545
485.06845163328074
484.75909442031445
484.72745248699835
484.5075160849602
484.0014716559437
483.8499927347478
483.289214193111
482.9167553604577
482.73385717283253
482.6574740063873
482.0366422870179
481.83813445183534
481.443695397948
481.11132066043785
480.99207241053654
480.99207241053654
480.73479740492263
480.5592942808199
480.5306135261585
480.4140470612624
480.29573643596825
480.2507370139326
480.09518382803475
479.9015218873098
479.7630305888738
479.6831115882287
479.4262891810328
479.1591660005171
478.7367957401923
478.3131655782922
478.08365348712675
477.7940659572664
477.5573323449131
477.4170450423941
477.2029894310893
477.12867420058035
476.97261564407586
476.77034933600453
476.56775293404354
476.3322281357576
476.15006358132786
476.0288751005635
475.88197388058154
475.832766063736
475.7512351227401
475.65270518811246
475.56642186189276
475.4594385189878
475.39549231803505
475.27989415919046
475.1866085148805
475.06541533605207
474.99885667216995
474.93895020441266
474.85971319467944
474.7817442758111
474.712258884624
474.62219093176986
474.5675090301861
474.5136295926295
474.4729581120346
474.4371248886944
474.40077349017776
474.3478004162475
474.32546013803324
474.29074730892836
474.2622466321443
474.2454072187833
474.20751179871246
474.14750302123934
474.13061797208616
474.09868262502425
474.036116034614
474.0013930751216
473.9608542771331
473.9304576398155
473.8630242305749
473.8328448527053
473.82131497394806
473.79428402687955
473.7396080481618
473.70721882650133
473.6747145874869
473.64777607938106
473.64007133927936
473.63669215478717
473.6141493438447
473.60776347107173
473.5962944259909
473.5853715438303
473.57220146409315
473.57220146409315
473.5585145855448
473.5585145855448
473.55431434609864
473.5348523586996
473.5348523586996
473.5294645644299
473.51629686325623
473.5068347403751
473.4981338243775
473.49074613097577
473.49004374228997
473.4853297278279
473.4853297278279
473.4853297278279
473.4773292819181
473.4661692570915
473.4661692570915
473.4661692570915
473.4661692570915
473.4661692570915
473.4661692570915
473.4661692570915
473.45669913859746
473.4528145376622
473.4528145376622
473.4528145376622
473.4528145376622
473.4528145376622
473.4528145376622
473.4528145376622
473.4528145376622
473.4528145376622
10787.326629140081
6480.139155333271
4982.955648402849
2614.9505059296584
1986.0046709077014
1218.940166798196
995.4543228386648
852.4179723132447
717.8043520060866
664.8473761515309
620.1546896480951
608.4597767002736
588.3206631215932
576.8023178305459
574.345729275427
560.5286081684416
555.5623125328593
555.5623125328593
545.1725108532904
539.8278103923661
539.8278103923661
535.5918727096265
532.1312008553394
527.8423719552438
526.7187790644795
524.3354937489288
521.3026671507926
517.3174994025741
515.2225254116108
515.2225254116108
515.2225254116108
513.8882221038427
513.6696522452703
512.5923819633567
511.7316266330836
510.9969332014563
510.00627450613933
509.6417337299145
508.8647880729531
506.84736036625594
505.1271256517886
504.4526958607089
501.21750602599514
498.6624390865776
496.9817093869135
494.72627186345966
493.3852702304593
492.10897614533167
490.74368407698574
489.44679698664146
488.26151858254855
486.6748377750914
486.0896984309722
485.3061618908889
484.35723761138047
483.8811398194572
483.13601639769684
482.58328238295576
482.22147448365314
481.51342841087137
480.84133977133274
480.3866661770319
479.6122789672433
479.2921433454651
478.84440934672983
478.4834987736597
478.1814126478906
477.7846262491512
477.57066876812274
477.25602610271824
476.76779266142944
476.2133586766219
475.91276131504213
475.6507383726467
475.4983796049553
475.32163300247475
475.16079418923664
475.0694738403893
474.9305199086359
474.85926901181983
474.78249464498913
474.68108070954725
474.60796594472856
474.4979919460286
474.4131888114747
474.3213844642069
474.2333690073076
474.153113593127
474.0861165540079
474.01860285128214
473.9591046547152
473.85047660846413
473.82254543240333
473.7286967901816
473.70027304926134
473.6540085163816
473.61808003878036
473.5722650567019
473.5482325036187
473.5405875675258
473.5405875675258
473.50455486725
473.4833471899433
473.4748405276827
473.468957022785
473.46716207952943
473.4316757101107
473.4316757101107
473.39783520168754
473.37649839093746
473.3581138072005
473.3502694670599
473.3397906072015
473.3299134603558
473.3249477759546
473.3244904202519
473.32105069122576
473.29988315947327
473.26471461468276
473.26471461468276
473.261008127701
473.2380357929348
473.2380357929348
473.2321737815623
473.2294554578905
473.2199511693505
473.1780999983897
473.1780999983897
473.1780999983897
473.16954739101175
473.1599856734524
473.15374666113235
473.15374666113235
473.15374666113235
473.1357964377962
473.1357964377962
473.13566095930855
473.114262216412
473.0694804456819
473.0694804456819
473.05787329775325
473.03862939952074
473.0383427830035
473.0266644272497
473.0266644272497
473.02283335297955
473.019288297261
473.019288297261
473.019288297261
473.017976337707
473.017976337707
473.017976337707
473.017976337707
473.0003140127061
473.0003140127061
473.00010428334224
472.9892329834664
472.98495889163456
472.9839119846663
472.9839119846663
472.983825299174
472.9769265198348
472.93878128307654
472.9339232970901
472.9276647645018
472.92370609012335
472.91440459443487
472.9130879109204
472.90684141528794
472.90047492952874
472.90047492952874
472.89716006239644
472.8877153456626
472.8877153456626
472.8846339722902
472.84825008954215
472.84825008954215
472.84825008954215
472.84825008954215
472.84825008954215
472.83337665382953
472.83337665382953
472.79475724056306
472.79010807041413
472.7896524007935
472.76900675676296
472.76900675676296
472.75273962799764
472.73142763839394
472.73142763839394
472.71476623347326
472.7093385736084
472.7093385736084
472.7093385736084
472.69788274073807
472.6699907784351
472.6699907784351
472.66808684762674
472.63413694823043
472.63413694823043
472.63413694823043
472.6133031843625
472.6133031843625
472.6113967677778
472.58991083560505
472.56435822886664
472.56435822886664
472.56435822886664
472.55281922126665
472.5487678512053
472.4955875338934
472.4843238817185
472.4608822392279
472.4458683944741
472.4458683944741
472.43859266182284
472.43859266182284
472.43401449656204
472.43401449656204
472.4223697994796
472.4005068743289
472.39633740177834
472.36778638165794
472.36778638165794
472.36778638165794
472.3589931363555
472.3283736874557
472.3283736874557
472.3224407043306
472.3224407043306
472.3224407043306
472.3224407043306
472.32076578691135
472.32076578691135
472.3013820276329
472.3013820276329
472.286392284671
472.286392284671
472.28123850940017
472.270158955298
472.270158955298
472.218929939666
472.2155358474935
472.18172752626197
472.1764982044013
472.16657568286223
472.16657568286223
472.1558342746436
472.1558342746436
472.1558342746436
472.13814294457137
472.13814294457137
472.1339095711145
472.0999861436768
472.0999861436768
472.08826296811094
472.08826296811094
472.07703369057526
472.07510655862427
472.07510655862427
472.0676918784102
472.0603943456361
472.0541896145909
472.03946370328237
472.0372072304881
472.0265259715633
