5418.775311136851
3125.929125818671
1752.1668312859344
1440.028026490155
1034.3900489198713
827.1138778142446
729.3806677075088
671.8877488389164
633.6833170640841
612.6082801322741
597.8612228713158
593.5568317682402
580.1019352134994
563.3281167470608
557.5744736202621
553.563719460216
547.7559883866581
546.4143830326535
542.2076056374698
537.146640230086
533.1645504719374
525.8533518330121
520.6043289286102
516.784272532758
512.2631357005826
506.4059615607893
499.08755975017357
495.4942341901206
493.7873553998031
487.7630280225708
484.7598820597463
482.44845507005857
481.2267344374698
479.5416508897142
475.97053637144677
473.34841124591213
471.6431106225456
471.30586295464974
470.9627193890485
470.08302021025156
467.6439836901908
466.3509513525814
465.0531310959799
464.2844669950134
463.38695610084176
462.5574843924562
461.94307615409434
461.08804294915205
460.4972805921104
459.83483592462323
459.19557755943526
458.3109856941044
457.873843765749
457.1713737003312
456.72623185405064
456.4017819853733
456.0428241130061
455.73363020449074
455.4462845405794
455.1733722322743
454.9326904357436
454.63963430095754
454.3422468980724
454.05662865109656
453.8507233839243
453.43039303693445
453.16526751267855
452.6793496401805
452.34580792543545
452.0390112091476
451.78303570767923
451.3492816516226
451.04534998859526
450.80053857508636
450.49283468497094
450.32255539174133
450.0738854704275
449.8498414708012
449.53730028121726
449.2836209430695
449.01797293501767
448.8055456026949
448.5736952666665
448.3366634766055
448.1180287366356
448.00243538237436
447.88325463222566
447.75474684970317
447.64730973307303
447.37390790851396
447.248088673361
447.1314530862787
447.000782951233
446.7242078258356
446.48532272991184
446.2650784135193
446.2227545431731
446.040397794801
445.96026811761413
445.8105718758768
445.7017205381699
445.6710498367272
445.5742644782495
445.48668726310245
445.48668726310245
445.39527805316595
445.3693643056978
445.3210784911147
445.3210784911147
445.29973689811186
445.22163465843045
445.22163465843045
445.2119294061058
445.17325127065044
445.1600503603716
445.1178328703075
445.1178328703075
445.1036930680045
445.1036930680045
445.1036930680045
445.1036930680045
445.06067424237494
445.06067424237494
445.06067424237494
445.06067424237494
445.06067424237494
445.06067424237494
445.06067424237494
445.06067424237494
445.05715805339725
445.05715805339725
445.05576762841963
445.0544202116928
445.0544202116928
445.0544202116928
445.0544202116928
445.0544202116928
445.0544202116928
445.0544202116928
445.0544202116928
445.0544202116928
7085.173158606851
5810.1925884809
3362.2147233178553
2336.2741443949562
2226.4636660884103
1255.4893473452053
1020.6945115379966
890.1572468456752
846.4120711316867
823.4323076023111
753.9658959113881
720.4629089096366
662.8281084443224
641.5698015980947
631.095757042038
618.0434739740706
599.1445984069679
581.5095516361816
571.7521581090314
571.7521581090314
567.3320406370166
560.1323303155814
551.08573080677
547.7548396529511
544.1783316147219
537.8365268390174
527.3462165854912
522.77861395272
522.77861395272
522.77861395272
520.6828718642035
517.4489506720251
516.9127471855301
515.5200397434177
509.1393481943465
504.22234825591664
503.3394115435672
501.36721230926554
499.8985013973933
499.30505767349445
495.1794960824552
490.885847506852
490.43544024770506
489.2724171851204
487.33451898794124
487.33451898794124
486.35343509979526
486.11029754485673
485.3131820439225
484.6902162789378
480.64112295015786
479.9545751803679
476.8048646525199
475.4730176533555
475.299065006676
474.24489814490323
473.8168029030904
473.8168029030904
473.169302419783
472.6572266782064
471.3975277309861
471.3975277309861
470.78194614263134
470.730911475198
469.93814896898186
469.86464629478627
469.86464629478627
469.5963996616622
469.5789609777614
469.308761988585
469.0713450964488
468.9894046400592
468.89278161252594
468.75840250553017
468.53759379189205
468.2446366322099
468.0244702077113
467.74993836560486
467.5584013616967
467.36906322000016
467.1825714078759
467.1188142450263
466.98693567613043
466.7648335338958
466.67809358834654
466.5899985836859
466.5186743058623
466.4111623369468
466.3102469415241
466.29671021216575
466.24303758864244
466.1309430964197
465.9852948363772
465.9852948363772
465.936935568905
465.9221363729458
465.9221363729458
465.7796609299463
465.7796609299463
465.7522325507813
465.7106274464984
465.58251509806934
465.5090613797473
465.44917126913685
465.42463787217525
465.3950241725115
465.3547228833563
465.31710092066055
465.2873466009437
465.1796649750621
465.06510545093425
465.0101117169104
464.95975264602123
464.91543554700974
464.852089561845
464.76508813783244
464.7469668632754
464.6850033447584
464.5278959384805
464.5278959384805
464.48703115397706
464.3922280147674
464.3922280147674
464.3922280147674
464.2670102694117
464.2091759002946
464.1123097453269
463.97532877323613
463.8036652158649
463.71014945701836
463.4946207139996
463.2074466065166
462.94367367889356
462.64464982071354
462.36160708085305
462.10616292781
461.8470850623663
461.6259088819963
461.3423068316199
461.0494787690373
460.7334069916223
460.29210145016185
459.8759912183209
459.3022700893556
458.8174257339461
458.24538241901246
457.58426029168794
456.98526565924254
456.50133418099176
455.54608288972736
454.7388774797933
453.95448412037797
453.23441426650453
452.55353731966693
451.76227707472293
451.101398290778
450.4631485079869
449.7687892275448
449.0000955211676
448.2322120645608
447.30883249227344
446.70485336039803
445.9852276943448
445.4397228592717
444.7264802310227
444.03407032768575
442.6506894342691
441.34880063541374
440.64858168193217
439.99444801261734
439.4106359681044
438.71324921610045
438.02682577247225
437.46088782908214
436.7684600431835
436.04876879855397
435.2148584305621
434.45327124915707
433.5494196425923
432.7229400520579
432.0152963467679
431.4414211329652
430.6233127575743
430.0064360525904
429.0711418815759
428.244265643853
427.62045677260653
426.84454759414047
426.01968757901386
425.23098322386807
424.6896615645546
424.22116180468186
423.6791274601892
422.9106119290791
422.2808136882572
421.5328050417883
420.8549300616421
420.16749210540706
419.4787503612191
418.95002008464394
418.4616958480636
417.7542960230338
417.22359995406373
416.5724114211536
416.05666218606433
415.6336560496002
415.0278331867275
414.44644656163956
413.8388121196548
413.26296969386664
412.5289652649904
411.56338187051625
410.8037430243768
410.0813780520652
409.5248122449457
408.89417114866444
408.4884829723714
408.06987759748404
407.5305551585565
407.05704397931527
406.6817993375708
406.3062477635178
406.0076236894109
405.6158996113122
405.3233751930469
405.0755822037784
404.83268549254007
404.56562519429525
404.30333037827637
403.9525087363194
403.75098650863407
403.5183606299812
403.2510095459662
403.0538078121539
402.7317187917401
402.5462158311993
402.2749854627766
402.0687182510822
401.93117652701983
401.74505239887276
401.57363246043246
401.39400873823644
401.22221887936286
401.0947344992468
400.86098545720006
400.7865051567968
400.68509282019136
400.6157687805439
400.54246330807865
400.4709849518523
400.39275166951836
400.3406722164654
400.31322478937074
400.2940264141032
400.28041459131134
400.2410260667953
400.22275530573825
400.2148617336757
400.2148617336757
400.19554643462925
400.1812982012455
400.1812982012455
400.1591706385408
400.1591706385408
400.1591706385408
400.1591706385408
400.14745634769577
400.14745634769577
400.14745634769577
400.14745634769577
400.13701257099757
400.13701257099757
400.13701257099757
400.1360133117734
400.1360133117734
400.1360133117734
400.1360133117734
400.1360133117734
400.1360133117734
400.1277535589774
400.1277535589774
400.1277535589774
400.1277535589774
400.12594414424126
400.12594414424126
400.12594414424126
400.12594414424126
400.12594414424126
400.12594414424126
400.12594414424126
400.12594414424126
400.1233140322058
400.1233140322058
400.1233140322058
400.1233140322058
400.1233140322058
400.1233140322058
400.1233140322058
400.1233140322058
400.1233140322058
7085.173158606851
4937.567343694004
2473.9845769438075
2119.1789419506226
1670.9009101949105
1293.7797071510938
1022.7128840260956
908.4763853150255
862.0365681049927
821.3823636473176
796.7776787035832
776.315720171151
749.7852434589875
723.0108850316335
715.6394219536494
709.7496370993829
673.4651161378624
656.7783176641069
648.0700056636097
614.3963570288962
604.9603042557585
584.8467769051474
564.297710463096
552.1101349265775
543.216024433328
540.6341040995413
533.7540445794272
528.9481172601836
519.2946097969623
516.9989858386581
514.821730296049
511.24017993153905
502.47740365077397
494.7201257143404
490.04611178515125
486.73931680062856
486.45745466336155
486.38995468717667
486.1163563156895
485.34830203059187
484.3745962679623
484.3745962679623
482.9418818454673
482.14011619463156
480.33360521166304
479.19142805275527
478.67178454209403
477.27797647163175
477.15619831336784
475.7344292677886
474.5208013100381
474.20066376884074
473.57601937707267
473.57601937707267
473.37277463240133
473.11543383179315
472.64955062980766
472.3940558393204
472.0208032674292
471.67490712629274
471.5614934423429
471.29098014786643
471.07329917963017
470.76072955040354
470.6484415880078
470.3036261307646
470.17568260567003
470.08354785311917
469.80662208839175
469.6278860540983
469.4355900379677
469.3465137030669
469.1987152062465
468.986594139948
468.9487665664318
468.7294579794798
468.71320216916854
468.6263731145336
468.5354829575789
468.3171110849869
468.29549119285707
468.23374053572024
468.14705469232035
468.1221646849807
468.0620053647055
468.0620053647055
468.01858255450935
467.93431876226975
467.8614985620178
467.7973636646361
467.78049695452324
467.74639185882796
467.68274396478205
467.62535177315135
467.62514312008284
467.600860765306
467.53664742386275
467.5211160052679
467.4067571016662
467.3751129117102
467.3416495520891
467.1977040890195
467.1977040890195
467.18188783884483
467.18188783884483
467.16071190965613
467.16071190965613
467.15316115921723
467.0468187683184
467.0468187683184
467.0468187683184
467.0141888437869
466.97140691553807
466.9167361420966
466.86140669793286
466.86140669793286
466.80622279351917
466.740842507023
466.690825683598
466.6607544510008
466.62810098223804
466.55279364664665
466.52048751613967
466.50056444787987
466.50056444787987
466.420574878616
466.4111049160673
466.3993963972263
466.34925586074104
466.3473180489587
466.26339689211716
466.2240271212736
466.2240271212736
466.2240271212736
466.2086243450157
466.1956206892765
466.12908483953623
466.0868207847966
466.0868207847966
466.04509884919264
466.0241762580143
465.96456127724394
465.9406114496445
465.87092777086394
465.80575753717875
465.69985741755903
465.66902169978107
465.6172445462979
465.5359323791306
465.41183776409184
465.3127324240672
465.2089575659169
465.11093882532066
465.11093882532066
465.00453555305177
465.00453555305177
464.9327303566364
464.9327303566364
464.82322680119603
464.7749248421196
464.6531011592332
464.5484804061686
464.366421073965
464.3585172610134
464.20345693079713
464.0792690959544
463.7424136476437
463.5385389846218
463.3964771111454
463.0567071887541
462.75432226677265
462.6455015725539
462.35422335942803
462.176601362759
461.9544260587418
461.68138113686405
461.30697732477495
460.9372946008771
460.5134058789715
460.2052354645333
459.7439882707536
459.6095123999938
459.39730842430345
459.0388688029235
458.6587960100925
458.36355528162136
458.19743564173064
457.6961100529809
457.4375626910934
456.9649402746528
456.5551972457697
455.9043041503498
455.55528507092293
455.15414208166527
454.8325271285448
454.4656513130358
453.9389138044189
453.2115772904137
452.6931645301124
452.18893664025506
451.74404946493695
451.4117765218875
451.02442115544727
449.9426434121716
449.19798147696105
448.62433187411847
448.1290327588466
447.38767230335793
446.8324899170385
446.3453896776386
445.6204213299587
445.0319476515451
444.5595121428854
443.49331191026675
442.7734299203943
441.5929693546524
440.31615118823595
439.2225699039218
438.18948870876613
437.33766722152086
436.6486977176695
436.0824435366404
435.66188277793435
435.2260339020345
434.6794473153254
434.07658895235375
433.54371182360836
433.0366059733349
432.36380544523325
431.5999918248765
431.04978829682955
430.5418374998182
430.04293368579744
429.6040528188454
429.06803082432214
428.44159912049366
427.8299253709556
427.06866212500677
426.2421754816562
425.4363376851101
424.64665361576607
423.9512273369968
423.31091614803665
422.71434752763986
422.1624721193871
421.5351319371761
421.07977141764434
420.5121488776953
419.9388574170633
419.49801259218987
419.05346760776587
418.54826334308916
418.07917520990924
417.4621933066087
416.77090450076776
416.2069275284621
415.74860899789866
415.351233937196
415.0467554908129
414.6801212794758
413.86936595793685
413.217372297997
412.6145111025355
411.9464835755375
411.3786507538009
410.80004344421616
410.1591597124749
409.52012737529327
409.0281698428092
408.645606889634
408.3759766337547
408.1010053271179
407.79430618315024
407.4967442020908
407.08185577839885
406.72740080471283
406.51757605496834
406.376677311259
406.1669061236442
405.8016203407693
405.34122892951655
405.0312754748477
404.5988781867799
404.31879817141765
404.0309938641921
403.75297948543937
403.43622437499255
403.10158242682763
402.8349103573788
402.6168989836882
402.3641466124592
402.11325268922724
401.9629585406091
401.87030035092835
401.7392877279021
401.6873549435663
401.6287323706763
401.55362238904576
401.51984024686453
401.43051675833607
401.37267905942673
401.308594643081
401.306139144141
401.2270728580893
401.13017476842396
401.0443415413956
400.9627980381622
400.94194037874337
400.901432301676
400.8818441914
400.8818441914
400.80119378944624
400.80119378944624
400.79986133400314
400.7145629508757
400.7145629508757
400.6014696437654
400.6014696437654
400.60083449690114
400.60083449690114
400.60083449690114
400.60083449690114
400.5626995894793
400.5626995894793
400.5516186332509
400.51461416100926
400.51461416100926
400.51461416100926
400.51461416100926
400.4862617008294
400.4862617008294
400.4862617008294
400.4862617008294
400.481707519885
400.481707519885
400.4765860135017
400.4765860135017
400.47541052003754
400.47541052003754
400.4711865148979
400.4711865148979
400.4711865148979
400.46337685581244
400.46337685581244
400.4624234862889
400.4571192564071
400.4571192564071
400.4571192564071
400.4571192564071
400.4571192564071
400.4571192564071
400.4571192564071
400.4550750444364
400.4550750444364
400.45241023095
400.45241023095
400.45241023095
400.45241023095
400.45241023095
400.44420209183187
400.44420209183187
400.44420209183187
400.44420209183187
400.44420209183187
400.44420209183187
400.4429970150766
400.4429970150766
400.4429970150766
400.4429970150766
400.4429970150766
400.4429970150766
400.4429970150766
400.4429970150766
400.43512309955895
400.43512309955895
400.43512309955895
400.43512309955895
400.43512309955895
400.43512309955895
400.43512309955895
400.43512309955895
400.43512309955895
7085.173158606851
5864.805572476602
3083.45455792466
2690.1188799012143
1665.9392997971142
1345.6948828276086
1086.9016918578986
937.7583914514254
815.7359823492734
778.2658320981866
704.560792044767
670.5637579760871
642.4578447239551
625.3137337863939
593.0236362152161
578.6663523085842
556.8985233292414
547.8966462906134
531.9103985390971
527.1932241405287
518.6540399824092
514.6884864257163
513.1520361377984
497.64546659050245
497.5426183335568
497.5426183335568
495.7250094048817
491.8904827700556
488.6583728336134
488.12790463743994
488.12790463743994
486.1968120707457
482.9186357330113
482.9027596398436
482.9027596398436
479.60632697586465
478.86431455793877
477.72412140898996
475.0473460899467
473.4660862886354
471.28305456578494
470.42070134051335
469.7829185868297
467.6319311440046
463.60210528898654
461.7288286646448
460.0312143560821
457.95000636585905
455.3505332287876
452.5243318895808
450.1888650762713
448.47378134381023
445.2117055950184
442.5963465716485
439.8186813421518
437.67123501586514
436.40769044969255
434.98527747011616
433.16555571900847
431.9707486816836
431.33505988699227
430.6387618995655
430.28690247234556
428.48578329309794
426.72483313161644
426.72483313161644
425.88984129515256
425.3632544567373
424.9339377575927
423.2654434612422
422.11620550053175
421.7935163905636
420.3904862235177
419.64271934782863
418.40014844323525
416.58907947571686
415.685630693895
414.5950605220611
414.0764533950787
413.2716922327745
411.95109420328214
411.8232936282548
411.73808989003
411.28802787668417
410.7904026151612
410.58527750877096
410.3937501082037
410.0099626311733
409.998055547019
409.010507069341
409.010507069341
408.2063510984757
408.1023471800092
408.1023471800092
407.84753417459245
407.62511622468367
407.4076253812765
407.11472564299106
407.11472564299106
406.781838369123
406.6172983685317
406.4149315399096
406.26450025943103
406.1156009947178
405.8940999402246
405.67075571456127
405.52631212929475
405.37873247440103
405.21317569502037
405.0701565357972
405.00176301930225
404.82878080323906
404.82878080323906
404.79945844428534
404.70442817934656
404.6678252871863
404.632869717393
404.5856501724769
404.5106435688671
404.50860991736323
404.49989112873703
404.4152854330978
404.4152854330978
404.4152854330978
404.35014568970877
404.34996267586
404.3492480527522
404.3492480527522
404.32907226098365
404.32907226098365
404.32860227801666
404.32860227801666
404.32860227801666
404.30371327148237
404.30371327148237
404.30371327148237
404.30371327148237
404.30371327148237
404.2914163702395
404.2914163702395
404.2914163702395
404.2914163702395
404.28859878791275
404.28859878791275
404.28372368402904
404.28372368402904
404.28372368402904
404.28372368402904
404.28372368402904
404.28372368402904
404.2836876913314
404.2836876913314
404.2836876913314
404.2836876913314
404.2836876913314
404.2836876913314
404.2836876913314
404.2836876913314
404.2836876913314
7085.173158606851
5674.696674395225
3021.65955039027
2125.91631563414
1745.4647396062928
1367.049058259371
1204.4860698611794
991.3656536375289
817.3623301457728
739.9463617765788
710.5791615673304
686.9618196435592
658.8449870032234
639.4449960411323
611.7583627513195
594.2709099223355
565.4810680618184
561.3415055043555
549.477946145727
