6517.752083184174
3704.0758468834383
2087.664967237513
1594.158950723092
1272.700476828431
1067.6101899587388
905.8542522083699
882.8933977358605
773.7052124766028
727.2733567302989
695.0400433110459
693.0803827089899
676.1439796315633
660.283211409705
653.4035562335359
648.0516434608262
648.0516434608262
646.789100383701
643.7862000190221
642.3023506824948
637.5999750973554
633.3539055122627
632.2751702500145
631.1044992761771
631.1044992761771
629.8214490365212
629.0415315411325
628.7050222301657
627.1854690536795
626.6538096364483
625.188078154951
624.4166071217107
624.0210176944794
623.115726827394
622.2989124495425
621.1814175773709
621.0726617840451
620.0996670564831
619.3792666263114
618.0996712537751
618.0333536176421
617.5676874741091
617.4181243622179
617.4181243622179
617.0126915683932
616.684102173177
615.8266513843275
615.2673967595106
615.2396896561618
614.844305421318
614.4550228625919
614.4550228625919
614.1552719822957
613.5950442813056
613.2659312321282
612.5466296600064
611.8565742598232
611.1413799909861
609.3537946129538
608.1045184385443
606.4469777166273
604.9297138684661
602.9435819862541
602.0962142186848
600.7473203144187
600.0454859356546
598.9611398538871
597.7069245911039
596.4407952521833
595.2891943085143
594.4221847430849
593.4864344432102
592.276113104047
591.2200086545597
590.6070689713545
589.959631597143
589.4161051550485
588.8946419599143
588.3891966317244
587.9701854972893
587.4928832881809
587.0841286657123
586.6762843381117
586.2646596550394
585.8081922971814
585.3454853284992
584.9081061188654
584.5235250302509
583.921067387032
583.3986007893574
582.7680434373995
582.2108595888009
581.5942046555772
581.0528747651683
580.5137110587868
580.0412532449218
579.6570460147964
579.2639613130311
578.8188211540901
578.4200277080615
577.88392257013
577.5413246335409
577.0189594271875
576.6199033061673
576.2045498369696
575.7550192098666
575.3279006066579
574.8985989143932
574.3769060599809
573.9336658959218
573.559314947239
573.1001702675806
572.6213703926212
572.1587820468675
571.4404855222317
570.8889037502568
570.2412137425773
569.6837746749436
569.2615592637204
568.7335989994853
568.3895533893376
567.97942440592
567.6012007776417
567.1583952278716
566.7266751829067
566.3223018928045
565.8962736507963
565.5426617833061
565.2441833133572
564.9009351251018
564.6508098902959
564.390420264843
564.0795373383883
563.7773022757016
563.4351345441769
563.0917928743058
562.7744910500396
562.4360720078766
562.0511851182133
561.6987650052172
561.2258017387919
560.7953171849612
560.2588578908071
559.8011806712917
559.2273907700506
558.6040729921583
558.0724171222271
557.5031900072161
557.033934463986
556.4652200234427
556.0174085644592
555.4866062195679
555.0178941306649
554.5227850289148
554.0141623384415
553.5702955622432
553.1621585548231
552.7450989265469
552.4124322097337
551.8197440077197
551.2879051255245
550.7118694336802
550.190808364259
549.7569315108428
549.2852826299226
548.7935043793537
548.264621379034
547.7340416157389
547.2451322896095
546.7329602194375
546.2128065009267
545.8487564661427
545.3341733555944
544.9643755685219
544.4508143963709
543.9351269166775
543.4999491942997
543.0279368929145
542.5047180934682
541.9252127834608
541.4494087100865
540.8579931971711
540.3729404091648
539.9000125324683
539.4037576619578
538.974334033498
538.5526866774937
538.1882550483938
537.8242614369158
537.4097356546168
537.0382865350708
536.5955489658902
536.1994335720503
535.7237439449857
535.2875844735031
534.8432899037554
534.331839473586
533.946474441693
533.4354879547673
532.9836373531002
532.5331143545827
532.0564289865439
531.5910105175772
531.0332635945123
530.5862967381222
530.0551527371645
529.5451031158196
529.059881089405
528.5839985642249
528.1353401560136
527.7077829051725
527.1933865724889
526.5665430095331
526.1179052457107
525.6321683027403
525.1526406759853
524.704522576695
524.2936381744973
523.8027553979897
523.3224231365241
522.6851202032556
522.0897631753872
521.4615381056848
520.7689266739618
519.9885327127661
519.3532269633015
518.6839631083498
518.1823328066744
517.4464400852
516.8129343468312
516.1174187366477
515.5061289581265
514.8264165211092
514.2274765393379
513.5637068878333
512.8578988004772
511.931860455148
511.27922881330755
510.3225116809085
509.51921413733623
508.9446390085419
508.166347157919
507.1450340917493
506.6079839796873
505.88100782617767
505.1477056686073
504.48551176055287
503.58340343989346
503.03752368254317
502.24711523018044
501.7222811497805
501.1236614816571
500.54607342381894
499.8903669318313
499.4162912530578
498.5768892194632
497.84263145702323
497.1879056196599
496.47424182385845
495.6789056740289
494.9977074328158
494.3295062899033
493.56708204406596
493.0792121996329
492.454602027248
491.85680574700626
491.17119878989143
490.5269760802353
489.82668198155386
488.97773966801924
488.24897891120804
487.59059785375143
486.9527174399035
486.07892568550164
485.49160661989686
484.731957500446
484.0513442076927
483.16695207162047
482.40129163323047
481.7401243792223
480.98179316965684
480.2977166560156
479.66794289424536
478.9618476252655
478.44303476555183
477.9912779661457
477.4467722561064
476.8935996212382
476.475367900646
476.0301101859216
475.6261962607949
474.95966631904315
474.45963335517285
474.0439769933307
473.55757433479954
473.0075073562941
472.5395078381536
472.01648926031794
471.53553713965164
470.87791353767125
470.4066907330989
469.718389112641
469.1694105026399
468.6441834194788
468.14040829487544
467.6253633888828
467.2194813745415
466.7651787027063
466.3145542319853
465.81253482146445
465.2732768931573
464.8377704117561
464.40900321068955
464.071313673704
463.83430775804464
463.3804419290102
462.9745032839244
462.50639216254996
462.0006769797683
461.52428958764733
460.95334910356314
460.45297680552267
460.077478852369
459.825275673546
459.37405451781336
458.77984739351837
458.48659914038427
457.83413356161486
457.4060410077539
456.97054436493727
456.61192732196696
456.36380253405025
456.11292627525864
455.7660425722939
455.5050663114958
455.14715432874107
454.95800666477595
454.66507907689834
454.3632736624256
454.112726198281
453.87722975852193
453.67597848611723
453.5442909106477
453.32760724899936
453.1984256451391
453.0398650663987
452.88177517969643
452.7584130525907
452.5504705212237
452.3936590490358
452.2681195295012
452.13164147053675
451.89718174809514
451.67531407014883
451.3985591400416
451.06486994499744
450.76340920620544
450.41476494326474
450.23928512002226
449.96987128426434
449.7107349580788
449.6305566492756
449.48734837187914
449.27163013549114
449.0790515963286
448.87535933861903
448.68152196501205
448.43658163075344
448.2748022881104
447.94994704060315
447.66763936666587
447.4696022108129
447.26932660604825
447.1500829248042
446.97360613958017
446.8782826039776
446.7503110676566
446.5515982535107
446.49684509984667
446.3873253233519
446.3312586407579
446.25999339110416
446.18706369259826
446.0282689949082
445.9453706582894
445.9453706582894
445.9081327893591
445.8387690536108
445.8387690536108
445.8260303769429
445.74515964641387
445.72700536847515
445.6601873520158
445.65965879428126
445.55822212002556
445.5477480069941
445.4583408336832
445.4583408336832
445.4509320118479
445.397860267652
445.397860267652
445.397860267652
445.397860267652
445.3774217670472
445.3606226709145
445.3606226709145
445.3606226709145
445.3606226709145
445.3315253517083
445.3038033219221
445.29955174079146
445.29955174079146
445.2698552317341
445.2698552317341
445.2466982414845
445.2466982414845
445.2466982414845
445.2466982414845
445.2466982414845
445.2024358503696
445.2024358503696
445.1892220890679
445.18160005085565
445.18160005085565
445.18160005085565
445.13409451224743
445.13409451224743
445.13409451224743
445.13409451224743
445.13409451224743
445.13409451224743
445.13409451224743
445.13409451224743
445.13409451224743
7698.731030950533
7322.644502118562
3131.954782750284
1910.9469702046551
1494.4783487066425
1362.4771985649982
1248.5101303329589
1079.3294525769306
1005.4715370535229
931.8576887274814
885.1358205001197
785.3122098298435
747.8145434627006
703.405880279668
700.1746684976607
675.6020317158038
649.4970336937251
649.4970336937251
640.9925653355334
623.7179626514701
613.5075812784983
608.0102775796415
608.0102775796415
606.458880388236
603.4419545373754
600.7650563201933
599.7882582328441
597.6295909406153
596.2183651859243
595.6162933569982
593.1218519914407
590.2642673551974
587.8004916651287
587.6263769969806
586.85287565199
584.3781841812524
583.2100389697601
582.4966420288222
580.6133814342716
579.5430989688934
576.0501728281542
574.6658269139425
573.458703040743
571.7677354936604
569.501861278473
567.8686231712583
566.5547913489709
565.1398687853498
563.0030780968451
561.5614826411646
559.2299348611448
555.6534530492495
553.2123015600715
550.4140463300723
548.5156744904552
542.905657539792
537.9718768899797
535.2807151519785
531.7858166477198
530.2546160568578
525.9849061642435
521.2627792520414
515.9434250856251
511.97838075704
508.67662418219214
505.6883675689589
502.74548075074273
498.33709612904283
494.29130132037346
490.6146634443818
488.5667921646752
484.1762710515177
481.33588945134255
480.79990571915846
479.39016779107465
478.48549247599874
477.2716314462702
477.2716314462702
476.9692337389412
475.39887561010977
474.40803212806827
473.5243417921015
472.74440231435784
471.80038708522727
470.7177866036553
469.85692198921913
468.4145020107006
467.3347441043774
466.09806039258194
464.54157937853984
463.2791665555284
461.75978811634775
460.43908683061716
459.82756148074697
459.2110919459983
458.85291794883705
458.16223895713125
457.5303320718374
456.49198996832087
455.1982352116699
454.01830321829334
452.93115068522155
451.7638009943969
450.7121319666226
449.93313201957716
449.075560730228
448.2801926308219
447.66148076483995
446.8612776135265
446.3786987797511
445.6202674621332
445.04802837605314
444.49153894930726
443.9035817529068
443.32329221953034
442.6195129976526
441.95945204563026
441.20320089246025
440.4720510292064
439.93774948895106
439.3372211269727
438.9198412128314
438.40273604102657
437.9437577821476
437.5972404380276
437.31295837411636
436.87912038133175
436.35459491773213
436.04316225855365
435.59205016127805
435.3030965090581
434.96112479761814
434.67844009193664
434.2789743083182
433.8234392075329
433.44045017400117
433.2371895881764
433.08821948446183
432.82920852966566
432.6626743258596
432.50700434474516
432.3542260451999
432.2104894455876
431.96789805354024
431.8340770650238
431.7593325145994
431.7559023941217
431.6909417476635
431.5887029368928
431.2957692357396
431.20088833551506
431.1366766645946
431.0453816894236
430.96410190330465
430.9037098467748
430.7674344642352
430.49786380093843
430.4438322926256
430.3832622329927
430.27043762215493
430.25584745695085
430.2521289621206
430.2089120152423
430.139960944952
430.139960944952
429.9663906768038
429.9663906768038
429.9663906768038
429.9663906768038
429.95067669763796
429.95067669763796
429.95067669763796
429.95067669763796
429.95067669763796
429.95067669763796
429.95067669763796
429.95067669763796
429.9386167067033
429.9386167067033
429.9386167067033
429.9386167067033
429.9386167067033
429.9386167067033
429.9386167067033
429.9386167067033
429.9246863469016
429.86094319151005
429.86094319151005
429.86094319151005
429.86094319151005
429.850703999518
429.850703999518
429.83295570218314
429.8141814402397
429.8141814402397
429.8141814402397
429.8141814402397
429.8141814402397
429.8141814402397
429.8141814402397
429.8141814402397
429.8141814402397
7698.731030950533
5366.222306871353
3753.1763576694248
2370.819563166632
1964.5734328969165
1449.9048848170073
1187.2853263045113
957.568651007151
893.5322241785917
842.443989898668
801.8463940898687
755.6972879121722
741.5165254596088
720.7476777699353
707.1716091890221
694.4817105299041
690.2022001299302
683.046834890326
677.4421891693021
676.6606822349722
668.3282299700891
665.5706585099787
662.8588435967708
662.3453636065617
660.6874395360749
657.6392024432175
655.9660878182945
655.9660878182945
654.2249068028908
651.2155549363794
647.3496150315164
644.0449449131734
640.7940881869945
640.0203048546673
639.2168436526633
636.318645803086
634.4727521172512
633.5113263205646
631.6675492968659
631.6047705594383
629.1529480250492
628.8568996390989
626.0212879671249
623.8420395015136
622.6072553068502
621.3622431734805
620.2715547499681
619.4141374771561
618.1235579603109
616.8796681107603
615.9350402761231
615.0818717881859
614.1768147301017
613.7856536845353
612.8401422365762
612.2334241513145
611.5181101548294
610.6822351927714
609.9239373551555
608.9815711801174
607.9062242672858
607.2096289493767
606.5100191894645
605.9536908547398
605.3321763908565
604.9682618293009
604.5334814192681
603.8409180029967
603.3783067984019
602.7484885272117
602.152974464415
601.6002185273221
600.8811242346961
600.2101279154671
599.4755624255563
598.7529202622468
598.2844088761128
597.6984055658353
597.2552936462255
596.850592306456
596.4591046051119
596.0801702288787
595.6543704486047
595.2458324621757
594.813102828668
594.4177959502734
594.0488132856746
593.7583150422497
593.3668441416489
593.0213563726467
592.5882564789868
592.1260981403192
591.7499158763915
591.3878076812855
590.9775349264725
590.6752832331636
590.2687703132864
589.8840897157221
589.5973391030539
589.1514220477519
588.7947738167006
588.4196412541864
588.0778082248307
587.727478071134
587.2521070319569
586.8732818190957
586.3844891751563
585.7857170695355
585.2544767263521
584.7875071812339
584.4219485111272
584.0518484977162
583.6969577039596
583.3653558619758
583.0525734755485
582.7934161320275
582.4761126051292
582.1374691633996
581.8449408996361
581.5588579031578
581.2485243572106
580.9428104431764
580.5496901638279
580.2459209884508
579.884681444303
579.3865691149005
579.0465369530441
578.5878530021275
578.2567601318325
577.7421727559421
577.3824074349827
576.9341488216086
576.5306810468379
576.0009406738801
575.427178334803
574.6276250845574
573.8416513937203
573.0596283470013
572.1776834255803
571.8126860560814
571.4961219381248
571.1705317382527
570.5962922944907
570.0856180170595
569.693795396142
569.1547404697567
568.4792189173426
567.800660184681
567.133500252174
566.6079140340073
566.0864191049161
565.7603329852061
565.384256529263
564.932788477438
564.5298612532415
564.0755916970975
563.5866199100099
563.0008483290596
562.5269034790648
561.8269765582825
561.0705479331815
560.605258227113
560.04498454722
559.7132173878819
559.250987477755
558.8470498275536
558.4899437575492
558.0220601018141
557.5161969589582
557.0129457585425
556.5576341507037
556.1229246941099
555.7125370342205
555.3601475260757
554.8735117082739
554.4143532769411
553.8849800319488
553.3446599635031
552.8452688310393
552.4355428240069
551.9696044432193
551.5467461412929
551.0703254806301
550.6590132310827
550.3018296216673
549.8752593901255
549.4682891406791
549.0420006714173
548.4981717889046
547.9853074532889
547.4385779461363
546.9130441461512
546.4294136586001
545.985557905968
545.5745964862374
544.9408007151528
544.4155175263387
543.7882788118641
543.324404555754
542.9215839407602
542.5491052839608
542.1138567407365
541.7087747594792
541.1991498723032
540.7585332479894
540.2689176254933
539.6379707396545
538.9180299298349
537.9663493815144
537.238408971678
536.3861974661993
535.8560518929153
535.2761854832246
534.7638332125902
534.0278814133511
533.4165342460396
532.8654991858245
532.1287119877647
531.5386507841918
530.9131535312081
530.3394087425186
529.6269952751186
529.0979664164247
528.4764001176451
527.8550106027207
527.3073358991307
526.7413040633803
526.2672432981958
525.8297329983783
525.4511004221598
525.0233786106646
524.6632938956031
524.2304250257533
523.7499167285789
523.0584022899532
522.5715424752725
521.9595555749611
521.4130991258057
520.6875117084836
520.0032576197514
519.0694039889561
518.5176981187947
517.6661822736503
517.0201675917671
516.3637915269097
515.9591059738555
515.4244776686005
514.9171037005035
514.0866640426586
513.3147169775086
512.4669215306462
511.7460355311148
511.1345177623957
510.5606905228147
510.03267158353094
509.434787420038
508.96177829723877
508.3282431867682
507.7173016228335
507.0437656774223
506.4672197531644
505.8712121708331
505.3388699649631
505.0490727171985
504.6792596163058
504.3848167879974
504.0840855116388
503.77934349948316
503.43679182096173
503.0869024936045
502.74281255066154
502.4240443004288
502.12905730332517
501.62252968525604
501.22236259278355
500.5532077170424
500.22529087223677
499.7591331083768
499.38197587631305
498.9688254119667
498.65661198452557
498.2804002854143
497.95217592327833
497.62690354031474
497.2976611461729
496.8965939912339
496.52264689260414
496.0559501664016
495.62149104240456
495.1658303481925
494.78530925977753
494.4662532255846
494.08791867314744
493.7535721261197
493.40534345964863
492.92210774384296
492.47836655903086
492.12424392160347
491.7029101206818
491.3230396495716
490.9681118846654
490.7099030141646
490.21043492818586
489.8117255500474
489.50324939237896
489.2359797674632
488.9886031431789
488.7304013156955
488.4785762086561
488.169807305971
487.9380537734832
487.58023324012504
487.20223770062535
486.8496447853412
486.3994010973567
485.99123322815626
485.5872389317076
485.17366745534474
484.7975118028959
484.18683269243684
483.63588827819285
483.09805082360236
482.41929721632283
481.4461707672651
480.5540042392948
479.7056134252586
479.1346410297031
478.6217787908393
478.30520950072076
477.7792884142103
477.18729409944604
476.79664619374836
476.4107537688732
475.98217107477836
475.5643576036081
475.2649753633996
474.8371000079947
474.50139615752437
473.9051891574534
473.2982655534395
472.9375515787513
472.52798463485504
472.1207856125202
471.80685717571413
471.592611017732
471.29643855658094
471.11310777021083
470.85160867128735
470.5769510732445
470.27146089074205
469.93640576037745
469.6107965695527
469.25151349689077
468.8531341696888
468.4975752981344
468.1112492256744
467.785509811248
467.4625354477763
466.98520838144196
466.6386560014303
466.35262334354576
466.14881644960576
465.8852715148488
465.6451183353988
465.3597866938125
