5614.465591478012
3597.6262423859494
2533.932161304521
2017.1317851091083
1427.8323404927532
1207.6324697018422
961.3206742138541
889.4200983563821
823.8281095573066
776.3085524161265
738.2781441810146
731.4256747925764
728.3918270162483
705.7304363110884
697.048228142995
687.702357705755
684.0804336557514
673.9152503301277
665.4274836675514
657.0456483994378
651.01817427778
651.01817427778
647.4640603012979
645.7183602645607
643.525193976659
642.4525913065559
640.0488361757551
633.3218922837514
627.2219318402606
625.3167096339071
620.3068073827035
615.7234711339368
611.7744568037554
606.9755691660291
605.1006906584804
600.3514695114952
593.5588127601486
584.2750231837779
577.9482396007274
573.6072914902352
568.6642670058537
563.8264007567643
559.9008767087929
554.6569850730905
551.2240265085163
546.1964025062879
543.3727043801213
539.08523969852
536.2507013281529
534.8703621231302
533.2630469974804
531.7929465583105
530.2933635024478
529.1423168550851
527.637588965016
526.4823241897304
524.6648718915924
523.4746258156976
522.3110043650223
521.1746015542421
520.5113340580962
519.5546537691474
518.6925995417909
517.52293156016
516.574953982152
515.6769489628169
514.6754740607641
513.5860327570607
512.7324733217497
512.1737414820323
511.56009886035304
510.28543501171384
508.2487811056504
506.746807563012
504.44891237986144
502.99315175723257
501.53280495401293
501.032627705814
500.51582796406564
500.0421952123129
499.4016374036405
498.92647716263644
498.25323125364207
497.22555128049066
496.5417578942055
495.82959044457675
495.2178650177482
494.5652850108437
493.96210201839824
493.4849007773044
492.89838496825405
492.2343519719414
491.79756177830836
491.1983776709758
490.76460252187053
490.3222964704616
489.5971727468972
488.7459331051075
488.09325711946315
487.3796569353377
486.8247031576058
486.1887366247018
485.5172419778703
484.77720782541996
484.13402192967834
483.60521642509866
483.0299278799007
482.34611066947474
481.81693533882446
481.29015001757233
480.85743321678547
480.359495271583
479.91378072420554
479.4619729597071
479.02565003054303
478.6176791752877
478.2623129305786
477.8512109344158
477.55698024319486
477.1532480153744
476.8293879835797
476.4520900862126
476.16591189792484
475.8194647844673
475.4598294305025
475.05217210947876
474.7110939688785
474.33480864743086
473.9290617765722
473.5285350365458
473.09343808608105
472.5198953670956
471.9956952995601
471.4116873930575
470.81533234361666
470.2124904241903
469.6435869522196
468.87779595892164
468.22913029130183
467.62287549419153
467.1659802496998
466.4513747162061
465.93576221979345
465.4185398965782
465.0295888324281
464.59202636861545
464.2783114912575
464.0284304082425
463.63225424875617
463.37413294559997
462.9191038355639
462.571989048555
462.1298938358401
461.52919766007597
461.25479397019967
460.95849653816185
460.6732019730249
460.4495083807111
460.26518155877
459.98702873176546
459.794133699608
459.5445565884318
459.38413858361037
459.20192636630446
459.033280190834
458.874618630827
458.7767569270116
458.62002566211754
458.46763517609355
458.3041321633898
458.1314934916034
457.93943923105195
457.8014551451762
457.65860159843805
457.5510278112122
457.3501733361958
457.09110562244086
456.81958163065065
456.62304850206317
456.4919842192451
456.384540221758
456.3011342833821
456.17864060610333
456.0573388499731
455.9761483993651
455.81902835415633
455.71205295786206
455.524466322984
455.3751387927889
455.2132314811659
455.07344764564436
454.88581289401714
454.7174045397038
454.55151069874034
454.45811742277925
454.32142677838993
454.1748308121965
453.98614549706974
453.77216697170934
453.5625621129284
453.33879575006415
453.1487929729727
453.04596258155794
452.92414006263925
452.88899084468284
452.88899084468284
452.88899084468284
452.79422562840034
452.6335185331771
452.5217696007595
452.34703373876107
452.1522853949877
451.90850665418407
451.8436065639542
451.7938416467831
451.70133736872515
451.5818124307934
451.5320959768974
451.4824137849279
451.4650823503849
451.3758024070718
451.3640304531913
451.2125758466626
451.1805798115548
451.0599732969585
450.93651881142455
450.8636432629826
450.71719935790253
450.4967028803157
450.37085924041367
450.2197962230322
450.1447013702102
450.03906544373035
449.9893010854376
449.94305070353784
449.9266662508068
449.86649284731845
449.86649284731845
449.8537125767107
449.8537125767107
449.8537125767107
449.8537125767107
449.8286765178537
449.8286765178537
449.8286765178537
449.8286765178537
449.8286765178537
449.8003365097
449.7771988297743
449.7771988297743
449.74155495565464
449.74155495565464
449.74155495565464
449.74155495565464
449.74155495565464
449.74155495565464
449.74155495565464
449.74155495565464
449.74155495565464
10585.28618062322
5864.489579155104
3217.8167150843815
2355.2652522140725
1411.4128232177586
1215.5819107673974
1043.1156329654852
967.1914650480254
935.5183348660277
866.2643354846763
766.5804102712212
727.7965511484201
694.8124054209179
653.8314213852135
636.7631196760564
626.012073006521
619.4311443088864
607.226568593318
598.6576911292009
586.0598490638056
579.6585159579952
570.7319875485077
561.4958617438394
556.5787010501317
550.3918498267844
546.5473182130775
542.8201626323511
538.9868338619879
535.95098541831
532.9981516474185
530.7186036173506
527.8701957604641
524.5881557699687
521.5075174195521
520.1121791220115
518.6312692583259
515.8489773493803
514.3604421613675
512.904100394207
509.86146298998676
507.6785652776349
504.8078438985275
499.93290620338985
497.9339197166581
496.1665387991281
495.40723698008117
492.7984103659447
491.3247552253898
489.6493298965179
487.2006462417098
483.3286233411866
481.990117888577
480.7507452818819
480.20601992416715
479.87756036919575
478.3642708680318
476.4439997345551
475.254475011664
473.7232406158011
471.9388712141522
469.44461530322155
466.44928114646166
463.84068177824736
461.32290620585127
459.5120051840394
458.60471309477265
458.0456142895829
457.33717151768633
456.7049876624025
456.22358268084855
456.015175056286
455.57794755801325
455.1660624941189
454.7680743512711
454.3334466045707
453.85100753347984
453.3898165458335
452.8121919437713
452.2875534667776
451.7056250863535
451.4957287454216
451.11987440403624
450.957315284278
450.8594327954883
450.74940434676546
450.7377098516818
450.62981711230714
450.5466467627669
450.4610387089015
450.4015755524315
450.21117878709725
450.09990717324007
450.010469601365
449.96422077285945
449.8884537898254
449.76302522505347
449.720233372026
449.6128996996795
449.5013397421952
449.4801893504378
449.4555569920844
449.4073618427805
449.40172486843613
449.37541340712625
449.36323388479286
449.3377997556877
449.3127571134281
449.3127571134281
449.3127571134281
449.3127571134281
449.3127571134281
449.30909969275837
449.2765906441314
449.2765906441314
449.2765906441314
449.2640275772932
449.2640275772932
449.2640275772932
449.2640275772932
449.2640275772932
449.2640275772932
449.2640275772932
449.2640275772932
449.2640275772932
10585.28618062322
5338.553371458876
3765.152541239913
2037.1114464272994
1840.483595806062
1604.8439255303576
1482.849690628047
1167.2425145218706
1135.9738190906505
1106.851033374869
1002.3875485848582
948.273420614192
906.7374200074623
893.6882795083781
858.0541510235023
800.0269582007395
761.1711378759865
761.1711378759865
754.2443898574761
743.8857932834374
700.8051741367824
691.9742277809594
681.1186033253416
669.0635586682067
656.419169428721
639.3719051678894
639.3719051678894
634.4053374789553
628.989978634787
621.3748352931804
616.7206217638758
608.8476356240471
603.6984107677761
599.7657234680216
599.7657234680216
594.1870853638308
588.802153007703
584.1472871262122
579.0101313813727
575.2924382339609
570.2987397685796
566.5741001821814
560.8949496109631
553.7274855570655
548.5188105563228
541.175333290038
535.2743480485425
528.6478223755653
519.6641841368966
508.39775720157746
508.39775720157746
505.6701336105812
501.410596737031
499.47517645850826
498.79160454020655
496.23290280162297
494.7461599564899
493.52591635356526
491.87393479476816
491.0291778211604
489.9307380966926
488.4756806862018
487.3215019649055
485.6341015908981
484.4900948014812
482.83083170711365
480.76110726304626
478.420283027212
476.99725484837097
475.52681835634365
474.94238684002977
474.0607108790281
473.5430227989309
473.270606492383
472.91975583435664
472.10373317544014
471.44072429999335
470.682546820879
469.4895241074331
468.71365632062856
467.5167411325865
466.8608007181185
466.3308566168632
465.78591678045177
465.39481214193677
465.1601210119391
465.0188479837381
464.80123283136095
464.6351552022672
464.3581852142776
464.07923931203555
463.9269286226774
463.53267146918466
463.0639597367556
462.2133399777985
461.74105257701626
461.18450648751156
460.4100293121371
459.82701506893505
459.3322486200151
458.8578381058334
458.4723034647914
457.90018357927545
457.52146680111656
457.24042459688985
457.0330580532067
456.83214923921304
456.3894581477883
455.8852974858439
455.5433506948474
455.063064993308
454.65201895953186
454.26590563956324
453.88431374216105
453.6376470565439
453.37690395409675
453.1583814358963
452.94750195071924
452.7626345179008
452.643474651325
452.5673389701577
452.4472510375977
452.3716110676592
452.29322581683147
452.2103897891193
452.04091150964035
451.82658551149154
451.7233253351945
451.5725347639866
451.51055954104805
451.33518155813186
451.2340608443886
451.1289437961942
450.93108994767016
450.71529130795267
450.6684712432821
450.50272620744386
450.45575054042206
450.3112568525651
450.29575436127516
450.11587117891736
449.9388008724607
449.8245369476617
449.6668372490686
449.6232618859381
449.6043198016483
449.59960565747735
449.5963858378367
449.53792256635137
449.4994849475911
449.44068932631455
449.4322815674391
449.4322815674391
449.4322815674391
449.4101679384917
449.4101679384917
449.39330670613475
449.39330670613475
449.39330670613475
449.39330670613475
449.39330670613475
449.37499366750467
449.3343177357773
449.2867480723591
449.25873776438146
449.25873776438146
449.25579343945014
449.25579343945014
449.25579343945014
449.25579343945014
449.2468667146886
449.2468667146886
449.2468667146886
449.2038828287471
449.2038828287471
449.2038828287471
449.2038828287471
449.2038828287471
449.2038828287471
449.2038828287471
449.2038828287471
449.2038828287471
10585.28618062322
4989.715560090022
3555.351389258596
2466.9936881921435
1919.5506526833758
1641.0786629255613
1425.86131279986
1315.8711611712029
1178.7187665645697
957.4274280150503
829.530128767836
758.779253416674
709.2404504775058
687.7472195521707
668.523125733611
645.5326356223624
644.0149417417786
629.7284067971982
618.121930920973
609.9231813547246
605.1546301271754
600.166739214986
596.1971675514923
592.5942365795639
589.431486178966
586.3044017907598
584.6090841104442
581.8467297656163
579.9610150742836
577.803080148015
575.1468085936176
573.832520172462
570.252569240701
569.0366164354723
564.310162313234
560.68681944264
559.0340239092244
555.8161246645973
552.8157224596162
551.9862555956918
549.6449180195164
546.6315520850246
544.8211595947562
542.3125117290705
542.2480020521651
541.0215355872217
538.796820070552
536.4511807243284
532.826928453825
530.3512714993517
527.6759909690708
520.1615182179374
518.211321280666
513.3973254763572
508.0220151596666
503.8430603160888
499.8089170742075
497.03927838617426
495.73648889174467
492.55088657167477
490.0857185169945
488.1700753341604
486.1193343908047
484.73801250682607
483.5223521876252
481.692473961587
479.70107565693786
478.58736844178554
477.1493845762478
476.1265797470951
474.70213545753063
472.6100053388397
470.7668022840223
469.21068384075727
467.98670571329603
466.86236577779937
465.8936774197256
464.9584594672382
464.51522885748
464.09753586018536
463.8570454933812
463.55961434792243
463.26262853058216
462.9776390704556
462.71159030631907
462.34800734272073
461.95175441391365
461.6795319330264
461.368591945939
460.9422702375183
460.52039110347596
460.3084148358312
459.9945787770815
459.6932455405942
459.4500853933742
459.0773052906706
458.463859392501
458.2794270672041
457.92305467962115
457.19483888362765
456.6440202107757
456.0969921129041
455.530112282452
454.8930683527701
454.4458686825807
454.23953013977757
454.12822981355976
453.88787452945985
453.6489997909498
453.43580221072347
453.21652285752145
452.92574624446365
452.7809885357548
452.66017602912495
452.51934873379685
452.3946421316344
452.1898704777382
452.00394507580506
451.8047944442722
451.7774469027623
451.59489579399406
451.4833235951153
451.37302208312394
451.29264369370543
451.1880279355429
451.1569434545935
451.05510988851756
450.93647997315054
450.7932252191534
450.57762914287184
450.44926673302126
450.31490202730976
450.27050190267425
450.2170911377818
450.19136907760617
450.03636809824445
449.98978615494366
449.9149918607395
449.88694301930053
449.836073717659
449.7843774216463
449.70827686142945
449.6953513592208
449.6953513592208
449.6763107792849
449.6763107792849
449.6763107792849
449.6763107792849
449.67023296617924
449.6497276560338
449.6497276560338
449.6247111543711
449.6247111543711
449.60615214430595
449.60615214430595
449.60615214430595
449.5603824510258
449.54542824317343
449.54542824317343
449.54542824317343
449.54542824317343
449.54542824317343
449.54542824317343
449.54542824317343
449.54542824317343
449.54542824317343
10585.28618062322
6296.39309834651
3530.4350576819907
2556.607923055973
1916.036389723394
1550.9552123500084
1277.1903651141836
1045.8746484550475
970.9232883744903
916.930708480529
900.6106054879101
869.4781971444993
819.7537092704083
797.6675103228524
791.1374750951898
769.4856141070359
763.7642526537372
739.3986073991139
718.7633161197089
702.9270552172675
685.8114958095764
673.2353836561424
663.0718818864526
660.367429994568
654.8982959571223
652.522776556912
643.3364748721477
642.4692169346097
639.982667988776
636.5965953559335
635.3982616063643
631.3219244687914
630.8607684061242
628.3078730722223
625.0718617857924
621.7476737060572
619.4402391441
618.1299071972535
615.8457346067614
614.4694492166242
613.2433209382386
609.1339510767574
607.2064827000559
605.439404438187
602.5308464635725
600.5839790624307
598.4967952402386
596.7112574799716
594.2443523426311
592.1560111114295
590.5209671631198
589.2309114657633
587.8023359657318
585.854824383819
584.1423857207528
583.0527127476622
582.2004369540881
581.0220544080477
579.623052911695
577.432599318725
575.9425660903776
575.1127856376794
573.6552925663298
572.6185590270504
570.6697033361248
569.4183550629505
567.822966783763
566.1763719435517
564.7216097293827
563.4754908450823
562.3586251883216
561.3196246749744
560.0627720248649
558.990216828792
558.1219627486845
557.0278362357287
556.2767792976058
555.4214376422012
554.6220763116033
553.8333599781552
553.0997828499384
552.3104667938067
551.4969888315643
550.7901901098388
549.9832067596224
549.1843765954486
548.5139402188917
547.6184052492346
546.6783390363267
545.7507515657762
544.8174246711778
543.7044047174393
542.761600617799
541.5670042001977
540.4641204877058
539.3089014197674
538.197070096551
537.1830188760373
535.7998040847783
534.5378709922368
533.147307086386
532.0420417040087
531.0735263872098
530.0013342901623
529.187603374449
528.3184392432196
527.1185762066414
526.3198758850907
524.9393403403516
523.5008518160219
522.0100878525476
520.329665373557
518.6381754088248
517.4292778280745
516.0170273835705
515.0131498708067
513.9403550433698
513.1241591797647
511.5337421581019
510.0700352374548
508.8925553024607
507.75024875326886
506.84909723834767
505.9100161713371
504.8484466533853
503.5585541429082
502.4135739487738
500.5777190753637
498.5692157844091
496.6888407478487
494.9745200970101
492.7945681760887
490.68225404464386
489.2657056731434
488.8251481750039
488.2593871638242
487.7270104053015
487.15529972622437
486.4905659720082
485.5426458410881
484.8252704165521
484.0972699818262
483.3023508450535
482.64243986670795
481.85055051260895
481.18807257979023
480.47886956063087
479.7940124861053
479.1978091803382
478.4242954564578
477.7303470993191
476.8896153393871
475.774076358609
474.69003859719305
473.88914558000727
473.397544008827
472.9595269553904
472.50591349623147
471.8755944677821
471.1169211488458
470.3851824347728
469.637242737777
468.99818669650006
468.1923153943611
467.4650070074458
466.7761463345672
466.05341156610154
465.30721869824436
464.6366671678678
464.059664346049
463.43019520375924
462.96348860128114
462.38198950531626
462.03078468985973
461.54829674842733
461.20004261000025
460.7269773483222
460.21047146186527
459.7166793635445
459.3428020247906
459.03812352983624
458.7073139066175
458.4310502856099
458.1327235298639
457.68640098535496
457.2978157530308
456.9540182117422
456.6133708237879
456.36493890727115
456.108136700773
455.8197109896417
455.6311759632124
455.4615576046832
455.24777367368637
455.1601405739701
454.8999525158918
454.7446558923895
454.594807355999
454.4934121201303
454.30324308850174
454.0833400696409
453.85046657695773
453.70776890469193
453.5770010385035
453.4642421058296
453.3270058362573
453.20983200398297
453.09734480782765
452.91651270750606
452.8009067658191
452.72074500454
452.5894549725068
452.50780488322283
452.42811234225167
452.3540119964711
452.21858038042063
452.09765225867284
451.97599304955185
451.85302214597385
451.66209913969607
451.58023239217346
451.4279951463366
451.3480145500946
451.2619043926404
451.15841217684124
451.0777793827184
450.98598793973264
450.9721531529624
450.88868398277816
450.7416138751865
450.7074550480773
450.6320869390271
450.5714507704115
450.4732387994402
450.3514898545143
450.3360397933493
450.18937602999273
450.1539679939059
450.11766142913217
450.08625931682286
450.0244239413107
450.0080095156645
449.993824348716
449.9894657267445
449.8902227938041
449.8902227938041
449.8902227938041
449.8902227938041
449.8902227938041
449.87468827009957
449.87468827009957
449.87468827009957
449.87468827009957
449.87468827009957
449.87468827009957
449.87468827009957
449.87140004160403
449.84896869908357
449.8424282441077
449.82165632292197
449.82023966405296
449.82023966405296
449.81480493246187
449.81480493246187
449.81480493246187
449.81480493246187
449.81480493246187
449.81480493246187
449.7939955792866
449.7672638609775
