4935.900969269547
2641.148940483421
1635.316198356522
1425.7200675690933
1293.994414592144
1045.1096996063206
946.2548530859822
854.2363296993517
854.2363296993517
819.2242336868483
794.7552661896896
780.232589095003
751.4878917470496
746.7527798924609
746.7527798924609
739.8525511787891
731.6038674234433
725.282365540394
717.8131101028807
708.4237778577074
703.3827240578503
696.5403780963247
691.787587210074
687.1760994241081
682.5571732627835
680.7644649758488
674.9850626746507
671.3380788306672
669.9726203465971
666.9025464453287
663.0454003323248
656.1950515944188
648.2774501407745
642.6463520330021
634.9611960473478
627.4280937722862
617.1701696902991
613.6664852053142
607.8868923806413
600.7193075185402
595.5217303728473
592.819889169833
590.8735357964213
589.1729688463836
588.0844547113495
584.8458785159617
582.0935032183174
579.0685839118046
577.5362731545324
575.5707334011089
574.2806991767093
572.6349338158996
570.2974118497978
566.7594187989741
563.8741125414058
562.5904888537142
560.9549306532454
557.3644959181157
554.2513301019504
551.7321053080409
548.185004447166
545.1101716224782
542.760721474338
540.5343369221761
538.3089586252414
534.80616102852
533.2139345810144
532.1017382284895
530.6492472376716
529.6812225175701
528.5469904609104
527.5501640945952
526.804110103287
525.2208931525031
524.2911208699652
523.1408923262733
521.391474140542
519.9462882813446
519.3080283482893
518.5168489070501
518.1108012010999
517.5884034979305
517.0311639190247
516.5049090451286
516.0604048171881
515.4590243907189
514.813458370618
514.1893348946762
513.6217730821279
513.0029840993108
512.4827410187324
511.9929406749573
511.41475333499096
510.9399328496408
510.301989771245
509.73220327329204
509.16348678560377
508.4937250714135
507.9224085748583
507.3760294065304
506.85835833973283
506.2723910359835
505.717522295079
504.8830030503324
504.3678578356161
503.69700911632447
502.940420072031
502.35027734054336
501.69796163432244
500.9109117445339
500.32813061945905
499.7890620446394
499.27246947373925
498.9352442051386
498.4742010042558
498.01861551563223
497.60161873669784
497.12597507358214
496.7662117238667
496.27430951084693
495.7781631651581
495.39794394985154
494.92329599303866
494.5563975036697
494.05337656274344
493.7196372477698
493.48692294932033
493.16977931952306
492.78333895182584
492.36531369667506
492.03972092854684
491.6708972103758
491.26852947918746
490.7748492124001
490.3835139793935
490.06100023432253
489.6951698075168
489.20063401541654
488.68642713774693
488.1407049805969
487.6779503135613
487.16987205059
486.7926839957087
486.3964750253807
486.17967303169985
485.9414231385431
485.7116863815574
485.3104290968338
484.98971113024874
484.64517606655005
484.2988743387368
484.0331034479325
483.7461974188967
483.5805732687779
483.32854113437804
483.0712284516655
482.84949501318914
482.7114399060128
482.55309908464335
482.41369088105637
482.1171072345856
481.9561198334279
481.73103681954854
481.5188923755143
481.3099681092531
481.0533666046829
480.7617764763567
480.45775186976635
480.1877967870136
480.0827407313062
479.8666015799043
479.52884276853837
479.1093234014438
478.91322142016645
478.3653124588497
477.9126370422942
477.39742294795303
477.0491405989874
476.59286816984576
476.2901135560834
475.97529643719184
475.73125889206426
475.46012029521864
475.12477008629116
474.8423996655933
474.5632419376399
474.3603194544279
474.08249128853686
473.74494899849515
473.2457081769813
472.8631135546494
472.46932621314727
472.1613483148682
471.9318574418679
471.65141707804304
471.3702983273199
471.097765250937
470.8089508099348
470.5915041735755
470.2983815486771
469.9924688491718
469.6926542861713
469.4102477556087
469.09515670216297
468.74330221888823
468.3858987055446
468.05715733460636
467.7922949836952
467.56724725061423
467.30891335929743
467.0569111008881
466.73660472921375
466.53710337398553
466.30588238687085
466.0810257523508
465.8510067880111
465.6830394425394
465.4870187932487
465.3773289672181
465.127458498216
464.86777620435817
464.57248562074005
464.3522336035453
464.03301110662505
463.6952210470333
463.3940769239849
462.9959753392692
462.79431085486294
462.5811426139428
462.2884246451716
462.15355355055766
461.8868224888553
461.6587474398979
461.52233641209864
461.3031664358302
461.184537594215
460.9278556238833
460.71524708081677
460.4914987200026
460.2732998061574
459.98051751700075
459.79463049234704
459.56773886773954
459.2679890096606
458.7598674176959
458.4628137144876
458.12498849402635
457.78761462171985
457.5394155509353
457.28361936218903
457.0917024820726
456.9158140906102
456.65577909253653
456.4264394431999
456.2560790067437
455.9952755257409
455.7399304413853
455.4679884822618
455.2547144592116
455.0705296443317
454.9273541744219
454.78536444732447
454.6687904769267
454.4851147565153
454.331357404703
454.14008508619344
454.06184334617626
453.89709573801775
453.6808495394902
453.5726442802258
453.4160319862175
453.19912415922687
453.1314751470849
453.03775219291555
452.986362795378
452.83396594376586
452.80959878443224
452.6643590055644
452.57527201213554
452.38904680818416
452.2370624952543
452.11590149633975
452.0243466547016
451.8444955954542
451.8048458196441
451.65596957808685
451.5605681891803
451.5306547052907
451.44747608760775
451.331241576725
451.1572494305102
451.00935879162927
450.8008480180037
450.78640989943426
450.70462448595487
450.66257846366847
450.5816282457717
450.5688503088334
450.4474602103359
450.36109741818996
450.27208899187804
450.20993875639454
450.19430361562934
450.19430361562934
450.19430361562934
450.19430361562934
450.19430361562934
450.14414482598846
450.04665929653515
450.0218204512488
450.0218204512488
449.97322439513925
449.91188118678326
449.8945569020439
449.8768377222583
449.7598055056508
449.7595001339535
449.7595001339535
449.7595001339535
449.7524141868819
449.7074487276884
449.7074487276884
449.7074487276884
449.7074487276884
449.6954029599771
449.6954029599771
449.6954029599771
449.6954029599771
449.6954029599771
449.6954029599771
449.6483202038725
449.61937500239753
449.61937500239753
449.61937500239753
449.61937500239753
449.61937500239753
449.61937500239753
449.61937500239753
449.60705681805564
449.60705681805564
449.60705681805564
449.60705681805564
449.5909404450868
449.5822334844173
449.5822334844173
449.5822334844173
449.5770318241231
449.56969674641437
449.5682362029309
449.5682362029309
449.5682362029309
449.5682362029309
449.5679362494378
449.5679362494378
449.5679362494378
449.5679362494378
449.5619667931362
449.5619667931362
449.5619667931362
449.5619667931362
449.5619667931362
449.5619667931362
449.55201537390457
449.55201537390457
449.55201537390457
449.55079958084315
449.5361725650789
449.5361725650789
449.5361725650789
449.5197900790706
449.5197900790706
449.5197900790706
449.49680835174735
449.49680835174735
449.49680835174735
449.49680835174735
449.49680835174735
449.49680835174735
449.49680835174735
449.49680835174735
449.49680835174735
6540.684614517957
4010.9831697345326
2372.0967112908647
1374.599016196128
1220.016485453291
1019.9201146541062
918.4031090336192
834.1086579691423
809.7254396500824
767.2409404289813
726.1635888334329
684.3661608789594
672.8658209596566
668.8615655976257
662.0530237418482
662.0530237418482
657.8799822928935
655.0811295312549
652.6218525367294
647.1866560294905
645.825331615699
643.7202020765668
641.3408929110069
639.4978921459227
637.3684666460676
635.2618413875198
634.2919472789933
632.1544935111896
627.9146885614242
625.2521511502164
621.6043039733477
620.130698265913
615.7127954166805
612.3829936289625
609.1263988581702
603.5002475090374
597.4404490704163
593.5656512657459
589.4115742298957
586.440779013309
581.6434645163807
578.9119262298154
576.186186568623
574.4889093933468
572.5632029256076
570.9756196338067
569.2391908919483
567.5623076241479
566.3295498910329
565.3777497717558
564.6161159698023
563.0108861124035
561.306941132467
560.0236916019303
559.1017142306785
557.8902080558898
556.610488635098
555.8138396326192
555.2248910341258
554.4748341905886
553.5937741509681
552.4516738429687
551.4071563497232
550.3183932213985
549.3926019680126
548.495603961868
547.6892118153376
546.7003633912846
545.911084233772
544.8352471011765
543.9345676328669
542.7009513453994
541.681504744825
540.5668163752985
539.1873405209876
537.8580948310985
536.3004583691531
534.7295890659423
533.4692749422825
532.3906078392449
531.4018290208207
530.7379941609465
530.0242435241053
529.4457624277678
528.6337301895339
528.0279383032063
527.3594637713873
526.569655243217
525.9300172943886
525.1744903361375
524.5585813714081
523.8741197415687
523.0999874651387
522.221942587308
521.3923993776272
520.6042633172154
519.5364391279302
518.6764725743384
517.9088342972649
516.8213467530408
515.8124922106635
514.9021017869625
514.0451271778824
513.321271146284
512.6162850979956
511.9890582459286
511.2522485381599
510.69772852040785
510.0395566780352
509.45232928960013
509.0528365113277
508.47260360845894
508.0062994014185
507.4856779067168
506.85313406680586
506.4034162284727
505.8148392734138
505.2653462312261
504.7371793960659
504.2518529964824
503.7625060065535
503.2988057576296
502.7232823809299
502.38112346650746
501.7989530003649
501.28734469196837
500.80068729867503
500.3516521780868
499.9762870452757
499.3146436038582
498.8763828267367
498.37303386052315
497.9839848165053
497.5901782284575
497.21589170943764
496.835668867663
496.5103714493991
496.1543468413273
495.7657896219185
495.26108366755125
494.90652897202574
494.6348000626387
494.34330677681754
493.9368861098072
493.617780502022
493.1673190151087
492.79102151357654
492.4014476299006
491.79171969148155
491.38956541989535
490.8858382008601
490.37924595851604
489.98939138733556
489.3591362107311
488.5758062467661
487.8118567938684
487.1503136909543
486.6149089853499
485.9945775917788
485.6542360228789
484.99346935958556
484.40628612169337
483.78963044488984
483.18396980759195
482.6390426095704
482.166271133651
481.74814938808413
481.2654241048645
480.86183373185327
480.3042118281913
479.96599316259756
479.5808664123852
479.05001966650957
478.5683023652391
478.11878171879493
477.7497095296972
477.35591256717737
476.9786328676862
476.5845688246884
476.2453131360191
475.5456124600581
475.0690890276228
474.506973813358
473.67530249525373
473.19428052565803
472.7495368994652
472.38004653058874
472.0906282772083
471.70603635612724
471.3631815034205
470.97693905444714
470.72933305078186
470.4070629104571
470.0719294458973
469.6387654061213
469.3162423148276
468.82986333257656
468.48128862378843
468.21016059182034
467.90780339184533
467.62809248578134
467.29180589176457
467.0661173218501
466.89058064746825
466.66381916087954
466.4550596404791
466.19860513982354
465.8804253570903
465.6128180459083
465.44211788778034
465.167962874663
464.86018610914164
464.5987100189644
464.3461706813724
464.11327710929595
463.90727334039514
463.73153863414626
463.4514319291754
463.1700020668753
462.83086526208734
462.42242630316
462.13298756352486
461.82403823341724
461.559074416396
461.3466217351253
461.1259062530509
460.8700867927904
460.5365501990996
460.34713276301204
460.0754316652381
459.8449648729815
459.5484014442216
459.18816703992456
458.83377190328173
458.5291525425733
458.2267841900536
457.8206519807402
457.6278369637207
457.30311444148646
457.0744700487044
456.76288922483
456.57762346447254
456.38240627042103
456.2154235337327
456.08431957211434
455.9288680463059
455.7219291313785
455.423991804008
455.29349854839637
455.0690733511539
454.71507572323503
454.5104999462273
454.28512073457915
454.11857142625104
453.95542269256606
453.708809986254
453.39148782645475
453.3052171630342
453.04366010552843
452.9706014023876
452.8623794886469
452.76909936843714
452.680492822963
452.4802862083301
452.38309389103404
452.2335612024137
452.10894749004615
451.9844044322514
451.8578772224897
451.79831079288556
451.67165248484093
451.5141661179478
451.31395523582984
451.1598603762171
451.0905147703544
450.9249662926673
450.9017316850059
450.8448785055752
450.75664309062626
450.68418019945506
450.6206436748692
450.60518237680407
450.50178780475227
450.4660355638093
450.4604581800194
450.38081329310944
450.3472300221568
450.3206258608732
450.18968632096585
450.16866027116424
450.16866027116424
450.08296994892135
450.0092206064066
450.0092206064066
449.98650267091637
449.9418052379606
449.9354926351816
449.88716044110157
449.8235294950663
449.8235294950663
449.7594634414005
449.7425087956593
449.7425087956593
449.7425087956593
449.7321180191551
449.7011758663287
449.7011758663287
449.7011758663287
449.7011758663287
449.68846262210695
449.68846262210695
449.68846262210695
449.68846262210695
449.68846262210695
449.68846262210695
449.68846262210695
449.66381940253456
449.61950440612196
449.6151826789332
449.6151826789332
449.6151826789332
449.6151826789332
449.6151826789332
449.6151826789332
449.6151826789332
449.6151826789332
449.6151826789332
6540.684614517957
4091.102412444728
2354.507343109735
1864.8762997117
1382.6549443028198
1089.082621547594
1017.3357377248
843.8008289316949
758.7516379212886
683.6663431781933
664.5021503151793
633.4510457971115
602.4149482594751
582.6682613521714
566.9733292553303
548.6209135154527
538.3901099414304
536.2331637345667
536.2331637345667
534.948780599754
534.948780599754
533.4763534244687
530.5243229453495
529.2822583846688
523.5521627879316
521.8361242861898
521.8361242861898
521.2457583564417
519.5910462238871
516.4498734566429
514.3261354787805
512.7426427579545
507.0496840546884
505.4933864123577
504.5996298576996
502.28651098697014
502.0234770988279
499.29823705897144
498.7081441224311
497.7723444853557
496.9520468107968
496.0285703280839
494.19029950534554
492.30877041627525
490.9293783956855
490.212844434572
488.9497631144097
488.09447080660124
486.83231449308096
486.83231449308096
485.0820783849057
485.0820783849057
485.0820783849057
483.61063616241915
481.86972938666355
481.1001929523401
480.6108610225759
480.1964456792486
479.57029323380283
479.57029323380283
479.27948673705595
478.8253671678858
478.4050568849464
477.9412708650944
477.15066797272675
476.54614654746024
475.69200857752065
475.23241028956426
474.83395685732336
474.63869579067875
474.3976581050431
474.0332827964111
473.8933508192026
473.758930380061
473.5634432131361
473.41047394377017
473.3359292218189
473.2441856596776
473.0760754269434
472.9700622703713
472.93086194567945
472.8548657676139
472.79798138671947
472.79798138671947
472.7935821428359
472.74201002368324
472.71391958078294
472.71391958078294
472.67086913624394
472.6559761352066
472.65176989244975
472.63868650896404
472.6219936504916
472.62020818453783
472.6065904330231
472.6065904330231
472.5985516037566
472.58780479693223
472.5805659410036
472.560544667325
472.54995224659865
472.54995224659865
472.54995224659865
472.5254875605739
472.5180680070159
472.50485377807536
472.5037187167437
472.4789680454454
472.47783325965145
472.47783325965145
472.4632184161933
472.4402445908091
472.42175770842766
472.42175770842766
472.40919706648856
472.4012412084952
472.3518604511555
472.3518604511555
472.3518604511555
472.3347931558194
472.3289332541152
472.3170858778151
472.2856148515345
472.2856148515345
472.2764845183368
472.27006421173127
472.27006421173127
472.2660132860784
472.2660132860784
472.2582633911265
472.25624841008585
472.25122639453934
472.2145495135834
472.2145495135834
472.2070668018133
472.1912243681727
472.1840232805791
472.1840232805791
472.1759526850768
472.17521879076213
472.1486551404569
472.1474202574507
472.1474202574507
472.1474202574507
472.1443566406912
472.1179481286189
472.1024415225529
472.1024415225529
472.1010542547944
472.1010542547944
472.1010542547944
472.0906133108148
472.0906133108148
472.080437947066
472.0804007189398
472.0679199194934
472.0679199194934
472.05645528203524
472.05645528203524
472.05645528203524
472.03072119433057
472.03072119433057
472.03072119433057
472.0165304534721
472.0074039257122
472.0059416366902
472.0059416366902
471.99953976303806
471.98616851191224
471.98616851191224
471.9737622990548
471.9737622990548
471.9622404165816
471.95793524623207
471.95793524623207
471.9522227951735
471.95101332586523
471.92971396015423
471.90157439413707
471.8932606054821
471.87109426869995
471.87109426869995
471.86739268313266
471.85739649843595
471.85739649843595
471.85739649843595
471.8323825007018
471.82124544661525
471.81641842048475
471.79993906239844
471.78905548999904
471.7760718781243
471.76825772493254
471.76825772493254
471.7451995987115
471.7437330708898
471.7437330708898
471.7430958017829
471.7205411656959
471.7205411656959
471.7177413391148
471.69691977455466
471.69381527896
471.69381527896
471.69381527896
471.687780081917
471.67227394657556
471.65173025551036
471.65173025551036
471.6347428766994
471.600161199007
471.59495316501085
471.57589844701545
471.57589844701545
471.5646531700823
471.5646531700823
471.5461296617147
471.5461296617147
471.5302796985996
471.5302796985996
471.48897521050344
471.47924653910127
471.47229907471694
471.4660659768623
471.4614641585009
471.4601115040709
471.4601115040709
471.4276653775001
471.40528283137843
471.39827725416114
471.3797479720231
471.3797479720231
471.378695190487
471.37588149473476
471.35695744221215
471.35695744221215
471.3377088419469
471.326798830671
471.30157566674853
471.30157566674853
471.2781269441879
471.2525030974857
471.2525030974857
471.2525030974857
471.25170765213284
471.22605152436154
471.22605152436154
471.21507619610276
471.2099535618189
471.20971467231993
471.1956148799343
471.1766888099369
471.1766888099369
471.1766888099369
471.15544709337996
471.15544709337996
471.14475285648047
471.1256069081993
471.1256069081993
471.1220081782096
471.1220081782096
471.1220081782096
471.08366991429364
471.0782110553704
471.03206597969256
471.01652404579875
471.00215147104984
471.00215147104984
471.00215147104984
470.99248237666956
470.9920549920575
470.9920549920575
470.97997466814286
470.97997466814286
470.97890828417076
470.9577245396509
470.9577245396509
470.9363105292056
470.92221137650046
470.8934752041363
470.8934752041363
470.88419274902054
470.8542638423596
470.8272137629035
470.8272137629035
470.8272137629035
470.8272137629035
470.8272137629035
470.8196879833239
470.81730080410284
470.8098501998235
470.8098501998235
470.80205876905336
