4333.209101578366
3158.898693115325
2488.5326757274584
1934.4813281097258
1520.0504989773008
1141.9636850435322
887.1964549369011
820.4063787260104
744.8629786051481
705.5328191497599
666.4106082728601
630.3248475853804
616.5358911587281
597.3032548758733
583.8383901345953
575.0075672405204
568.1903783877116
563.7278239780793
561.9115996485667
560.3989686666758
556.9301385158171
553.4541177050976
551.0303916201376
549.1521796955889
548.291501422585
547.3698128137177
544.4397611047111
539.1118216647076
536.0231639529757
531.2318839647999
528.1308715411924
524.423356576706
522.3538616715509
519.4784836709246
516.5945277822799
513.5865443886785
510.2377394280859
505.32436812008405
502.14408373433366
494.5346633474987
490.8136929878509
488.4482932617557
485.98889706390537
485.34457112852925
483.8077231894589
482.20094904818177
480.9562379431063
480.1354703841623
478.67972965687494
478.10129974182405
477.3058035497211
476.88738100068684
475.7618604029964
475.2664094302539
474.6442835177248
473.84506364847994
473.24420164309765
471.9379174711698
470.9569888267219
469.6103353752207
468.7376034215713
467.6847850993597
466.1783570093105
465.1204509945341
464.07435063857184
463.60289428533946
463.2843608971556
462.8808522609706
462.42634188222456
462.0980123620253
461.6020314014438
461.36124891301563
460.87220829565047
460.5685572563339
460.3384447296758
460.060778331277
459.8647245979316
459.6710946232746
459.57754108160213
459.49983625359346
459.3822644061156
459.1242535101818
458.98968240366264
458.8069244003726
458.6121538143923
458.40028263906004
458.2387929473214
458.0407657251254
457.9002366366162
457.6686620715971
457.5214320033404
457.41965503666376
457.2950329218159
457.17471196126826
457.0476678050593
456.89775422001054
456.78210421817005
456.682674069438
456.5687120848599
456.45741221282583
456.30186428819775
456.1469321420637
455.91393876572926
455.7625887062496
455.60419781633755
455.44809894885594
455.28588376236775
455.2701600589558
455.1149573716956
454.99615346424616
454.82697115693196
454.726581787256
454.5838237827034
454.4519903096219
454.3389302256793
454.27435833264127
454.1768187252922
454.02905439888275
454.00732069654504
453.9032591182129
453.81575385354074
453.59330710363946
453.47899140305617
453.3705071477334
453.23801491601205
453.14884178528325
453.0792390262857
452.9184023412072
452.78898431318515
452.64996316433457
452.4433996785115
452.3343680688407
452.1052048806465
451.8748950200462
451.8465923623191
451.7072379781838
451.5820915972226
451.51771894211447
451.4345771040706
451.404788612161
451.39605479522135
451.3625331001991
451.258465269734
451.14502846148355
451.0458956921858
450.9837810467957
450.84206366241045
450.76650131541965
450.6421177621215
450.5755337264833
450.40967258845836
450.234960021746
450.1060854848448
450.04928023241405
449.99710978612677
449.93756437801204
449.93756437801204
449.93756437801204
449.9255736289428
449.9199936882736
449.8888955136439
449.8888955136439
449.88005037423676
449.88005037423676
449.8749807891735
449.71882280120303
449.6993328768285
449.6929927158781
449.6602383779185
449.6602383779185
449.6481839793685
449.6481839793685
449.53064274764847
449.53064274764847
449.48513433696496
449.48513433696496
449.48513433696496
449.48513433696496
449.48513433696496
449.48513433696496
449.48008647304215
449.4731936077306
449.4731936077306
449.4106036981247
449.4106036981247
449.4106036981247
449.4106036981247
449.4106036981247
449.4106036981247
449.4106036981247
449.4106036981247
449.4106036981247
8304.47752589345
3661.1437649179047
2429.365729319066
2084.407697385216
1873.568328674471
1554.5128694889156
1366.4051790730591
1025.621997827871
941.5554498577146
784.8128515274061
719.124721932129
699.9226100339523
694.3539753158716
670.3635218629645
644.0539650683188
638.2707377410918
618.7408084326199
598.2791662609752
598.2791662609752
590.516148234738
574.9118992802398
567.1392545458575
564.3667854643124
561.1065250621551
554.3431004848887
547.5751063296327
546.9585363673292
544.0951867916497
544.0951867916497
542.8295919873996
541.6703489491006
541.0121817113211
540.5738535810804
538.0149891470593
537.3260303994523
534.8748272950472
534.8748272950472
532.5600271691708
530.0935735463183
528.9671581935969
527.310326670137
525.3696750441229
521.615062419186
518.8623065157115
516.3670958096332
514.3722914846933
511.75399636838915
510.226907396824
508.3056992948351
506.455382060941
504.4845537748158
501.4630734933279
498.5091389207252
496.9155376756439
494.0805498814974
492.842223118182
491.3695063927272
489.3783684467478
487.914005215499
486.6235237815246
485.6439238416804
484.28065939378547
483.30578355470925
482.4996119404545
481.3333699343007
480.7372927875597
480.1837325658315
479.7756745162079
479.2894912196721
478.9537532390336
478.56163601517653
478.1253529996608
477.47730029002685
477.07666550365525
476.6178266339066
476.16152495841345
475.647616790966
475.2125032874611
474.8512749617372
474.53243177499485
474.0763601108289
473.80910501772695
473.4913836539765
473.1294891076023
472.5837561957746
472.29029776009827
472.06328058373015
471.79040172105306
471.573848060229
471.3751831201588
471.14080083022753
471.0231400895191
470.8662459538596
470.7326828556092
470.5924493577857
470.5008942991142
470.3444630339582
470.1906233170772
470.0273437902214
469.87606409208513
469.7393141958244
469.57424519051233
469.3816637138244
469.2649593588819
469.18726449871565
469.06388908107925
468.9488776436111
468.8390160229204
468.7467215009591
468.6388183237268
468.5589154740746
468.4285219856939
468.29311678641716
468.17722465492216
468.00718003048524
467.8979825676696
467.7646647797384
467.6450115722178
467.5072972523255
467.3847371690024
467.2745098555114
467.1642741801009
467.0258910455744
466.9018203767961
466.7625138751895
466.6632199557501
466.5238086258162
466.394010286169
466.2123267136103
466.0720412003557
465.91178815499507
465.75246274087203
465.6104453977413
465.44351350020725
465.24136256545717
465.0664615528272
464.90139439516713
464.7394605459222
464.5838923547402
464.3482641182849
464.13332180674433
463.8685906819408
463.67168329626855
463.47629849561594
463.28752292755615
463.1113422991247
462.9286623644178
462.67448938354715
462.44413306597335
462.22130964003145
462.03149932222635
461.82999040974096
461.59604077430214
461.3496203104287
461.14153613930324
460.91820935389103
460.6415242768347
460.34772438092256
460.0640591136208
459.76232230697536
459.481735817447
459.15125050117155
458.86583821272893
458.42604168886777
457.992208904621
457.6881606683982
457.2305448221748
456.5750611071444
456.150590468131
455.679262836983
455.21493623967194
454.85235020136747
454.47315640114755
454.1585831556264
453.8202562937226
453.42468591049055
453.0282446437944
452.72786879362155
452.1566829746709
451.50950543526454
451.00551876492307
450.40817785520426
449.98671795402754
449.46054101794005
449.01520760443054
448.58255632764923
448.19853051483983
447.8117362842815
447.3815236966118
447.0347304154829
446.55817471360103
446.13281329296024
445.69580852901026
445.3513922736631
444.9265618875714
444.55503574989876
444.20061878449826
443.8000422598677
443.4249412258678
442.8686388900517
442.43983897623696
441.9578548229799
441.56378300854595
440.9085042752565
440.5101712246032
440.06247727750963
439.54976357661667
439.04977121544994
438.5517357699402
438.08762136748953
437.51968920923105
437.06183874243686
436.66646025904885
436.2961256067515
435.78139340109095
435.4411231935194
435.125422226433
434.67632021535934
434.23014615942253
433.71565929913834
433.1031032955516
432.25248824470486
430.9559977558178
429.13594561401425
427.2619879145015
425.880635938984
424.64525836106515
423.75576052900055
423.1943609619615
422.66821758997105
422.23416121246146
421.51377715979356
420.6185817345448
419.8943095927139
419.29206846052716
418.60415951614476
417.8800982857785
417.0921560666893
416.26905673260666
415.4029939928694
414.70562790328387
414.0953490781386
413.6340060383484
413.1899031040801
412.64533080762305
412.2388674108535
411.817213996091
411.40861105136855
410.96546017577475
410.4969835088518
409.98827698349277
409.604778899794
409.27070722777927
408.87757543401943
408.5315301294488
408.3780443771506
408.1665487577928
408.01270532098965
407.79642977405155
407.58097463312816
407.462978640993
407.2636564317686
406.9415724164211
406.7058791507319
406.2326366973854
406.0074655091267
405.6721793116523
405.57034986031294
405.48647954227386
405.37391496232533
405.26112345681184
405.108178537817
405.02894966712745
404.8835713257491
404.8103800881515
404.7701216355748
404.7105292997134
404.6321860052156
404.6011213648241
404.5791201826425
404.53684070239103
404.53618141341366
404.47080350588095
404.423915561146
404.4024436024948
404.4024436024948
404.36842913123115
404.36842913123115
404.35744482835514
404.3327237667315
404.3327237667315
404.2755130132587
404.2566459343078
404.2566459343078
404.2566459343078
404.2566459343078
404.2566459343078
404.2566459343078
404.25032446498477
404.24902973455363
404.24025295569095
404.24025295569095
404.24025295569095
404.21989166573434
404.21989166573434
404.21989166573434
404.21989166573434
404.21989166573434
404.2151090902837
404.2151090902837
404.2151090902837
404.2151090902837
404.2151090902837
404.2151090902837
404.2117450029926
404.20686687175265
404.20686687175265
404.20686687175265
404.2050854989627
404.2050854989627
404.1949877977917
404.1949877977917
404.1940306267395
404.1940306267395
404.1875925674148
404.1763887640506
404.1763887640506
404.1763887640506
404.1763887640506
404.1763887640506
404.17602388200345
404.17602388200345
404.17602388200345
404.17602388200345
404.17602388200345
404.16905585502406
404.15962196131613
404.15962196131613
404.15962196131613
404.15962196131613
404.15962196131613
404.15962196131613
404.15962196131613
404.1546983574995
404.1546983574995
404.1546983574995
404.1546983574995
404.1546983574995
404.1546983574995
404.1546983574995
404.1546983574995
404.1546983574995
404.1485614444725
404.1485614444725
404.14774899880337
404.14774899880337
404.14774899880337
404.14774899880337
404.1448013058931
404.1448013058931
404.1448013058931
404.13939833623334
404.13939833623334
404.12746340412787
404.12746340412787
404.1252095457705
404.1252095457705
404.1252095457705
404.1252095457705
404.12304793592403
404.1155038323004
404.1155038323004
404.10760615148604
404.10760615148604
404.10760615148604
404.10760615148604
404.1073784345112
404.1073784345112
404.1073784345112
404.1073784345112
404.0987452054566
404.0987452054566
404.08428575598657
404.08428575598657
404.08428575598657
404.08428575598657
404.0817360591468
404.0817360591468
404.0817360591468
404.0741543698218
404.0625368206655
404.0625368206655
404.0582571719626
404.0582571719626
404.0573649750802
404.0573649750802
404.04426492704636
404.04426492704636
404.04426492704636
404.04426492704636
404.04084313878775
404.04084313878775
404.0330731902708
404.0330731902708
404.0330731902708
404.02877574430664
404.02877574430664
404.01724116369786
404.01724116369786
404.01724116369786
404.01724116369786
404.01724116369786
404.01724116369786
404.01724116369786
404.01724116369786
404.01724116369786
8304.47752589345
3606.347150188788
2523.147513472275
2383.9529297358577
1513.1177741635368
1301.9694669332753
1103.4363397178813
943.3297287361456
811.8180297976487
724.19594419691
673.3877058860382
636.9696719999172
610.3520707489644
590.8952425985309
578.0692589935654
563.6950132213793
556.0464639887424
543.8606280639091
538.0728818439131
530.1309226872731
523.5996007277863
519.0409778947097
515.0585198241789
510.62701738755123
507.1864095956077
503.3188776185202
500.69136336755
497.3072619905095
495.3292996766412
493.2107553479609
488.9187688179202
488.9187688179202
485.2572822039586
482.6258523590288
480.5061389971788
478.55020253882026
477.2256623307241
476.1109838180003
474.8571768577635
474.8571768577635
474.3235727309768
473.2461634595285
473.0285989406595
472.65055292233967
472.20954723408266
472.04231884256706
471.82690397821295
471.44493528857464
471.15796232132453
471.091101882289
471.0342659877058
470.90338474776325
470.6155588983549
470.37120432375764
470.03056666523463
469.82384761103646
469.5553302225302
469.3928767552098
469.25381876000347
469.11412929380833
468.9744132272982
468.843900367475
468.69146316366584
468.52412404024636
468.44830986718813
468.29979821601427
468.2344563216173
468.1597017357899
468.0987936091399
468.0276768465351
467.9848438724383
467.86256571310787
467.78637654998516
467.7144271527358
467.6534824636141
467.5595036060708
467.45091856816174
467.3644437270443
467.2807845502951
467.134431767286
467.0255995255491
466.8754949943451
466.7669743236861
466.69123803943353
466.62633805453646
466.43105403020724
466.3231487980528
466.2204487702739
466.1029471288122
466.01454540947736
465.9445247709224
465.86297506304066
465.79078874755
465.72976470318537
465.64710454476653
465.5995870958464
465.5734924768159
465.4376123784071
465.25286505113763
465.0966874497183
465.0238551135588
464.87653572055785
464.7842488000626
464.68550354858246
464.5969251105798
464.40373211340693
464.3427826802494
464.130541927931
463.9629126078668
463.68570829657006
463.55784522421527
463.50207988082343
463.276962014113
463.1153275268214
462.98808174754646
462.81986517967664
462.6832281276355
462.50055608797595
462.34721830759185
462.16799187615817
461.8984103256509
461.751068564584
461.4730717713874
461.32941619197965
461.1089568736095
460.8746681440733
460.6869630296249
460.4882047967975
460.2675407453564
460.12977638390146
459.9778325221515
459.9123978727403
459.7598947871799
459.5823235181108
459.3275463513711
459.1695153021417
458.9704615270476
458.80705770036076
458.55686606437985
458.35203835824257
458.0872486200786
457.85749661107656
457.7304456282975
457.60882646838365
457.4535970866745
457.3538633526572
457.18910183826716
456.92591746675436
456.70598075978404
456.6116360163411
456.42110887246963
456.18961569385147
455.9632147700627
455.60835662467264
455.4189734420505
455.2277000861109
455.09485698436697
454.95106828208463
454.83747896967424
454.7289380606445
454.52056103356233
454.2947477967458
454.1468716555929
454.0922025601497
453.83001208120675
453.6521209213049
453.59271640636535
453.44861640357806
453.2031030099518
452.99933580011316
452.71976140218055
452.4755315402853
452.2212795535181
452.00798269654877
451.7702131915645
451.5244226366631
451.33384287337935
451.19701503339047
450.9747692068562
450.848532132907
450.72467037725943
450.71812180195053
450.64373032286045
450.6071790178022
450.48794687723677
450.4392449807148
450.38478618606433
450.2895748660834
450.2895748660834
450.2895748660834
450.2334549958285
450.16922581867425
450.13729771203754
450.13729771203754
450.12788318919803
450.012730518033
449.8836263687064
449.8836263687064
449.8305509318399
449.8156093087672
449.79895270350494
449.7969836004644
449.75660525001723
449.73341870557874
449.6900279056005
449.6811442413447
449.58343294741917
449.58343294741917
449.58343294741917
449.58343294741917
449.58343294741917
449.58343294741917
449.58343294741917
449.58343294741917
449.58343294741917
449.5799633456952
449.5717693456355
449.5717693456355
449.5441302787893
449.51239186083524
449.51239186083524
449.51239186083524
449.51239186083524
449.51239186083524
449.51239186083524
449.51239186083524
449.51239186083524
449.51239186083524
8304.47752589345
4264.30291806511
2769.041339004133
2296.943296095634
1939.0906271928002
1752.4442453403626
1405.4048907819251
1198.9299909614801
1019.8249880692836
990.7653932484009
835.9946197399112
815.6685597983762
773.3549775227074
757.3230908153596
757.3230908153596
705.3962405649775
667.6179916833672
652.9822717399833
634.5227478294008
621.4119110782024
604.8307851946763
604.8307851946763
591.8636151970851
590.6414504742344
585.1165715616467
581.8973482746404
579.3808578142757
576.2898815412167
573.6571595098137
573.1707018148597
571.7455355277699
567.579858774351
564.2856419700636
560.8242131136097
558.0442805385478
544.5438235095617
535.5900393239933
524.2718780950584
517.9637304816041
507.4110190744501
504.0402039900497
500.3135688529121
498.35288456184185
488.87452979455037
487.06991338833836
485.3098047429802
478.8498850529006
476.11034669490004
473.7930254498377
472.5010217967393
470.1945795320485
469.3688736318451
468.7169320273378
468.34385495793265
466.8228843297394
466.4705105286682
465.65115143724586
464.3932023158456
464.3932023158456
464.2358779570703
463.01900744379026
463.01900744379026
463.00830110664486
462.4993206855976
461.7484546815886
461.4614465621573
461.14261767760013
460.4788019577162
459.7775235096406
459.12846550933114
458.82836246753783
458.26069413432435
457.9808798802987
457.746837540874
457.4904427193763
457.3363112846671
457.1109941861554
456.7654687898219
456.39948153014586
456.13064103525124
455.7462064239028
455.5324292286732
455.3629894568181
455.02892646269015
454.5883539375222
454.14088402861375
453.90528036131826
453.5865642130041
453.5865642130041
453.4853463114461
453.2888659905166
453.15949054373294
452.99129888225093
452.8225051016685
452.37563177319765
452.14295452109394
451.93544833732636
451.7454185985906
451.53513475647463
451.4789219593204
451.3956370148638
451.30437343286656
451.1323631071735
451.02666321841497
450.9265804487998
450.825553527963
450.7536043958273
450.68574713110104
450.6313273764382
450.5176187339932
450.4789135069848
450.3058739141009
450.25287641645025
450.11972555648265
450.03362683792096
449.92451138896035
449.922246662812
449.85978814319554
449.8075053036281
449.7369419704785
449.7079859143763
449.6398277510675
449.6398277510675
449.63294788893404
449.5985532481756
449.5963993719653
449.5963993719653
449.54605292680037
449.54605292680037
449.54605292680037
449.54605292680037
449.54605292680037
449.54605292680037
449.54605292680037
449.5346077308867
449.50975026452215
449.50975026452215
449.50975026452215
449.50975026452215
449.50975026452215
449.50975026452215
449.50975026452215
449.50975026452215
449.5073921594953
449.5073921594953
449.5073921594953
449.5073921594953
449.5073921594953
449.5073921594953
449.5073921594953
449.5073921594953
449.5073921594953
8304.47752589345
4913.992515996758
2927.6546255581743
1758.7219562308198
1639.3748255628957
1130.3683183280814
960.813425147545
852.4877555868899
737.2412748597474
676.4838727465035
653.1436833273714
630.5151348796675
615.2043029936818
