5179.030671742097
3060.183707593756
2112.3372382002303
1671.4847673440881
1536.4840101978828
1191.353802917795
1022.2634761142119
937.3052107723447
869.0962823629129
811.7428811679183
779.4726312777441
721.5577145611355
675.7474983653956
645.3271826442165
595.4592530394677
576.82637254237
558.2767059009625
549.1612422993221
537.6045652855928
531.3228321945226
523.3887834798386
518.1217230023408
514.3737809290767
510.88958471576285
509.5140121078648
508.37441245903085
506.60715848171185
503.6866768501643
501.92335430830195
499.9020111483693
498.14927721902166
496.118009227206
494.59523240619643
493.02042775962
491.792907601327
490.5932644776525
488.618871311728
487.09759692057764
486.1793692278476
485.4889931441052
484.95154159981735
484.5331609932489
483.8137559650963
482.45043210250026
481.66679899527753
480.7887938842024
480.0886945931146
479.59500822661056
479.22930544566236
478.7505626785097
478.43036580060385
478.1117498589802
477.8652157841684
477.67822060064964
477.55819992433607
477.4203205956896
477.3527464957539
477.2305149609605
477.0674981587704
476.9134985227843
476.73591780589095
476.6231093622024
476.5039295272045
476.43842374341284
476.3923045539963
476.2088744119334
476.1529896360955
476.03997620820337
475.93249934224923
475.8137416242928
475.7824408217193
475.7227865188014
475.6303707287745
475.5845486660875
475.5254572279307
475.4981804287605
475.44999648959686
475.37356365277486
475.3193065884244
475.25441843598514
475.24364818492444
475.2304645917315
475.2093642789563
475.1820516737098
475.1785649928908
475.1470369822267
475.13469040308405
475.1165130887506
475.0774965525811
475.0552602422665
475.03239144100735
475.0174198816572
475.0040033152153
475.00088589373854
474.98436064958116
474.9700498733189
474.9558457481206
474.9554554217056
474.94857283729294
474.9425919392454
474.93201203290175
474.93201203290175
474.93201203290175
474.91334065558635
474.89480209425216
474.89480209425216
474.88884383399045
474.8762140008546
474.87270192352037
474.87270192352037
474.87270192352037
474.8648189283996
474.8648189283996
474.86030793651463
474.8524679516616
474.84234723940585
474.84234723940585
474.83664994410753
474.8228164197915
474.8175484985413
474.80875811241503
474.80229070985024
474.80229070985024
474.78689868734324
474.78231875826026
474.78226886880253
474.78061457055065
474.761173259847
474.7593155129624
474.7593155129624
474.73854509478724
474.7302815196862
474.72254214098473
474.72254214098473
474.72254214098473
474.71650949213665
474.7088072948334
474.7088072948334
474.70642443477306
474.6885388473165
474.6885388473165
474.6793872137578
474.6793872137578
474.6793872137578
474.6791816341198
474.67788600647515
474.67788600647515
474.67788600647515
474.66383520807767
474.64627289569535
474.6456893967529
474.6456893967529
474.6456893967529
474.6456893967529
474.6394395700321
474.6385708340474
474.6194100497439
474.6194100497439
474.6194100497439
474.6194100497439
474.61911635061824
474.60675362631054
474.60675362631054
474.60675362631054
474.59610490937746
474.58041452299045
474.58041452299045
474.58041452299045
474.58041452299045
474.57324784370894
474.56819666929357
474.56819666929357
474.56819666929357
474.56407400259724
474.56198626138803
474.5377671625643
474.53547511466763
474.53547511466763
474.53547511466763
474.5078619740773
474.50344522448177
474.4994470260242
474.49770181656544
474.46646009567667
474.46646009567667
474.46646009567667
474.4315510552063
474.4315510552063
474.4315510552063
474.4315510552063
474.4267084557584
474.4267084557584
474.42248049923955
474.4142050612802
474.3957665084051
474.3940216090833
474.3940216090833
474.3940216090833
474.3940216090833
474.39277195310035
474.3683222610848
474.34819782283586
474.3353421216976
474.3353421216976
474.31980526881733
474.3189298651318
474.3189298651318
474.3154303693434
474.307295345903
474.30639426404184
474.2774208344481
474.2774208344481
474.2774208344481
474.260863966309
474.254956553122
474.2430744856529
474.2402620518025
474.23939008114314
474.23939008114314
474.2387884788228
474.2387884788228
474.22608306830944
474.22608306830944
474.2209837094223
474.219331885429
474.219331885429
474.219331885429
474.219331885429
474.219331885429
474.21691847538534
474.21691847538534
474.2107453423006
474.2107453423006
474.19783450024454
474.19783450024454
474.19424217492866
474.1796745849508
474.1752791349394
474.171849160905
474.16765520967795
474.16656408646986
474.16656408646986
474.1499490817359
474.1499490817359
474.1306176369217
474.1306176369217
474.12659323105544
474.12512759641425
474.12512759641425
474.12289991569645
474.10266266178104
474.0859424856169
474.0859424856169
474.07710901471614
474.07710901471614
474.0717784688865
474.0702738890885
474.05147243779163
474.05147243779163
474.0504287581081
474.04840232944184
474.00864297273125
474.00864297273125
474.00864297273125
474.00864297273125
474.00251841087254
473.9984828096732
473.99094800544265
473.97125307515546
473.96041747474584
473.96041747474584
473.9564974073259
473.9564974073259
473.9564974073259
473.9459845771716
473.9459845771716
473.9459845771716
473.9440943804798
473.9440943804798
473.9238654732159
473.92374603422877
473.92058989452113
473.92058989452113
473.9100783699257
473.9093567784729
473.9026588486756
473.89534312874713
473.89534312874713
473.89534312874713
473.89534312874713
473.87485669878356
473.8693285967481
473.8693285967481
473.85297041910235
473.8465003717581
473.83920055685803
473.83920055685803
473.83356316226946
473.82308788426366
473.82308788426366
473.8191234317915
473.8175067025639
473.8142463953238
473.8062097473465
473.7897730983825
473.7897730983825
473.7897730983825
473.7776433468473
473.7776433468473
473.7663367242214
473.7663367242214
473.7663367242214
473.7663367242214
473.7488532379084
473.73973971560866
473.73495474105187
473.73495474105187
473.73495474105187
473.7255264357302
473.6990928235365
473.6950843542058
473.6790607538338
473.63109378960684
473.622592802937
473.5963938229842
473.5593370420675
473.5593370420675
473.512042682233
473.45233969956
473.4264345980066
473.3981182160105
473.3890784755104
473.3890784755104
473.3841645987611
473.37811983352964
473.37811983352964
473.3651025831325
473.3609059549142
473.3609059549142
473.3542607383983
473.34282056034806
473.31448564624355
473.31448564624355
473.31448564624355
473.31448564624355
473.31448564624355
473.3117074121106
473.3117074121106
473.3010604045936
473.3010604045936
473.27840490910705
473.27840490910705
473.27840490910705
473.27416426163296
473.27155339857165
473.2608253126535
473.25116542351884
473.2444563070026
473.2444563070026
473.2444563070026
473.23955346109193
473.23955346109193
473.2303548828211
473.22102085049625
473.22102085049625
473.21519807302076
473.2036322320314
473.19590000283716
473.1928208085514
473.18677438214263
473.18677438214263
473.16990267216806
473.163726373798
473.163726373798
473.1625152532199
473.1625152532199
473.1441283847503
473.1441283847503
473.12895779655787
473.1083196701598
473.10486377286406
473.09075831865385
473.0893950585423
473.07292079146055
473.0609868329582
473.0520068877813
473.0461858724093
473.0461858724093
473.0162552591058
473.0162552591058
473.0162552591058
473.0162552591058
473.01099304635807
473.01099304635807
473.00241110117145
472.99241536512653
472.98381855511343
472.9834799957906
472.96855648330774
472.9450533945418
472.94502733207656
472.9248516585792
472.9248516585792
472.90996047493155
472.8706171688966
472.8688253429425
472.8646564791834
472.8491443171899
472.8352033786954
472.8352033786954
472.8352033786954
472.8213650136351
472.789226021921
472.789226021921
472.789226021921
472.7825325326516
472.77341366408643
472.7574306793057
472.7574306793057
472.75143962171336
472.75143962171336
472.7388720731874
472.73070900977893
472.7056606403662
472.6965313417499
472.6965313417499
472.6829054783459
472.67263524832265
472.66160886646355
472.66160886646355
472.6554758650981
472.6525212322715
472.6525212322715
472.6525212322715
472.6372802341562
472.6372802341562
472.6372802341562
472.6372802341562
472.62912107701857
472.62912107701857
472.62912107701857
472.62912107701857
472.62912107701857
472.6071453464216
472.6040470210288
472.59378426603564
472.59378426603564
472.59378426603564
472.59378426603564
472.5883413014086
472.57724143321605
472.56111784778875
472.556434258841
472.54830236076225
472.54643979818684
472.54643979818684
472.54225713619326
472.53397703107674
472.53156286018293
472.53156286018293
472.53156286018293
472.5101756042331
472.5101756042331
472.5074791741784
472.50707329136765
472.5005364090182
472.5005364090182
472.49187647577855
472.4883221244654
472.4883221244654
472.48421999162287
472.46564023063115
472.4554432338632
472.44704054499357
472.44666790546734
472.4314162486642
472.42635645334775
472.4227274942058
472.4206423662595
472.4045028295067
472.4045028295067
472.401538006973
472.401538006973
472.401538006973
472.401538006973
472.3971187639021
472.3893016012513
472.3826237350954
472.3826237350954
472.3826237350954
472.3639390108009
472.33929922303025
472.3290860074252
472.31225922403183
472.3111430245416
472.3081577011677
472.3008030168468
472.3008030168468
472.2967144632021
472.2785551328434
472.2760330032308
472.2621592226771
472.2343708022995
472.21277519249816
472.21277519249816
472.21062902515814
472.21062902515814
472.20013931374746
472.18337151013014
472.1818639102602
472.1818639102602
472.1818639102602
472.17956449563684
472.17700002910937
472.1697927425656
472.1547216288998
472.1547216288998
472.15112649788546
472.14349542978675
472.14153282200084
472.14153282200084
472.12666885555313
472.1259593272638
472.1186897212662
472.1127371250303
472.1127371250303
472.1127371250303
472.1053747067314
472.1053747067314
472.1003093428315
472.08416132572324
472.0643628946319
472.0643628946319
472.0643628946319
472.0459778722719
472.0459778722719
472.0364063204834
472.0353788665085
472.0353788665085
472.0207484827791
472.0207484827791
472.0072869195801
472.0072869195801
472.00179877592484
472.00019188862325
471.9862004895833
471.9800207750825
471.9800207750825
471.9800207750825
471.97292112635995
471.97292112635995
471.97292112635995
471.967922316645
471.94982853627585
471.9475261773229
471.94675661353716
471.94675661353716
471.94675661353716
471.93526599220246
471.93526599220246
471.931937203042
471.931937203042
471.931937203042
471.92996294685463
471.9267081356909
471.9267081356909
471.9267081356909
471.92073991669616
471.90934934073437
471.90851494201775
471.90851494201775
471.90851494201775
471.9024860745318
471.9024860745318
471.89527386632494
471.8905430492626
471.8750092171407
471.87318977609397
471.8718102400402
471.87158318756565
471.87158318756565
471.87158318756565
471.8647493226941
471.8647493226941
471.8613118768818
471.8613118768818
471.8613118768818
471.8552789151764
471.8552789151764
471.8360485052093
471.8360485052093
471.8310597593886
471.8310597593886
471.8183661572233
471.8183661572233
471.8183661572233
471.78605133455767
471.78605133455767
471.78605133455767
471.78051483692525
471.7655751422807
471.7655751422807
471.7655751422807
471.7655751422807
471.7655751422807
471.7655751422807
471.7491854156843
471.7491854156843
471.72935706710297
471.72895933689006
471.72895933689006
471.72895933689006
471.72326901714916
471.72326901714916
471.72326901714916
471.7188539925235
471.7188539925235
471.7188539925235
471.71040493662184
471.70844932048374
471.7074637060918
471.7074637060918
471.70304650128156
471.694882320114
471.692433342972
471.6869125625107
471.6811653523739
471.6764730168892
471.6588353450011
471.6588353450011
471.65445799606215
471.65445799606215
471.6512089320679
471.6472102162746
471.64502741177296
471.64502741177296
471.62597520371986
471.62597520371986
471.6015667349277
471.6015667349277
471.57261802770705
471.57261802770705
471.57261802770705
471.5649724008923
471.5649724008923
471.5649724008923
471.5615373466983
471.55071731996554
471.51620500261805
471.51620500261805
471.51620500261805
471.51510996723937
471.5113339588911
471.50202387356853
471.4977447192932
471.4977447192932
471.4841217085352
471.4841217085352
471.48203182279923
471.4765069140208
471.4765069140208
471.4551343127472
471.4551343127472
471.4383464306817
471.4383464306817
471.4365633091785
471.4365633091785
471.4365633091785
471.43074360394803
471.4228286413572
471.4228286413572
471.4176107506902
471.40866295956596
471.40866295956596
471.40168138107657
471.40168138107657
471.40050091047135
471.39513038046283
471.39513038046283
471.39299122170473
471.3808761541626
471.37252381847475
471.36586378435084
471.36586378435084
471.36586378435084
471.36373761765105
471.36373761765105
471.36373761765105
471.3515851131285
471.33662683104706
471.3362407780567
471.31213329511513
471.31213329511513
471.30081505918685
471.30081505918685
471.29130066638237
471.29130066638237
471.27659327063856
471.27659327063856
471.27659327063856
471.27659327063856
471.26791648207603
471.2535722125997
471.2535722125997
471.2535722125997
471.2535722125997
471.25033932379114
471.24294420546215
471.22928575673745
471.2184850208355
471.2184850208355
471.2184850208355
471.21347621310997
471.2029061245501
471.2029061245501
471.19465738717435
471.1834801480993
471.1823284287474
471.1823284287474
471.1823284287474
471.1823284287474
471.16377217814596
471.1590359916088
471.15428498489445
471.1494044209859
471.1494044209859
471.1494044209859
471.1494044209859
471.13371986654
471.1281481720563
471.125683038797
471.12280846584423
471.12280846584423
471.12280846584423
471.1156140355803
471.1156140355803
471.1156140355803
471.1144310138812
471.1023043892034
471.0925847943019
471.09004229405065
471.06289469891436
471.06289469891436
471.06289469891436
471.0531974590927
471.0531974590927
471.0450383899474
471.0450383899474
471.04159611697384
471.02542257864974
471.00648232832555
471.002175792219
470.97388592179726
470.9614783851735
470.9614783851735
470.9551214764438
470.9345549395303
470.9345549395303
470.9345549395303
470.9255958034079
470.9255958034079
470.912508662347
470.912508662347
470.912508662347
470.90546248691595
470.90546248691595
470.90546248691595
470.89238235198866
470.89238235198866
470.88011676336134
470.88011676336134
470.87727123364624
470.87727123364624
470.8623420192032
470.8623420192032
470.85295769900927
470.85295769900927
470.8431888302721
470.8252692678844
470.81472832376494
470.8103007613362
470.80585728744165
470.8045319944956
470.8045319944956
470.7949149356272
470.7936119114572
470.7936119114572
470.78285745640073
470.760923025059
470.7520494322157
470.7520494322157
470.7379956656832
470.7367931836965
470.7367931836965
470.7267925357012
470.72193247643844
470.72193247643844
470.70902209542544
470.70902209542544
470.70902209542544
470.6925411654031
470.68827453272604
470.68827453272604
470.66358903186034
470.66358903186034
470.65404180507556
470.65404180507556
470.65404180507556
470.63276725838995
470.63050228481285
470.60553579381224
470.5809060117269
470.5793887468719
470.5793887468719
470.5793887468719
470.551047590229
470.54361160965743
470.5350579018316
470.5324496887563
470.5324496887563
470.5324496887563
470.532236906414
470.50564187130163
470.50564187130163
470.5027710387201
470.4796366532818
470.4796366532818
470.4754925198239
470.4754925198239
470.4668452177539
470.4668452177539
470.4589080143525
470.4589080143525
470.45122100731294
470.45122100731294
470.43697090195866
470.43697090195866
470.43697090195866
470.43343083220424
470.4254295773613
470.4254295773613
470.4130451080656
470.4130451080656
470.4057729779751
470.3876042648127
470.375042967671
470.3592541180482
470.3571371663339
470.3541921187059
470.34854246314853
470.34854246314853
470.34854246314853
470.34854246314853
470.3178479761753
470.3178479761753
470.3102464048996
470.3076523211748
470.30158697071903
470.30158697071903
470.30158697071903
470.2810337209081
470.2810337209081
470.2728785071758
470.2728785071758
470.2699276105175
470.2699276105175
470.2699276105175
470.2546680161382
470.2232123430399
470.2232123430399
470.2232123430399
470.21889028516205
470.2112777782752
470.2112777782752
470.2112777782752
470.1984502702361
470.19651647802243
470.18956660702116
470.1833967736907
470.16918922568266
470.16918922568266
470.16918922568266
470.1561141416726
470.1561141416726
470.1394723786349
470.1394723786349
470.134698055014
470.134698055014
470.134698055014
470.134698055014
470.134698055014
470.134698055014
470.134698055014
470.134698055014
470.134698055014
8363.977780038951
5792.079485551606
3313.027147162091
2379.1453337966477
1614.4870871326395
1264.666991700749
1040.3714118272264
932.7505196833894
831.1005160193022
818.6862960600433
766.7250179946475
755.8172985561141
750.6795692102968
723.7526191818326
710.2262400157763
689.5011846399268
672.5475461263459
644.8299339421344
627.436331626435
622.8555604676611
611.3289812474347
607.1819780149681
598.4718220912351
595.1385630471573
591.4240347265062
587.0290239868367
580.4733941064635
574.169970754846
571.5869001253576
568.8721853030592
565.8236096723599
564.8162632977469
564.0824359442987
562.447827493152
561.5982937486333
559.900407943368
558.9577277873107
557.5736541954568
556.4491621568062
555.8165611749173
554.6026998171228
553.0834279492346
552.9001355122263
552.8688245661522
550.499629557946
549.8782257371709
549.304322385033
547.2154252635618
545.026157778666
542.4249333978187
540.2545288346076
537.9531091761526
536.3844008881616
535.2863339901453
534.2850007918614
533.5228118681457
532.7081846081527
531.0150794292687
529.586995995873
528.5044499949162
527.6384811957695
526.6686081163504
525.7743995129256
524.871136027334
524.0708364062806
523.49844756925
522.7530747166606
521.7606656003686
520.7853511532202
519.577938640011
518.3175897816237
517.4093852879432
516.111275313377
515.1842910095262
514.1652506467993
513.3241437113388
512.590966569503
511.9775987189109
511.279744929809
510.7317110660029
510.18083926545205
509.6515971209491
509.0755135193502
508.4011931874844
507.81914688065564
507.4590585477527
506.88993919505623
506.50843674779577
506.1468531676749
505.8370802523017
505.55244815491824
505.2739940513568
504.8418782077702
504.4422437002836
504.06481985072617
503.528102234291
503.1184084045892
502.6356647723477
502.18550169305837
501.6500425818459
501.1996366653826
500.8097771562189
500.3316668133882
499.81181847728476
499.40011307626526
498.8534507799177
