4184.615276375384
3198.4351426432395
1835.3333409264694
1303.4618733103175
1135.5789389269344
1001.9362052009824
839.1533414514231
809.216879521572
691.0298539020762
649.7183762929324
620.2812321807687
574.314136473721
542.6235604754648
526.5354667764473
515.4885732413278
510.3948098742179
506.85648111124146
504.98035785373577
497.688694616734
494.12694850061075
488.99356411499934
488.99356411499934
485.9084228102573
483.89334093931905
482.9488616731608
482.110184278986
481.58208462419304
480.8742302934383
478.80387051880075
478.80387051880075
478.80387051880075
478.44188806705046
478.44188806705046
478.0337980606474
477.68901690363026
476.8317384176981
476.6679116611162
476.50819521948415
476.41023619163605
476.20820442886605
476.20820442886605
476.07025703404383
475.7626126668907
475.6270221181694
475.54801427778267
475.2156184204376
475.1543044870218
475.0659457143778
474.93836536794277
474.80249111146134
474.668242095199
474.6086698657655
474.6086698657655
474.56554073583266
474.56554073583266
474.54144149011273
474.54144149011273
474.48045298719376
474.4746753697953
474.47365933398385
474.47365933398385
474.44827585453197
474.446662661982
474.4348601537072
474.4202245614111
474.40459074369113
474.40106002800565
474.37599593112975
474.36659514922087
474.3509040326853
474.3474576003812
474.3474576003812
474.3208342591638
474.30848530617266
474.3078384200973
474.3073586653205
474.30157811685825
474.2868096357656
474.2868096357656
474.27384865076635
474.27384865076635
474.27384865076635
474.2543741288813
474.2543741288813
474.2543741288813
474.25320454546113
474.25320454546113
474.25320454546113
474.24353328198686
474.2353249559484
474.2343641427913
474.2271371821907
474.220823091489
474.220823091489
474.20880547233793
474.20559251289893
474.20559251289893
474.20559251289893
474.20559251289893
474.20559251289893
474.2051717771911
474.2031267763057
474.2007884082326
474.2007884082326
474.19022259670834
474.19022259670834
474.18468173519324
474.18468173519324
474.1780989748789
474.17207060249297
474.1717810481971
474.1717810481971
474.1715333966307
474.17101569201975
474.17101569201975
474.15514251812397
474.14192114727103
474.14192114727103
474.1282825628745
474.1267352777272
474.1267352777272
474.1267352777272
474.11927070123346
474.11927070123346
474.11909903319895
474.11909903319895
474.1143978832026
474.1143978832026
474.1103796608726
474.1103796608726
474.10990615046796
474.10990615046796
474.10709268295835
474.10709268295835
474.10709268295835
474.09704512794633
474.09704512794633
474.0930390629544
474.0930390629544
474.0904170936304
474.0904170936304
474.08573229763863
474.08573229763863
474.08456428589494
474.08456428589494
474.0649276530165
474.0649276530165
474.0649276530165
474.0649276530165
474.0649276530165
474.0649276530165
474.0619122017778
474.0619122017778
474.0619122017778
474.0619122017778
474.0619122017778
474.06144593764475
474.06144593764475
474.06144593764475
474.0613308631825
474.0567830137569
474.0567830137569
474.0535448029474
474.0535448029474
474.0535448029474
474.05280694745466
474.0524959748011
474.04632316195307
474.04632316195307
474.04632316195307
474.04632316195307
474.031914995325
474.031914995325
474.031914995325
474.0270533050676
474.0270533050676
474.0270533050676
474.0270533050676
474.0270533050676
474.0270533050676
474.0270533050676
474.022314879181
474.022314879181
474.022314879181
474.022314879181
474.022314879181
474.0177096425422
474.0177096425422
474.0177096425422
474.0177096425422
474.00834317507156
474.00586780247033
474.00586780247033
474.00586780247033
474.0008665572768
474.0008665572768
473.99605365144123
473.99605365144123
473.99340831599227
473.99340831599227
473.99340831599227
473.9899071572154
473.9899071572154
473.9853251400334
473.9853251400334
473.9853251400334
473.9853251400334
473.9853251400334
473.98328506458256
473.9830010300136
473.9830010300136
473.9830010300136
473.9830010300136
473.9830010300136
473.9830010300136
473.9806259804337
473.9806259804337
473.9703379806782
473.9703379806782
473.9703379806782
473.9703379806782
473.9683434928069
473.96822893166717
473.9628335100349
473.9628335100349
473.9628335100349
473.9628335100349
473.9541544550377
473.9541544550377
473.9541544550377
473.9541544550377
473.9541544550377
473.9454100396647
473.9454100396647
473.9454100396647
473.9454100396647
473.9454100396647
473.9454100396647
473.9454100396647
473.9454100396647
473.945366420601
473.945366420601
473.94132615682616
473.94132615682616
473.9338562511908
473.93008560656585
473.91285811915964
473.91285811915964
473.8984091885051
473.8984091885051
473.8984091885051
473.89250389025415
473.89250389025415
473.89250389025415
473.88658117632997
473.88658117632997
473.88658117632997
473.88225586005143
473.8780558812207
473.8780558812207
473.87040309982746
473.87040309982746
473.87040309982746
473.86678289355376
473.86678289355376
473.86334072949495
473.86334072949495
473.86334072949495
473.8616289393417
473.8616289393417
473.8616289393417
473.8616289393417
473.85876391114
473.85876391114
473.85876391114
473.85876391114
473.84635943089836
473.84635943089836
473.84635943089836
473.8377754339723
473.8377754339723
473.8377754339723
473.8349254345734
473.8349254345734
473.8349254345734
473.8349254345734
473.8349254345734
473.8349049317584
473.8349049317584
473.82728465716707
473.82728465716707
473.82728465716707
473.81873670091744
473.81873670091744
473.8147329287428
473.8147329287428
473.8147329287428
473.8147329287428
473.8147329287428
473.8147329287428
473.813104218067
473.813104218067
473.813104218067
473.813104218067
473.813104218067
473.813104218067
473.813104218067
473.80478716491655
473.8035739059133
473.8035739059133
473.8035739059133
473.79667431538627
473.79667431538627
473.79667431538627
473.7917623673734
473.78626987723345
473.77899708253676
473.77746484493093
473.77746484493093
473.77746484493093
473.7715691208341
473.7715691208341
473.7701807174796
473.76798225236314
473.76798225236314
473.7647989919277
473.7647989919277
473.74896150613563
473.73859497596345
473.73859497596345
473.73859497596345
473.7316151578625
473.7316151578625
473.7316151578625
473.7316151578625
473.7316151578625
473.7316151578625
473.7316151578625
473.7316151578625
473.7316151578625
7426.119257407545
4075.198403716956
3186.017021816282
2221.997076816707
1652.2525391167562
1386.6035011215492
1184.208244764695
1125.5037112886466
964.439219795496
885.0781512425647
823.6202154699025
727.9321415129627
683.9126960016583
657.6276397888782
616.2939055064573
592.9955863550201
569.6270716921059
558.9896246509127
555.0342607640027
544.5825140022611
537.3696893525671
527.9554136016307
524.0151118240254
518.2348857127301
509.0427791436701
498.51525259673457
494.3345085836407
493.39309752681504
490.6586583958814
486.6321919982743
484.90500116369634
484.33026630411865
483.01627370268113
481.4665434574824
480.86355629378033
479.48388756711176
479.16130323484094
479.16130323484094
478.3494310126547
477.6586056070356
477.6586056070356
477.1004921072806
476.7256899285205
476.487521635059
476.26027894429075
476.0762185012919
475.85351502466125
475.8177700824258
475.73854153872526
475.6288827333271
475.57812766074846
475.2980206650655
475.2615752260168
475.2615752260168
475.24446652591496
475.1381694651682
475.10543458749373
475.04272692344045
475.00564291558766
474.9200339219707
474.9200339219707
474.9023095872881
474.8767079032445
474.8383735547032
474.79654252308956
474.77293213675046
474.69506982809645
474.69506982809645
474.66638808557065
474.66638808557065
474.6391994817737
474.60287644240776
474.60287644240776
474.5615016533374
474.5314986229005
474.5145396476469
474.5090132752838
474.50410648882587
474.493048996111
474.46654288631925
474.45837737006144
474.42938539678903
474.42917616415025
474.42598598105695
474.42598598105695
474.40859430278044
474.3739558062118
474.3100799918909
474.3100799918909
474.3100799918909
474.3051026123476
474.3051026123476
474.3051026123476
474.2925827630243
474.25735803852757
474.25122513963225
474.25122513963225
474.23580719690085
474.2263819858736
474.1900392962296
474.18212681130274
474.1636650769446
474.1636650769446
474.1331834857609
474.1250745272432
474.1226764407576
474.1226764407576
474.11193377720684
474.11193377720684
474.11193377720684
474.1004351887176
474.0866226980903
474.0866226980903
474.0758891467712
474.0707924890414
474.0511316683326
474.0420739810646
474.0420739810646
474.029219572789
474.01888187564697
474.0150600609879
473.99448421672804
473.9894838673241
473.98533794849254
473.98528050212656
473.97618728329627
473.97318683638383
473.97318683638383
473.9677559460384
473.9677559460384
473.9677559460384
473.96071889822895
473.9604664455361
473.9604664455361
473.9555742087347
473.94262896002306
473.94262896002306
473.94262896002306
473.93951334017027
473.92878082140953
473.9253207791872
473.9253207791872
473.9224196742716
473.9224196742716
473.9219881598459
473.9219881598459
473.91979057062713
473.91979057062713
473.89876129116783
473.89876129116783
473.8939770991569
473.88795250941524
473.8661735463073
473.8628304837684
473.8378514332186
473.83646454106577
473.80709807420556
473.8032123823376
473.77376275153165
473.75442140028645
473.74050693840877
473.73218327175937
473.7228230561251
473.7069142052549
473.7069142052549
473.6954084004436
473.6954084004436
473.6954084004436
473.6943253523386
473.6943253523386
473.6943253523386
473.68902598046435
473.67939969454176
473.66751679168306
473.6563401196259
473.6563401196259
473.6563401196259
473.65240880317526
473.64360437080603
473.64360437080603
473.63713968641423
473.63713968641423
473.62527919675654
473.6222373954598
473.6222373954598
473.6222373954598
473.6192952947024
473.6192952947024
473.6192952947024
473.6129485468524
473.6000482369701
473.59733222833154
473.59733222833154
473.5906123357548
473.5906123357548
473.5906123357548
473.58642469272706
473.58642469272706
473.58642469272706
473.57956352819656
473.57798016805515
473.57798016805515
473.55979415296144
473.55979415296144
473.55979415296144
473.55979415296144
473.54937305246654
473.54937305246654
473.5434204928057
473.5376614878391
473.5376614878391
473.5376614878391
473.5261456401461
473.51622714168013
473.51303718120647
473.51303718120647
473.50871920001464
473.50871920001464
473.50871920001464
473.49288200644935
473.49288200644935
473.4900636373899
473.4900636373899
473.4730938962113
473.47150349477306
473.468962552119
473.468962552119
473.44680911253835
473.44680911253835
473.44680911253835
473.4394974493427
473.4180518201658
473.41409768959653
473.4030193814396
473.39511809732466
473.39511809732466
473.38976282890036
473.38976282890036
473.38721045115517
473.38721045115517
473.38227245497137
473.38227245497137
473.38227245497137
473.38067533357685
473.3789161230662
473.3689933043954
473.3689933043954
473.36639043995433
473.3621848610999
473.35939926526805
473.34919446515687
473.34919446515687
473.3449003977232
473.3449003977232
473.34322319318517
473.3391987061841
473.3391987061841
473.32854933546594
473.3240711279976
473.3240711279976
473.32149561486824
473.32149561486824
473.3122589191611
473.305734549911
473.305734549911
473.305734549911
473.29835030229634
473.29835030229634
473.2969466416123
473.2969466416123
473.2919972950417
473.2919972950417
473.2901556153894
473.2901556153894
473.2881063860626
473.2694209354573
473.2694209354573
473.2694209354573
473.26899748812036
473.26899748812036
473.2627622565294
473.2627622565294
473.2627622565294
473.2627622565294
473.2627622565294
473.26237642399116
473.26035480101825
473.26035480101825
473.26035480101825
473.26035480101825
473.26035480101825
473.24431664738887
473.2438419091025
473.2419729506064
473.22969801651857
473.22969801651857
473.22969801651857
473.22969801651857
473.2274313669499
473.2274313669499
473.18830462079893
473.18830462079893
473.17812320159544
473.16404922126037
473.16404922126037
473.16404922126037
473.15160704759404
473.15160704759404
473.15160704759404
473.14693430705205
473.14693430705205
473.14693430705205
473.14693430705205
473.1390829376546
473.13686838125875
473.13686838125875
473.1248948743022
473.1248948743022
473.1248948743022
473.1162089642321
473.1162089642321
473.108629491169
473.0931949434215
473.0931949434215
473.0931949434215
473.0931949434215
473.09171067915645
473.0830765645619
473.0806977147788
473.0796442633052
473.0796442633052
473.0772929307876
473.07575479594806
473.07517170943066
473.0565659646668
473.0565659646668
473.0565659646668
473.0565659646668
473.0565659646668
473.04698188642203
473.0319464384514
473.0319464384514
473.0244290602081
473.0244290602081
473.0027784427371
472.9837413992849
472.9837413992849
472.9837413992849
472.9692338207101
472.9644520403399
472.9456551212021
472.9452198529079
472.9452198529079
472.9452198529079
472.93724555439593
472.91424439300147
472.9045828972312
472.9045828972312
472.9045828972312
472.88472116576634
472.853982811506
472.8468805815648
472.84095824927493
472.84095824927493
472.83437519364827
472.8136268986524
472.7901040411631
472.7901040411631
472.7901040411631
472.779930025801
472.7593486318494
472.7593486318494
472.7572740677841
472.7400431776921
472.7312458958439
472.7312458958439
472.7288289556828
472.71879616367823
472.71879616367823
472.70956040042216
472.70018099781413
472.70018099781413
472.68942880630743
472.68942880630743
472.6816630104739
472.67117998587196
472.667775022572
472.667775022572
472.6507165334771
472.6331748507072
472.61899684591504
472.61899684591504
472.61359246356915
472.5887185291296
472.58783797414014
472.56190902001936
472.56190902001936
472.5529537865915
472.5415038728829
472.52962929460494
472.51486560720775
472.51486560720775
472.4970519357915
472.4970519357915
472.4959662728322
472.485575414253
472.4813985085026
472.4813985085026
472.4509552191388
472.4509552191388
472.4509552191388
472.44931213376606
472.43951846274445
472.4342469260604
472.4204345205154
472.40472737818345
472.3958976030768
472.38548463141797
472.3723526625817
472.3694079491178
472.3694079491178
472.3651506680326
472.3562214481852
472.333307584047
472.3315720698336
472.3315720698336
472.31640371464164
472.31640371464164
472.27480303728635
472.27480303728635
472.27480303728635
472.27480303728635
472.27480303728635
472.27480303728635
472.26246876759757
472.26246876759757
472.26246876759757
472.2527744913661
472.23386619339516
472.2158677742847
472.1884803527686
472.1884803527686
472.17795262935124
472.17795262935124
472.16894025424824
472.1442482823392
472.1442482823392
472.11456550166275
472.11456550166275
472.0735596897519
472.0735596897519
472.0735596897519
472.05527478093563
472.04162123356593
472.04162123356593
472.0359510191575
472.0359510191575
472.0172170541714
472.0172170541714
472.00062457024666
471.98585831523604
471.98585831523604
471.9710554255285
471.9553576039607
471.94697602026525
471.94697602026525
471.91260733803074
471.90574322385703
471.90574322385703
471.8820983623589
471.8820983623589
471.8777882696958
471.8442210540447
471.83602173104174
471.8182064661182
471.78789011776064
471.787868960695
471.7703239063245
471.7431703827606
471.73465694653135
471.72187595211733
471.72187595211733
471.72187595211733
471.69801730134566
471.6820874513757
471.6766358427446
471.65602082697694
471.65602082697694
471.6554658356688
471.6554658356688
471.6554658356688
471.6473235035618
471.6473235035618
471.6319379544772
471.6161309230421
471.6038476213407
471.6024631121644
471.5889051433487
471.5889051433487
471.5889051433487
471.5889051433487
471.58862170072337
471.56837076681984
471.56284385805304
471.56284385805304
471.56284385805304
471.5395301874185
471.5395301874185
471.5395301874185
471.5395301874185
471.53198863726846
471.53198863726846
471.52763822635484
471.5256814659074
471.5256814659074
471.5256814659074
471.51752328098746
471.51752328098746
471.5118173717756
471.49082516339024
471.48796233557
471.4868375944775
471.4868375944775
471.4817191775318
471.47698036886453
471.4746076617241
471.46851744993967
471.46807297214286
471.46807297214286
471.4558783008139
471.4520309788242
471.4520309788242
471.44550399980176
471.4238786299733
471.4085406612618
471.4041847234143
471.4041847234143
471.4041847234143
471.4041847234143
471.4041847234143
471.39286507091765
471.3832443449231
471.372843389114
471.372843389114
471.3727357062488
471.3727357062488
471.3727357062488
471.3584746254387
471.35625376160186
471.35625376160186
471.35137704220915
471.35137704220915
471.34789222561835
471.3466581654035
471.3466581654035
471.3466581654035
471.3466581654035
471.3466581654035
471.3454616224281
471.33816764244636
471.3363446658269
471.3332925583732
471.3332925583732
471.3204765379907
471.3204765379907
471.30548702176003
471.30548702176003
471.3020178575826
471.2999995619103
471.2999995619103
471.2999995619103
471.2999995619103
471.2875994648685
471.2875994648685
471.2857139512016
471.2857139512016
471.27468198116003
471.27468198116003
471.27468198116003
471.27468198116003
471.27175213270465
471.267567889439
471.2605212037015
471.2605212037015
471.25495068277974
471.24151711091713
471.24151711091713
471.2401948549084
471.2401948549084
471.2401948549084
471.2306793343613
471.2252611839818
471.22417674896144
471.22417674896144
471.2186730134
471.21303776358207
471.21166516231585
471.2114457435568
471.20149962828367
471.20149962828367
471.1945617507404
471.1835407098529
471.17664117602214
471.17664117602214
471.1686754939308
471.1661141055341
471.1661141055341
471.1661141055341
471.14445256949534
471.14445256949534
471.14445256949534
471.14445256949534
471.14445256949534
471.134751537286
471.134751537286
471.1296593216482
471.1296593216482
471.1296593216482
471.12624511244246
471.12624511244246
471.1145488292439
471.1145488292439
471.1145488292439
471.1145488292439
471.1133459962525
471.11212039671216
471.1054344350948
471.1054344350948
471.0950025012428
471.08556786671966
471.08556786671966
471.08556786671966
471.08556786671966
471.08556786671966
471.0792793036749
471.0792793036749
471.07506169361545
471.0685958080559
471.0685958080559
471.0685625218184
471.0685625218184
471.0685625218184
471.0596964301755
471.0596964301755
471.05586532360985
471.05586532360985
471.0533935542953
471.0533935542953
471.04312522155317
471.04312522155317
471.04312522155317
471.03030388989004
471.03030388989004
471.03030388989004
471.02486224708645
471.02349817140487
471.01749176672433
471.00897628410996
470.9980043868512
470.9980043868512
470.9980043868512
