5296.494591583655
3699.18897896647
2395.4378885953415
1893.4531389741915
1485.4474664888426
1200.3150592632633
1067.4464176007118
934.4659470804678
894.3971100567028
844.0051407617348
794.0266173523166
740.2381909099972
698.5536099483379
644.9220718296108
619.5517195690674
606.030085925682
593.7079349833773
588.8419411509649
582.3194532904726
574.3231089906407
569.4389583300328
563.8503821938978
557.6306984300069
552.6057130962707
546.9757831487698
541.6849782812898
531.3308912981003
523.1809315601583
518.9166271473283
515.8329362130014
513.7270645270333
511.1079859059562
510.23815720903406
510.0770357875207
509.73952847680414
507.4437652659717
505.476949500168
505.28390983280264
503.42391173987573
502.0254844333954
500.68192276700927
499.6777460308471
498.48085261053416
498.16212874419136
497.3726767870438
496.2337874880051
495.93318332439463
495.50536248408423
495.28094408974073
494.9691949759826
494.0995951018494
493.39632596051973
492.4552442491273
492.0470156815304
490.9788687749128
489.82446321457314
489.41141433308235
488.72246059697585
488.09176553421696
487.608129924431
487.4273976656498
487.0341758343572
486.61575436277946
486.0081069327408
485.8751381157133
485.62484912764234
485.5282565872894
485.2236444806433
484.93918541108303
484.5287221707864
484.2663755629212
484.0115590980478
483.74932979728214
483.4071677566958
483.3493816836586
483.1459171450885
482.94311446250066
482.68418563708633
482.36985686726655
481.9796338834735
481.6007152810272
481.2391818716328
480.9258703306868
480.64104915884303
480.28577731530225
479.9615114730437
479.71589070919254
479.4375567139605
479.25755871666604
479.06494804465564
478.9457575524466
478.7731823531153
478.59427760930566
478.49290579485745
478.3597427789061
478.25149389366294
478.0909523218114
477.9698837541854
477.8730905573367
477.7437630378041
477.6622086688803
477.54967575132525
477.447551170288
477.336346785469
477.2093032748619
477.0541795746295
476.9298596101225
476.8628295877761
476.6870990866455
476.6085239907669
476.4869357386282
476.4164927601466
476.2935686578014
476.1789699228615
476.05111239620663
475.98341395313304
475.9159980100445
475.77923432993623
475.689231123282
475.6119792577282
475.5526142531271
475.48550059734873
475.4309373331258
475.3910986620705
475.35396342010984
475.30562668926325
475.259584369611
475.2260183770212
475.1733989473371
475.1372907395987
475.1150677997336
475.07601946302736
475.04741437635806
475.00565562308316
474.97033541309554
474.94344181121824
474.9319049690595
474.9192361196548
474.8825911087455
474.8783222343957
474.8783222343957
474.8741356294468
474.8736179050375
474.84816697271884
474.8332172333302
474.8332172333302
474.822122037385
474.8017605772028
474.79642964965063
474.79642964965063
474.780148313038
474.7575486290586
474.7575486290586
474.74442641334304
474.74442641334304
474.7247455777208
474.71468923774614
474.70319828356355
474.70319828356355
474.69757030885944
474.6958342810675
474.6853774553136
474.6579530567129
474.6441773932854
474.6428257957149
474.6362770803022
474.61072798167635
474.6043451854497
474.6043451854497
474.6041497092841
474.6041497092841
474.58005282726424
474.58005282726424
474.57617633924764
474.57617633924764
474.571396789446
474.5586415717243
474.52365238850825
474.49322592715794
474.49322592715794
474.47120438001735
474.47120438001735
474.47120438001735
474.46354079255946
474.4587135556199
474.4272664071715
474.4265938113912
474.39709284735386
474.3807039220844
474.3807039220844
474.3807039220844
474.36728642091924
474.33872428051023
474.33872428051023
474.32903837737865
474.32903837737865
474.3246415071726
474.31474684442173
474.3081178360194
474.29996855027224
474.2845903526023
474.283841918437
474.2574036741619
474.2486031977364
474.2436500762813
474.2436500762813
474.2379239044367
474.22245608313585
474.1877319473877
474.1877319473877
474.1877319473877
474.1877319473877
474.1877319473877
474.1804581426245
474.1564430850615
474.12379936510547
474.12379936510547
474.1186634847089
474.0894667123927
474.0891986529755
474.0732030897959
474.0548045258042
474.04574378560676
474.0280906429773
474.0189772948283
473.99814832706045
473.99814832706045
473.98779565792177
473.98779565792177
473.98779565792177
473.98779565792177
473.9737936216713
473.97179336231017
473.9705319485633
473.9705319485633
473.96806561064255
473.96806561064255
473.96118147445213
473.9396062099038
473.9396062099038
473.9396062099038
473.91289620751996
473.90582840598506
473.90582840598506
473.90582840598506
473.90582840598506
473.89357311176855
473.8816144096639
473.87956671044395
473.86349269507093
473.83333092272693
473.8249198854061
473.8249198854061
473.8249198854061
473.81157495220987
473.81157495220987
473.80770013414497
473.791977398438
473.77961495921494
473.77961495921494
473.7714076828233
473.76279882991264
473.76279882991264
473.7561708101265
473.7561708101265
473.7561708101265
473.7526377111156
473.74749125024863
473.74749125024863
473.74749125024863
473.74341746673326
473.74341746673326
473.74341746673326
473.7261161030105
473.7261161030105
473.7261161030105
473.7261161030105
473.7261161030105
473.7261161030105
473.72052714103035
473.72052714103035
473.71946304786707
473.71946304786707
473.71946304786707
473.7002113521397
473.697872150702
473.697872150702
473.6950996858192
473.6889138694153
473.6889138694153
473.6849638081924
473.6849638081924
473.6794245647143
473.65739810608096
473.65739810608096
473.65739810608096
473.65739810608096
473.65739810608096
473.65739810608096
473.6377070920911
473.6327126079701
473.6327126079701
473.6313774497728
473.6293464483752
473.6293464483752
473.6281236604433
473.6156701197135
473.6156701197135
473.6156701197135
473.6156701197135
473.6156701197135
473.61431507997077
473.61431507997077
473.60623389685264
473.60432098086426
473.60432098086426
473.60330997116404
473.58600671333465
473.58600671333465
473.58600671333465
473.58600671333465
473.581722882894
473.57011731495766
473.57011731495766
473.57011731495766
473.56821573926305
473.568099143762
473.568099143762
473.56804828733215
473.56676142709256
473.5583109500654
473.5583109500654
473.55447132318193
473.55447132318193
473.55256742634754
473.55256742634754
473.5505196318603
473.5505196318603
473.5417286511607
473.5417286511607
473.5397548341659
473.5352551944944
473.5352551944944
473.5344209484364
473.5344209484364
473.5344209484364
473.5344209484364
473.5304821578504
473.5303306177603
473.5303306177603
473.5303306177603
473.5303306177603
473.5303306177603
473.5303306177603
473.5266400885558
473.5211228433897
473.5211228433897
473.5211228433897
473.5211228433897
473.5211228433897
473.5211228433897
473.5211228433897
473.51046462147247
473.4876690547237
473.4874286187942
473.4874286187942
473.4874286187942
473.4874286187942
473.4874286187942
473.4874286187942
473.48288542941015
473.48288542941015
473.48288542941015
473.48288542941015
473.480688179005
473.480688179005
473.480688179005
473.480688179005
473.480688179005
473.4788739879809
473.4788739879809
473.47738418788344
473.47692271417594
473.47692271417594
473.47692271417594
473.47692271417594
473.47692271417594
473.47142157851863
473.47142157851863
473.46880799153723
473.46880799153723
473.46880799153723
473.46880799153723
473.46880799153723
473.46880799153723
473.46433276352184
473.4636751251681
473.45778627078204
473.45697947620397
473.4555510379861
473.4555510379861
473.4555510379861
473.4555510379861
473.4388433121776
473.4388433121776
473.4388433121776
473.4377817354709
473.4377817354709
473.4377817354709
473.4377817354709
473.4377817354709
473.4377817354709
473.4377817354709
473.43151770528584
473.4306441035842
473.4306441035842
473.4306441035842
473.4225490218963
473.4219734556699
473.4219734556699
473.4219734556699
473.4219734556699
473.4219734556699
473.4219734556699
473.4198298119602
473.4198298119602
473.4176123530374
473.41505417736386
473.41016184209815
473.41016184209815
473.4051858596688
473.4051858596688
473.4051858596688
473.4051858596688
473.405176043868
473.3993108134664
473.3993108134664
473.38964885611443
473.38964885611443
473.38838600889335
473.3671901959234
473.3671901959234
473.3671901959234
473.3671901959234
473.3671901959234
473.3671901959234
473.3561410594443
473.3561410594443
473.3561410594443
473.35523825632123
473.3513816731529
473.3513816731529
473.3467555741214
473.3467555741214
473.3467555741214
473.3467555741214
473.33889981228316
473.33889981228316
473.33889981228316
473.3330461541881
473.3330461541881
473.3320612402885
473.3254327211143
473.3143871109211
473.3143871109211
473.3143871109211
473.3143871109211
473.3131893701267
473.3131893701267
473.3131893701267
473.3131893701267
473.3131893701267
473.3131893701267
473.3131893701267
473.3131893701267
473.3131893701267
473.30790601846826
473.30790601846826
473.30790601846826
473.30184345721386
473.30184345721386
473.30184345721386
473.2933390017722
473.2933390017722
473.2896396159832
473.2896396159832
473.2896396159832
473.28906305073485
473.28906305073485
473.28906305073485
473.28906305073485
473.28906305073485
473.28906305073485
473.28688660606304
473.28688660606304
473.27897978199405
473.27897978199405
473.27897978199405
473.27897978199405
473.27280481465704
473.27280481465704
473.27280481465704
473.2632283357492
473.2632283357492
473.2632283357492
473.2632283357492
473.2632283357492
473.2632283357492
473.2632283357492
473.26271968837835
473.26271968837835
473.25426313995604
473.2539648054217
473.2539648054217
473.2539648054217
473.2539648054217
473.25323285179616
473.25323285179616
473.25323285179616
473.25323285179616
473.25323285179616
473.25323285179616
473.25187849731395
473.25187849731395
473.2409603381189
473.2409603381189
473.2409603381189
473.2409603381189
473.2281580424158
473.2281580424158
473.2281580424158
473.22593304580175
473.22593304580175
473.22593304580175
473.21687153622764
473.21687153622764
473.21328932973256
473.21328932973256
473.21328932973256
473.21328932973256
473.21328932973256
473.21328932973256
473.212008944261
473.212008944261
473.212008944261
473.1989204284681
473.1989204284681
473.1989204284681
473.1989204284681
473.1989204284681
473.1956976611927
473.1866700947505
473.17989786111787
473.17299295865513
473.1706745879007
473.1706745879007
473.16346292930814
473.1491480498599
473.1491480498599
473.1491480498599
473.1491480498599
473.1491480498599
473.1491480498599
473.1456166900043
473.1456166900043
473.1417710486649
473.1320522210574
473.1299890846005
473.1299890846005
473.1299890846005
473.1184398589957
473.1184398589957
473.1184398589957
473.1184398589957
473.1184398589957
473.1184398589957
473.1184398589957
473.1154082345976
473.11534834080817
473.11534834080817
473.11534834080817
473.10003281597096
473.0908970764785
473.0908970764785
473.0908970764785
473.0908970764785
473.0908970764785
473.0908970764785
473.0908970764785
473.0908970764785
473.0908970764785
9748.261399101772
5863.647794113955
3608.429023848204
2399.199952123963
1586.906818128248
1429.6473703495917
1372.4723059215085
1248.2706101850783
1156.4952719163089
1065.174395882143
940.8252851505441
861.6745011478637
784.0779192355574
737.8498361971252
673.2066689660633
624.8058420869049
604.3107422759616
581.045398834452
566.5445034995812
543.7515238317623
536.6556994301197
521.4424140343172
510.44680227006484
508.38575089248786
502.5262291077951
501.79029190509556
498.4308974734902
498.16260658664845
494.8076988919678
491.37385402648
489.6102480269664
489.6102480269664
489.08730506559783
489.0151137890425
486.7810421858049
483.40665691636866
481.11612305007503
477.5438718032252
475.2654355656481
471.9062494349166
468.22827905163837
467.1997911997776
462.8651750777086
461.94882227197536
460.05725124130277
456.10371561180057
454.43064563807536
453.51731932990367
449.2189353078379
444.8944934575098
441.79354278027375
439.6531610993975
437.7232447568234
435.60224139527884
434.5955542103326
434.36213359827076
433.84791097544024
432.7582466522678
431.81839329464816
431.81839329464816
430.4522896530338
429.6278068418642
428.41136000002666
428.04893476331404
427.05253670941295
425.67582718112226
425.03999580585213
424.8726024217616
424.30333301582635
422.97435123288176
422.2786529782756
421.4849814324187
419.9489570841971
418.5966982022914
417.9443087257433
417.18447366042034
416.64564485227663
415.9449018024273
415.56641396126236
414.9303655834385
414.59845251121897
413.9187979559825
413.2985894909134
412.69912542088457
412.3952139996504
411.8386626577447
411.4691889833959
411.165155245487
410.7026547983273
410.41928944732683
409.9483753671748
409.34354543945676
408.93521486558836
408.64001045981894
408.13332947974277
407.8595244408525
407.4168407498202
407.1694196897598
407.063947904618
406.7461062344902
406.6537642359131
406.4666256986305
406.28948121637023
406.159028880648
405.7495184605348
405.61323839041614
405.61323839041614
405.51055984444685
405.49870354925685
405.42150305749425
405.35872800818544
405.2460841864191
405.16970365765394
405.10699862008914
405.0821592959372
404.99750886123013
404.98484871954577
404.8913639381904
404.8913639381904
404.84997769884694
404.8347154289643
404.67784202039564
404.65391497670277
404.63509804450075
404.60153535587506
404.56906440759997
404.56906440759997
404.5637373297271
404.54530829833055
404.52216105891966
404.50398597093044
404.50398597093044
404.49489482636125
404.49489482636125
404.4921224537804
404.4921224537804
404.4900465226888
404.4900465226888
404.46575779227845
404.46575779227845
404.46575779227845
404.4522142709828
404.4522142709828
404.4522142709828
404.4522142709828
404.44671077857936
404.44671077857936
404.43493140803076
404.43493140803076
404.4327553147828
404.4327553147828
404.4327553147828
404.41374661975954
404.41374661975954
404.41374661975954
404.41374661975954
404.41374661975954
404.41374661975954
404.41374661975954
404.41374661975954
404.41374661975954
9748.261399101772
5707.60089155394
4233.437784932822
2735.8102230604277
1255.343385711582
998.4197166019943
895.307090096893
877.2421677622583
832.9406187857097
708.4372636342632
656.0156042099061
634.3036149578236
609.3740476881628
604.4684622992904
580.8079258787559
579.7811493632203
556.7138301289449
555.2095614763496
548.6275641614179
541.2116994722934
530.1615334515994
528.3607107115959
515.9224306096401
509.98921917392374
508.1012023870129
499.31421178363377
498.27262580188295
495.7006887725874
493.0890051254526
491.47865659937634
488.7466822944345
488.0905868754716
486.2085040031876
482.6165084402103
482.6165084402103
482.6165084402103
482.3912813991842
481.54524815026616
480.5748653142282
479.9567766542267
479.4454684388942
479.4454684388942
479.03479025932756
478.42223781828136
477.9564477565627
477.8772891695339
477.6039040849266
477.4589303794943
477.26627295829803
477.13303665916607
476.9414046714888
476.7160445229102
476.68328012813384
476.61571189126505
476.56684556889905
476.40359427318316
476.2482331411388
476.1843662014348
476.01830367323737
475.9527363435776
475.89833543926557
475.80078229592783
475.79887579793086
475.74187642131005
475.72716628379055
475.72716628379055
475.66589996595246
475.6380798658691
475.6347081932266
475.6057034910007
475.6057034910007
475.6057034910007
475.6057034910007
475.5756701333679
475.5756701333679
475.57420808736003
475.56118518565506
475.56118518565506
475.5586110177296
475.5586110177296
475.55307480438466
475.5359769309614
475.5359769309614
475.5359769309614
475.5359769309614
475.5359769309614
475.5315987881576
475.5281754823444
475.5230724810617
475.5230724810617
475.5230724810617
475.5230724810617
475.5230724810617
475.517187955842
475.517187955842
475.517187955842
475.517187955842
475.517187955842
475.517187955842
475.51443556968553
475.51443556968553
475.51443556968553
475.51443556968553
475.51443556968553
475.51443556968553
475.51443556968553
475.51443556968553
475.51443556968553
9748.261399101772
5400.6384300923855
3731.498773691384
2348.651994630386
1880.1709330252763
1542.1864051672587
1375.3310981110646
1213.1194170484512
1108.5174874546938
937.0672663073539
817.1755261291544
699.761635998366
664.9982430329899
637.5662166877331
585.710232815999
571.479077635229
566.0530281094802
557.8205612731037
545.750657514226
545.750657514226
534.955024366937
522.0156071042288
517.2820180046212
509.9891832047116
508.58458593360916
508.58458593360916
505.96749350836194
501.42273398485696
498.5944667915535
496.82745776770446
493.008259133315
491.7819056161772
491.27317168861845
489.8910888560974
487.4744239729744
485.9005613621319
484.1871293963284
483.2395477875841
480.60124013095407
480.24499541064193
479.83009582943987
478.879857689895
478.6848665249522
476.5028237554428
476.063641603189
476.063641603189
475.0357180480971
475.0144740096887
474.0433340848249
474.0433340848249
473.3089478506235
472.84415826018756
472.84415826018756
472.30520425134364
472.30520425134364
472.20896259865503
471.7563851587794
471.73771709334517
471.73771709334517
471.64931830463246
471.5025073403929
471.48930196588543
471.32429605670916
470.99904528909
470.90409775609544
470.90409775609544
470.7901456293512
470.60442669917904
470.4902725777396
470.40423845096365
470.38657656972055
470.38657656972055
470.35737157850826
470.35737157850826
470.35737157850826
470.2767286064297
470.15126708391927
470.15126708391927
470.14875444301776
470.095167273033
470.07984205454056
470.07984205454056
470.06930189668606
470.0557686268815
470.0225235502148
470.0225235502148
469.99727368442524
469.99727368442524
469.99727368442524
469.9474262020547
469.9362786425102
469.93516965184085
469.93516965184085
469.9255151785536
469.9237323458549
469.9236140868941
469.9236140868941
469.9236140868941
469.92032992056545
469.92032992056545
469.90599652917604
469.90599652917604
469.90599652917604
469.90599652917604
469.9008247211035
469.9008247211035
469.89776371722434
469.89630937958293
469.89630937958293
469.8931509728092
469.8931509728092
469.87961989284435
469.8782614024723
469.8782614024723
469.86844319792823
469.86844319792823
469.86844319792823
469.86844319792823
469.86844319792823
469.86844319792823
469.86844319792823
469.86844319792823
469.86367599020554
469.86367599020554
469.86367599020554
469.85996510320075
469.85994342666186
469.85994342666186
469.851361045703
469.851361045703
469.846100244645
469.846100244645
469.844837530175
469.844837530175
469.844837530175
469.84005188587605
469.84005188587605
469.84005188587605
469.84005188587605
469.84005188587605
469.84005188587605
