5618.998360766562
3199.084273931377
2435.025078280959
1477.277464246432
1126.1724536240815
938.7501869500214
895.3931380842942
838.4954836034212
737.1423175192872
720.0479296611938
719.4292011510914
675.8923083081434
650.4598832426678
630.960832047513
623.3659793224247
605.2372993247246
600.3511355748172
583.6458946760348
569.9739076060127
550.3773898435488
538.637796442493
522.9674423542704
521.1969765164034
521.1969765164034
518.6237818665778
515.2987221617677
512.4562425269853
510.2386286415236
505.5439968402974
502.9702313786646
500.70952663805167
497.9977347197265
496.72120221978025
491.29115133014994
490.11829956093254
488.7144579763363
486.78701212600606
485.17126340685866
483.4991838967676
483.24321077420853
482.2093475883772
480.9936629273467
480.0075799246091
479.28527731966966
478.75384855328167
478.3843239249484
477.7493266514891
476.78521536894385
476.2889631775241
475.8755870917942
475.42937270241737
474.7852911016439
474.16791820817963
473.7166725468593
473.36721580079364
473.00609406730285
472.5272450676064
472.0995527850613
471.62093131372035
471.37461645799493
470.8963121201915
470.54499224243364
470.20562237188267
469.8461123585997
469.4911910772731
469.01414476200796
468.68870004071147
468.34182084350914
467.9372537723126
467.5802466535516
467.2866258608858
466.9715944939573
466.6753056725181
466.3976508292857
466.1694613784545
465.9150041681148
465.70467866897604
465.5182760574545
465.32955448071993
465.1562732062103
464.9588567057739
464.79315694406296
464.5808524022085
464.27131991413233
464.05908843654635
463.8379510127391
463.5743903353891
463.36694554015816
462.9965407788464
462.7952812424603
462.5134321026528
462.24411899491975
462.0061417241358
461.7631211665841
461.5645999043368
461.4149704592456
461.27804988969444
461.1258271308223
460.9175672509628
460.81561674466946
460.65655582229255
460.4276249038145
460.2941479160404
460.09409560885854
459.88689318470415
459.7104579576081
459.515461583942
459.2624086322295
459.1116123907137
458.95165566848556
458.7698286214145
458.6461970174437
458.4970044283246
458.31708701526486
458.1913397188042
458.03443620743224
457.92708895779646
457.8738957727153
457.69897845870344
457.4896542579396
457.2730138215014
457.0223489967212
456.8021000581842
456.582740821292
456.3879001290506
456.2227727504202
456.03757066286977
455.8543507919301
455.7112841659351
455.65232864436507
455.4862155937411
455.40849021139127
455.3278245755653
455.2691893217682
455.17537841465685
455.0907112381893
455.0084119539254
454.9040211804884
454.81996273462846
454.679323185901
454.5459156909958
454.4295339837861
454.2269022085843
454.0554842990925
453.9007586864614
453.73524896538026
453.56767115012184
453.4853348938187
453.30130877645644
453.1248431550762
453.02407550766105
452.90684937807447
452.8030199144722
452.7506978598481
452.63279999273846
452.61462493178203
452.55359612437815
452.4522289006886
452.3679961310405
452.2325348417185
452.15174134291726
452.1120014414163
451.9854260194687
451.92999248940004
451.8750769935217
451.8428809690692
451.7405443831536
451.71454810894426
451.6654156909663
451.58379160421885
451.5227713580785
451.5004333816521
451.3586101738803
451.17478368936236
451.1385547645898
451.0658028859534
450.9739919200503
450.928416835332
450.7790874077348
450.6826231573856
450.660872197429
450.61462220358374
450.57082049952635
450.5183137412798
450.4570879165045
450.4212173392855
450.3959627351834
450.37334600963464
450.3290161416727
450.27727647522437
450.2469511752811
450.1724444628104
450.1079387994238
450.1079387994238
450.0533666580088
450.0533666580088
450.0533666580088
450.0533666580088
450.02501043780296
450.01095988819
449.9783193180436
449.9771682600402
449.9582116206012
449.9582116206012
449.9177803341083
449.9042022366935
449.8227300561584
449.79578329573144
449.76391237720856
449.76391237720856
449.7551845307131
449.66535141706606
449.66535141706606
449.66535141706606
449.66535141706606
449.66535141706606
449.66535141706606
449.66535141706606
449.66535141706606
449.66535141706606
8212.697915354942
6363.388505799463
2694.744059863729
1274.5791415009535
1044.9766652725775
849.2531998947901
830.2255082425911
734.2388138202016
687.1929674576518
640.6892156474062
615.4930340213717
594.3559158901388
569.372194638815
551.3087942779093
533.8660187910591
520.3005931490779
509.9164483270385
499.669395181549
494.7361830463243
490.7045788154725
487.21835602477194
485.19072441256793
482.59590660556546
480.50619751701817
478.174807754546
476.54124854189797
475.8919046548388
475.32048093314444
474.4579999194877
473.379552492724
472.3128601016149
471.4775805913032
470.6954277456718
470.2091785986256
467.7839686880145
466.87839896684284
465.4554981460092
464.519102375971
463.5519159056134
462.87663901808537
461.8048342899204
461.2019453947047
460.14201334070884
459.54760630937324
458.8132098970728
457.8758237066148
457.5252830856038
456.8167320221904
456.35712372169473
456.17789365669444
455.9878270354338
455.5475260082445
455.3502890429253
455.2338749252168
455.0418888652683
454.95821362808283
454.74180113025125
454.6365729828996
454.39913601796263
454.13708711095654
453.816376408733
453.54974040014633
453.32722903450644
453.1660991911207
452.9612751571665
452.7515624102986
452.5320238778395
452.36960721998304
452.2015132160613
452.0071143481928
451.8379116611005
451.7349328521977
451.5648855625055
451.4470519497447
451.36154272238304
451.3076892629383
451.2473151019207
451.1703177249978
451.1078203767887
451.1078203767887
451.04221887385313
450.98620579861023
450.86484467256014
450.763895688727
450.7017496825838
450.65134297468853
450.57733396470843
450.462843441592
450.42104605838745
450.40699535248876
450.3618009182506
450.2086501227454
449.95970388636545
449.8870427438456
449.87917669970506
449.87917669970506
449.87917669970506
449.87917669970506
449.8558777770978
449.8558777770978
449.75444538277935
449.75444538277935
449.75444538277935
449.7274951232932
449.7141111305298
449.7141111305298
449.5778688141025
449.5778688141025
449.5778688141025
449.5778688141025
449.5778688141025
449.5778688141025
449.5499300718636
449.53602962491954
449.5046734759413
449.4898412569153
449.4898412569153
449.4898412569153
449.4898412569153
449.4898412569153
449.4898412569153
449.4879864465607
449.46675831841867
449.46675831841867
449.46675831841867
449.46675831841867
449.46675831841867
449.46675831841867
449.46675831841867
449.46675831841867
449.46675831841867
8212.697915354942
6029.802590192527
4107.930280133456
2959.35726773561
1508.6964227107567
1171.6896687357728
1103.612560859252
870.9678696322414
809.8914722566165
779.0412684331221
726.4046841184116
697.1719680352683
684.0916057113512
666.0340788090249
660.1439010738163
660.1439010738163
650.9826345012185
650.9826345012185
644.7218559792877
639.3869537407544
628.2359760559602
624.185328691881
618.4613592030416
614.97471834965
614.2621238923359
605.5853439500347
601.0108158313304
597.7444991589155
589.7660896125457
581.7151824351592
578.178471618744
573.208473627798
569.1818258550236
563.8849505263139
559.4441413749038
558.4498729791801
555.394547282465
550.575320791912
545.3103039433361
542.6334085811868
540.8125197075617
538.6032707372283
537.8381559120872
536.5917776783208
536.1531049952455
535.73243095124
534.9656785249886
534.2139392742539
533.6944500512841
532.7406716070884
532.243724406037
531.3127734862614
530.3983872660647
529.3544159051562
528.4294025804882
526.3767310323176
525.0120917530281
523.7307798164153
522.174568689886
520.0072859857523
517.5471389672654
515.4128543424019
513.4071763473686
512.2013913116411
510.67486839447133
509.0828085792649
508.1271621110664
506.61323350464625
505.256227493389
504.1359665557038
502.94084910999834
502.177921144868
501.6795241296728
501.1726949307064
500.55908315937
500.16097082695194
499.78309376437517
499.37099742623735
498.70894844692583
498.1060695851676
497.4916455552868
496.7336664416906
496.18273971193116
495.6170044355849
495.0951409121062
494.6299895634859
494.22436108322154
493.8896011949423
493.51810760520516
492.98802698854246
492.45982090678285
491.9544828868111
491.41534607428014
490.8772872183449
490.3380377385719
490.0089423651737
489.56395200465283
489.14569023786487
488.6426706114555
488.2602595986839
487.7078025043707
487.3341966083552
486.9698662850816
486.59236323114413
486.2559918605517
485.8712304620377
485.4884274447676
485.1046787458741
484.821472517193
484.2748595793492
483.7759341017582
483.3950338662093
482.7802182193326
482.0655292443982
481.4331705525704
480.6543705977114
480.1429154273274
479.6663213505006
479.1529254265557
478.7965578738706
478.43317946457614
477.90571584470416
477.5371685511709
476.8675856315615
476.4004089192596
475.9549152130781
475.5663980876633
475.1714339825512
474.7353638101596
474.2011506604953
473.809640368166
473.35777670394975
472.8418733827297
472.47167357895813
472.12113826099807
471.7384783737275
471.3693521314676
470.9486387381036
470.6076850508233
470.1781203430289
469.81934721509845
469.6047602700553
469.3579492343408
469.15910925310715
468.8972379578312
468.6592731007277
468.46352716370126
468.25275971675654
468.0637415292327
467.8189015568815
467.59063666192077
467.3598515125419
467.1786332482227
467.0182121937792
466.79296888728743
466.53867660144704
466.42024585419983
466.26230913757587
466.1157844460368
465.9708276853095
465.8180411909293
465.592168970058
465.35045153102504
465.14950570322634
464.93841459347044
464.7938508349465
464.6118815333002
464.4830804084081
464.3954126796829
464.2825907474579
464.0966028839322
463.9127821126038
463.7734095243047
463.58041383410034
463.3726031954508
463.19515476738144
463.0833107203222
463.0068911695109
462.87154384880904
462.74675563134883
462.65200557214837
462.52296241729897
462.37319391140613
462.2156068111185
461.99293660085954
461.8754960524189
461.6398902474605
461.4587799032339
461.30004905056626
461.1407334360736
461.00957435890433
460.84740718512546
460.70472654233805
460.5758700176261
460.4436788188844
460.3223350584225
460.16185322877107
460.06010816675234
459.9446137707533
459.77797368577336
459.6312238230224
459.3900527867913
459.22809196050207
459.141189488249
459.0113499594785
458.8431273071061
458.74170083909956
458.60368285728237
458.48610426046844
458.3635641498915
458.2280523665981
458.11997828936364
457.9640735432224
457.8561026012244
457.74379088043975
457.64484418561295
457.51198025858065
457.42638731534544
457.32178982783046
457.18429430260124
457.02314429474717
456.8960760790273
456.7345881191156
456.5049657278672
456.3552356215895
456.1308236589172
455.9255096778262
455.77950724060537
455.6889105406963
455.60896056191336
455.47107879234454
455.39570277131963
455.2010741992352
455.1213435074684
454.9921335801063
454.8336536134884
454.7033685639335
454.57403761730455
454.3745234225437
454.29887237019545
454.1311376793939
453.9960032957335
453.8162946011212
453.70663497292907
453.5422767831747
453.4820229544783
453.3640478694783
453.28240148117357
453.15827250795564
453.08930076537536
452.98687541589953
452.94469661428275
452.86003332705536
452.80449310574335
452.7100504470658
452.57812567648324
452.48489451033356
452.41013204857796
452.2917641503151
452.2099629561823
452.12816102240896
452.0319549386667
452.00374314816406
451.9095672080544
451.77919722757366
451.74438444858373
451.6672726488018
451.6514805866519
451.4833419413116
451.40765268355284
451.38551188971354
451.3231822335864
451.2417599991973
451.17539794676946
451.14159509005094
451.01664623642546
451.00870894561933
450.88191589732537
450.76881117659605
450.61987400525555
450.49801755129175
450.4561161383707
450.36576183833097
450.31263698175445
450.27531302710673
450.27531302710673
450.27531302710673
450.2592274938719
450.2592274938719
450.23635744971875
450.23635744971875
450.1921598152922
450.1921598152922
450.1921598152922
450.176874650893
450.176874650893
450.17493431509155
450.17493431509155
450.17493431509155
450.17493431509155
450.16342998844476
450.10069193405496
450.10069193405496
450.03468074552825
450.0058059036725
450.0026903819081
449.91627587464484
449.8921988796718
449.85594714597164
449.85594714597164
449.85594714597164
449.8069771961631
449.8069771961631
449.8069771961631
449.8052945929157
449.7947455749172
449.78246860531175
449.78246860531175
449.78246860531175
449.78246860531175
449.78246860531175
449.772341903674
449.76239832744636
449.70464845867383
449.70464845867383
449.70464845867383
449.70464845867383
449.6999302073955
449.6999302073955
449.6999302073955
449.6999302073955
449.6999302073955
449.6999302073955
449.6999302073955
449.6999302073955
449.67548215248326
449.67548215248326
449.67548215248326
449.67548215248326
449.67548215248326
449.67548215248326
449.67548215248326
449.67548215248326
449.67548215248326
8212.697915354942
5981.584976888974
4008.852741271789
2523.8332884692404
2095.159829188564
1708.4080091161939
1641.225558037765
1426.4462966435074
1294.0150758103546
1132.856655234927
1010.5252404793557
972.3861524106019
842.7233290571182
746.9561436526978
727.1113704713975
641.7619343695728
635.309413628662
613.6838856393455
590.9408327278388
587.9039645774035
570.4413592683172
569.56792444003
557.1892813356012
548.6695250887399
548.5318232891043
538.8050478277305
534.4893161553966
523.0719004890834
516.7401541852036
510.93123367425073
507.3546152935013
501.76047961099164
499.0282371867722
497.11117074446173
494.64649887540054
490.9889245265297
486.6582263107932
483.7326409483815
483.34874351510325
482.3692123064585
479.97564871935606
479.0791466977569
479.07558546018663
479.07558546018663
478.64136744129576
477.96555164139676
476.9513253026165
476.10158952248196
475.25616236424423
474.6869380654533
474.5466881502731
474.4190737360268
473.95456674665934
473.6076983540679
473.3483877632778
473.03110862381425
472.6545499861288
472.2944096942226
471.9203252096314
471.64086971055724
471.55002752332166
471.20906474646836
471.0237720846728
470.64707938530347
470.15360495972124
469.5665779003717
469.1254591488259
468.85662517866496
468.499553535353
468.2103715387229
467.974188336462
467.3944028690218
466.8872030820797
466.4538700641075
466.2193329362617
465.8720369955205
465.40766555455036
465.00614704145494
464.66426198028364
464.3492654714753
463.9885302259725
463.68969186858294
463.4402700069357
463.18821120667593
462.962057678319
462.8185631237578
462.63076512928575
462.47124012992373
462.3338645237458
462.1825524571548
462.05682224760767
461.90337155492506
461.790236986397
461.58534418637254
461.4324441922268
461.28899803206855
461.0774051782161
460.9469230996886
460.77981658685025
460.60657974685876
460.4877904372564
460.3396383973987
460.2695637474796
460.16101939788285
460.0627101336303
459.9084525542717
459.84208468790615
459.74395524659644
459.6505978026935
459.57872952321645
459.4974408886006
459.4125441654942
459.3188968541617
459.22178241500745
459.11933217584726
458.9976551543801
458.7122375903962
458.59623574633605
458.4600617616672
458.34762113523647
458.2286505690266
458.1320234855675
458.00197585492003
457.93569731121084
457.866335572451
457.7924070555512
457.70061947325
457.6535575850219
457.57134575953955
457.42789638917077
457.13138309001954
456.95280820792476
456.72731258525084
456.5326100290243
456.32727178123935
456.18602144941724
456.04127937004523
455.8410392835244
455.65016114566106
455.53464622308496
455.27931449663106
455.15213347126166
454.90630442049496
454.7387116060639
454.59407368618145
454.4431539639589
454.34469596462486
454.21020235812955
454.0083545252325
453.674615967933
453.4308175221015
453.3611956526901
453.17570031652787
453.03666030780676
452.8315363627252
452.40147696844423
452.08995876184326
451.78274138512677
451.54719966463495
451.25156670695975
451.0798270553639
450.99304552873605
450.89371800153316
450.85688074853783
450.7327221664146
450.63870416996684
450.49770274482876
450.3543145523324
450.26365040180434
450.20726497796045
450.16088018244596
450.1323928914403
450.1323928914403
450.1323928914403
450.0872981855265
450.04132935931216
449.9787050831323
449.9400941148036
449.88268489701716
449.8042139008157
449.8042139008157
449.8042139008157
449.74974574478875
449.74974574478875
449.74974574478875
449.74974574478875
449.74974574478875
449.74974574478875
449.74974574478875
449.74974574478875
449.74974574478875
449.7451562637367
449.7273599491835
449.7273599491835
449.7273599491835
449.6841469971166
449.6841469971166
449.6841469971166
449.68251474192385
449.64126743250654
449.64126743250654
449.64126743250654
449.64126743250654
449.6366499328003
449.6366499328003
449.6366499328003
449.6366499328003
449.6366499328003
449.6366499328003
449.58569200826486
449.58569200826486
449.58569200826486
449.5676192539613
449.5676192539613
449.5676192539613
449.5676192539613
449.5676192539613
449.5676192539613
449.5676192539613
449.5676192539613
449.5676192539613
8212.697915354942
5404.810906658979
3395.7366442883413
2122.4884511781693
1599.5473432733693
1286.6675356962028
1064.3663373931108
969.078619442203
860.8833101485342
797.6548144992064
740.1246635939028
698.6352409198358
649.2142502975348
637.3152376131585
621.4007759219995
621.4007759219995
607.8783425444059
599.6451309013373
589.5265377815656
584.8010466482591
577.5839684273276
570.0288340313783
560.9394528563447
551.7115629756254
547.2621884227465
541.1225741036093
532.5841038296717
528.9062897451806
523.7551766611832
518.781175225465
514.0498888501147
507.17430453469194
503.17214771742965
499.3328473352963
496.33166498838295
494.4334612682863
491.152972325863
488.32735528470016
486.56531226429325
484.82448721522326
482.999026204586
481.72809468141713
480.93321906415576
479.2319140642076
478.5541379762799
477.75055450288016
476.7332949923958
475.78024145148805
475.1759819533114
474.1324476022602
472.6300751512289
471.38471303364366
470.27772925950455
469.55467996949073
469.10120083894583
468.72305515848404
467.509168036032
467.2686973814034
466.5951902806555
466.26342032494546
465.887769681432
465.79808643548705
465.75656228938027
465.54604665274536
465.05204083033516
464.84769797107987
464.61634966103486
464.40856222703053
464.40856222703053
464.23422211144157
463.947892014045
463.7838802047572
463.57177808489377
463.41589721584967
463.34406598324404
463.2377294831064
463.06528336332883
462.8044695687047
462.4441457362801
461.9865858515571
461.5291162443412
461.02920204817946
460.46447871429694
459.7597087957067
459.6239081893007
