6161.151030682377
3321.4410622324626
1474.8373540901205
1241.925335318668
918.6791349235947
895.0518840670072
866.3580502504207
725.3942370467907
710.4795754931065
695.3042068516346
694.9383295159307
677.3881963932538
659.7366545466028
634.5809635126566
628.9797704516116
619.6359485354845
612.178704433657
612.178704433657
611.0994268595302
606.9506214117121
589.448626282853
586.072276125024
578.3847756294319
577.304104764325
572.3918521194666
572.3918521194666
571.7991670856952
571.2707122007705
571.2707122007705
567.4565497120457
564.9262362861498
561.8396897222804
560.1002551882125
559.5142822716051
557.8833815160662
556.0219461449277
555.2463113957316
554.2612868004054
552.7869361593773
552.2470302493888
551.3640203449015
550.9923952862528
548.7671745076835
548.6146077640539
547.5718230462843
546.5611898075265
545.2876381766227
543.8062003216103
542.0457265900493
540.6009762203697
539.5683216037635
538.4906620715064
537.7697538407186
537.1994335043069
536.2349171984624
535.0646539212934
533.9392563581354
532.6574277263575
531.5609976853696
530.4276848909785
529.7936228185735
529.1755676366853
528.3362688464456
527.410524403572
526.5288210482265
525.7704383173775
524.8211883018054
524.1655844713594
523.6544005721682
522.9164078663669
522.1636482152245
521.5524601669588
520.9417153175629
520.3240399620116
519.698662914849
519.0829511330064
518.4622810916619
517.8914001938747
517.2277139567072
516.6402419697039
516.0645227596115
515.5623861406895
515.017362143843
514.5398281842437
514.1057736188492
513.7031836794281
513.2517209234452
512.844371846017
512.2944401287398
511.82710588252684
511.2306602516228
510.81625712882595
510.39117100656176
509.804040219787
509.3290370180529
508.7003908889079
508.25343709499776
507.64684925462836
507.1706328269792
506.644724944076
506.1804831993832
505.64699600346546
505.24742292196026
504.8624725090788
504.4721052831814
504.12039282306614
503.6342592747255
503.21987612528415
502.75788854039
502.32776905226757
501.93320097936
501.44471081817363
501.0157799540866
500.57024748417496
499.9941229477733
499.5296295814352
498.9568881890757
498.38175419877757
497.7590239030472
497.24283703712456
496.61443839534513
495.843541967041
495.1311955909002
494.4663378373181
493.9018163608994
493.36588943919924
492.8194593365637
492.3785448583076
491.81705952086065
491.3021384742277
490.8399012107538
490.3638507279489
489.83734096442754
489.21904640533296
488.7322075866271
488.0626093489467
487.5177430538964
487.0111342478832
486.4972840935854
485.97857968903656
485.56799747246936
485.13784038930453
484.74984781119525
484.36520066073933
483.97489145649183
483.53221028848236
483.0737940286713
482.639544410348
482.2506555209508
481.85346576613273
481.35094495460794
480.97648301172114
480.53218489990223
480.18641850982874
479.7236950692542
479.1836939252858
478.7463271030184
478.21754639609475
477.75047913109955
477.29805353532294
476.94115873816946
476.54991854359
476.19343760492103
475.85917627666686
475.5821304298381
475.32853056498124
475.05985486073
474.87049808356653
474.66637065215565
474.40829738979426
474.17564190495375
473.89454984716764
473.5914635159405
473.3686138833678
473.1866850913287
473.031856250557
472.8427966511405
472.7110128583662
472.5598618059425
472.4498206487522
472.3276471977075
472.2111619296874
472.0701958859332
471.95967593972114
471.86737026184426
471.8007452077014
471.7552102721876
471.678028404216
471.6154776164847
471.56333255579216
471.52428898777055
471.4902524324754
471.4672155201219
471.42979351286317
471.4167885379387
471.405495340775
471.37193734802764
471.3533387943458
471.30964123411786
471.3016490008873
471.28233995770006
471.25585755288296
471.2376463959849
471.23678644409586
471.2299185576483
471.21054845698586
471.1526921634592
471.085444883199
471.04878763111356
470.9555581266289
470.81485972472296
470.7972238468628
470.79463284536877
470.74409315992847
470.6058754359301
470.58405901346066
470.52577849291265
470.42048328278486
470.38975138465014
470.27828893420116
470.26637099803355
470.19939485107085
470.1252357594153
470.071407177556
469.9204487886292
469.6408709732683
469.4090785283354
469.00157251188426
468.65503094562723
468.1950460200053
467.4740520612083
466.8011692577636
466.258809719887
465.49716796472325
464.95724322956687
464.12210770585443
462.3060315836419
460.1129533401737
458.35978658822955
456.7845452297679
455.5327561849942
454.44192292060694
453.0187841757796
452.05736532732175
451.5853629623839
450.85481794175263
450.0300332226119
448.4783527423467
447.4505165061246
446.1037347746479
444.4707759279854
443.2848908567936
442.03877750512845
441.2365615375364
440.4470778993027
439.6542092504746
439.1461107583868
438.5793332708382
438.08472750601214
437.4556068197978
436.9261783804118
436.47905782013675
435.94591812624634
435.69798161749316
435.35192292068473
435.1093914645323
434.8004847222568
434.6864118878596
434.47955500435415
434.2713487790737
434.0186758738061
433.7236979503078
433.51835907387124
433.2934603276865
433.1793349784103
433.138830017985
433.0905014307855
432.99385185729096
432.8827326829123
432.7574495621694
432.5699885410539
432.48621556483613
432.4200645080622
432.28243288768783
432.16877061264455
432.1006675779013
431.88542237552764
431.7963917893908
431.66829978339644
431.46617184196793
431.38508373734265
431.2629010883574
431.23813221754006
431.15139693116924
431.0114509886296
430.95673398076804
430.81240567149007
430.71817919855056
430.70359172397656
430.62550299173887
430.55087261608173
430.5248952015562
430.5248952015562
430.5248952015562
430.5028395881586
430.5028395881586
430.4543021942066
430.4428775534749
430.4428775534749
430.3856061170211
430.1434801816448
430.1434801816448
430.1434801816448
430.095617082819
430.06629209743636
430.0263828507154
430.0263828507154
430.0263828507154
430.0263828507154
430.0263828507154
429.95185652453364
429.95185652453364
429.9191152583558
429.9191152583558
429.9191152583558
429.9191152583558
429.9015394671973
429.9015394671973
429.9015394671973
429.87061163510106
429.8687802763012
429.8634431722869
429.8634431722869
429.78931183548076
429.78931183548076
429.78931183548076
429.78931183548076
429.78931183548076
429.7623123078433
429.7364987017224
429.7364987017224
429.7364987017224
429.7364987017224
429.7364987017224
429.7364987017224
429.7364987017224
429.7364987017224
429.73428436531884
429.73428436531884
429.73428436531884
429.73428436531884
429.73428436531884
429.73428436531884
429.73428436531884
429.73428436531884
429.73428436531884
6504.116114493745
5227.933808929504
2212.234375613537
1672.1170131850677
1346.1985672125265
1264.7958446330258
1001.4680503868653
937.5890708733943
918.5557193667876
810.3425415629486
810.3425415629486
754.3144865474742
724.2332315497795
687.5049224444094
669.8493057288163
660.6509917336707
657.0557525052691
631.9568961290763
616.0360257952846
605.23678958988
595.4352832279969
574.1644351618461
568.2436220011318
561.5854483156418
550.3692596499844
538.5418983537363
530.2926244814444
520.4869925431094
515.4738607622138
508.06710276329943
505.899421833288
499.39938438258366
496.454310076642
495.9216951137662
495.9216951137662
494.9886015492287
493.58500774723467
489.7093358859075
489.7093358859075
489.1073999219347
487.9160060943623
487.9160060943623
487.2426447986672
485.3679493167455
484.54729328708675
483.91334388443244
483.17053488724923
482.9007807398308
482.2360559887259
481.1103092054569
480.8797174417168
480.41794212989146
480.04784608510516
479.5148283902854
479.1309777053754
478.5496245924766
478.3247531899828
477.81008159038805
477.2155039427844
476.8179579761728
476.4153754996531
476.3725416765352
476.1833296026496
476.1206443878474
475.9349581962075
475.88316698541996
475.88316698541996
475.80439288829353
475.71791112022413
475.65802876114515
475.6563083919444
475.6563083919444
475.6561870328511
475.62679130301865
475.59877953281716
475.59877953281716
475.58768111008976
475.57367980695227
475.52489567059854
475.52489567059854
475.52316656092125
475.5220940018293
475.51733151142173
475.51733151142173
475.51733151142173
475.51733151142173
475.51642545514255
475.50134729217774
475.49975214811366
475.49975214811366
475.49975214811366
475.49342688004924
475.487551279783
475.487551279783
475.4811947606213
475.4811947606213
475.4729886249212
475.4729886249212
475.47035746644605
475.47035746644605
475.47035746644605
475.4647812498521
475.46455079118624
475.45961349321675
475.4478053407747
475.439598981877
475.439598981877
475.435321570048
475.435321570048
475.43501341688625
475.43501341688625
475.43501341688625
475.42941887865334
475.4262702736019
475.4262702736019
475.4222004917796
475.4222004917796
475.41600642696216
475.41379734668504
475.41379734668504
475.41379734668504
475.41379734668504
475.41379734668504
475.4111078919098
475.3980754617811
475.3980754617811
475.3980754617811
475.3980754617811
475.3980754617811
475.3938955287152
475.3938955287152
475.3938955287152
475.3911657936897
475.3911657936897
475.387156839946
475.387156839946
475.387156839946
475.387156839946
475.387156839946
475.387156839946
475.387156839946
475.387156839946
475.387156839946
6504.116114493745
5607.378543200589
3274.599788554011
2083.7018691635435
1584.7044153844283
1262.1469443356332
981.6732780396051
928.514246543877
794.4762813438246
729.1811403993502
674.8852445007636
664.181589741258
614.1468769979788
579.0601544795567
572.580285559671
559.0340277859879
550.3314146147007
541.6561256680652
535.6247395042046
524.3231284708947
517.1508731130629
508.0617108984427
500.3889266236488
497.0652518532851
497.0652518532851
494.95924049146896
494.1726763786822
490.87000285247365
488.8913402346899
485.3526048496685
484.0475228667016
483.8322948035752
483.03304237572013
480.993835216796
480.993835216796
480.503952682538
479.71034151390074
478.9199767464457
478.9199767464457
478.9199767464457
478.32025753932885
477.69242554762945
477.69242554762945
477.4522224673879
477.2845846011618
477.184050169257
477.09208904925964
477.04770091801373
476.918566916943
476.796983637571
476.67105737926147
476.49012328351336
476.47480434516257
476.33509148332234
476.2237466535893
476.1733322683783
476.02270890648316
475.9579843848106
475.8867630821942
475.8160573225631
475.75695228077893
475.63282106495683
475.5245193069598
475.4344889280047
475.37267310582814
475.2876985237257
475.2468765317401
475.20837362471775
475.1836130119966
475.1404676610015
475.1107184839135
475.08443599284516
475.04427621609426
475.0391153219904
475.0391153219904
475.0391153219904
475.0391153219904
475.0347273859596
475.0192871068466
474.9883848107701
474.9883848107701
474.9883848107701
474.9883848107701
474.9757345559369
474.9741521173209
474.9698214758388
474.92783302277655
474.9161888562077
474.9063664126517
474.9063664126517
474.89945800972254
474.8912233661266
474.8649721791436
474.8585162308323
474.851783785945
474.851783785945
474.8379393084681
474.81052363352796
474.79566271504746
474.79476358268346
474.7779454540748
474.77316050382956
474.77316050382956
474.7594652518189
474.7594652518189
474.74964701669336
474.72199567440407
474.7187481419645
474.71219076852407
474.71219076852407
474.6940113863435
474.6940113863435
474.6940113863435
474.6940113863435
474.6940113863435
474.6934914609309
474.6773842842131
474.6773842842131
474.65977710406355
474.65977710406355
474.65054524929604
474.6501606008951
474.6424371277743
474.6424371277743
474.635188666139
474.635188666139
474.6169553604191
474.6169553604191
474.6121634478011
474.59696618065436
474.59696618065436
474.59062343654455
474.5867558186215
474.57293611749657
474.57293611749657
474.5614015383687
474.5506091015581
474.5506091015581
474.5501080175636
474.5254031105439
474.5179888773123
474.50643792209075
474.50643792209075
474.50059418797406
474.50059418797406
474.48257846966567
474.48257846966567
474.47823995936255
474.47823995936255
474.46526916438097
474.4629533068706
474.4601029134327
474.4580669918359
474.4580669918359
474.4391492221299
474.4391492221299
474.4391492221299
474.43690708133687
474.42945642629206
474.42945642629206
474.40896421197573
474.40896421197573
474.40896421197573
474.4065941102283
474.4065941102283
474.40364107300144
474.40364107300144
474.40364107300144
474.40364107300144
474.40364107300144
474.3967591926205
474.3967591926205
474.3961175280107
474.3961175280107
474.3961175280107
474.3931887782302
474.38710828608214
474.38710828608214
474.38710828608214
474.38121486634685
474.38121486634685
474.38121486634685
474.3766401840067
474.3766401840067
474.3766401840067
474.3766401840067
474.37316047132896
474.37316047132896
474.36925314469494
474.36925314469494
474.36925314469494
474.36651334347835
474.3576328312788
474.3576328312788
474.3547505585955
474.3490637178364
474.3396427019859
474.3376701856385
474.3376701856385
474.32171064184473
474.3174852456513
474.3062052765996
474.2999412577017
474.2999412577017
474.2999412577017
474.2999412577017
474.2898405484385
474.2838653172606
474.2838653172606
474.27288170502123
474.27288170502123
474.26978572504777
474.26978572504777
474.26978572504777
474.26978572504777
474.2672761629658
474.26449342614353
474.26141663814474
474.26141663814474
474.2443816010138
474.2443816010138
474.2443816010138
474.239866022603
474.2397586982919
474.2397586982919
474.2353752208731
474.23165461373617
474.23165461373617
474.21742281405875
474.21742281405875
474.21742281405875
474.20216562615013
474.20216562615013
474.20216562615013
474.19128225734175
474.19083883473775
474.1891250794304
474.1891250794304
474.185293402899
474.1771336824743
474.1709385632179
474.1709385632179
474.1518945852847
474.1518945852847
474.15083005877034
474.15083005877034
474.1414518162516
474.1340114545411
474.1332413279929
474.1332413279929
474.1332413279929
474.1332413279929
474.1332413279929
474.1332413279929
474.1181764701738
474.1181764701738
474.1181764701738
474.1181764701738
474.1175136016723
474.1175136016723
474.1089993482813
474.1089993482813
474.10765765700404
474.0977442224422
474.0933266635713
474.0933266635713
474.0933266635713
474.0930596644759
474.0802049949527
474.0802049949527
474.07887845014636
474.06975085929537
474.06975085929537
474.05955800392127
474.0580435011185
474.0580435011185
474.0500842350976
474.0500842350976
474.0500842350976
474.0490247013661
474.0490247013661
474.04494829394145
474.044303954999
474.0408152873474
474.0408152873474
474.0337573573986
474.0337573573986
474.0337573573986
474.0337573573986
474.03240541695754
474.03240541695754
474.0273169210476
474.0273169210476
474.02616856692555
474.02616856692555
474.0215872057651
474.02086204429787
474.02086204429787
474.0124310394664
474.0124310394664
474.0124310394664
474.00051733792606
473.9919944418062
473.9919944418062
473.9919944418062
473.9919944418062
473.98883978050156
473.9743674446869
473.9743674446869
473.9678859706062
473.9678859706062
473.9678859706062
473.966729548371
473.96643552268506
473.96353581238816
473.96353581238816
473.9548642547114
473.9548642547114
473.9548642547114
473.9511866553303
473.9464383963387
473.93912881455776
473.93912881455776
473.93912881455776
473.93912881455776
473.93449702817975
473.93449702817975
473.93449702817975
473.9339097760454
473.9339097760454
473.93269052135213
473.93233520483983
473.9307999374537
473.9307999374537
473.9307999374537
473.9286294484689
473.91664970846887
473.91226979322806
473.9034589109418
473.9034589109418
473.89598742638066
473.8921593957273
473.8921593957273
473.87850350073165
473.87850350073165
473.87060709756423
473.87060709756423
473.87060709756423
473.87060709756423
473.87060709756423
473.86431650057636
473.8600571419027
473.85777809289186
473.8549889442421
473.8549889442421
473.8454412789336
473.8454412789336
473.836077390093
473.836077390093
473.836077390093
473.823147426832
473.823147426832
473.82183647313764
473.80887176111804
473.80887176111804
473.80857628775493
473.7974315296545
473.7974315296545
473.7945711538705
473.7945711538705
473.78119960638946
473.7674462130774
473.74025143715556
473.71794710565666
473.7144227168327
473.71025150052907
473.71025150052907
473.7078231833831
473.7078231833831
473.6999850022706
473.6881360005025
473.6881360005025
473.6826664494593
473.6826664494593
473.6826664494593
473.6826664494593
473.6716933817715
473.66216128206025
473.6564697742147
473.6564697742147
473.6564697742147
473.6429323478028
473.6387999877768
473.6387999877768
473.6339233880841
473.62635848817786
473.620563917908
473.6024225402334
473.6024225402334
473.6024225402334
473.6024225402334
473.6024225402334
473.6024225402334
473.6024225402334
473.59373548386384
473.57725192940376
473.57725192940376
473.5682716107173
473.5591623051524
473.5591623051524
473.556751471825
473.55004752535933
473.5201238870852
473.4967983256263
473.4967983256263
473.47894807730336
473.4771963771515
473.45509884691995
473.45509884691995
473.45509884691995
473.425275327312
473.4102284286489
473.40714145197484
473.38867969799924
473.37842497252905
473.33620929993515
473.3164855642868
473.3150585681186
473.3090467826159
473.3061829645332
473.28180892068536
473.2698464137608
473.26881399556515
473.22046545034925
473.22046545034925
473.22046545034925
473.21674144587064
473.20491200073184
473.20491200073184
473.19686598777895
473.19686598777895
473.176489231524
473.1593571761788
473.1593571761788
473.1593571761788
473.1593571761788
473.1593571761788
473.1593571761788
473.1593571761788
473.14076220790065
473.14076220790065
473.12334637662616
473.1202619755233
473.114396015814
473.1037468477666
473.08799984457664
473.08799984457664
473.08261041545967
473.08261041545967
473.0758092385865
473.07553164638523
473.07553164638523
473.0466217495445
473.031656999905
473.03091069697734
473.0295557462155
473.0295557462155
473.0208743705578
473.0208743705578
473.01348011737457
473.01348011737457
472.9905539686811
472.9905539686811
472.98006971267057
472.97489330523706
472.9745639755014
472.9745639755014
472.9745639755014
472.9745639755014
472.9745639755014
472.9745639755014
472.96173994642777
472.94773685292887
472.94773685292887
472.94773685292887
472.9327740802709
472.92620487670297
472.92620487670297
472.9256942216289
472.9256942216289
472.9256942216289
472.92405325148223
472.91924110632124
472.916924307351
472.8998577397292
472.8998577397292
472.89279307493626
472.85729254904913
472.85729254904913
472.8445248546974
472.8384661921051
472.83669955491195
