4888.603339822254
3887.2990149899742
2625.8418354879923
2043.1552676631027
1651.6016824705653
1329.924506278886
1238.579119241907
1074.5016494847132
1040.1564428300985
903.8318297101966
859.0977683675379
806.1683223927123
742.353559060653
706.9030010159438
683.0100888362313
649.4725228242207
649.4725228242207
646.6193657253667
642.2865069179373
638.5386527573615
623.1701702749485
612.9511887929053
604.5589704806063
595.2361711562942
592.5489026656387
581.4038215935682
572.5770151547486
572.5770151547486
569.1290035454388
566.3010042438257
560.9096773958889
556.8170650936981
553.7450254462861
549.9163038367617
547.487419028162
544.6706826189236
543.5017017776809
541.0027001319029
540.1131507659973
538.233547317008
537.0951772948015
536.0864404310187
534.9617740387894
533.9895197766225
533.0150531296553
531.2534238886395
529.7699954193514
528.4393265648191
526.4207693153857
524.9830355123031
523.7025230520068
522.8899015509096
521.909121033827
521.084562799089
520.5192460147412
519.8069719937541
518.6444445021743
517.5588014570204
516.6255285659482
515.9922045789266
515.0859436437157
514.4313973440605
513.5472371553653
512.3662813633008
511.824598650926
511.3636748098214
510.97683316452185
510.55767708931774
509.9463037110831
509.4303450833945
508.6694678717521
507.7991554425417
507.1830409463163
506.0577108337243
505.28291322284315
504.4956165913859
503.5813447502068
502.80119150746066
502.11146208723375
501.3794339905302
500.7787734637864
500.05609763688335
499.25874258309426
498.67420133139143
497.66818729022634
496.99949516111064
496.1458027252808
495.15974161862493
494.380096138259
493.3627196787309
492.1679004604748
491.13318367155887
490.1216618929157
489.2908249700129
488.77290595676556
488.19115079688777
487.7271845161223
487.3888544089458
487.08151003502144
486.6493722205169
486.2202045637763
485.7118121361173
485.09642863503757
484.7781877254567
484.40932263317944
484.0022571076861
483.354262556547
482.8476168784165
482.422878836427
481.93695398855624
481.4793448453552
480.9853179412373
480.50936713356657
479.977576866991
479.4988690322166
479.12976990762104
478.65740906074507
478.1311148458787
477.6245272317518
477.0433714350952
476.52348018918593
476.1443800522267
475.6126917814387
475.1123101950943
474.4427258926077
474.02579903620216
473.6724996962454
473.28627644951075
472.9510999449043
472.42304768077094
471.9715970946676
471.51152870001647
470.98169113101477
470.5388372123374
470.1851692778511
469.85443207611604
469.5711362068614
469.1745201373384
468.875558974259
468.49244474017706
468.09077717332866
467.6925688264754
467.27444690708484
466.97502466409753
466.6348324173806
466.3128063743489
466.0449095463097
465.70967852774885
465.33725543628344
464.916291852652
464.54666549775686
464.2279053399539
463.8427863642741
463.5775518273098
463.3326808643617
463.04647813938436
462.7426085197303
462.4409478113072
462.12316012413226
461.8795158861216
461.4794966277774
461.16213380598094
460.71114618142633
460.4272876728915
460.01365766667004
459.76323188347675
459.42246746687886
459.03485951644143
458.6700600347119
458.41533631725486
458.13503457614195
457.76400766709503
457.4422444821236
457.2543782417881
457.1366367844957
456.9669556252147
456.65324729329507
456.4922164988333
456.1440112917405
455.794635502843
455.582533630663
455.3930332741073
455.1167410166866
455.0153349065327
454.79038397183575
454.5541350049894
454.3837385313103
454.0407296190543
453.91359487170854
453.7797931167855
453.60815488214035
453.36994784584
453.2114092097318
453.05574017808914
452.8977413800628
452.72741417519035
452.49852058989563
452.23994446249384
451.99591002650106
451.84777758804495
451.7223108017207
451.5448376262413
451.4510961223061
451.31986007238896
451.23963584845296
451.103703479779
451.0417254338307
450.8146286857104
450.5768293074607
450.41577286827237
450.3164157059057
450.20904311923243
450.19095154584204
450.0914217345804
449.9459958803639
449.91685395079656
449.8806496113067
449.83471648116864
449.7628740242513
449.7628740242513
449.760213384217
449.7544594563695
449.6625054235506
449.6625054235506
449.6625054235506
449.65872791612895
449.6418536061849
449.62418767080123
449.62418767080123
449.62418767080123
449.5740104976733
449.5740104976733
449.5740104976733
449.5740104976733
449.5740104976733
449.5740104976733
449.5740104976733
449.5740104976733
449.5740104976733
8879.25125109038
4588.990156439162
3439.0250031625437
2339.2985048762594
2004.3464418709862
1472.5699092365915
1143.5358362881705
949.3631353965732
898.6776071642544
877.459018269165
825.5118678069716
798.1813677859956
769.1309007734626
746.1424457613296
736.4840327769502
714.5707459981658
687.7604566571137
677.8235225294384
668.4184489839447
651.7848451332742
649.2842980085447
642.1375390279667
641.7045735520695
626.2546711332764
626.2546711332764
624.4355470420697
617.1722162908313
609.2482889874994
604.0239892333876
600.6138230700371
594.030915534711
585.8024197305814
579.2554898336246
577.0734720835925
573.998079165039
565.6581146968672
562.8203066399783
561.187815219286
556.8376493697355
556.4906536457565
553.175353876456
552.210450878836
549.6498445334887
548.212088975677
544.6068245973879
543.4629981164138
541.7864577641942
539.5033254017477
535.734734453761
532.4966122329129
527.8133162575034
524.5680105348213
522.543763544341
520.3290513292836
517.3123310008582
514.9257859654792
513.6113019158151
512.5340118559204
511.2874546311062
510.0641231501976
508.06946932197724
506.3514279744008
505.2944474566498
504.53258074294683
503.56856175216524
502.6206391822927
501.68323044996316
500.8898565104586
500.09300476399176
499.1963042389697
498.3927341811242
497.71029408751065
496.84096467322036
495.90476479073186
495.1380710621734
494.26206625949624
493.51724568681755
492.74994496478945
492.0343516731185
491.19726113482363
490.11143354843296
489.02108517988427
487.80759193801447
486.81231648080274
486.05308543199055
485.4481865395587
484.64709070241776
483.71254242429166
482.6271252146779
481.6345707369294
480.7752191863601
479.778452321828
478.99558548705636
478.05740616866217
477.3446459290997
476.71167262393794
476.1444155948646
475.617476550608
475.0955571796893
474.57326710441635
474.02027864804927
473.5797201265144
472.94458812519474
472.42831581445193
471.86639603710387
471.3291979247948
470.8619424577984
470.3605566091
469.6906408532929
468.8691600314648
468.1441848789915
467.29941227135794
466.7711022656524
466.1980606069849
465.66786677274695
464.8596590092948
464.0620971051686
463.33648763922497
462.641707241775
462.20196723494274
461.6857364205946
461.1334238488645
460.61349182852445
459.9917319026684
459.32253219828846
458.8837708023632
458.38065759064233
457.8309000123911
457.4656932664386
456.90443474795853
456.32932209300304
455.80739006768937
455.4207409172912
455.0983568506886
454.7124498927054
454.43561414533906
454.22094037051687
453.9364276420931
453.67514131726716
453.3426292787816
453.0530252339279
452.82644465574805
452.6179743868113
452.37649336203515
452.1747832092435
451.9946990692095
451.84359573999654
451.6566048844641
451.5356349748513
451.42296402181995
451.30656228420855
451.22500147296
451.1084280852979
450.9494332816877
450.8947361083592
450.8086848383365
450.67997027229234
450.555733269014
450.4766026943307
450.3782102625243
450.27054776585277
450.16598575198003
450.08192478256916
450.04814590012217
450.0424360207724
449.9827250997649
449.9151992537808
449.85212566103104
449.84498731969484
449.8322681309887
449.7481585707984
449.7481585707984
449.7481585707984
449.7481585707984
449.74707203248107
449.7222911656518
449.6758900755285
449.6758900755285
449.6758900755285
449.6629665669257
449.598013821492
449.588159570355
449.58730176905925
449.58730176905925
449.52842962522135
449.52520515887124
449.52520515887124
449.52520515887124
449.5114931822171
449.5114931822171
449.5114931822171
449.5114931822171
449.5114931822171
449.4989285484705
449.4956908605963
449.4956908605963
449.4956908605963
449.4956908605963
449.4951313784691
449.48269740979237
449.4787047900568
449.45309672840716
449.45309672840716
449.45309672840716
449.45309672840716
449.4387850634705
449.4387850634705
449.4387850634705
449.4303956911212
449.4303956911212
449.4073531164893
449.4073531164893
449.4073531164893
449.3981399702802
449.3981399702802
449.3981399702802
449.3981399702802
449.3981399702802
449.3981399702802
449.36240188688134
449.36240188688134
449.36240188688134
449.36240188688134
449.36240188688134
449.36240188688134
449.36240188688134
449.36240188688134
449.36240188688134
8879.25125109038
4362.380806559431
3186.5643642884847
2460.539253379034
1771.6440277380823
1463.4063117978797
1348.5944881612593
1101.0931323981897
962.9924934708764
843.7694293402313
800.8950848017589
763.4947586301055
724.3162809737847
678.6333160990396
660.2659228800242
642.8035190108595
626.2897133590923
617.524807512379
607.0173671504812
603.3325017928457
597.07550809888
591.9134154270668
588.0579029382092
582.1782315848125
578.7225771577378
573.7130216548661
570.7111172069453
566.1994497189837
563.309031450635
559.8233388802628
557.3917567910995
554.6635007229418
552.2526503173135
549.960939273738
547.4656578743707
545.576841434395
544.3306940782135
543.215280553408
542.3100419664695
541.3102386732662
540.4681014702896
539.6357798373276
538.8332448005218
538.044890263868
537.223190298334
536.2798909958553
535.746528017936
534.9153278642125
534.4506904826852
533.4351280211617
532.50543233362
531.7751865366465
530.9198443814553
530.151364357464
529.2304040832494
528.4061956131692
527.6223567654237
526.9661320022153
526.3215883314605
525.8714055959217
525.258013031532
524.7039024984539
524.0773097276846
523.5458342268091
522.9216314966922
522.3119999880885
521.7037969980645
520.9843195518234
520.3833128336139
519.8460619973032
519.5009944201419
519.0476093411175
518.5124359794613
517.8395405872886
517.29371940598
516.6075784828818
515.9836586143197
515.3478163158643
514.6299962699134
513.9083911525398
513.1787634036765
512.1524676971976
511.23476094963166
510.39731190793
509.8310722098556
509.3243834525659
508.77854857846194
508.29694764212536
507.7616518293783
507.28419280228024
506.7916410022051
506.2020193608406
505.3956073732767
504.81970822233944
504.0929914440738
503.13584151017477
502.454694631767
501.9057907024631
501.3519176698482
501.0286436225853
500.62049499140755
500.1893092787668
499.74143877743234
499.2448080641776
498.78290146863134
498.2652050674045
497.87408403464417
497.413068772063
496.9864043388194
496.544568806778
495.6990480146076
495.0741548794498
494.30247017410363
493.56080036772215
492.88941541705935
492.16587096669593
491.2617098077735
490.3482245051882
489.19020906916586
488.22257717384423
487.4412311449593
486.9483879434438
486.61820232124035
486.35106886137623
486.0203973180372
485.6698341833346
485.2676253814126
484.7969128591118
484.3484237909041
483.8045817708807
483.42007125858777
482.92382677211754
482.42559097784925
481.92287048676576
481.4702546929432
481.0952472996554
480.6999650882508
480.2689703734993
479.8112367605179
479.30953440463804
478.9268023185009
478.50843098675966
477.94064558128713
477.4488035874609
476.91403636068145
476.2472525045798
475.8316593482643
475.26270420162723
474.8159810005261
474.23162484821
473.5682167002704
473.09258870862743
472.588023566618
472.17712423830164
471.796275877248
471.41160859195804
471.0329510345692
470.71285797369524
470.287732855639
470.02653604894664
469.6973284725397
469.26318844463106
468.97509400320445
468.61491045412197
468.1652466441311
467.7214991314983
466.94194255750483
466.3103019170814
465.7372741244498
465.2483555901982
464.73368678225125
464.3273505991734
463.86256743776846
463.3945989395013
462.95335123459574
462.53044612656356
462.1343391391142
461.7103931581123
461.18681872517436
460.6821778031583
460.15247584139325
459.7259429962896
459.28284388527464
458.8981404085
458.6889724967825
458.3717571270439
458.19370706223447
457.75641624376715
457.59000781674206
457.42518384529455
457.2915273159839
456.7493512367973
456.4054506245624
456.0196684085165
455.78952703796455
455.56281055449864
455.3534923923608
455.1081459515653
454.64990577503573
454.426849891751
454.23149659942607
454.11385974698766
453.91926942422964
453.68193844974957
453.54380311606695
453.3209071649907
453.155159433608
453.0043969228099
452.9019678877897
452.7552856765316
452.589906936769
452.47692437861883
452.366261512745
452.2906867220345
452.08139876672675
451.95791352578783
451.8655886933666
451.8031111755784
451.71291599229187
451.6201913962261
451.4546724751078
451.37475738633543
451.36322424944905
451.19701169446427
451.1571992389011
451.0714113705189
451.0353423725337
450.8811722614102
450.7911127303362
450.6582117451077
450.60792786131987
450.60792786131987
450.5848311974552
450.483675226452
450.4644650703419
450.4221557309546
450.4221557309546
450.4111691025836
450.3084067033134
450.2167224407311
450.174922882419
450.1493775838202
450.1086846071998
449.9577764614093
449.9577764614093
449.9577764614093
449.9577764614093
449.9217813885863
449.88322889137015
449.8619550117478
449.8248681690837
449.80377620687216
449.80377620687216
449.80377620687216
449.80377620687216
449.80377620687216
449.80377620687216
449.78239184890674
449.7630466124843
449.7394550107354
449.7394550107354
449.7132762681475
449.687925580965
449.687925580965
449.6871287502507
449.6871287502507
449.6871287502507
449.6444459159148
449.6329038165126
449.59650975440337
449.59650975440337
449.59650975440337
449.54979665520904
449.54979665520904
449.54979665520904
449.54979665520904
449.54979665520904
449.54979665520904
449.54979665520904
449.54979665520904
449.54979665520904
8879.25125109038
5536.473662165025
3711.429395581843
2914.9881768620526
2144.5227259632966
1733.2752980858502
1545.1599192044907
1273.208127685386
1069.1523689895303
905.1265408880868
824.7824132284431
772.1172365777988
747.9619367816227
747.9619367816227
736.8199216205412
726.4454836999789
714.3088547130649
702.0178950941474
693.7465138311013
685.6219521648255
680.073376904307
676.5262313701139
676.5262313701139
676.5262313701139
671.6872296443436
670.3034727515301
669.3985572390784
666.8034585253528
665.8162841051212
662.8221812330719
659.1244894511739
659.1244894511739
659.1244894511739
656.5203039366286
655.7847658609085
654.5043337469338
653.1243489961466
651.1331350070341
647.0957338463982
644.9120487691572
641.9695589869881
637.5892419568356
635.195337685145
631.5969192170903
627.6479743555282
623.0606050777756
621.8729265088922
621.3201965997737
619.3674860924273
617.2290943550229
615.5982893219839
611.6500260662376
610.9630858352223
609.6264008282141
608.980424903937
607.8203119338034
607.8203119338034
606.7688073309193
604.5226023407508
603.2632932692527
602.6047385029015
600.6908545801517
599.3780333714128
598.4259717564091
596.9467305195435
595.8633916738543
594.7958955082003
593.9434240461684
592.8376038108879
591.6973119980703
590.5035395781721
589.4566697407483
587.8731916277119
586.394631516861
584.9886077326083
583.7971950454653
582.8302095095476
582.1847573174916
581.6483023088654
581.0670106461283
580.5292576726152
579.9817904457167
579.3676614277816
578.9795204254913
578.5425879993359
577.9786234995096
577.4882608451422
576.712705023389
576.0841878651177
575.4288232874326
574.6769783890536
574.2414893104531
573.3331068855841
572.5500677110228
571.5263621587418
570.8259989456282
570.0031979218625
569.0616238985391
568.3861797574021
567.7322547035689
567.056520422104
566.504996825982
565.9293875516819
565.4586363879946
564.9527571410856
564.3649291407326
563.8967679114012
563.2925695927215
562.6821501012826
562.1259233674475
561.6187923264595
561.1575747510549
560.6567406990252
560.0786474775969
559.6823305468533
559.1713576659727
558.6261067271495
557.9840553095862
557.4903295954938
556.9629800528737
556.4920063173446
555.655868501184
554.9499443515886
554.1922505048879
553.6131077801294
553.0375822101109
552.4537870167267
551.879488837466
551.2778335378329
550.6735901981833
549.98379342692
549.3570531981056
548.7100421426801
548.0892431507152
547.5169363575885
546.9413254328878
546.4585232824871
545.9001794436145
545.4063512017821
544.9455764094837
544.4828595129637
543.941037701446
543.4926750565305
543.050568908703
542.7422553768596
542.3762315908048
541.904460991022
541.3637448007379
540.5972054379638
540.0135996873194
539.3492530650749
538.7951316376934
538.3523367183057
537.7661290830888
537.2396866961432
536.8238747663621
536.3216234330755
535.8862753730025
535.3594291817097
534.8165334363532
534.3376035065838
533.8542274762992
533.1449321908863
532.6761924455863
532.2275715003568
531.8317603368718
531.3575577947394
530.9943171165716
530.6207812569814
530.2050027765373
529.6643689803316
529.257765100136
528.6922638264568
528.2554466959075
527.7864049348094
527.269196654609
526.7784390974768
526.1143887425753
525.7098395730279
525.1471024789835
524.6008510727445
524.0516098950269
523.578240336403
523.2025064352216
522.7514209724303
522.3109651859464
521.854900444742
521.3165953757226
520.897403167533
520.4145487117004
519.889906461388
519.3138515994937
518.7213529112626
518.036193537499
517.5521691761484
517.0025977913028
516.4760357317739
515.9264083421375
515.3726329969005
514.7351409420182
514.2351663239882
513.5719984311796
512.9853152537204
512.4487993461097
512.0023257324763
511.41300180135
510.8110113251454
510.25360060569255
509.58411735202384
509.06865512203376
508.49266028763776
508.03045127051325
507.57129065804304
507.0337872196384
506.4983522544969
506.02911437242653
505.2813530979046
504.5745924684901
503.8555805080654
503.2606643790188
502.67141831809664
502.1870527673742
501.704987788594
501.2680468492224
500.7816341586144
500.33095357665394
499.88849184436197
499.5003393824011
498.9642126673567
498.40313788032915
497.9936850009947
497.60226564948664
497.18484328060396
496.7272499204437
496.31337673166456
495.86328507353244
495.36984266042043
494.8435546790342
494.35755657823097
493.90223595756754
493.32808098280356
492.85435390049787
492.45686725488713
492.02776658097775
491.536322863281
491.0109835054655
490.60023489453727
490.1290845900325
489.742693530846
489.2492524326739
488.80373332829197
488.24840638884575
487.7711074047539
