6823.956822066691
4707.393149800393
2802.761555937444
2139.2558845602957
1728.0590028070228
1331.2731437468155
1192.4482783326912
997.5123658808609
877.218835356596
795.6813605521389
733.8470501279122
712.6660454758836
683.6637641973987
656.8678102580672
624.2043098359068
622.6373529662565
602.637080873564
589.990853277469
577.2269222680985
559.1179158692445
551.4177125898302
529.2767246685653
521.1876054766273
493.4297869741696
489.63723394795585
486.76523404756836
473.56175823998024
465.78616529954974
458.99484632566305
458.5962531777441
457.07112873140073
454.5942558027378
453.8653753229915
453.17791173130354
451.37907773402577
447.216418254592
444.79424046635864
442.17823000195483
440.34781650630686
436.3447665248602
433.6119053138527
429.9726927706498
429.9726927706498
428.19100780302927
426.4752897934507
426.2624262737786
424.7757696964392
423.1642047632645
421.3821414565345
420.9155304162792
420.37704277738936
419.8532274685991
419.59021201035216
418.56441377634076
417.9607896493485
416.71445455287414
416.40843153882656
415.3904557166719
415.115638456773
414.21893777764694
413.6734904975104
413.01285831519687
412.550032677305
411.99485493823175
411.36735529378075
411.1902809362082
410.49534275473275
409.78155719818733
409.2830401122945
408.5394112938854
408.18791379763627
407.73360077288726
407.4109075266597
406.8313856209487
406.70116099003866
406.47801986874316
406.21734941954253
405.9782366661779
405.89069633161466
405.683500884962
405.5728706862364
405.43823465978573
405.3534886992775
405.26962743498837
405.1857710754041
405.0622304156675
404.97339655820974
404.8879361932708
404.86294772786357
404.8170979713386
404.65054277989145
404.65054277989145
404.64951321208946
404.5814365421261
404.57242762996225
404.57242762996225
404.5603322683879
404.51028277883034
404.4932244958365
404.4932244958365
404.4932244958365
404.47144785134464
404.47144785134464
404.46310362890614
404.4530787309342
404.4530787309342
404.4372521126929
404.42808164534875
404.42808164534875
404.4157597845089
404.4059424778708
404.4059424778708
404.37340955092344
404.371420790394
404.36891690778356
404.36891690778356
404.36891690778356
404.36177804401814
404.3614847149755
404.3614847149755
404.3614847149755
404.3614847149755
404.3614847149755
404.3614847149755
404.3513224120717
404.3513224120717
404.3461782668308
404.3461782668308
404.34445875367317
404.34445875367317
404.34445875367317
404.3433430058818
404.3433430058818
404.34239913932
404.34239913932
404.34239913932
404.34239913932
404.34239913932
404.34239913932
404.3408105688139
404.3408105688139
404.3408105688139
404.3408105688139
404.3408105688139
404.3408105688139
404.3408105688139
404.3408105688139
404.3408105688139
404.33890088792685
404.33890088792685
404.33890088792685
404.33890088792685
404.33706413556615
404.33706413556615
404.33706413556615
404.33706413556615
404.33706413556615
404.33706413556615
404.33706413556615
404.32990137996245
404.32990137996245
404.32990137996245
404.32990137996245
404.32990137996245
404.32990137996245
404.32990137996245
404.32596990073586
404.32596990073586
404.32596990073586
404.32537300605
404.32537300605
404.32537300605
404.32537300605
404.32537300605
404.32537300605
404.32537300605
404.32537300605
404.32537300605
404.3246888978619
404.3232330041188
404.3232330041188
404.3232330041188
404.3232330041188
404.3232330041188
404.3232330041188
404.3210031305299
404.3210031305299
404.3210031305299
404.3210031305299
404.3210031305299
404.3210031305299
404.3210031305299
404.3210031305299
404.3210031305299
9120.474743147237
5262.905690628759
3286.242753040315
1634.7859819134853
1228.1703383628133
1178.1134357472242
969.1188057032368
905.1491951165007
903.3683718150425
769.8486686552998
734.1168298916496
704.4063556068866
630.2658114755461
602.0903079952799
572.2573869562844
553.2419161383025
520.5149215732172
510.5629869066057
502.62706656899695
502.62706656899695
500.3856935938579
493.8703309016443
493.5513749927406
490.7366967607203
488.6316602051449
487.15654214264214
486.10349878782745
484.8849377100523
483.3227626302602
481.8505782586576
480.24652782006495
479.462309626367
478.7945311585279
478.1663395862304
477.220631956353
477.220631956353
477.220631956353
476.7044381469601
476.00839945194286
475.44463198116426
475.19809566659615
474.1552025880697
473.2537784086571
473.00275352412666
472.4111108880285
472.02173357809204
471.7064743321591
471.4487265609093
471.4242758007421
471.3319572770922
471.27648187931425
471.22569572839734
471.1237970764026
471.0526719427929
470.9204153251357
470.9204153251357
470.9204153251357
470.9111063278209
470.7922583115816
470.7922583115816
470.7256248835232
470.7256248835232
470.61620127006137
470.61100631368856
470.5702390968929
470.5702390968929
470.5272505442721
470.4944693527353
470.4714675851982
470.4442091598928
470.4228216833622
470.3913627423063
470.39023678688073
470.3377990020027
470.3377990020027
470.3377990020027
470.3045210061183
470.3045210061183
470.3045210061183
470.28814087133804
470.2447590847996
470.2222005618401
470.2222005618401
470.20304414903364
470.2015490025155
470.16028135756164
470.1492825104106
470.1329169166164
470.1329169166164
470.12267604106256
470.10689604931275
470.10689604931275
470.0879552870447
470.06781159478294
470.06781159478294
470.05953528226866
470.05152452414404
470.05152452414404
470.0503031979074
470.0441914983177
470.04321529120654
470.023140917588
470.023140917588
470.023140917588
470.0200752169776
470.0197819542518
470.0009426651198
469.9893117363682
469.9893117363682
469.96739480134113
469.96739480134113
469.9573457011926
469.93369629503496
469.93369629503496
469.92047536935434
469.9033988314131
469.90034105641007
469.89011823258966
469.89011823258966
469.89011823258966
469.87292057411213
469.87292057411213
469.8702436313309
469.8702436313309
469.8552756353038
469.8430981587891
469.8430981587891
469.84162071045955
469.84162071045955
469.84162071045955
469.8203711445466
469.8203711445466
469.8067586674683
469.7670596390361
469.76579348378596
469.7574842582442
469.7574842582442
469.7574842582442
469.732221523318
469.7096334729872
469.7034539560861
469.7034539560861
469.6920872786633
469.69008481994183
469.6769577684251
469.65986759534803
469.65712330354836
469.65712330354836
469.65712330354836
469.6290448436399
469.6290448436399
469.6290448436399
469.6290448436399
469.6290448436399
469.6290448436399
469.62646629600744
469.61689209345536
469.6110572996542
469.6110572996542
469.605577768943
469.605577768943
469.596152649052
469.5889722649116
469.58438851331005
469.56928169442347
469.56928169442347
469.56928169442347
469.5684904653851
469.5684904653851
469.5607467114354
469.5607467114354
469.5522024842369
469.5522024842369
469.5522024842369
469.5442028590926
469.5441332756721
469.5441332756721
469.5441332756721
469.53213355492346
469.53213355492346
469.5028951471596
469.4934824073315
469.4934824073315
469.4934824073315
469.4934824073315
469.4849272393101
469.4849272393101
469.4811598293085
469.4786482047731
469.4786482047731
469.4786482047731
469.4764475753035
469.45748297178613
469.45748297178613
469.45131559794584
469.45131559794584
469.4494412041505
469.4494412041505
469.4494412041505
469.4431707813774
469.4431707813774
469.4431707813774
469.43705802691915
469.43705802691915
469.4354175816231
469.4354175816231
469.42290445229185
469.42243570177516
469.4053393919845
469.4053393919845
469.40457653970384
469.40457653970384
469.40457653970384
469.40457653970384
469.40457653970384
469.40457653970384
469.40449629160315
469.4033323777728
469.4033323777728
469.4033323777728
469.3982942524548
469.3982942524548
469.38750936345167
469.38750936345167
469.3800469530026
469.3800469530026
469.37835494219763
469.3750228366004
469.3715985419429
469.36583137427033
469.35873076395615
469.35873076395615
469.35822671113425
469.35822671113425
469.35822671113425
469.3461511883766
469.33857294204205
469.3216893984656
469.3216893984656
469.3085798695155
469.30067068943913
469.2966620223237
469.2966620223237
469.2966620223237
469.2966620223237
469.2966620223237
469.2832376504497
469.2633489306822
469.2633489306822
469.2633489306822
469.24584743668595
469.24584743668595
469.2361157921012
469.22196827214935
469.2143903606457
469.2068457591303
469.1925349648224
469.1925349648224
469.19183083749135
469.1778205922092
469.1762422489983
469.1330539092754
469.1330539092754
469.1330539092754
469.1318096428178
469.1214064423496
469.1115406276625
469.09884308660503
469.0966109083309
469.0966109083309
469.0942878276329
469.0782993060237
469.0782993060237
469.06916368949976
469.06916368949976
469.063358394017
469.063358394017
469.0399373153843
469.0399373153843
469.0399373153843
469.0273283481113
469.0170088076008
469.0170088076008
469.0170088076008
469.0170088076008
469.0170088076008
469.00451478784805
468.9997064747952
468.9997064747952
468.99156120130834
468.99156120130834
468.984248910248
468.984248910248
468.98374538498217
468.9710546284535
468.9710546284535
468.96645752656144
468.96645752656144
468.96645752656144
468.96645752656144
468.96645752656144
468.950420584344
468.950420584344
468.9481654745299
468.9481654745299
468.94081801216095
468.93799072356126
468.93799072356126
468.919096160147
468.90996967792046
468.8952014978287
468.88772669679145
468.88772669679145
468.87575017595276
468.869180453468
468.869180453468
468.869180453468
468.8590133588249
468.8590133588249
468.85410844300486
468.85410844300486
468.85410844300486
468.8367982865747
468.8367982865747
468.83136820289656
468.83136820289656
468.82992544792467
468.82992544792467
468.8204743119825
468.8135630721563
468.8135630721563
468.8135630721563
468.7990396269733
468.7990396269733
468.7990396269733
468.7920402120877
468.7920402120877
468.7920402120877
468.7920402120877
468.7920402120877
468.7920402120877
468.7920402120877
468.7891519182814
468.7891519182814
468.7816143307188
468.7816143307188
468.77750515806883
468.776045083389
468.776045083389
468.76997980225656
468.76997980225656
468.76997980225656
468.76997980225656
468.76866359926316
468.7642204099656
468.7642204099656
468.7642204099656
468.7642204099656
468.7642204099656
468.7642204099656
468.76232734019976
468.76232734019976
468.76232734019976
468.76232734019976
468.76178007480684
468.757573449553
468.757573449553
468.757573449553
468.757573449553
468.757573449553
468.75725468243655
468.74568546029224
468.74568546029224
468.74111020302047
468.73791064350667
468.73791064350667
468.73791064350667
468.73791064350667
468.73003614570223
468.73003614570223
468.73003614570223
468.72895886316877
468.72895886316877
468.71916853096553
468.7051493072038
468.70230585840113
468.70230585840113
468.6951340492674
468.6951340492674
468.6951340492674
468.69231760711097
468.69231760711097
468.6869800814359
468.6869800814359
468.68658838872693
468.68658838872693
468.68443564492145
468.6743363851957
468.66937007383774
468.66381215619225
468.6496662598368
468.6496662598368
468.6496662598368
468.6496662598368
468.6496662598368
468.62356866399637
468.62356866399637
468.61110324380405
468.61110324380405
468.6080715096176
468.6080715096176
468.6080715096176
468.6080715096176
468.6068207511839
468.6068207511839
468.6068207511839
468.6068207511839
468.60003420387454
468.5908299207483
468.5837641536004
468.5811626836296
468.5796547902087
468.5796547902087
468.5748183954604
468.56510594249454
468.55050326125786
468.5459507960595
468.5349335351192
468.5349335351192
468.5349335351192
468.5021627376603
468.4958997262703
468.46929369596364
468.46929369596364
468.4661782590756
468.45393994241726
468.4480760063526
468.4480760063526
468.4480760063526
468.4341677825304
468.4251929684011
468.4251929684011
468.39890307821327
468.3877919550932
468.3805021034813
468.3805021034813
468.3696850322167
468.3696850322167
468.3696850322167
468.35360297382067
468.35110724826086
468.35110724826086
468.3466033466966
468.3437145589168
468.3437145589168
468.33133038186423
468.33133038186423
468.33133038186423
468.3230028403086
468.3230028403086
468.29824947338193
468.29824947338193
468.2912765609603
468.2912765609603
468.2912765609603
468.28699788615234
468.28699788615234
468.2786914696885
468.2786914696885
468.2677969407672
468.2608321069534
468.2608321069534
468.2553032019043
468.2553032019043
468.25253981400783
468.236672037746
468.2328506842005
468.2328506842005
468.2327353419982
468.2327353419982
468.2072705747282
468.2072705747282
468.20469458617447
468.20469458617447
468.1910506523827
468.1910506523827
468.1910506523827
468.1910506523827
468.1910506523827
468.1910506523827
468.1910506523827
468.1826740221647
468.17560981761306
468.15924108564394
468.15924108564394
468.1455159905023
468.1252672852542
468.12221117809975
468.12221117809975
468.09778277386056
468.09778277386056
468.09778277386056
468.0799099613548
468.0799099613548
468.05288716965185
468.05288716965185
468.009779450943
468.0093161150709
468.0088283317415
467.9769368057735
467.97662312771917
467.9661867136793
467.96323721809165
467.96323721809165
467.9612908144104
467.9612908144104
467.95604302410516
467.95604302410516
467.9285443319671
467.9285443319671
467.92837141462326
467.92837141462326
467.9282280090324
467.92079438868285
467.92079438868285
467.92079438868285
467.91430873050695
467.91430873050695
467.91006161860776
467.90049253841465
467.8933474140737
467.88369635206504
467.88369635206504
467.88032082964787
467.88032082964787
467.8645202864865
467.8645202864865
467.85440823397505
467.8463907236152
467.84467921653584
467.84467921653584
467.8151810147587
467.8151810147587
467.8067350754212
467.8016068737636
467.8016068737636
467.79954319432284
467.7985048848032
467.7985048848032
467.7985048848032
467.7862357209094
467.7862357209094
467.7862357209094
467.77674353707005
467.77674353707005
467.7636110198319
467.7636110198319
467.7550878151845
467.7550878151845
467.75176719638495
467.7409179433411
467.7013988749494
467.69826205395935
467.69826205395935
467.6843401752217
467.6843401752217
467.6678276045013
467.66660892759677
467.66660892759677
467.66660892759677
467.6622554833727
467.6622554833727
467.6622554833727
467.659661693124
467.659661693124
467.6593548439789
467.6593548439789
467.6593258261456
467.6591757786433
467.6535069960482
467.6495400609822
467.6495400609822
467.6323318883844
467.63019211081235
467.63019211081235
467.6259544716194
467.6259544716194
467.6259544716194
467.6259544716194
467.6249430151773
467.6241817024877
467.6241817024877
467.6241817024877
467.6119201027117
467.600769183831
467.600769183831
467.600769183831
467.600769183831
467.600769183831
467.5944154166072
467.5793167186291
467.5793167186291
467.55676638735997
467.55676638735997
467.55676638735997
467.55676638735997
467.55676638735997
467.55676638735997
467.53255025521923
467.5136453400914
467.5136453400914
467.5136453400914
467.5136453400914
467.5076170595556
467.5076170595556
467.5076170595556
467.5058475558049
467.5058475558049
467.5058475558049
467.5040051558722
467.4652626953708
467.4652626953708
467.4652626953708
467.4652626953708
467.45434270792805
467.45434270792805
467.4530922775204
467.45060198588874
467.445868232372
467.42913284478396
467.42794226871104
467.42794226871104
467.42794226871104
467.42794226871104
467.42794226871104
467.41189068499165
467.41189068499165
467.41189068499165
467.40632773944225
467.40632773944225
467.4027137133088
467.4027137133088
467.4027137133088
467.40006079036004
467.40006079036004
467.3954824736861
467.3954824736861
467.39327146451666
467.39327146451666
467.39237821457203
467.36071774222387
467.36071774222387
467.36071774222387
467.34898660884943
467.34898660884943
467.3444967803966
467.3444967803966
467.3444967803966
467.3444967803966
467.3371990332785
467.32840324795575
467.3240761247503
467.31550243155385
467.31550243155385
467.31005760218267
467.3079120347719
467.3079120347719
467.3028245441336
467.3001567416779
467.3001567416779
467.29096327639553
467.29096327639553
467.29096327639553
467.2885488680549
467.2885488680549
467.2819630806298
467.2819630806298
467.2819630806298
467.2819630806298
467.2819630806298
467.2819630806298
467.2819630806298
467.2819630806298
467.2799424136525
467.2799424136525
467.27812427572843
467.2675558995086
467.24947887208447
467.24947887208447
467.24947887208447
467.24947887208447
467.2337117037527
467.2337117037527
467.2337117037527
467.2306497894824
467.2306497894824
467.2306497894824
467.2306497894824
467.2273192628962
467.2273192628962
467.2273192628962
467.2237945395846
467.2237945395846
467.2237945395846
467.2237945395846
467.2237945395846
467.21126497319307
467.21102685668006
467.21102685668006
467.21102685668006
467.19993496278283
467.19993496278283
467.19993496278283
467.19993496278283
467.19993496278283
467.19993496278283
467.19119073460075
467.19119073460075
467.19119073460075
467.19119073460075
467.1882643137641
467.18675960610796
467.1773652209565
467.176469812516
467.17633735568285
467.17633735568285
467.17633735568285
467.17633735568285
467.16911786471763
467.16911786471763
467.1570814588869
467.1570814588869
467.1570814588869
467.1570814588869
467.149908666178
467.149908666178
467.14453947780646
467.1405668548767
467.1306324042246
467.1306324042246
467.1291289527297
467.1291289527297
467.1291289527297
467.1291289527297
467.1291289527297
467.1219974815839
467.11631752070025
467.11631752070025
467.11284014291374
467.1055736575082
467.1055736575082
467.10061123636444
467.10061123636444
467.10061123636444
467.10061123636444
467.10061123636444
467.0944494194531
467.09376137074076
467.09376137074076
467.09376137074076
467.0926048001278
467.0898894789436
467.0853800289133
467.0853800289133
467.0800725908746
467.061852279595
467.06067348128977
467.06067348128977
467.0491571552003
467.0491571552003
467.0491571552003
467.04460107152283
467.04460107152283
467.040234287335
467.03477392000366
467.01408745880724
467.01398822159763
467.01398822159763
466.9636612809644
466.9636612809644
466.9636612809644
466.9636612809644
466.9636612809644
466.94842683421746
466.94842683421746
466.9343387325883
466.9343387325883
466.9267196306559
466.9267196306559
466.915322093885
466.915322093885
466.915322093885
466.915322093885
466.915322093885
466.9134339591795
466.9134339591795
466.9015158175565
466.89973000051515
466.89973000051515
466.8901985251115
466.8901985251115
466.8847549914269
466.8847549914269
466.8847549914269
466.8847549914269
466.86267121625775
466.86267121625775
