5904.593771128277
4350.570282472446
2630.231015204713
1787.5262264252297
1510.4380222384846
1248.5075137925664
1126.5445004799958
986.6059845790902
918.0944150463683
837.9566110834714
793.5295792566046
753.084247399974
722.6066942307244
679.0511558999151
672.8573419383351
660.129387021345
630.4448129874177
597.8422242417462
579.5213871262879
573.0618723774833
572.7583918583005
558.9516028857269
545.2693030026372
542.6776689919718
540.336961769492
538.7427355296591
529.3538628480876
526.4210493433104
523.5166065743988
518.5274260005721
516.4247468201105
515.47134558008
509.4338211701788
504.2743481576745
496.1929206034125
491.4071262096979
489.0909346264267
486.7163019386162
485.120806746363
482.1265800785226
481.7092521207063
481.2836362931382
480.7160463292757
480.31354262228564
478.9640799985308
478.3731347934388
477.263331478446
476.3511403901876
476.3511403901876
475.90404396417847
475.09909687670296
474.19044667460696
474.14194724322766
473.69471585946
473.69471585946
473.54550980068854
473.32767515753915
473.1677052306875
473.0580417461024
472.9243689761254
472.6565698281004
472.52083622927205
472.4632885989479
472.42067991839565
472.25066067260786
472.178591645237
472.1690442210793
472.06255057287905
471.9940638025927
471.9653369609446
471.8507628976915
471.74877661924694
471.73566855426014
471.663213911318
471.6269155591814
471.5787647554321
471.52965137674676
471.3467785160374
471.1909494974034
471.1070685696293
471.09494197507934
471.05694627945354
470.9482062178721
470.8775655630359
470.766914958093
470.67226359847916
470.4936375842598
470.20460379536354
470.06192725433414
469.8741454741445
469.71202148466404
469.398274638733
469.30230733057465
469.2586721265442
469.0933383671626
468.8225781602806
468.2986369292443
467.8171942665971
467.4343436668572
467.1220384530293
466.8285164189253
466.4229030922573
466.169042960729
465.8699832282202
465.73203239080124
465.5269083830568
464.886424239805
464.5549033667047
464.06433056812
463.638097059155
463.34915091725156
463.0834780291484
462.9690639636392
462.7017732789818
462.21832339773533
461.6863652658954
461.36600378319747
460.96535429609975
460.80278548892494
460.4340664442389
460.30977743657314
460.04349414320427
459.8613439822147
459.65454685531915
459.4636669907323
459.16683047961027
458.9014444633602
458.74754204344356
458.52149480515465
458.30047263809155
458.06793683463826
457.9307443243449
457.5673265935829
457.3831647801968
457.2272143697387
457.0475567336957
456.7879111365565
456.5821039770151
456.3485152660779
456.15599870392407
455.9661720022934
455.81879173110076
455.68825584627757
455.5366821309899
455.42948089543484
455.3205671700462
455.1015600712604
454.7673184988357
454.586565596504
454.4373172243592
454.3409110826037
454.24363105266116
454.1155012537176
453.9600176844089
453.7673725898369
453.6264328602049
453.4941125003373
453.33350032595354
453.12475418407666
452.9427172635912
452.8006005367688
452.53927337065045
452.41463682528354
452.22887982099843
451.8759799013452
451.55623611575453
451.25837159327966
451.0906903534422
450.9287679510412
450.6953538972448
450.4860657016094
450.3444874469295
450.13516236234625
449.9353111469787
449.87252393755386
449.6157874001764
449.4673912224453
449.36029050062905
449.3105795215132
449.2564978537962
449.1532149656119
449.0231257779599
448.9298026219642
448.82404410044126
448.7083904786833
448.65241573849784
448.5895968770799
448.5686165003156
448.5392265144026
448.47469167430506
448.42377020194783
448.3217093714254
448.1990089089482
448.12503768102556
447.92789217012773
447.8173794375682
447.69798644291507
447.6218159257825
447.4836843157574
447.4543980922519
447.21834938508437
447.1818231581662
447.00853654810766
446.8862149690591
446.7043700548288
446.6280587794585
446.46305494847644
446.3829637592995
446.28318386415265
446.17334222236417
446.17334222236417
446.17334222236417
446.17334222236417
446.1423758834237
446.0606380857734
446.0606380857734
446.0293419623971
445.9947664975116
445.93811745832335
445.93811745832335
445.91154101271496
445.8835903171597
445.8171677294089
445.7511704403125
445.7234120422931
445.7234120422931
445.6731996224454
445.61074458943347
445.57049548758056
445.53953679815424
445.52860430240446
445.49452658057396
445.49452658057396
445.48305317438457
445.4545327110365
445.4545327110365
445.4545327110365
445.4347135842406
445.4347135842406
445.4347135842406
445.4259865585508
445.4220122275075
445.4220122275075
445.3716142473309
445.3716142473309
445.3366560951349
445.3349091560774
445.3295103314838
445.3295103314838
445.27269309556436
445.27269309556436
445.2509207708181
445.2427427977483
445.2348055170683
445.2272232586702
445.2272232586702
445.21620276511527
445.1487720635399
445.1481144100448
445.1481144100448
445.1481144100448
445.1481144100448
445.1481144100448
445.1481144100448
445.1481144100448
445.13336428794537
445.11587224694784
445.11587224694784
445.11587224694784
445.11587224694784
445.0869009100377
445.0869009100377
445.0869009100377
445.0869009100377
445.0869009100377
445.0869009100377
445.0869009100377
445.0869009100377
445.0869009100377
10390.364794192035
5813.336188783808
4443.015383444701
3009.662126787136
2199.0753512040983
1720.3132876049126
1235.670630511022
1032.5838516089143
878.7420129589618
780.5884130461646
743.3298178921982
694.2244130879492
622.7885895927328
596.3304850890443
576.8613929877082
544.5633678302304
523.822196623847
509.3390021814453
504.58585130081497
499.98138753478395
497.96492419520683
495.00673517160874
494.9376867803924
493.91681430032355
491.4753243863226
489.8687617804188
489.165310582909
487.76173291631824
486.61670883463194
486.04112907917516
485.1063673400032
484.4331741555732
482.83698480482036
482.32400970411715
480.86976040938464
480.4132131996078
478.48693488088196
477.32011787703635
476.7692653374497
476.32679891459844
475.65305275568875
474.9511024701281
474.2890565955367
473.9049008637782
473.6521540626365
473.3377640887787
473.2080904111458
472.8646103084874
472.6291123771959
472.43078681951823
472.06643697585935
471.8718078892696
471.68432712525
471.509889917581
471.4155285829951
471.27564614852963
471.1610778176073
470.77324936336333
470.2266168902328
469.8120652977326
469.4001934324847
469.4001934324847
469.22854509832075
469.1580256734268
469.10110103291106
468.9396959885876
468.85341032013184
468.73998233702116
468.6667262471233
468.52028459031857
468.3770938950126
467.9868480099242
467.71149177647965
467.54389851997485
467.25966916890087
467.0830802893331
466.8634863862485
466.68155246719505
466.4325698707842
466.28943212634016
466.06254851280346
465.9263508808173
465.864862455681
465.76516868052505
465.63599451008173
465.5400934133126
465.39585476391187
465.22662277470124
465.02385000716356
464.8207357188441
464.657933255613
464.5683186279137
464.4836061552632
464.34600616453673
464.2161021438552
464.07219813386064
463.944284192582
463.7870839520226
463.64187287173263
463.53085175976355
463.41734561762274
463.26734658132204
463.1346498986283
462.92457018763514
462.77826477666565
462.6653325103106
462.46936333371343
462.30795027982913
462.15104316363374
462.0053530033247
461.8607580296091
461.7288062343093
461.6084495540201
461.48092626558815
461.299101070616
461.1651494617648
461.0283590057969
460.8881706015499
460.7798470143237
460.65777771344284
460.5020258748049
460.40375461818394
460.2915080191401
460.1735960254109
460.03598727515987
459.8811969961475
459.75372264043517
459.6263279358707
459.5286017846778
459.47219971008155
459.36151701133775
459.26050466954814
459.1390162003378
459.0586402389974
459.01295702804066
458.8354440767232
458.7548160997076
458.59574525912825
458.4171282421465
458.2624258744003
458.1153502508729
457.95581525543065
457.9421912128003
457.7784007770713
457.52822073488665
457.3017560382558
457.20352312648095
457.03963270854734
456.8660195092912
456.6379128074317
456.52552686341926
456.4104744179667
456.2770964974951
456.1378742648294
456.0721026081429
455.9435180114969
455.77240931624107
455.67445783917134
455.4988793197877
455.30251362539457
455.1769948240633
454.99282283118566
454.8479628655809
454.6827178078434
454.5159116331868
454.3692585678684
454.2760183182728
454.14157928755867
453.93880822776555
453.84119879226637
453.71115492933313
453.6132951382731
453.56079062883873
453.3544544944232
453.21536781782595
453.06837875331723
452.97911244568405
452.92510650561053
452.7995573426226
452.72846761859444
452.6511378286656
452.5763439182455
452.51051523370927
452.49302619977954
452.43437446527355
452.2823637297851
452.2710765908432
452.2458250523526
452.20357327643285
452.1192589134264
452.08523120635414
452.03679999466647
451.91308283712414
451.8759331569275
451.81847292066925
451.7702667221096
451.66850079717636
451.6076246339706
451.56774668189803
451.4791591711526
451.4258119674079
451.3348897556461
451.1846931627713
451.17709347666874
451.1370752520156
451.06427994984085
450.98026856460444
450.91821121660905
450.89909480849445
450.87629852236734
450.7885653884124
450.78026264685997
450.6457967176955
450.56299676356025
450.51392127222965
450.4203291722716
450.3767217104762
450.3311192177061
450.2747586051169
450.2489434964675
450.15486445361785
450.0594972931199
450.0594972931199
449.9876571235624
449.92423046546287
449.92423046546287
449.92423046546287
449.9239636116205
449.91180162760236
449.87763786752964
449.87763786752964
449.8508173456323
449.7958741842665
449.7958741842665
449.7958741842665
449.7692831854103
449.7692831854103
449.72504876228794
449.7136178622498
449.7136178622498
449.7136178622498
449.7136178622498
449.69326347776723
449.69326347776723
449.69326347776723
449.69326347776723
449.69326347776723
449.69326347776723
449.69326347776723
449.68566032963963
449.68566032963963
449.68566032963963
449.68566032963963
449.68566032963963
449.68566032963963
449.68566032963963
449.68566032963963
449.68566032963963
10390.364794192035
5689.422596879812
4015.209895021053
2193.1634971679114
1591.451595457576
1298.4868688157667
1045.1678360203005
833.2211456078714
712.072246821708
678.4175955566503
665.6529955568697
638.8170112486408
618.1652458910133
596.4402074222419
586.3568777388781
570.9148477431962
558.4325829732052
557.0353456820899
550.8130031679129
544.2858674835076
541.0697498996094
539.3155660518864
536.7601583521413
533.7580745037036
531.8265154741763
527.3242670807174
525.4577031559363
521.1284999758661
518.1400115597866
513.3772642031362
510.7788412431563
505.46635330746113
504.30119077220314
501.77926144649655
496.22176984732664
491.2570723487746
490.9127908908749
489.93552714930024
489.6569193608989
487.6644734415385
487.6644734415385
486.4597121957587
486.30012440832905
484.7854610608183
482.5735980695408
481.70800807640205
481.70800807640205
481.62505745125935
481.14486579684035
480.0759012438829
479.5568879323707
479.0876098178111
478.8047434170263
478.132927374808
477.79127768077353
476.838968573432
476.331354095806
474.96787636569695
474.96787636569695
474.96787636569695
474.5438595579334
474.3098773704171
474.26107227478656
474.02842486658585
473.90544418190535
473.7022647906367
473.53080820295185
473.53080820295185
473.53080820295185
473.5114513705364
473.4543458604906
473.2473765286952
473.2332359188659
473.1077313979325
473.03576621890977
472.95267807401234
472.8287069702071
472.7834544415735
472.65349666315217
472.61553820501877
472.59857565106506
472.5830338837487
472.5830338837487
472.5377603421397
472.52356988302006
472.51649581146063
472.51649581146063
472.4835946940675
472.4585876225507
472.4363003251393
472.38223301640375
472.38223301640375
472.38223301640375
472.3619953192825
472.2760707755816
472.2507909241267
472.2507909241267
472.2507909241267
472.21642262118087
472.21642262118087
472.21642262118087
472.20434388423223
472.1712324963525
472.15587926336605
472.14296370178295
472.1134420341075
472.1134420341075
472.1031592365581
472.0572884631131
472.0180569360308
472.0180569360308
472.0041780655715
471.98543920346674
471.98543920346674
471.9668626232496
471.9668626232496
471.944548738607
471.9376309871694
471.9223963989206
471.9123640659096
471.9096454417482
471.9096454417482
471.89000749983563
471.8856581206845
471.8856581206845
471.8781168257955
471.87733079368365
471.87733079368365
471.86759882340243
471.8566701821941
471.85059419515744
471.8307139603795
471.79305767670763
471.79305767670763
471.7694836703984
471.7694836703984
471.7694836703984
471.7484354000284
471.7484354000284
471.7484354000284
471.7484354000284
471.74501247838884
471.74501247838884
471.73167307118933
471.73167307118933
471.72927283196
471.72927283196
471.72927283196
471.72308730569426
471.72308730569426
471.72061058997883
471.72061058997883
471.71937609911856
471.71327309428597
471.7062259656437
471.70391679588863
471.70391679588863
471.69882665028314
471.69882665028314
471.6951977953618
471.6806338712991
471.6806338712991
471.6693496368101
471.66828128821845
471.65683114855256
471.65683114855256
471.64079203821257
471.64079203821257
471.61582555217524
471.6137803988702
471.6137803988702
471.6137803988702
471.59952621744213
471.59364021949744
471.58393829488926
471.58393829488926
471.58393829488926
471.58393829488926
471.5675135261438
471.5675135261438
471.5675135261438
471.5468220452818
471.5280162404738
471.5180875264055
471.4877315678967
471.4845252231028
471.47821509113663
471.47821509113663
471.4604661124649
471.4604661124649
471.4604661124649
471.4575906177718
471.4575906177718
471.44422335962247
471.44422335962247
471.44422335962247
471.42498023941573
471.401235195969
471.4004724667836
471.4004724667836
471.3915612445568
471.3915612445568
471.3844955500001
471.3531351468943
471.3531351468943
471.3531351468943
471.34991035116275
471.34991035116275
471.3387644024303
471.3255640160032
471.3255640160032
471.31140001736316
471.31140001736316
471.2872329684349
471.2751245021283
471.27370133368026
471.27350936790475
471.27350936790475
471.25100640392714
471.24568147735977
471.24568147735977
471.2442730223633
471.23037274924116
471.2272757627982
471.21950540574875
471.21950540574875
471.21530926766616
471.21499960892277
471.2081712997201
471.1892910523866
471.181597676318
471.181597676318
471.17201359797843
471.17201359797843
471.14847980401373
471.14847980401373
471.1456696908822
471.1456696908822
471.1306258614412
471.1306258614412
471.1210562568497
471.1004728671291
471.09112913877544
471.09112913877544
471.09112913877544
471.07631914429095
471.06353708243716
471.06353708243716
471.0621408432388
471.0621408432388
471.0621408432388
471.0524434946392
471.0319281886108
471.0019483942452
470.9687171295043
470.9636338321759
470.94147732876297
470.94147732876297
470.93027712157686
470.93027712157686
470.9294555570267
470.90739116913903
470.90674410765916
470.89543240542747
470.8835478855251
470.8835478855251
470.87820833767614
470.87820833767614
470.86207008088036
470.85535097543203
470.85535097543203
470.84618073009386
470.84618073009386
470.8371689035522
470.8371689035522
470.8371689035522
470.8371689035522
470.8371689035522
470.8371689035522
470.8291503189877
470.8291503189877
470.8291503189877
470.8254576048699
470.809265108453
470.8064655321372
470.8064655321372
470.8064655321372
470.7945489371061
470.7788409747571
470.7788409747571
470.77215611136313
470.76216672685075
470.7554496772733
470.7554496772733
470.74345115374143
470.73881813416904
470.73881813416904
470.73881813416904
470.7353305809212
470.7353305809212
470.72520896754816
470.72520896754816
470.72516281779053
470.71696473595773
470.71696473595773
470.6976234052593
470.69200231702183
470.69200231702183
470.6918398983847
470.6821269230502
470.67280537047765
470.6667544683702
470.6667544683702
470.6526174247897
470.64100057537394
470.64100057537394
470.62073160571174
470.61254086089
470.61254086089
470.61254086089
470.611236041246
470.5967791484766
470.5967791484766
470.59353642025815
470.59353642025815
470.59353642025815
470.59353642025815
470.588070699299
470.57156208802104
470.5674032436252
470.5626685261373
470.552592736868
470.53191587815763
470.53191587815763
470.52221604412796
470.52221604412796
470.52221604412796
470.5110079966816
470.4894157686733
470.47826952091395
470.47826952091395
470.46412174671707
470.45979827003043
470.45977613700165
470.45977613700165
470.4543628679605
470.4453823102741
470.4453823102741
470.4453823102741
470.4333207404848
470.4333207404848
470.41456977342114
470.41456977342114
470.41456977342114
470.41456977342114
470.40218744677895
470.40218744677895
470.40218744677895
470.38992482800717
470.38662033713985
470.38662033713985
470.38415855379867
470.38415855379867
470.38415855379867
470.38134011816203
470.3800490957798
470.3798374939688
470.3798374939688
470.3667707059267
470.3667707059267
470.3667707059267
470.3525057673399
470.3525057673399
470.33768969646263
470.33768969646263
470.33768969646263
470.329519542844
470.329519542844
470.32113134974827
470.3169913679869
470.3000986298338
470.290201992259
470.264409834199
470.264409834199
470.264409834199
470.264409834199
470.2622336448189
470.25046656177864
470.2390238989763
470.2390238989763
470.23839068562006
470.2273073201471
470.189938200244
470.1697942515351
470.1667249647438
470.1642139305935
470.1601365157194
470.15150847732644
470.15150847732644
470.14098228936257
470.1389977397325
470.1371477804196
470.119027001939
470.10417928958753
470.10417928958753
470.1020436005742
470.1020436005742
470.1020436005742
470.081293907266
470.081293907266
470.06796635604485
470.0538308106097
470.02959520114814
470.02959520114814
470.01686679794403
470.0121233959134
470.0121233959134
469.99752128511295
469.99752128511295
469.99752128511295
469.9905990839218
469.9905990839218
469.9720112330591
469.9720112330591
469.9720112330591
469.9683598081266
469.95547522445435
469.9238728626218
469.9238728626218
469.9238728626218
469.9238728626218
469.9109759430513
469.9109759430513
469.9109759430513
469.9109759430513
469.9109759430513
469.90500410714776
469.90500410714776
469.886530092857
469.886530092857
469.886530092857
469.8834817874696
469.8834817874696
469.8834817874696
469.8738837741298
469.8738837741298
469.8738837741298
469.8619814846045
469.8619814846045
469.8584307989762
469.8584307989762
469.8584307989762
469.8576641084501
469.8576641084501
469.8576641084501
469.85571212187756
469.833107823174
469.83220033107773
469.8143098051075
469.8143098051075
469.8143098051075
469.8084215149581
469.8044710325765
469.8026437984589
