92461.25236634948
92461.25236634948
92461.25236634948
55136.59250974565
48003.29055798189
48003.29055798189
42499.79490700385
33304.40477874986
33304.40477874986
33304.40477874986
33304.40477874986
33304.40477874986
32569.031340180216
32368.171834954726
32368.171834954726
32368.171834954726
32368.171834954726
29598.4062512474
29598.4062512474
29598.4062512474
27080.994612151786
27080.994612151786
27080.994612151786
27080.994612151786
27080.994612151786
27080.994612151786
25537.002583951133
25537.002583951133
25537.002583951133
24114.082929908815
24114.082929908815
23940.340307434846
23940.340307434846
23940.340307434846
23940.340307434846
23940.340307434846
23940.340307434846
23940.340307434846
23940.340307434846
23940.340307434846
23243.675498408382
22519.81883242066
22350.17558548142
22263.182440684755
22128.9550075974
22069.825181068838
22069.825181068838
21937.68561529627
21360.72840536154
20865.411455032652
20595.081849816484
20350.62959223613
20350.62959223613
20350.62959223613
20350.62959223613
20322.02481132352
20286.991440709677
20271.636941149394
20168.42479015131
17714.562832668315
17714.562832668315
17429.539655213488
17429.539655213488
17429.539655213488
17429.539655213488
17429.539655213488
17429.539655213488
17429.539655213488
17429.539655213488
17429.539655213488
9985548.026688913
54325.7709244721
54325.7709244721
46763.14771061968
46763.14771061968
39641.19159269515
36184.37074831367
36184.37074831367
35639.10712428138
35486.113438453416
31420.430429295884
31420.430429295884
31420.430429295884
31420.430429295884
31420.430429295884
29458.74547008525
29458.74547008525
29458.74547008525
29458.74547008525
29458.74547008525
27881.48108452895
25791.765985172522
25791.765985172522
25791.765985172522
23880.25291487912
23880.25291487912
23880.25291487912
23880.25291487912
23673.892333156542
23673.892333156542
23673.892333156542
23673.892333156542
23573.038047675585
23573.038047675585
23278.623471590803
23152.758968038266
23152.758968038266
23152.758968038266
23152.758968038266
23152.758968038266
23106.15644621124
23106.15644621124
23106.15644621124
23042.124208359935
23042.124208359935
20474.166778130417
20474.166778130417
20474.166778130417
20474.166778130417
20474.166778130417
20474.166778130417
20474.166778130417
20474.166778130417
19260.03816432415
19260.03816432415
19238.41607874638
19238.41607874638
19238.41607874638
19238.41607874638
19238.41607874638
19238.41607874638
19238.41607874638
19238.41607874638
19232.68246776293
19232.68246776293
19229.880064590663
18996.519901185908
18996.519901185908
18996.519901185908
18996.519901185908
18996.519901185908
18996.519901185908
18996.519901185908
18704.61487078533
18704.61487078533
18704.29516555163
18704.29516555163
18290.63933512201
18290.63933512201
17950.110139030035
17950.110139030035
17950.110139030035
17576.87209446424
17576.87209446424
17570.593903378645
17570.593903378645
17570.593903378645
17570.593903378645
17570.593903378645
17546.457019195797
16614.537951112892
15771.754517537069
15551.411190336627
15477.815288510552
15475.25721939757
15475.25721939757
15472.723124319364
15472.723124319364
15472.723124319364
15467.418215082022
15467.418215082022
15466.94188365105
15466.94188365105
15337.276181073797
14797.749758896149
13777.455485810096
13777.455485810096
13777.455485810096
13329.087126230563
12453.193517770647
12359.789997893287
12359.789997893287
12359.789997893287
12359.789997893287
12359.789997893287
12359.789997893287
12359.789997893287
12359.789997893287
12359.789997893287
12354.322843206985
12354.322843206985
12354.322843206985
12354.322843206985
12354.322843206985
12219.988665897637
12219.988665897637
12219.988665897637
12219.988665897637
12219.988665897637
11939.202528305901
11939.202528305901
11939.202528305901
11741.117627765516
11741.117627765516
11741.117627765516
11741.117627765516
11741.117627765516
11741.117627765516
11741.117627765516
11741.117627765516
11740.511479744446
11740.511479744446
11166.306087104711
11166.306087104711
11166.306087104711
11166.306087104711
11166.306087104711
10988.262685042811
10988.262685042811
10988.262685042811
10988.262685042811
10551.158101355113
10551.158101355113
10551.158101355113
10551.158101355113
10551.158101355113
10551.158101355113
10551.158101355113
10551.158101355113
10391.461338211788
10391.461338211788
10391.461338211788
10391.461338211788
10391.461338211788
10225.769552481768
9744.167303320834
9744.167303320834
9744.167303320834
9654.528929880631
9654.528929880631
9654.528929880631
9604.137465800344
9604.137465800344
9604.137465800344
9604.137465800344
9604.137465800344
9258.615415807313
9258.615415807313
9120.898717314445
9076.14238170011
9076.14238170011
9076.14238170011
9076.14238170011
9076.14238170011
8873.61271874217
8873.61271874217
8873.61271874217
8873.61271874217
8873.61271874217
8873.61271874217
8873.61271874217
8873.61271874217
8778.943266036635
8778.943266036635
8438.663351461528
8438.663351461528
8284.272690941576
8284.272690941576
8284.272690941576
8284.272690941576
8210.554799024289
8210.554799024289
8210.554799024289
8210.554799024289
8210.554799024289
8210.554799024289
8210.554799024289
8189.878719773305
8189.878719773305
8189.878719773305
8152.138142596162
7825.2799566988115
7825.2799566988115
7700.150620868219
7700.150620868219
7700.150620868219
7431.460622153923
7357.1184297199625
7357.1184297199625
7357.1184297199625
7282.42431501609
7282.42431501609
7282.42431501609
7263.197153346628
7263.197153346628
7263.197153346628
7222.336245431655
7213.642774428978
7209.9158569404
7209.9158569404
7133.500451418621
6997.4548355267725
6899.26713788445
6852.322813823224
6622.231239680177
6464.907483467889
6398.4698850966815
6398.4698850966815
6398.4698850966815
6398.4698850966815
6371.919763892945
6371.919763892945
6371.919763892945
6083.298587382064
5961.860658076209
5961.860658076209
5961.860658076209
5961.860658076209
5957.072413660331
5837.039069087194
5837.039069087194
5837.039069087194
5527.023755584707
5527.023755584707
5527.023755584707
5527.023755584707
5527.023755584707
5527.023755584707
5527.023755584707
5527.023755584707
5527.023755584707
9985548.026688913
9985548.026688913
77443.1125568521
77443.1125568521
63615.73163286713
63615.73163286713
63615.73163286713
41451.69710028862
41451.69710028862
39694.69319714757
39694.69319714757
39694.69319714757
38198.08958277677
35651.187456096886
35202.144836461506
35044.93789178222
34974.472629025535
34932.25739634614
34897.11359573807
34862.62959148438
34828.698140140135
34795.307083740925
28558.291669380724
28558.291669380724
28558.291669380724
28558.291669380724
28558.291669380724
28558.291669380724
28558.291669380724
28558.291669380724
28558.291669380724
9985548.026688913
9985548.026688913
341328.5462672443
341328.5462672443
130908.79307796081
74407.84941757514
64579.79179071568
38357.81240117979
38357.81240117979
36301.44777968733
36133.008698588
34700.49725455353
34700.49725455353
33536.60199802822
32327.84698681172
32327.84698681172
32327.84698681172
32327.84698681172
32327.84698681172
32327.84698681172
32327.84698681172
32327.84698681172
31730.90957002154
31730.90957002154
31730.90957002154
31312.217336254656
31312.217336254656
30375.771143187758
30375.771143187758
28596.971856068136
28596.971856068136
28310.68862750378
28310.68862750378
25919.46053751915
25919.46053751915
25919.46053751915
25919.46053751915
25919.46053751915
25919.46053751915
25919.46053751915
25919.46053751915
25919.46053751915
9985548.026688913
9985548.026688913
2064818.8898995896
1694855.2219085977
40960.01156562422
40960.01156562422
40960.01156562422
40960.01156562422
39542.95655658522
37296.25870825356
37296.25870825356
36583.91287224251
36583.91287224251
36583.91287224251
36240.340806618035
35044.451415966214
34559.32780156887
34542.45932847529
34542.45932847529
34542.45932847529
34260.74331449311
32645.70662035351
32645.70662035351
31774.31571517646
31774.31571517646
31774.31571517646
29522.02904065215
29522.02904065215
29522.02904065215
29522.02904065215
28748.855438624152
27835.929876354356
27835.929876354356
27835.929876354356
27835.929876354356
26693.802394095044
26693.802394095044
26351.524764762544
26351.524764762544
26351.524764762544
26351.524764762544
26351.524764762544
26351.524764762544
26154.301573235185
25476.65104578477
25476.65104578477
25476.65104578477
25476.65104578477
25476.65104578477
25476.65104578477
25476.65104578477
25476.65104578477
25476.65104578477
24953.57944843068
24953.57944843068
24390.287073734708
24390.287073734708
24390.287073734708
24390.287073734708
24256.762807778767
24256.762807778767
24256.762807778767
24256.762807778767
24256.762807778767
24216.910686214644
24216.910686214644
24101.99251016351
24011.04206722908
23983.527133629283
23759.215231682203
23288.031673268633
23203.565229693144
23203.565229693144
23203.565229693144
21502.646475619127
21502.646475619127
21502.646475619127
21502.646475619127
21502.646475619127
21502.646475619127
21502.646475619127
21502.646475619127
21502.646475619127
9985548.026688913
9985548.026688913
5075625.512331995
5075625.512331995
43136.61962992849
43136.61962992849
43136.61962992849
43136.61962992849
43136.61962992849
43136.61962992849
41138.11766770705
39913.90984799812
39329.50405738934
37493.445306723785
36976.53625625821
36471.09948987678
36471.09948987678
36471.09948987678
34469.17401727329
30736.759946510745
24517.112578218796
24140.81645206333
24140.81645206333
24140.81645206333
24140.81645206333
23588.857303879515
23588.857303879515
23588.857303879515
23588.857303879515
23588.857303879515
23588.857303879515
23588.857303879515
23588.857303879515
23588.857303879515
23255.38946713735
23164.497127723746
23164.497127723746
23157.921976724403
23146.981436014004
23146.981436014004
23146.981436014004
23146.981436014004
22809.283511165835
22809.283511165835
21803.92623972737
21803.92623972737
21803.92623972737
21803.92623972737
21803.92623972737
21803.92623972737
21803.92623972737
21803.92623972737
21803.92623972737
9985548.026688913
1733276.886908436
194593.2999533108
92642.13213528453
92642.13213528453
62888.783559659845
43090.188759759425
38453.46548938923
34371.83009257235
33498.723842640946
33470.405192488884
32476.574682555245
32476.574682555245
29961.120131134754
29961.120131134754
27161.207719290403
27161.207719290403
26140.530987009675
25953.29534699301
25953.29534699301
25953.29534699301
25953.29534699301
25672.2808347654
25672.2808347654
25672.2808347654
25672.2808347654
25672.2808347654
25312.955269368224
25312.955269368224
24968.398880831355
24968.398880831355
24968.398880831355
24968.398880831355
24968.398880831355
24968.398880831355
24951.293190914465
24827.30772528354
24827.30772528354
24827.30772528354
23977.65574707756
23977.65574707756
23977.65574707756
23468.05382828026
22629.540858060664
22629.540858060664
22629.540858060664
22629.540858060664
22629.540858060664
20663.413630889787
19314.8641017504
18649.228374861956
18649.228374861956
17796.47027316189
17796.47027316189
17796.47027316189
17796.47027316189
17796.47027316189
17796.47027316189
17796.47027316189
17796.47027316189
17796.47027316189
9985548.026688913
59684.99284022425
59684.99284022425
52808.52167902374
52808.52167902374
52808.52167902374
52808.52167902374
51871.32956131112
51871.32956131112
48835.030732233696
48081.7662090841
41996.25480152638
38490.151760036664
38490.151760036664
37828.15626089414
37828.15626089414
36976.66941341072
36976.66941341072
36976.66941341072
36976.66941341072
36864.52211980523
36864.52211980523
36864.52211980523
34561.736162751266
34561.736162751266
34561.736162751266
34561.736162751266
34561.736162751266
34561.736162751266
34561.736162751266
34561.736162751266
34561.736162751266
9985548.026688913
9985548.026688913
786281.4392513793
786281.4392513793
61828.6574794336
54044.953639536216
54044.953639536216
54044.953639536216
51972.602642291095
51972.602642291095
50674.11663155431
50674.11663155431
49896.6804862064
47822.992505797745
42028.61963149668
42028.61963149668
42028.61963149668
42028.61963149668
42028.61963149668
42028.61963149668
42028.61963149668
41732.142391910405
41732.142391910405
41675.41642347031
40777.53159483018
40777.53159483018
40777.53159483018
40777.53159483018
40050.35068203796
40050.35068203796
40050.35068203796
40050.35068203796
40050.35068203796
40050.35068203796
39472.955061826426
38905.16021968033
38905.16021968033
37595.6403553392
37595.6403553392
37595.6403553392
37595.6403553392
37072.08571616085
37072.08571616085
37072.08571616085
37072.08571616085
37072.08571616085
37072.08571616085
36996.40226130015
36996.40226130015
36996.40226130015
36996.40226130015
36996.40226130015
36996.40226130015
36996.40226130015
36528.028871968316
36145.889372310565
36145.889372310565
36145.889372310565
36145.889372310565
36145.889372310565
36145.889372310565
36145.889372310565
35494.494971811684
35457.394878286286
35457.394878286286
35457.394878286286
35457.394878286286
34950.90141521935
33986.463021110154
33986.463021110154
33986.463021110154
33986.463021110154
33986.463021110154
33986.463021110154
33986.463021110154
33986.463021110154
33440.00640077328
33440.00640077328
33440.00640077328
33440.00640077328
33440.00640077328
33440.00640077328
33440.00640077328
33440.00640077328
32704.217689298952
31754.88368377447
31754.88368377447
31754.88368377447
31754.88368377447
31690.179647108995
31554.14655893642
31554.14655893642
31469.092828220786
30949.255410972448
30949.255410972448
30949.255410972448
30423.879830937305
28376.67891086084
28376.67891086084
28376.67891086084
28376.67891086084
28376.67891086084
28376.67891086084
28376.67891086084
28304.929460574673
26791.045366910355
26630.066226036837
26321.496126763755
26321.496126763755
26321.496126763755
26321.496126763755
26321.496126763755
26321.496126763755
26321.496126763755
26321.496126763755
26321.496126763755
25872.0458235886
25872.0458235886
25872.0458235886
25872.0458235886
25872.0458235886
25872.0458235886
25462.188941237233
25462.188941237233
25462.188941237233
24854.950326740058
24854.950326740058
24854.950326740058
24854.950326740058
24854.950326740058
24035.940874128297
24035.940874128297
24035.940874128297
22945.526034159924
21534.164302551795
21534.164302551795
21534.164302551795
21534.164302551795
21531.245436396857
21531.245436396857
21531.245436396857
21301.820806108404
20776.094117073713
20454.522271871516
20344.60844296156
20298.667000005138
20279.490382194283
20234.44884664546
20234.44884664546
20234.44884664546
20234.44884664546
20234.44884664546
19993.608294516947
19993.608294516947
19993.608294516947
19674.89864321553
19425.363979497128
19374.739294214236
19373.296389290317
19129.817465426542
19129.817465426542
19129.817465426542
19129.817465426542
19129.817465426542
19129.817465426542
19129.817465426542
19129.817465426542
18970.20025886682
18970.20025886682
18970.20025886682
18799.126754524725
18799.126754524725
17615.8085895407
17615.8085895407
17615.8085895407
16720.911328671922
16720.911328671922
16689.414981110454
16689.414981110454
16689.414981110454
16689.414981110454
16689.414981110454
16547.270144808608
16547.270144808608
16547.270144808608
16434.39926144928
16434.39926144928
16137.470936815742
16087.935728060502
15731.221639273002
15731.221639273002
15731.221639273002
14867.42159923801
14480.959880067867
14480.959880067867
14480.959880067867
14480.959880067867
14480.959880067867
14480.959880067867
14480.959880067867
14480.959880067867
14235.123406433173
14235.123406433173
14235.123406433173
14235.123406433173
14235.123406433173
14215.849491367855
14215.849491367855
14215.849491367855
14215.849491367855
14215.849491367855
14215.849491367855
14215.849491367855
14120.479355940288
14120.479355940288
14064.015431347676
14064.015431347676
14064.015431347676
14064.015431347676
14064.015431347676
14064.015431347676
13822.89566059305
13822.89566059305
13822.89566059305
13822.89566059305
13746.887225992023
13709.06591800343
13576.459071917174
13361.99444581424
13361.99444581424
13361.99444581424
12229.437771921272
12229.437771921272
11863.14104547833
11863.14104547833
11863.14104547833
11863.14104547833
11136.57269413678
11136.57269413678
10922.42790074218
10922.42790074218
10704.149991337677
10704.149991337677
10249.548004179165
10249.548004179165
10249.548004179165
10249.548004179165
10249.548004179165
10199.500354791977
10199.500354791977
10199.500354791977
10199.500354791977
10186.871453953036
10186.871453953036
10186.871453953036
10186.871453953036
10186.871453953036
9478.522052255654
9478.522052255654
9298.936492241195
9264.576671377468
9264.576671377468
9264.576671377468
9264.576671377468
9264.576671377468
9264.576671377468
9239.113919946656
9239.113919946656
9232.589809041488
8975.733966592552
8975.733966592552
8975.733966592552
8975.733966592552
8975.733966592552
8975.733966592552
8552.86358091059
8552.86358091059
8552.86358091059
8552.86358091059
8378.01459940074
8194.185748820837
8099.835046670634
8099.835046670634
8099.835046670634
8099.835046670634
8099.835046670634
8099.835046670634
8090.2719447755435
8060.453050953365
8060.453050953365
8026.389352902032
7166.458304710783
7166.458304710783
7166.458304710783
7166.458304710783
7166.458304710783
7166.458304710783
6964.643408208154
6622.637433688052
6389.854095515468
6317.8657953899865
6296.126483712542
6274.819639388045
6253.185339763518
6234.908473695783
6218.865914847685
6027.731035875137
5843.743583645743
5659.306411834434
5659.306411834434
5527.383998745021
5527.383998745021
5527.383998745021
5527.383998745021
5527.383998745021
5527.383998745021
5527.383998745021
5459.285181942266
5459.285181942266
5459.285181942266
5455.352048381925
5455.352048381925
5455.352048381925
5455.352048381925
5455.352048381925
5223.146107846392
5223.146107846392
5223.146107846392
5223.146107846392
5195.618332579915
5191.948050078663
5147.467736131427
5129.985409598897
5104.30472238132
5104.30472238132
5104.30472238132
5104.30472238132
5104.30472238132
4977.124018407409
4977.124018407409
4977.124018407409
4977.124018407409
4977.124018407409
4932.496529414011
4883.73227768305
4821.939332124864
4796.915450948621
4796.915450948621
4796.915450948621
4796.915450948621
4796.915450948621
4796.915450948621
4767.087976135295
4711.358607758004
4711.358607758004
4570.178081225737
4570.178081225737
4570.178081225737
4540.187827024318
4540.187827024318
4540.187827024318
4510.182026687045
4510.182026687045
4424.248373805132
4424.248373805132
4325.226926111785
4308.158266958244
4308.158266958244
