84203.96885489838
47685.08799784456
41838.63521199279
41838.63521199279
37363.169757984586
37363.169757984586
34258.42135982495
34172.46067142885
34172.46067142885
34172.46067142885
34172.46067142885
34172.46067142885
34172.46067142885
31923.785399382166
31923.785399382166
31923.785399382166
30753.083088294115
30753.083088294115
30753.083088294115
30753.083088294115
30753.083088294115
29821.633449575
29821.633449575
29821.633449575
29821.633449575
29821.633449575
25379.2466919802
25379.2466919802
25379.2466919802
25379.2466919802
25369.49363224947
22729.680222920073
22729.680222920073
22729.680222920073
22729.680222920073
22729.680222920073
22729.680222920073
22729.680222920073
22729.680222920073
22729.680222920073
3268818.5116868056
57258.881134538846
57258.881134538846
48975.16545810602
48975.16545810602
48975.16545810602
48975.16545810602
48975.16545810602
47262.163515185995
45892.97805241336
45892.97805241336
41967.36175678975
41967.36175678975
39995.036832217455
39995.036832217455
39995.036832217455
39995.036832217455
39995.036832217455
39594.96123217776
38273.18979843363
37706.743190540794
37414.12637267324
37414.12637267324
37414.12637267324
36450.554280533914
36450.554280533914
36450.554280533914
36450.554280533914
35947.741341990855
35443.338352088074
33693.476235562106
30537.05654818922
30176.798938954867
30176.798938954867
30176.798938954867
30176.798938954867
30176.798938954867
30176.798938954867
27093.417244966833
26064.595134996573
25841.024542607207
25841.024542607207
25841.024542607207
25841.024542607207
24769.681402855378
24769.681402855378
24769.681402855378
24769.681402855378
24769.681402855378
24769.681402855378
24769.681402855378
24769.681402855378
24769.681402855378
24708.464274162736
24708.464274162736
24708.464274162736
24708.464274162736
23732.66970659033
23732.66970659033
23732.66970659033
22974.679289439988
20780.933387404224
20780.933387404224
20780.933387404224
20780.933387404224
20091.010883336716
20091.010883336716
20091.010883336716
20091.010883336716
20071.88304061398
20071.88304061398
20033.086492710376
20033.086492710376
20033.086492710376
20033.086492710376
17573.922189618523
15978.218089549615
15978.218089549615
15978.218089549615
15978.218089549615
15978.218089549615
15978.218089549615
15978.218089549615
15978.218089549615
15978.218089549615
3268818.5116868056
3268818.5116868056
3268818.5116868056
785254.2939749653
284866.5114987829
62710.90141036179
62710.90141036179
57599.19600946259
57599.19600946259
55245.55719339471
55245.55719339471
55245.55719339471
55245.55719339471
55245.55719339471
55107.30572090301
55107.30572090301
55107.30572090301
53991.73213948462
53991.73213948462
53991.73213948462
53991.73213948462
53991.73213948462
53991.73213948462
53991.73213948462
53991.73213948462
53991.73213948462
3268818.5116868056
3268818.5116868056
69147.48167177153
35331.3192087435
35331.3192087435
35331.3192087435
35331.3192087435
35331.3192087435
35331.3192087435
35331.3192087435
31325.76471103508
31198.84721732083
31198.84721732083
30874.742841062747
30304.281640873203
30304.281640873203
30304.281640873203
30231.552449506922
30231.552449506922
30231.552449506922
29940.993168469766
29389.00445695624
29389.00445695624
29389.00445695624
29031.880177654526
29031.880177654526
29031.880177654526
28063.14968701745
28063.14968701745
28063.14968701745
28063.14968701745
28063.14968701745
28063.14968701745
26627.50772520221
24890.85021694046
24890.85021694046
24890.85021694046
24890.85021694046
24890.85021694046
24555.721167208783
23245.01073304895
23245.01073304895
23245.01073304895
22926.829275589636
22188.354067246713
21917.396359284474
20283.87018007033
20230.556587482824
19707.44724105022
19697.465811857386
19697.465811857386
19434.221622663157
19434.221622663157
19434.221622663157
19434.221622663157
19434.221622663157
19434.221622663157
19434.221622663157
19434.221622663157
19434.221622663157
3268818.5116868056
1645267.696195425
1645267.696195425
444655.20559172804
26995.145425996427
26995.145425996427
22994.102741292085
22994.102741292085
22994.102741292085
22994.102741292085
22994.102741292085
22994.102741292085
22964.323169142815
22964.323169142815
22964.323169142815
22964.323169142815
22964.323169142815
22964.323169142815
22964.323169142815
22902.33605972907
22114.761272761214
22114.761272761214
22114.761272761214
21152.814971302145
21058.011587573128
19595.342755068665
19595.342755068665
18798.874528897708
18798.874528897708
17727.17509955212
17727.17509955212
17101.388101820747
17101.388101820747
17101.388101820747
16308.832215677592
16308.832215677592
16308.832215677592
16308.832215677592
16138.46521594693
15916.05556806609
15225.446142309227
15225.446142309227
14618.621302353482
14376.706352119643
14376.706352119643
14376.706352119643
14376.706352119643
14376.706352119643
14376.706352119643
14376.706352119643
14376.706352119643
14204.039386161667
12299.512998886621
12023.842615992664
12023.842615992664
12023.842615992664
12023.842615992664
12023.842615992664
12023.842615992664
11609.232180349562
11609.232180349562
11609.232180349562
11609.232180349562
11609.232180349562
11530.840474383323
11530.840474383323
11530.840474383323
11530.840474383323
11530.840474383323
11530.840474383323
11530.840474383323
11474.154786104702
10895.890076103486
10895.890076103486
10895.890076103486
10895.890076103486
10895.890076103486
10895.890076103486
10895.890076103486
10895.890076103486
10773.36930512614
10773.36930512614
10773.36930512614
10773.36930512614
10773.36930512614
10773.36930512614
10773.36930512614
10773.36930512614
10773.36930512614
10753.435524549004
10753.435524549004
10695.775124318927
10695.775124318927
10630.277928373293
10629.399170041825
10629.399170041825
10629.399170041825
10615.58881346582
10615.58881346582
10601.297516803172
9698.93425658313
9698.93425658313
9698.93425658313
9698.93425658313
9698.93425658313
9698.93425658313
9698.93425658313
9688.730204807716
9660.521961996861
9592.632551623772
9543.880075833284
9512.46803573616
9496.743707079126
9496.743707079126
9496.743707079126
8752.064073636764
8752.064073636764
8736.987671481429
8736.987671481429
8736.987671481429
8736.987671481429
8230.60184160166
8122.021880643538
8122.021880643538
8122.021880643538
8122.021880643538
8122.021880643538
8122.021880643538
8104.2656330273385
8078.370504413854
8077.2601555225
8010.727121638939
7986.042024923495
7677.445106623122
7677.445106623122
7524.961384085183
7524.961384085183
7343.344096368715
7343.344096368715
7343.344096368715
7343.344096368715
7343.344096368715
7290.785164257324
7201.630410745034
7174.082985720166
7157.556154525122
6963.685710925622
6963.685710925622
6963.685710925622
6746.131117041334
6527.391726579294
6497.938159020406
6497.938159020406
6497.938159020406
6460.776297918776
6460.776297918776
6460.776297918776
6447.8789871962035
6447.8789871962035
6274.955567970778
6244.894581235332
6244.894581235332
6168.300163595248
6028.642749885563
5985.573260848081
5985.573260848081
5985.573260848081
5902.915698710617
5902.915698710617
5880.605601262579
5788.446909651627
5742.122575011189
5742.122575011189
5742.122575011189
5742.122575011189
5742.122575011189
5443.325630560598
5443.325630560598
5443.325630560598
5443.325630560598
5443.325630560598
5276.949528033988
5276.949528033988
5276.949528033988
5276.949528033988
5276.949528033988
5276.949528033988
5248.812293644553
5227.7934074736695
5227.7934074736695
5227.7934074736695
5227.7934074736695
5191.144271497444
5147.4074764851075
5147.4074764851075
5147.4074764851075
5051.555955123459
4748.297149076751
4689.597863774086
4689.597863774086
4689.597863774086
4689.597863774086
4689.597863774086
4634.7921984053355
4473.829601064063
4473.829601064063
4473.829601064063
4467.901706164465
4416.005572239731
4416.005572239731
4416.005572239731
4416.005572239731
4416.005572239731
4416.005572239731
4416.005572239731
4405.516806261646
4118.312836752239
3855.4609140961948
3855.4609140961948
3855.4609140961948
3855.4609140961948
3855.4609140961948
3855.4609140961948
3855.4609140961948
3855.4609140961948
3855.4609140961948
3268818.5116868056
783662.375844867
56425.83029736844
56425.83029736844
52295.4854287186
52295.4854287186
51148.12990743333
51148.12990743333
50368.59874365146
50181.52715982024
49139.216041348554
47346.46084691796
39971.26336137732
36803.7825118854
34019.89161441565
34019.89161441565
34019.89161441565
34019.89161441565
34019.89161441565
34019.89161441565
34019.89161441565
32838.24721368805
32838.24721368805
32838.24721368805
32838.24721368805
32838.24721368805
32838.24721368805
32809.0865295984
31036.237580034056
31036.237580034056
28377.748041593408
26689.047751112696
26385.092702877882
26195.199740580774
26195.199740580774
25927.136302325365
25505.872236525596
25312.823001952216
25071.202435789535
25071.202435789535
24951.99358763837
24951.99358763837
24951.99358763837
24951.99358763837
24951.99358763837
24951.99358763837
24792.67467349648
24755.773576958865
24626.21823344772
24626.21823344772
24424.08783913012
23287.845623502795
23287.845623502795
23287.845623502795
23287.845623502795
23287.845623502795
23287.845623502795
23287.845623502795
23287.845623502795
22613.66873640609
22463.013734210013
22453.762353145703
22439.608270171935
22314.278981077765
22314.278981077765
22205.177443804332
21795.814007209512
21795.814007209512
21795.814007209512
21795.814007209512
21795.814007209512
21791.42684893004
21791.42684893004
21791.42684893004
21791.42684893004
20181.856621772036
20181.856621772036
19215.093313459492
19185.424610929716
19185.424610929716
18994.543940847685
18994.543940847685
18994.543940847685
18994.543940847685
18994.543940847685
18994.543940847685
18994.543940847685
18994.543940847685
18994.543940847685
3268818.5116868056
230954.67769362868
230954.67769362868
45296.887999948805
45296.887999948805
45296.887999948805
36824.99767920585
34864.59898360909
34864.59898360909
33872.491934923
33872.491934923
33872.491934923
33789.31402544844
33362.04061333239
33362.04061333239
33209.18019783075
33209.18019783075
33209.18019783075
28484.111634650955
28484.111634650955
28484.111634650955
28484.111634650955
28484.111634650955
28484.111634650955
28484.111634650955
28484.111634650955
28131.16902881449
28131.16902881449
28131.16902881449
28131.16902881449
28131.16902881449
26108.680357234265
25033.166952392927
24716.891663695074
24472.364751666966
24414.658872546104
24414.658872546104
24414.658872546104
24062.169867051893
24062.169867051893
24062.169867051893
22249.707027779805
22249.707027779805
22046.74370889136
22046.74370889136
22046.74370889136
22046.74370889136
22046.74370889136
22046.74370889136
21940.73052281779
21940.73052281779
21940.73052281779
21707.732879152103
20987.445063005765
20670.71803753751
20670.71803753751
20533.275648911385
20533.275648911385
20533.275648911385
20533.275648911385
20533.275648911385
20533.275648911385
20363.63406225563
20363.63406225563
20363.63406225563
19729.53379021438
19729.53379021438
19729.53379021438
19729.53379021438
19729.53379021438
19729.53379021438
19729.53379021438
19729.53379021438
19729.53379021438
18596.02352316683
17308.54929249508
17308.54929249508
17308.54929249508
17308.54929249508
17308.54929249508
17308.54929249508
17308.54929249508
16015.093528844942
16015.093528844942
16015.093528844942
16015.093528844942
16015.093528844942
15980.124812963082
15818.783376514324
15806.065134288468
15792.016496622478
15046.073712981904
14905.531451055487
14905.531451055487
14747.560828496325
14747.560828496325
14747.560828496325
14747.560828496325
13470.465249769131
13470.465249769131
13470.465249769131
13470.465249769131
12332.099325066658
12332.099325066658
12332.099325066658
12332.099325066658
12332.099325066658
12332.099325066658
12332.099325066658
12332.099325066658
12332.099325066658
11551.48428066158
11165.131213761262
11146.64862745798
11146.64862745798
10010.911028594342
10010.911028594342
10010.911028594342
10010.911028594342
9951.933550385733
9951.933550385733
9951.933550385733
9951.933550385733
9775.83919946354
9311.49523499354
8923.683658967537
8923.683658967537
8923.683658967537
8868.162424605302
8820.723246527656
7999.142192252407
7915.368397115488
7577.400013656159
7518.027577577428
7398.03591552724
6146.795529829613
5965.940805561318
5965.940805561318
5965.940805561318
5965.940805561318
5965.940805561318
5965.940805561318
5965.940805561318
5965.940805561318
5965.940805561318
5284.263014798596
5284.263014798596
5284.263014798596
5284.263014798596
5183.572841004517
5183.572841004517
5183.572841004517
5183.572841004517
5183.572841004517
5183.572841004517
5183.572841004517
5183.572841004517
5183.572841004517
4750.085511289689
4750.085511289689
4750.085511289689
4624.284678441879
4376.338954817811
4376.338954817811
4376.338954817811
4376.338954817811
4368.574360570879
4368.574360570879
4368.489433013277
4368.489433013277
4368.489433013277
4368.489433013277
4368.489433013277
4368.489433013277
4368.489433013277
4339.517156696593
4339.517156696593
4016.4138235333558
3903.473053085778
3567.920255589818
3567.920255589818
3567.920255589818
3567.920255589818
3567.920255589818
3567.920255589818
3564.232394878982
3564.232394878982
3564.232394878982
3534.5894220015234
3534.5894220015234
3534.5894220015234
3468.9261767722405
3428.301381511789
3428.301381511789
3428.301381511789
3428.301381511789
3428.301381511789
3337.679387386115
3337.679387386115
3337.679387386115
3337.679387386115
3141.3672041873556
3024.9781460276204
3024.9781460276204
3024.9781460276204
3024.9781460276204
3024.9781460276204
2745.5830467028363
2745.5830467028363
2745.5830467028363
2745.5830467028363
2745.5830467028363
2745.5830467028363
2745.5830467028363
2745.5830467028363
2744.2926020484856
2580.7180418479184
2449.313851321498
2385.4266683100445
2385.4266683100445
2385.4266683100445
2385.4266683100445
2385.4266683100445
2385.4266683100445
2385.4266683100445
2385.4266683100445
2385.4266683100445
349664493.8271733
68661.37042533292
67158.99322519754
39358.54585942256
36956.10746674394
36956.10746674394
36956.10746674394
35073.989165071565
35073.989165071565
30701.30596457863
30701.30596457863
29059.059418846868
25450.72533786779
25450.72533786779
21549.40133344226
21549.40133344226
21549.40133344226
21549.40133344226
21549.40133344226
21549.40133344226
21549.40133344226
21549.40133344226
21549.40133344226
21256.809742954225
19934.116683777727
19934.116683777727
19934.116683777727
19934.116683777727
18965.454249684444
18965.454249684444
18965.454249684444
18965.454249684444
17943.51781044505
17752.196289821626
17257.73211565786
17101.53028592191
16851.044234341687
16596.611628737723
16580.16516979023
16577.012819222608
16577.012819222608
16557.370104966143
16045.042170227567
16045.042170227567
16045.042170227567
16045.042170227567
15918.543726273252
15327.230985394546
15327.230985394546
15327.230985394546
15327.230985394546
15327.230985394546
15327.230985394546
14554.599449151148
14554.599449151148
13981.72807868362
13981.72807868362
13541.127100226613
13541.127100226613
13541.127100226613
13541.127100226613
13518.998586861486
13481.794300653746
12970.674580064826
12948.194019275477
12948.194019275477
12948.194019275477
12878.510266073936
12335.03886662225
12303.562494166858
12303.562494166858
12268.194588687771
12268.194588687771
12262.269358375203
12041.795743857949
12041.795743857949
11883.316006755535
11740.782083701697
11665.87927194432
11563.024735622832
11563.024735622832
11563.024735622832
11563.024735622832
11464.873915825814
11028.784449413743
11028.784449413743
11028.784449413743
11028.784449413743
11028.784449413743
11028.784449413743
10977.755529269789
10977.755529269789
10977.755529269789
9838.189181892354
9838.189181892354
9838.189181892354
9838.189181892354
9838.189181892354
9599.182344338738
9599.182344338738
9599.182344338738
9599.182344338738
9599.182344338738
9599.182344338738
8589.162736927181
8589.162736927181
7615.760803624076
7526.032928578107
7455.313806146601
7266.63316229857
7228.915831258983
7203.501419418463
7203.501419418463
6809.388321322052
6672.063724547449
6658.2773170796845
6658.2773170796845
6658.2773170796845
6658.2773170796845
6658.2773170796845
6658.2773170796845
6658.2773170796845
6658.2773170796845
6525.941812802775
6525.941812802775
6525.941812802775
6333.369879117293
6013.876459042044
5766.060817797937
5766.060817797937
5766.060817797937
5766.060817797937
5766.060817797937
5600.246126721226
5600.246126721226
5600.246126721226
5600.246126721226
5600.246126721226
5600.246126721226
4855.494035281834
4855.494035281834
4855.494035281834
4855.494035281834
4855.494035281834
4855.494035281834
4855.494035281834
4855.494035281834
4855.494035281834
349664493.8271733
146593.9834437007
146593.9834437007
98390.75577567439
31187.726056485026
31187.726056485026
31187.726056485026
31187.726056485026
31187.726056485026
31187.726056485026
30363.935808383252
30363.935808383252
30354.617157974542
30354.617157974542
25821.546691394884
25235.309906775245
25216.84533316771
25216.84533316771
25216.84533316771
24485.801836144114
24485.801836144114
24485.801836144114
24485.801836144114
22819.214693451246
21097.385018164467
21097.385018164467
21097.385018164467
21097.385018164467
21097.385018164467
21097.385018164467
21097.385018164467
21097.385018164467
21097.385018164467
349664493.8271733
1010599.2760677434
305436.0199181077
45976.71548062173
45976.71548062173
28036.08472851318
28036.08472851318
28036.08472851318
28036.08472851318
28036.08472851318
28036.08472851318
26660.626329218314
26660.626329218314
26660.626329218314
26660.626329218314
26660.626329218314
26660.626329218314
26660.626329218314
26636.23060696039
25125.70898901918
23765.342275368836
21814.081217499577
20530.311458095177
20193.897517052734
20083.680268617827
17941.56247633416
17941.56247633416
17941.56247633416
17941.56247633416
17941.56247633416
17941.56247633416
17941.56247633416
17941.56247633416
17941.56247633416
349664493.8271733
52489.827128812234
52489.827128812234
50561.44607357725
50561.44607357725
50561.44607357725
45178.96837374846
37837.81641311374
31575.150273362477
29783.07953499522
26890.332435736975
26890.332435736975
26890.332435736975
26890.332435736975
26890.332435736975
26890.332435736975
26890.332435736975
26047.440974890073
26047.440974890073
26047.440974890073
26047.440974890073
26047.440974890073
25526.61708625489
25341.348962805816
25341.348962805816
24443.562071616878
24443.562071616878
24443.562071616878
22725.90942204152
22725.90942204152
22725.90942204152
22725.90942204152
22725.90942204152
