894599.3962527454
696548.4194883873
347351.31184464635
67437.16442571805
67437.16442571805
67437.16442571805
56611.48774194542
56611.48774194542
51204.129204504105
51204.129204504105
50043.64803055955
50043.64803055955
49730.8183732027
48471.22012255819
48471.22012255819
48335.87992631268
48335.87992631268
48335.87992631268
48335.87992631268
46896.73861267551
46896.73861267551
46896.73861267551
46896.73861267551
46896.73861267551
44780.46653746386
43992.36632869817
39339.15079112013
39339.15079112013
38566.253003097976
37821.300278821516
37821.300278821516
37821.300278821516
37256.05888525712
35866.42610942489
35866.42610942489
35866.42610942489
35866.42610942489
35866.42610942489
35866.42610942489
35866.42610942489
35675.14093219921
35675.14093219921
35675.14093219921
35675.14093219921
35675.14093219921
35675.14093219921
35675.14093219921
35573.30275355601
35573.30275355601
35573.30275355601
35573.30275355601
35444.89051680175
34073.6987208098
34073.6987208098
34073.6987208098
34073.6987208098
34073.6987208098
34073.6987208098
34073.6987208098
34073.6987208098
34073.6987208098
894599.3962527454
894599.3962527454
161457.8333907451
76861.73113220409
62596.61004295805
54074.64472941122
54074.64472941122
54074.64472941122
54074.64472941122
54074.64472941122
54074.64472941122
53784.79634984949
53218.420306716784
51793.43696975472
51793.43696975472
51793.43696975472
51793.43696975472
51783.43677165138
51783.43677165138
51716.72234867962
51670.03373097308
50251.28359754596
50251.28359754596
49253.29590108862
45492.93284598074
42122.877005958246
40705.92809755771
40705.92809755771
40705.92809755771
40705.92809755771
40381.29561066459
40381.29561066459
40381.29561066459
40381.29561066459
40381.29561066459
39797.45561158249
39301.03851362431
39109.85857308808
39023.06933142869
38974.11024793122
38969.82948778511
38969.82948778511
38856.24697017475
38856.24697017475
38826.58868046314
38826.58868046314
36979.85901961462
36447.11420893979
36299.49876906051
36272.543573139264
36272.543573139264
36243.96537658467
35817.55088772163
35674.67708128739
35146.900903130125
34774.49002553401
34560.51434837707
34485.66906001992
34463.49627784584
34463.49627784584
34463.49627784584
34440.31957595954
34440.31957595954
34394.1978776712
34342.417762512865
34342.417762512865
34342.417762512865
34315.67405956059
34270.96268091749
34237.91297158513
34223.47774528907
33484.72456374297
33484.72456374297
33484.72456374297
33484.72456374297
33484.72456374297
33279.88313581149
33279.88313581149
33082.95126846356
33027.90382093577
33027.90382093577
31810.70451261219
31024.09342659078
29653.213730320946
29653.213730320946
29527.095469921827
29527.095469921827
29527.095469921827
29527.095469921827
29527.095469921827
29527.095469921827
29061.01855458188
29061.01855458188
28435.26498942063
28421.32029179647
28150.45838356246
26035.70532223377
26035.70532223377
26035.70532223377
25964.888756645916
25955.21100704179
24761.929217177018
24761.929217177018
24761.929217177018
24761.929217177018
24761.929217177018
24754.12345701684
24204.363351116146
24204.363351116146
23712.562177943695
23712.562177943695
22935.85478529791
22935.85478529791
22605.121064312552
22200.60380740706
20992.449385881973
20992.449385881973
20992.449385881973
20650.780548081388
20650.780548081388
20104.137249010644
20104.137249010644
20092.161478818278
20092.161478818278
20092.161478818278
20066.56474818884
19644.590886827427
19644.590886827427
19644.590886827427
19644.590886827427
19644.590886827427
18389.25482731168
17509.391120599765
17284.78841560546
17284.263056195643
17284.263056195643
17284.263056195643
17284.263056195643
17284.263056195643
17284.263056195643
17284.263056195643
16960.832327316126
16957.59372534105
16957.59372534105
16957.59372534105
16863.193575453453
16815.424591537154
16815.424591537154
16806.785799125024
16745.278634079903
16730.44293251717
16730.44293251717
16477.65822309284
16477.65822309284
16477.65822309284
16477.65822309284
16477.65822309284
16477.65822309284
16477.65822309284
16446.156059866793
15916.83783148602
15318.757082064669
15318.757082064669
14894.330148872219
14894.330148872219
14894.330148872219
14894.330148872219
14872.303120092414
14872.303120092414
14872.303120092414
14872.303120092414
14872.303120092414
14845.010503274698
14845.010503274698
14845.010503274698
14845.010503274698
14845.010503274698
14704.177358589679
14496.485287247348
13946.198857554891
13741.243996013962
13708.398865616255
13708.398865616255
13689.817030690696
13583.402857810759
13500.257756104049
13500.257756104049
13500.257756104049
13075.647078895649
12996.095774440815
12996.095774440815
12996.095774440815
12996.095774440815
12996.095774440815
12883.953659233117
12883.953659233117
12883.953659233117
12546.767550553408
12302.719749223275
12297.499903139646
12091.338981883184
11466.94720635059
11466.94720635059
11466.94720635059
11466.94720635059
11466.94720635059
11466.94720635059
11466.94720635059
11089.672359282487
11051.102359531304
11051.102359531304
11010.335858123537
10931.00130663118
10931.00130663118
10931.00130663118
10931.00130663118
10602.190877522937
10602.190877522937
10602.190877522937
10602.190877522937
10602.190877522937
10602.190877522937
10602.190877522937
10602.190877522937
10571.452842689623
10521.400399557846
10521.400399557846
10521.400399557846
10521.400399557846
10521.400399557846
10467.197428600939
9719.551325516986
9127.30206134603
8640.421783500862
8177.941850882176
8177.941850882176
8177.941850882176
7398.341875248549
7398.341875248549
7398.341875248549
7256.409715829375
7256.409715829375
7256.409715829375
7256.409715829375
7256.409715829375
7256.409715829375
6900.996951383062
6124.259797978228
5930.409408930513
5930.409408930513
5930.409408930513
5917.333568974143
5811.7870788306245
5713.2983679866065
5605.491419727178
5605.491419727178
5605.491419727178
5605.491419727178
5605.491419727178
5605.491419727178
5605.491419727178
5605.491419727178
5605.491419727178
894599.3962527454
784682.4919957457
784682.4919957457
784682.4919957457
57136.903642236786
57136.903642236786
50783.382498340085
50107.80217709772
48953.886589519454
48953.886589519454
44121.89697181049
44121.89697181049
42673.63128223413
42182.69496789113
42182.69496789113
38857.23013472709
38857.23013472709
36570.537676387474
34097.98033712665
31446.194242660833
31446.194242660833
31446.194242660833
31446.194242660833
31446.194242660833
31446.194242660833
31446.194242660833
30308.84693240847
30308.84693240847
30308.84693240847
30308.84693240847
29945.403075026636
29945.403075026636
29945.403075026636
28875.720466770676
28875.720466770676
28875.720466770676
27028.01645513919
26500.41986818151
26500.41986818151
26500.41986818151
26500.41986818151
26500.41986818151
26469.53760603259
26469.53760603259
26469.53760603259
26469.53760603259
26469.53760603259
26469.53760603259
26469.53760603259
26413.76872768626
26413.76872768626
26413.76872768626
26413.76872768626
26409.877688283366
25970.60489134661
25497.0916569911
25497.0916569911
24824.006686120083
24824.006686120083
24430.046556408768
24124.35836156429
24054.91224588843
24028.14229082657
24017.797496176616
24009.959199369558
24006.733109892855
24006.733109892855
24006.733109892855
23988.133893634407
23950.478432009015
23950.478432009015
23950.478432009015
23950.478432009015
23950.478432009015
23742.08610483177
23742.08610483177
23742.08610483177
23742.08610483177
23499.141263044803
22917.6732956235
22917.6732956235
22306.86488212297
22306.86488212297
22306.86488212297
22306.86488212297
22293.351790984587
22293.351790984587
22268.32705280381
22128.734422657322
21783.391134035468
21201.32191129041
21145.773609190182
21145.773609190182
21145.773609190182
21145.773609190182
20899.82635589888
20899.82635589888
20846.7396440672
20846.7396440672
20810.18195363959
20810.18195363959
20749.69643374194
20749.69643374194
20749.69643374194
20720.198482017353
20187.345060374213
20062.178056669225
20062.178056669225
19465.52255566532
18559.351418777438
17823.079235759495
17823.079235759495
17823.079235759495
17823.079235759495
17660.22063391065
17660.22063391065
17660.22063391065
17655.417453235
15556.903945630009
14750.392815029503
14750.392815029503
14750.392815029503
14750.392815029503
14750.392815029503
14000.631631885684
14000.631631885684
14000.631631885684
14000.631631885684
14000.631631885684
14000.631631885684
14000.631631885684
13487.355671969779
13487.355671969779
13487.355671969779
13477.017504693902
12865.47813421262
12865.47813421262
12865.47813421262
12865.47813421262
12666.950213400512
12666.950213400512
12381.858221315406
12173.986405094744
12173.986405094744
12173.986405094744
12173.986405094744
11367.495795973588
11367.495795973588
11367.495795973588
11367.495795973588
11367.495795973588
11367.495795973588
11367.495795973588
11367.495795973588
11337.639005393341
11218.81171327703
10494.753817415698
10074.318868708833
9920.89784846867
9857.404952100438
9857.404952100438
9857.404952100438
9857.404952100438
9857.404952100438
9857.404952100438
9835.564611907294
9789.480339316486
9743.79609122507
9506.695241459329
9471.363058427667
8433.339420398312
8166.541269251183
7767.750507954193
7767.750507954193
7767.750507954193
7767.750507954193
6949.662588779589
6949.662588779589
6949.662588779589
6949.662588779589
6527.130426718328
6527.130426718328
6527.130426718328
6527.130426718328
6527.130426718328
6493.239604296705
6493.239604296705
6493.239604296705
6493.239604296705
6448.558310185495
6418.372938488059
6418.372938488059
6418.372938488059
6260.183247247877
6260.183247247877
6260.183247247877
6260.183247247877
6260.183247247877
6260.183247247877
5922.959202167659
5922.959202167659
5922.959202167659
5922.959202167659
5922.959202167659
5922.959202167659
5922.959202167659
5922.959202167659
5800.512437513069
5800.512437513069
5800.512437513069
5800.512437513069
5655.064202508689
5655.064202508689
5590.053691942319
5590.053691942319
5103.072087203695
5103.072087203695
5103.072087203695
5004.585325254207
4825.32611954967
4790.031345738845
4772.263193177673
4757.969923903568
4748.750622839821
4742.087055632352
4739.206378192554
4739.206378192554
4739.206378192554
4739.206378192554
4727.835989115369
4727.835989115369
4664.898893460727
4664.898893460727
4664.898893460727
4664.898893460727
4591.720063022156
4570.130511200401
4570.130511200401
4570.130511200401
4421.533251426884
4255.9708115741105
4245.971163343863
4245.971163343863
4245.971163343863
4128.6636303532905
3938.8692188128844
3853.8298521726197
3853.8298521726197
3783.281108572151
3783.281108572151
3783.281108572151
3783.281108572151
3783.281108572151
3783.281108572151
3783.281108572151
3783.281108572151
3783.281108572151
894599.3962527454
624988.7547783207
193650.6873360885
193650.6873360885
193650.6873360885
52973.57852732372
52973.57852732372
52973.57852732372
47106.387741970575
41406.59835934578
41406.59835934578
35745.389012415035
35745.389012415035
35745.389012415035
35745.389012415035
35745.389012415035
34138.19676670139
34138.19676670139
31426.31095504947
31426.31095504947
31426.31095504947
31426.31095504947
31426.31095504947
27701.36198525648
26891.09665722279
26668.19394272591
26593.77978663931
26593.77978663931
25899.53782119475
25899.53782119475
25899.53782119475
25899.53782119475
25899.53782119475
25899.53782119475
25899.53782119475
25899.53782119475
24120.487215448622
24120.487215448622
24120.487215448622
24120.487215448622
22827.347599669705
22827.347599669705
22035.527592189712
21884.49789523727
21884.49789523727
21884.49789523727
21884.49789523727
21884.49789523727
21884.49789523727
21861.35813153201
21847.205119858194
21311.738391609168
20980.219084119304
20792.908321159055
20474.883729062934
20425.786473688706
20425.786473688706
20276.440349018485
20155.50308829021
19719.63006074049
19575.710170711394
19575.710170711394
19575.710170711394
19575.710170711394
19575.710170711394
19575.710170711394
19575.710170711394
18495.540603398713
18450.88377603031
17312.4407785847
16971.44701648215
16860.54737011605
16848.214312992346
16848.214312992346
16836.823096569744
16836.823096569744
16806.94326969801
16806.94326969801
16806.94326969801
16806.94326969801
16786.25021976287
16786.25021976287
16786.25021976287
16765.630508998413
16731.61916710237
16709.154799462074
16648.466051163916
16648.466051163916
16648.466051163916
16648.466051163916
16648.466051163916
16648.466051163916
16648.466051163916
16648.466051163916
16285.884791024337
16285.884791024337
16285.884791024337
16285.884791024337
16165.277948628996
15479.073347734062
15345.958109480745
15240.267120334796
15240.267120334796
14413.449047133963
14413.449047133963
14413.449047133963
14413.449047133963
14413.449047133963
12520.700345402884
11562.177903565223
9987.95604133575
8388.03553933265
7906.174363808437
7701.265123705046
7625.311776593295
7610.040399355697
7583.811794716577
7409.416956727302
7409.416956727302
7409.416956727302
7409.416956727302
7409.416956727302
7409.416956727302
7409.416956727302
7111.345424967887
7111.345424967887
7111.345424967887
7111.345424967887
7111.345424967887
7111.345424967887
7111.345424967887
7096.016206637504
7082.673076904184
7082.673076904184
7079.324193876174
7079.324193876174
7066.080869605559
7062.10781226947
7059.440326087655
7058.945488468824
7058.945488468824
7057.651850172295
6692.561185231384
6692.561185231384
6692.561185231384
6599.093250785074
6055.019768321805
6055.019768321805
6055.019768321805
6055.019768321805
6055.019768321805
5910.913862387427
5910.913862387427
5901.368433084157
5901.368433084157
5901.368433084157
5747.187226721331
5747.187226721331
5699.434549651898
5699.434549651898
5699.434549651898
5699.434549651898
5699.434549651898
5699.434549651898
5699.434549651898
5699.434549651898
5699.434549651898
894599.3962527454
228685.80438666907
106552.61268368165
106552.61268368165
56236.35169057287
56236.35169057287
56236.35169057287
51753.29378956706
51316.129846949916
51198.573984435876
51154.22999079767
51124.65433748321
46179.4292259529
42780.24564308462
40813.09176147757
40813.09176147757
40813.09176147757
40813.09176147757
40813.09176147757
40813.09176147757
40813.09176147757
40813.09176147757
40813.09176147757
894599.3962527454
894599.3962527454
721124.3515169136
456868.26325504127
70895.11620224506
70895.11620224506
67172.95409405477
67172.95409405477
67172.95409405477
67172.95409405477
67172.95409405477
57454.44245148024
55611.80156653703
55611.80156653703
55611.80156653703
55611.80156653703
55611.80156653703
55611.80156653703
55611.80156653703
55000.515217866305
52173.09645320686
52173.09645320686
44631.00927492623
44631.00927492623
44631.00927492623
42602.30617969782
42602.30617969782
42602.30617969782
42602.30617969782
42602.30617969782
41846.98358794184
41846.98358794184
41159.945097731106
41159.945097731106
41159.945097731106
39082.98467293037
38457.5345222745
37890.51825758295
37302.40433658622
37115.12781398566
37114.14746285849
34844.141235223615
34844.141235223615
34844.141235223615
34844.141235223615
34844.141235223615
34844.141235223615
34844.141235223615
34844.141235223615
34695.84029258767
34695.84029258767
34695.84029258767
33060.14577770504
33060.14577770504
33060.14577770504
33060.14577770504
33060.14577770504
33060.14577770504
33060.14577770504
33060.14577770504
32153.568585022265
32153.568585022265
31343.2425422133
31343.2425422133
29333.586149603543
27681.098350471453
27273.8805035505
27130.4440317144
27047.91244155393
26881.74576503944
26739.49005336787
26638.71616507412
26565.44296573031
26508.67228843707
26460.388933823324
26415.56067004645
26372.13823279218
26331.055325274672
26280.21215975052
25351.526213626123
25351.526213626123
25351.526213626123
24597.12218136004
23435.173568680177
23290.523963474505
23290.523963474505
23290.523963474505
22926.61330795738
22926.61330795738
22916.807301323894
22916.807301323894
22762.311350514297
22593.203749933295
22495.10310313927
22205.016959745295
22205.016959745295
22055.74492728924
21836.061599978413
21725.18247447445
21275.01594227742
21275.01594227742
20934.803873490302
20591.96385481105
20330.85875415832
20330.85875415832
20330.85875415832
20294.12298452924
18220.338108650412
17775.860272526683
17775.860272526683
17775.860272526683
17775.860272526683
17775.860272526683
17775.860272526683
17447.073862048834
17447.073862048834
17447.073862048834
17447.073862048834
17191.157624150197
17191.157624150197
17191.157624150197
17148.822538251723
16456.90449175614
16456.90449175614
15816.051874457662
15743.290313757681
15743.290313757681
15743.290313757681
15743.290313757681
15388.940973285222
13825.315232809986
13120.008751260284
12793.31907260952
12518.577652954094
12316.41112088814
12316.41112088814
12182.894423159261
12182.894423159261
12182.894423159261
12064.774931995173
11948.374705499615
11815.585610317245
11762.680761841582
11756.035108885702
11756.035108885702
11694.482213034631
11694.482213034631
11694.482213034631
11170.525884627627
11170.525884627627
11170.525884627627
11170.525884627627
11170.525884627627
11170.525884627627
11170.525884627627
11170.525884627627
11170.525884627627
894599.3962527454
894599.3962527454
74701.56823791128
74701.56823791128
74701.56823791128
57120.45885612575
57120.45885612575
57120.45885612575
57120.45885612575
57120.45885612575
57120.45885612575
56423.45611450734
56423.45611450734
56423.45611450734
56423.45611450734
54955.861524892694
54575.91093029482
54575.91093029482
54575.91093029482
54575.91093029482
54442.872978401414
54442.872978401414
54442.872978401414
54185.547718231595
54185.547718231595
54185.547718231595
46367.80307730887
46367.80307730887
46367.80307730887
46367.80307730887
42235.186265324475
42235.186265324475
42235.186265324475
42235.186265324475
42235.186265324475
42235.186265324475
40560.1476159702
40560.1476159702
40560.1476159702
40560.1476159702
40560.1476159702
40560.1476159702
40560.1476159702
40560.1476159702
40560.1476159702
894599.3962527454
894599.3962527454
270394.433453254
82005.42098399095
73978.09765430701
71985.477334235
70651.52479013304
70651.52479013304
68410.91546194628
68410.91546194628
67724.61357755156
60560.21048287372
60560.21048287372
56301.256616014085
56301.256616014085
55342.664883143625
55342.664883143625
55342.664883143625
55342.664883143625
55022.0117366964
52471.37497625021
52471.37497625021
52471.37497625021
52471.37497625021
52471.37497625021
52156.99704696144
51277.52248108015
49325.02463203334
