143740.48226375118
82021.5350798099
82021.5350798099
82021.5350798099
82021.5350798099
73297.83272028429
73026.54239860347
71284.97289013221
71284.97289013221
71284.97289013221
71284.97289013221
71284.97289013221
64316.24463434678
64316.24463434678
61958.637479123456
61958.637479123456
61958.637479123456
61958.637479123456
58306.43375239581
58306.43375239581
58306.43375239581
44279.212624266685
44279.212624266685
44279.212624266685
44279.212624266685
44279.212624266685
44279.212624266685
44279.212624266685
43017.40817451579
43017.40817451579
43017.40817451579
43017.40817451579
43017.40817451579
43017.40817451579
43017.40817451579
43017.40817451579
43017.40817451579
42719.26064782802
35979.12372323463
35979.12372323463
35979.12372323463
35979.12372323463
35979.12372323463
35979.12372323463
35979.12372323463
35979.12372323463
35658.47729369609
33534.31287377983
31872.33422285722
31872.33422285722
31872.33422285722
31872.33422285722
31363.93072373576
30778.46704485337
29905.43773191919
29905.43773191919
29905.43773191919
29905.43773191919
29905.43773191919
28579.86419592087
28579.86419592087
28579.86419592087
28357.99076561491
28155.325787074835
27978.667895452538
27978.667895452538
27978.667895452538
26336.23800576039
26245.0532461135
24298.804180057643
24298.804180057643
24298.804180057643
24298.804180057643
24298.804180057643
24298.804180057643
24298.804180057643
24298.804180057643
24298.804180057643
23859.442704966958
22296.309657425238
21540.176551808796
21515.693597365764
21515.693597365764
21515.693597365764
21108.677900437404
20967.129190803218
19496.4890489997
19496.4890489997
19496.4890489997
19496.4890489997
19496.4890489997
19496.4890489997
19496.4890489997
19496.4890489997
19496.4890489997
143740.48226375118
143740.48226375118
120760.62804164158
118578.73902564305
118491.41271502899
118491.41271502899
118491.41271502899
109115.73987724398
109115.73987724398
92267.30989038301
92267.30989038301
92267.30989038301
89661.35646455026
79561.0253933845
79561.0253933845
77443.46512635995
77443.46512635995
77443.46512635995
74915.3872052409
64539.20383278512
59473.000782104464
59473.000782104464
59473.000782104464
59473.000782104464
59473.000782104464
59473.000782104464
59473.000782104464
59473.000782104464
59473.000782104464
143740.48226375118
143740.48226375118
85580.66963654748
85580.66963654748
78839.35023653819
67865.20631076733
67865.20631076733
62835.48019658035
62835.48019658035
55400.279970282216
36782.7774283164
36782.7774283164
36782.7774283164
36782.7774283164
36782.7774283164
36782.7774283164
31332.624745734494
31332.624745734494
31332.624745734494
30531.508242247015
30531.508242247015
30531.508242247015
30531.508242247015
30422.492193259215
30422.492193259215
30422.492193259215
30422.492193259215
30217.35945756208
30217.35945756208
30217.35945756208
30117.85134243398
30117.85134243398
28619.723159549456
28619.723159549456
28619.723159549456
28619.723159549456
28619.723159549456
27656.3824189138
26295.142858135852
25752.647583188515
25516.55848762772
25516.55848762772
25516.55848762772
25516.55848762772
25516.55848762772
25516.55848762772
25516.55848762772
25267.653432994488
25267.653432994488
24047.315438465157
24047.315438465157
24047.315438465157
24047.315438465157
24047.315438465157
24047.315438465157
24047.315438465157
24047.315438465157
24047.315438465157
143740.48226375118
143740.48226375118
135401.37336372692
125475.83801119821
92905.87457624631
92905.87457624631
78312.90281640553
78312.90281640553
74073.42024408872
58223.63201592419
58223.63201592419
58223.63201592419
58223.63201592419
58223.63201592419
56830.23581898084
56830.23581898084
55848.18219691182
42598.62543163755
42598.62543163755
42598.62543163755
41929.39777691859
41929.39777691859
41929.39777691859
39328.97075120314
39328.97075120314
39328.97075120314
39328.97075120314
39328.97075120314
39099.4509496285
39099.4509496285
39099.4509496285
39099.4509496285
39099.4509496285
39099.4509496285
39099.4509496285
39099.4509496285
36772.67995009543
36772.67995009543
36772.67995009543
36772.67995009543
36772.67995009543
36772.67995009543
36627.71575299552
36503.387399453684
36404.07529346272
35988.19354171279
34828.00473812474
34402.09423729935
34225.08699686945
30318.142227373715
30318.142227373715
28403.430071183513
27465.01799522392
27168.87100310803
27066.2220284021
27066.2220284021
27066.2220284021
27066.2220284021
27066.2220284021
27027.162875549777
27012.400931113218
27012.400931113218
27012.400931113218
27000.68195422241
27000.68195422241
27000.68195422241
27000.68195422241
27000.68195422241
27000.68195422241
27000.68195422241
25119.81030235966
25034.80612084982
24680.517963824655
24611.45929712797
24521.327699741472
24480.12683450182
24453.016814180857
24445.604516790718
24445.604516790718
24445.604516790718
23723.94537294981
23723.94537294981
23723.94537294981
22348.482151848642
21504.866845895158
21504.866845895158
21504.866845895158
21504.866845895158
21504.866845895158
21504.866845895158
21504.866845895158
21504.866845895158
21504.866845895158
143740.48226375118
143740.48226375118
126242.97094221656
85265.89388821367
85265.89388821367
84239.60363257339
84239.60363257339
76381.4910891648
76381.4910891648
62484.29479040377
58671.94873452621
58671.94873452621
58671.94873452621
55927.26860097941
55900.22844773173
55900.22844773173
54003.033631585124
51522.19941394448
51433.136138065456
51433.136138065456
51433.136138065456
51433.136138065456
51433.136138065456
51433.136138065456
50175.74119099663
49642.885916190586
49468.37718036886
49424.533838691685
49424.533838691685
49424.533838691685
49424.13188685392
49424.13188685392
46040.7290097722
44348.53364267861
43355.31970949543
43355.31970949543
43355.31970949543
43355.31970949543
42926.749220945334
41228.984179829065
40634.856498255496
40599.29063437578
40593.30861188558
40582.57749785952
40572.231567521325
40564.475462869355
40557.13129565642
40550.197942864535
40543.67491100201
40537.562336103416
40531.86098372962
40526.57224896774
40521.698156431194
40517.241360259635
40513.205144119034
40419.905715844725
40007.362400767124
39818.46657502426
39717.75517754588
39677.616468813765
39248.98276341903
38458.62853840432
38162.20748214807
38162.20748214807
38162.20748214807
38162.20748214807
38162.20748214807
37072.71096139595
37072.71096139595
37072.71096139595
37072.71096139595
36814.71212451874
36814.71212451874
36539.48287128899
36539.48287128899
36539.48287128899
36018.77943778916
35214.08987611853
34842.42708588374
34842.42708588374
34842.42708588374
34842.42708588374
34842.42708588374
34842.42708588374
34842.42708588374
34833.21214212686
34721.42079585253
34721.42079585253
34721.42079585253
34078.88478304657
34078.88478304657
34078.88478304657
34078.88478304657
33799.943944808176
33202.152897787615
33106.7323029535
33106.7323029535
32330.795545602134
32330.795545602134
32330.795545602134
32330.795545602134
32192.56116622222
31349.509564230495
30877.63305539319
30757.658022006482
30652.228453657524
30612.440419108814
30602.272498302635
30602.272498302635
30602.272498302635
30602.272498302635
30602.272498302635
30304.87382644373
30304.87382644373
23995.895917041576
23995.895917041576
21992.907457327463
21992.907457327463
21992.907457327463
21992.907457327463
21992.907457327463
21992.907457327463
21992.907457327463
21992.907457327463
21992.907457327463
168803.5929214594
97880.81322957508
97880.81322957508
50848.295069603555
50848.295069603555
35910.25016089601
35910.25016089601
35910.25016089601
35910.25016089601
32317.01896638022
32080.115066627488
32080.115066627488
32080.115066627488
31599.42365240975
31599.42365240975
31599.42365240975
31599.42365240975
31016.715114435498
31016.715114435498
31016.715114435498
31016.715114435498
31016.715114435498
31016.715114435498
30296.807780646872
30296.807780646872
30296.807780646872
30296.807780646872
29784.518694548548
29784.518694548548
29784.518694548548
29374.921519289957
29374.921519289957
29374.921519289957
27317.733594510428
27317.733594510428
27317.733594510428
27317.733594510428
27317.733594510428
27317.733594510428
27317.733594510428
27317.733594510428
25977.881433727667
25977.881433727667
25959.753284277747
25959.753284277747
25959.753284277747
24889.16987109366
23788.70724242154
23429.96418884359
23299.66283487499
23237.446714080823
23198.235424419086
23183.059285098967
23183.059285098967
23176.89821241291
23028.651035640727
23028.651035640727
23028.651035640727
23028.651035640727
23028.651035640727
23028.651035640727
23028.651035640727
22988.512785463507
22988.512785463507
21017.43355795152
19855.70735095393
19153.55908258918
19153.55908258918
19153.55908258918
18602.39457725058
17142.098763907255
16422.87617175675
15797.92919065104
15142.508022652675
13925.732998800386
13925.732998800386
13925.732998800386
13226.654259002817
13226.654259002817
13226.207377824785
13226.207377824785
12637.085903580637
12637.085903580637
12556.533828226255
12556.533828226255
12556.533828226255
12556.533828226255
12556.533828226255
12402.937890848601
11700.736750693473
11700.736750693473
11257.397168282658
11257.397168282658
11257.397168282658
11257.397168282658
11139.511789417147
11139.511789417147
11139.511789417147
11139.511789417147
11139.511789417147
11139.511789417147
10985.351683339197
10985.351683339197
10985.351683339197
10985.351683339197
10439.774318888467
10439.774318888467
10439.774318888467
10439.774318888467
10417.981154448345
10143.865088451816
10143.865088451816
10143.865088451816
9930.398057841565
9930.398057841565
9930.398057841565
9249.689526025724
8455.555214331198
7476.715362102216
7011.5214031100695
7011.5214031100695
7011.5214031100695
7011.5214031100695
6124.768265496636
6124.768265496636
6124.768265496636
6124.768265496636
5924.637717205092
5924.637717205092
5924.637717205092
5924.637717205092
5924.637717205092
5915.863057645834
5915.863057645834
5915.863057645834
5915.863057645834
5904.463081943552
5904.463081943552
5897.866330798007
5897.866330798007
5897.866330798007
5703.251268028433
5703.251268028433
5703.251268028433
5659.264812016048
5659.264812016048
5659.264812016048
5659.264812016048
5659.264812016048
5659.264812016048
5659.264812016048
5659.264812016048
5659.264812016048
168803.5929214594
105245.26473674501
63057.353388557014
63057.353388557014
63057.353388557014
63057.353388557014
42756.07590501981
42756.07590501981
42756.07590501981
42756.07590501981
35791.18568574467
35791.18568574467
35791.18568574467
35166.843456164686
34886.51156193583
33549.670005859276
30815.34058216175
30294.897711109825
30294.897711109825
30294.897711109825
30294.897711109825
30294.897711109825
30294.897711109825
30066.138799941542
30066.138799941542
30066.138799941542
27317.428207108536
27317.428207108536
27317.428207108536
27317.428207108536
27317.428207108536
27317.428207108536
27317.428207108536
27317.428207108536
27317.428207108536
168803.5929214594
168803.5929214594
168803.5929214594
90003.05703008766
64460.83175613446
57746.95280291061
57044.53456656369
46825.17022217382
43500.23373537481
38299.991168899156
38299.991168899156
38299.991168899156
37767.640478450834
37767.640478450834
37767.640478450834
37767.640478450834
34909.22788621836
33014.7958629176
33014.7958629176
30874.458965612703
30874.458965612703
30874.458965612703
30874.458965612703
30874.458965612703
30874.458965612703
28648.841533769442
27595.68185311389
27595.68185311389
27595.68185311389
27595.68185311389
27595.68185311389
27595.68185311389
27595.68185311389
27595.68185311389
27595.68185311389
26571.31626005645
25330.09185883897
25029.156279571333
24955.98371576791
24955.98371576791
24955.98371576791
24946.58275573875
24946.58275573875
24917.411715536273
24917.411715536273
24917.411715536273
24905.991805746235
24903.571212688432
24902.364266045493
24902.364266045493
24902.364266045493
24902.364266045493
24899.29285912754
24884.585239625132
24871.900915707924
24864.123418429197
24532.099131286366
24092.19120417594
23968.032180244027
23883.467754547237
23846.014806892745
23725.963951645794
23493.463396373547
23493.463396373547
23493.463396373547
23493.463396373547
23425.107614059692
23425.107614059692
23425.107614059692
23425.107614059692
23425.107614059692
23425.107614059692
23425.107614059692
23425.107614059692
23425.107614059692
168803.5929214594
61848.634281849605
61848.634281849605
43189.37711112537
35984.892931051596
35984.892931051596
35984.892931051596
35984.892931051596
35984.892931051596
35984.892931051596
35322.7936470882
34017.06826699456
34017.06826699456
34017.06826699456
34017.06826699456
33568.76986793719
30900.712066878106
30328.42070931751
30328.42070931751
30328.42070931751
29512.181820266575
29035.657084741644
28552.859336278747
28552.859336278747
28321.045066799437
28321.045066799437
28321.045066799437
28321.045066799437
28321.045066799437
28315.05594107884
28315.05594107884
28315.05594107884
27529.44223283968
27372.082296467797
27372.082296467797
27372.082296467797
26765.917953541226
26765.917953541226
26765.917953541226
26578.343458256604
23929.53817807573
23929.53817807573
23929.53817807573
23929.53817807573
23929.53817807573
23929.53817807573
23929.53817807573
23929.53817807573
23929.53817807573
168803.5929214594
168803.5929214594
140463.9659080776
53814.15889156826
50865.915603740585
50865.915603740585
50865.915603740585
48962.432388338486
45742.43886243905
44226.210024393695
37312.8324207011
37312.8324207011
37312.8324207011
35076.69664437767
35076.69664437767
35076.69664437767
35076.69664437767
35076.69664437767
35076.69664437767
35076.69664437767
35076.69664437767
35076.69664437767
168803.5929214594
168803.5929214594
145949.21082369308
107115.78284447607
57689.68307200331
47701.40741583554
47701.40741583554
47701.40741583554
47701.40741583554
44987.68924693812
44987.68924693812
38475.59738612108
38475.59738612108
36433.738786670794
36433.738786670794
36433.738786670794
36228.90738024092
35116.056947972575
34226.7062388969
33329.53721119815
33329.53721119815
33329.53721119815
32503.15360592133
32503.15360592133
32503.15360592133
32503.15360592133
30049.244102120312
29300.036791878385
29300.036791878385
28860.300953091904
28860.300953091904
28393.081806586066
27741.136654620863
26840.54562150057
26637.49563788066
26119.89739560495
26119.89739560495
26119.89739560495
26119.89739560495
26119.89739560495
26119.89739560495
26119.89739560495
26119.89739560495
26119.89739560495
168803.5929214594
168803.5929214594
38853.515407077946
23467.129080263265
23467.129080263265
23467.129080263265
23467.129080263265
23467.129080263265
22164.600457348726
21702.72627019129
21702.72627019129
21702.72627019129
21702.72627019129
21702.72627019129
20591.877314669848
20591.877314669848
20591.877314669848
20591.877314669848
17753.55988984298
17753.55988984298
17753.55988984298
17753.55988984298
17753.55988984298
17312.82911194817
17312.82911194817
16785.123165110297
16785.123165110297
16785.123165110297
16650.33252922639
16650.33252922639
15935.846565439702
15370.170382404869
15175.610031336077
15175.610031336077
15175.610031336077
15145.10965007223
15145.10965007223
15145.10965007223
15120.749380939036
15085.611227982025
14924.401650709071
14824.048634881765
14720.755843278992
14488.341977620585
14488.341977620585
14122.031402400415
13398.62723566932
13398.62723566932
12816.999801238828
11688.904146403449
11688.904146403449
11688.904146403449
11688.904146403449
11688.904146403449
11688.904146403449
11688.904146403449
11688.904146403449
11688.904146403449
11516.547758934672
10926.14386190932
10926.14386190932
10926.14386190932
10926.14386190932
10926.14386190932
10094.519706547091
9732.456804758369
9621.273257319914
9621.273257319914
9621.273257319914
9621.273257319914
9120.540618176177
8691.692553889248
8158.233826004729
7953.099373543376
7953.099373543376
7953.099373543376
7953.099373543376
7610.438889741467
7610.438889741467
7610.438889741467
7610.438889741467
7610.438889741467
7573.112178570446
7573.112178570446
7573.112178570446
7573.112178570446
7490.50019796255
7490.50019796255
7255.437061313997
7255.437061313997
7255.437061313997
7255.437061313997
7255.437061313997
7235.30040903451
7235.30040903451
7235.30040903451
6684.607680840869
6684.607680840869
6243.082927753223
6243.082927753223
6243.082927753223
6243.082927753223
6243.082927753223
6220.2966375643955
6220.2966375643955
5874.291809355429
5874.291809355429
5874.291809355429
5857.498839353027
5857.498839353027
5705.507771482657
5705.507771482657
5705.507771482657
5705.507771482657
5467.373390936649
5323.439540106146
5323.439540106146
5323.439540106146
5323.439540106146
4877.170185787397
4877.170185787397
4877.170185787397
4877.170185787397
4552.40503530032
4552.40503530032
4455.516600632534
4455.516600632534
4455.516600632534
4455.516600632534
4436.071407682295
4436.071407682295
4436.071407682295
4303.380168872882
4212.871594470584
4212.871594470584
4095.2399447298567
4095.2399447298567
4095.2399447298567
4095.2399447298567
4095.2399447298567
4095.2399447298567
3924.0311587338233
3924.0311587338233
3924.0311587338233
3924.0311587338233
3924.0311587338233
3881.75503057417
3849.8045076859266
3847.23556072243
3842.3752671474626
3781.020292442763
3736.0484761719113
3736.0484761719113
3736.0484761719113
3736.0484761719113
3448.1720824544486
3448.1720824544486
3448.1720824544486
3448.1720824544486
3448.1720824544486
3405.6509938189793
3405.6509938189793
3355.995193367612
3010.844856190969
3010.844856190969
3006.9130791841267
3006.9130791841267
2781.015030214277
2781.015030214277
2781.015030214277
2781.015030214277
2557.7378207743477
2557.7378207743477
2557.7378207743477
2557.7378207743477
2557.7378207743477
2557.7378207743477
2557.7378207743477
2557.7378207743477
2432.9439575684905
2432.9439575684905
2432.9439575684905
2432.9439575684905
2385.098846551047
2283.2716918170154
2116.8304473708404
2116.8304473708404
2116.8304473708404
2116.8304473708404
2116.8304473708404
2116.8304473708404
2116.8304473708404
2104.336656169031
2104.336656169031
2104.336656169031
2104.336656169031
2104.336656169031
2104.336656169031
2104.336656169031
2104.336656169031
2104.336656169031
168803.5929214594
168803.5929214594
141484.36785392213
102971.73552479019
79375.53585128365
54117.491685247944
45821.092386499135
32824.60989654965
32824.60989654965
30853.88654339781
30853.88654339781
30853.88654339781
29368.45542486284
29368.45542486284
26579.14273126286
25861.64903074983
22836.300406031947
22836.300406031947
22836.300406031947
22836.300406031947
22836.300406031947
22836.300406031947
