279281.9174721665
90854.85631717213
32799.2288836333
32799.2288836333
22246.58023592169
22246.58023592169
22246.58023592169
22099.754655521367
19631.635957728176
19631.635957728176
19631.635957728176
18431.59714114966
18431.59714114966
18431.59714114966
16991.696728134055
16991.696728134055
16947.92857092162
16947.92857092162
15838.426652989641
15838.426652989641
15838.426652989641
15838.426652989641
15838.426652989641
15838.426652989641
15838.426652989641
15838.426652989641
15755.23737103538
15755.23737103538
15572.36763608371
15572.36763608371
15572.36763608371
15347.950958728747
15347.950958728747
15347.950958728747
15322.22727065902
15322.22727065902
15302.0277585593
14867.300612425792
14867.300612425792
14867.300612425792
14867.300612425792
14867.300612425792
14867.300612425792
14867.300612425792
14867.300612425792
14867.300612425792
379653244.2898162
69500.2475812083
69500.2475812083
45589.13994924484
34281.47474698734
34281.47474698734
34281.47474698734
31580.897879859644
31446.36140651725
31446.36140651725
31446.36140651725
31446.36140651725
31446.36140651725
30929.148888946784
28834.95740409311
28834.95740409311
28834.95740409311
28834.95740409311
28834.95740409311
27811.61876041583
27811.61876041583
27811.61876041583
26955.53243643061
26955.53243643061
26955.53243643061
26955.53243643061
26417.9084720185
25949.62715985374
25949.62715985374
25949.62715985374
25949.62715985374
25620.703702252653
24892.63698792632
24892.63698792632
24892.63698792632
24892.63698792632
24892.63698792632
24892.63698792632
24892.63698792632
24892.63698792632
24892.63698792632
379653244.2898162
518205.53706115857
518205.53706115857
46624.222465982166
46624.222465982166
42076.794611466365
28671.56919738408
28671.56919738408
28671.56919738408
28671.56919738408
28671.56919738408
28671.56919738408
27478.218996053085
25425.594085622222
25425.594085622222
25425.594085622222
25425.594085622222
25425.594085622222
24989.691708240567
24989.691708240567
24989.691708240567
24926.65546957672
24926.65546957672
24926.65546957672
24911.847273319072
24911.847273319072
24911.847273319072
24911.847273319072
24911.847273319072
24911.847273319072
24911.847273319072
24911.847273319072
24885.646701106634
22542.935252928022
22193.734854561397
21250.496062048038
21250.496062048038
21250.496062048038
21250.496062048038
21250.496062048038
21250.496062048038
21250.496062048038
21250.496062048038
21250.496062048038
379653244.2898162
17568170.80627853
11346567.28523789
333075.2549578914
95361.6561538137
27511.71746418066
27511.71746418066
27511.71746418066
27511.71746418066
27511.71746418066
26654.99850065235
26654.99850065235
26654.99850065235
25716.550963629783
25716.550963629783
25716.550963629783
23876.231615791115
23481.41374861389
23440.947632705633
23440.947632705633
23440.947632705633
22165.811021240555
21641.31132351825
21641.31132351825
21641.31132351825
20084.92902028864
20084.92902028864
19534.163405361283
19534.163405361283
19534.163405361283
19325.29096696056
19325.29096696056
19325.29096696056
19325.29096696056
18890.118506214396
18890.118506214396
18890.118506214396
18890.118506214396
18341.199902336877
18341.199902336877
18341.199902336877
18341.199902336877
18341.199902336877
18341.199902336877
18024.55747749896
17712.240966034373
17649.88788022784
17649.88788022784
17624.65294840718
17624.65294840718
17096.529202630496
17096.529202630496
16898.05965463729
16898.05965463729
16898.05965463729
16898.05965463729
16898.05965463729
16898.05965463729
16405.015952660164
16405.015952660164
16405.015952660164
16405.015952660164
14589.991052604626
13715.036641128105
13715.036641128105
13715.036641128105
13715.036641128105
13715.036641128105
13715.036641128105
13715.036641128105
13715.036641128105
13694.306166041293
13694.306166041293
13184.15406792074
13184.15406792074
13184.15406792074
11780.792426578195
11780.792426578195
11780.792426578195
11780.792426578195
11780.792426578195
11780.792426578195
11780.792426578195
11685.118786116087
11685.118786116087
11387.746620865455
11387.746620865455
10886.41702640762
10886.41702640762
10886.41702640762
10886.41702640762
10551.81415905376
10320.89268746213
10225.164401715885
10158.832500009348
10131.558668078636
10110.380128044395
10089.612955563067
9979.509312590459
9905.629549259093
9905.629549259093
9902.013116806276
9902.013116806276
9645.422076373361
9232.293668540986
9072.106994765967
9036.954329362492
9036.954329362492
8999.18079645676
8307.936725400643
8306.263511219955
8306.263511219955
8306.263511219955
8306.263511219955
8306.263511219955
8306.263511219955
8306.263511219955
8306.263511219955
8306.263511219955
7982.3874456038875
7982.3874456038875
7982.3874456038875
7982.3874456038875
7982.3874456038875
7982.3874456038875
7982.3874456038875
7068.745211427439
7068.745211427439
7068.745211427439
7068.745211427439
7068.745211427439
7068.745211427439
7068.745211427439
7063.100789928199
7063.100789928199
7063.100789928199
7012.095766900408
7012.095766900408
7012.095766900408
7012.095766900408
7012.095766900408
7012.095766900408
7012.095766900408
7012.095766900408
7012.095766900408
379653244.2898162
32063842.079344373
56902.218422995684
56902.218422995684
55551.21754746653
47034.998012855496
47034.998012855496
45396.75136754185
40864.5931300449
40864.5931300449
40864.5931300449
39779.761182889764
36500.6985765724
36500.6985765724
36500.6985765724
36500.6985765724
36002.07847485558
31758.16707909359
31758.16707909359
31758.16707909359
31758.16707909359
31758.16707909359
31758.16707909359
31716.045135146254
31610.99215377879
30692.068788799963
30497.657478820394
28607.845517175083
26846.746328147514
25788.25772804166
24599.708975825408
24341.1417120613
24273.849879377187
24248.88837797597
22051.829747656215
22051.829747656215
22051.829747656215
21972.85561937131
21972.85561937131
21972.85561937131
21972.85561937131
21972.85561937131
21972.85561937131
21756.33390500046
21756.33390500046
21626.06395143583
21626.06395143583
21626.06395143583
21626.06395143583
21626.06395143583
21626.06395143583
21626.06395143583
21626.06395143583
21626.06395143583
21474.064350378747
21474.064350378747
21474.064350378747
21459.011583199954
21357.786283783753
21357.786283783753
21357.786283783753
20669.612402675037
16940.839647021447
16940.839647021447
16940.839647021447
16940.839647021447
16940.839647021447
16940.839647021447
16940.839647021447
16940.839647021447
16940.839647021447
379653244.2898162
558349.2254383769
558349.2254383769
558349.2254383769
17184.436749456363
17184.436749456363
17184.436749456363
15802.029803461786
13365.302432326485
9516.165786349611
8942.468431711412
8942.468431711412
8942.468431711412
8942.468431711412
8942.468431711412
8820.554724378728
8820.554724378728
8820.554724378728
7562.400085249148
7562.400085249148
7562.400085249148
7562.400085249148
7562.400085249148
7562.400085249148
7356.737100257601
6505.082585364795
6505.082585364795
6505.082585364795
6505.082585364795
6505.082585364795
6505.082585364795
6505.082585364795
6497.044248497376
6497.044248497376
6497.044248497376
6497.044248497376
6497.044248497376
6101.787138310755
5283.551243221594
5283.551243221594
5283.551243221594
5283.551243221594
5062.087642224845
5062.087642224845
4829.2989684388085
4829.2989684388085
4829.2989684388085
4829.2989684388085
4829.2989684388085
4829.2989684388085
4829.2989684388085
4829.2989684388085
4829.2989684388085
4019.970161107233
4019.970161107233
4019.970161107233
4019.970161107233
4019.970161107233
4019.970161107233
4019.970161107233
4019.970161107233
4014.9213938937105
4014.9213938937105
3488.2872778195624
3488.2872778195624
3488.2872778195624
3488.2872778195624
3488.2872778195624
3488.2872778195624
3488.2872778195624
3435.729696648352
3435.729696648352
3353.984491268496
3353.984491268496
3353.984491268496
3353.984491268496
3353.984491268496
3082.954722908558
3082.954722908558
3082.954722908558
3082.954722908558
3082.954722908558
3082.954722908558
3082.954722908558
3082.954722908558
3028.4740162535595
2805.876343570342
2805.876343570342
2805.876343570342
2805.876343570342
2805.876343570342
2805.876343570342
2715.382840319145
2715.382840319145
2580.641910156891
2580.641910156891
2580.641910156891
2578.270760398902
2578.270760398902
2578.270760398902
2560.572744362855
2534.6771224401064
2517.834749469704
2513.1838942395716
2513.1838942395716
2509.1222326166476
2509.1222326166476
2357.485818087517
2270.6267806157884
2239.943302585227
2239.943302585227
2238.573560925324
2223.928385324655
2223.928385324655
2223.928385324655
2223.928385324655
1965.6917462203667
1965.6917462203667
1965.6917462203667
1965.6917462203667
1965.6917462203667
1831.1047137323421
1549.516864288685
1549.516864288685
1549.516864288685
1549.516864288685
1549.516864288685
1549.516864288685
1478.1865456329726
1450.6516436859863
1369.1839874345565
1369.1839874345565
1369.1839874345565
1369.1839874345565
1351.445818603591
1351.445818603591
1351.445818603591
1351.445818603591
1351.445818603591
1351.445818603591
1262.4321333321404
1262.4321333321404
1262.4321333321404
1243.0271876005231
1243.0271876005231
1243.0271876005231
1243.0271876005231
1243.0271876005231
1242.637073753096
1242.637073753096
1242.637073753096
1242.637073753096
1242.637073753096
1242.637073753096
1237.0324919059626
1171.7236664310606
1162.871717420683
1162.871717420683
1162.8235785183379
1162.8235785183379
1162.8235785183379
1162.8235785183379
1162.8235785183379
1162.8235785183379
1162.8235785183379
1128.632784120995
1053.8460519952457
1053.8460519952457
974.6005782754883
974.6005782754883
947.5122160991655
937.0870775924858
930.6159909072542
809.751810933215
809.751810933215
809.751810933215
731.3686865255443
731.3686865255443
731.3686865255443
731.3686865255443
701.0617371979358
701.0617371979358
701.0617371979358
701.0617371979358
701.0617371979358
701.0617371979358
696.1183448919417
693.1181677768948
663.2215149763358
663.2215149763358
663.2215149763358
663.2215149763358
663.2215149763358
663.2215149763358
663.2215149763358
587.440955206512
574.6961944577884
553.3480527723349
535.6072526391907
535.6072526391907
535.6072526391907
535.6072526391907
535.6072526391907
535.6072526391907
535.6072526391907
535.6072526391907
535.6072526391907
379653244.2898162
11500439.078732558
296839.9858184181
275281.5551681547
73229.77030707491
73229.77030707491
59988.19560720821
28910.70597753092
28900.232713839814
28900.232713839814
28900.232713839814
28900.232713839814
28223.2012243878
28223.2012243878
24882.72296786954
24882.72296786954
24882.72296786954
24882.72296786954
24660.549973348745
23424.511993418844
23424.511993418844
23424.511993418844
22722.087359411526
22317.787198534577
22317.787198534577
22317.787198534577
22317.787198534577
22317.787198534577
22317.787198534577
22317.787198534577
22317.787198534577
22317.787198534577
379653244.2898162
45911.14973925885
44803.45175341857
44803.45175341857
44803.45175341857
25110.18800376769
25110.18800376769
25110.18800376769
22351.12446569106
22351.12446569106
21886.89578958418
21886.89578958418
21886.89578958418
20825.734825150656
20825.734825150656
20825.734825150656
20825.734825150656
20825.734825150656
20274.76761881384
18501.713935492746
17569.597926060782
17569.597926060782
17343.18738270165
17343.18738270165
17343.18738270165
17343.18738270165
17343.18738270165
16924.48150246334
16602.72567899346
15606.67777099384
15606.67777099384
15606.67777099384
15606.67777099384
15606.67777099384
15606.67777099384
15351.977576379879
15351.977576379879
15351.977576379879
15351.977576379879
15351.977576379879
10232.31471475848
10232.31471475848
10232.31471475848
10232.31471475848
10232.31471475848
10232.31471475848
10232.31471475848
10232.31471475848
10232.31471475848
379653244.2898162
124432637.97262393
96115.87700186389
50285.07921358485
26194.83886533741
26194.83886533741
26194.83886533741
22406.779235406004
22406.779235406004
22406.779235406004
22406.779235406004
21740.92824607768
21695.524225680816
21695.524225680816
21695.524225680816
20484.079864810326
20484.079864810326
20484.079864810326
20484.079864810326
20484.079864810326
20484.079864810326
20484.079864810326
20387.535773485157
20387.535773485157
20387.535773485157
20275.586516791413
20130.18417202136
19993.89393156288
19691.630807895745
19573.854459417187
19348.865213781934
19200.398082236505
19104.48300609102
19104.48300609102
19104.48300609102
19104.48300609102
19104.48300609102
19104.48300609102
19104.48300609102
18992.32849930056
18840.680320918025
18840.680320918025
18840.680320918025
18576.79808385328
18576.79808385328
18264.886254098416
17619.648477126262
17619.648477126262
17619.648477126262
17619.648477126262
17506.446805303724
17496.63269935321
16713.080056477065
16713.080056477065
16713.080056477065
16713.080056477065
16713.080056477065
16408.547543779845
16294.3260005367
16254.755047899484
16254.755047899484
16254.755047899484
16254.755047899484
16254.755047899484
16254.755047899484
16139.396205796078
16116.281095044264
16116.281095044264
15873.876032368942
15873.876032368942
15873.876032368942
15873.876032368942
15873.876032368942
15873.876032368942
15873.876032368942
15873.876032368942
15873.876032368942
15691.970214169978
15691.970214169978
15015.87093158343
13927.392590841919
12936.32166741056
11862.19100031379
11337.056577380747
11295.27051352419
10597.747383491092
10597.747383491092
10216.10597406619
10216.10597406619
10216.10597406619
10216.10597406619
10216.10597406619
10216.10597406619
10216.10597406619
10216.10597406619
10017.157663148746
9613.404718101383
9234.816740691294
9207.252011317105
9207.252011317105
9171.890291474123
8978.636029019977
8978.636029019977
8978.636029019977
8978.636029019977
8978.636029019977
8978.636029019977
8978.636029019977
8978.636029019977
8978.636029019977
8796.366216569364
8796.366216569364
8796.366216569364
8704.6869772822
8704.6869772822
8618.590169336232
8618.590169336232
8613.249929307158
8544.107909032771
8544.107909032771
8544.107909032771
8544.107909032771
8544.107909032771
8544.107909032771
8464.397705261641
8464.397705261641
8361.759582549168
8182.532104540802
8182.532104540802
8027.202767509239
8027.202767509239
8027.202767509239
7278.609215944717
7278.609215944717
7278.609215944717
7278.609215944717
7278.609215944717
7150.049546488206
7150.049546488206
7150.049546488206
6820.7592514527905
6704.093103828359
6672.435661802511
6399.023743144819
6399.023743144819
6399.023743144819
6399.023743144819
6399.023743144819
6399.023743144819
6399.023743144819
5661.294557526804
5449.93275815888
5449.93275815888
5449.93275815888
5370.883921440705
5370.883921440705
5370.883921440705
5370.883921440705
5370.883921440705
5370.883921440705
4545.160219483574
4545.160219483574
4545.160219483574
4545.160219483574
4545.160219483574
4545.160219483574
4413.101302899538
4413.101302899538
4413.101302899538
4413.101302899538
3844.353930971748
3844.353930971748
3844.353930971748
3844.353930971748
3844.353930971748
3844.353930971748
3844.353930971748
3844.353930971748
3840.2298932491963
3757.255910963595
3757.255910963595
3757.255910963595
3757.255910963595
3388.221916862076
3388.221916862076
3388.221916862076
3388.221916862076
3388.221916862076
3239.949368281195
3222.215443405397
3222.215443405397
3222.215443405397
3222.215443405397
3143.56995414209
3143.56995414209
3143.56995414209
3143.56995414209
3143.56995414209
3073.1732849465197
2864.91671672641
2837.0876104114514
2837.0876104114514
2837.0876104114514
2837.0876104114514
2806.8458094680886
2522.201821674451
2522.201821674451
2501.3524918640137
2485.9211695238696
2485.9211695238696
2404.150865083972
2404.150865083972
1821.5185969053427
1821.5185969053427
1821.5185969053427
1821.5185969053427
1821.5185969053427
1821.5185969053427
1821.5185969053427
1821.5185969053427
1821.5185969053427
379653244.2898162
7359243.285254965
7359243.285254965
62022.1229734231
62022.1229734231
62022.1229734231
53621.246905399625
45459.30443892763
45459.30443892763
43351.70481863163
42321.4828421162
29413.138432621716
29413.138432621716
29413.138432621716
29413.138432621716
28283.568388841508
28283.568388841508
28283.568388841508
26686.856411574976
26686.856411574976
26686.856411574976
26059.043230777024
26059.043230777024
26059.043230777024
26059.043230777024
26027.93828773125
26009.58335144305
26009.58335144305
25953.40886140656
25953.40886140656
25599.560715342504
25599.560715342504
25599.560715342504
25599.560715342504
25599.560715342504
25599.560715342504
25541.06437794226
25541.06437794226
25541.06437794226
25541.06437794226
24244.144961646078
24244.144961646078
22149.63003260714
22149.63003260714
22149.63003260714
22149.63003260714
22149.63003260714
22149.63003260714
21446.315047711
21446.315047711
21446.315047711
21446.315047711
21446.315047711
21446.315047711
21446.315047711
21446.315047711
21446.315047711
379653244.2898162
379653244.2898162
234989.66369034845
59912.15451628049
56154.165150808236
56154.165150808236
49588.85640444136
46255.91581693233
46255.91581693233
46255.91581693233
46255.91581693233
45931.491278003894
45931.491278003894
45931.491278003894
45899.77316251575
45283.76176352185
45283.76176352185
45283.76176352185
45283.76176352185
43536.287928712234
39575.404493848924
39575.404493848924
39575.404493848924
39575.404493848924
38879.138652798625
38879.138652798625
37302.69834821822
37302.69834821822
37018.45060551135
37018.45060551135
35182.542340731
32192.533436744314
31591.939477359352
31311.530379538708
31210.960919258618
31205.065636217827
31205.065636217827
31205.065636217827
31046.112549846195
30952.120708906954
30952.120708906954
30952.120708906954
30952.120708906954
30925.95781587744
30925.95781587744
30925.95781587744
30925.95781587744
30925.95781587744
29793.45987185283
29793.45987185283
29217.17924828146
28438.99165948592
28438.99165948592
28438.99165948592
28438.99165948592
28268.112970504786
28176.16149688701
27815.233439902342
27671.927425496713
27605.433261671205
27549.86047714375
26944.187683263142
26944.187683263142
26944.187683263142
23378.13865879201
20787.50733671897
20787.50733671897
20787.50733671897
20787.50733671897
20787.50733671897
20787.50733671897
19943.85522242073
19943.85522242073
18497.974400139105
17159.397341629203
17004.88294538564
16964.044364459438
16948.23446442436
16930.78626171314
16930.78626171314
16930.78626171314
16908.356700922024
16908.356700922024
16908.356700922024
16908.356700922024
16908.356700922024
16880.168843994703
16845.91857047556
