250068.31666456896
228925.89131857752
111586.85120246021
111586.85120246021
48657.90298687742
46113.798248773644
44187.89396197975
44187.89396197975
42065.45725690208
42065.45725690208
42065.45725690208
42065.45725690208
42065.45725690208
42065.45725690208
42065.45725690208
38542.013052887574
38168.04247211557
38168.04247211557
36628.283768399575
36628.283768399575
36628.283768399575
36628.283768399575
36335.11647726356
36335.11647726356
35419.18847899118
35419.18847899118
35419.18847899118
32564.711357786335
32564.711357786335
32564.711357786335
32564.711357786335
32564.711357786335
32564.711357786335
32564.711357786335
32564.711357786335
32564.711357786335
250068.31666456896
180749.8315272797
180749.8315272797
74476.69696202409
74476.69696202409
69593.3710706307
64111.086029249636
64111.086029249636
64111.086029249636
54509.61356290321
54509.61356290321
54509.61356290321
54509.61356290321
52714.55422055734
52714.55422055734
45380.81668297601
44242.133236479145
43416.46463761404
43416.46463761404
43416.46463761404
43416.46463761404
41948.79989946641
41948.79989946641
41948.79989946641
41948.79989946641
41948.79989946641
41059.56761520386
41059.56761520386
41059.56761520386
37310.8529410244
37310.8529410244
37310.8529410244
37310.8529410244
37310.8529410244
37310.8529410244
36237.940674578356
34340.46032721824
34064.516005166166
33169.25904138396
32753.255566393887
32235.86067661204
32235.86067661204
32235.86067661204
32235.86067661204
31893.532777914217
31893.532777914217
31706.434181687902
30604.19427199548
30398.334503494687
30387.342569153287
30387.342569153287
30300.543553666754
30300.543553666754
30294.79893976681
29736.746855561087
29736.746855561087
29736.746855561087
29123.393224393327
29123.393224393327
29123.393224393327
29123.393224393327
29123.393224393327
28945.387525256738
28945.387525256738
28945.387525256738
28945.387525256738
28945.387525256738
28945.387525256738
28945.387525256738
28945.387525256738
28945.387525256738
250068.31666456896
250068.31666456896
93934.97585602108
69767.80968948717
53377.33069032804
53377.33069032804
53377.33069032804
53377.33069032804
53377.33069032804
53377.33069032804
53377.33069032804
53377.33069032804
53377.33069032804
250068.31666456896
109820.94868346426
48344.15140644152
48344.15140644152
37469.305844670394
37469.305844670394
37469.305844670394
37469.305844670394
36625.64756668361
36625.64756668361
31797.367828537033
31797.367828537033
31797.367828537033
31797.367828537033
31797.367828537033
31797.367828537033
31797.367828537033
30477.57746083698
25531.514052537896
23274.98016261329
21239.33207367303
21239.33207367303
21239.33207367303
19813.950305596016
19272.2424199662
19153.366721261493
19053.043375341138
18978.088815044128
18915.31599546667
18913.046893191102
18913.046893191102
18913.046893191102
18913.046893191102
18913.046893191102
18913.046893191102
18040.597515008696
18040.597515008696
18040.597515008696
18040.597515008696
18040.597515008696
18040.597515008696
17579.33889692772
17329.52854843003
17329.52854843003
16479.756590299126
15753.977151627561
15365.082504570995
15192.559516978317
15192.559516978317
15118.47289010411
15118.47289010411
15112.430821149675
13729.858582286053
13729.858582286053
13729.858582286053
12714.334073068243
12714.334073068243
12714.334073068243
12714.334073068243
12714.334073068243
12714.334073068243
12714.334073068243
12714.334073068243
12714.334073068243
250068.31666456896
250068.31666456896
43876.40904556462
43876.40904556462
43876.40904556462
42362.84754051973
42362.84754051973
42362.84754051973
42362.84754051973
42362.84754051973
39839.66653566624
39839.66653566624
39839.66653566624
36876.96406488281
36876.96406488281
36876.96406488281
36876.96406488281
36876.96406488281
36876.96406488281
35504.641430198135
35504.641430198135
35504.641430198135
35504.641430198135
35504.641430198135
35504.641430198135
35167.637313484156
34662.98813405247
34529.56118427424
34529.56118427424
34473.28292350428
34103.84574042766
34103.84574042766
33601.14307571916
33601.14307571916
33601.14307571916
33601.14307571916
33395.194350846614
33271.169482843485
33229.723847674366
31711.74396610703
31151.665363819873
29656.429828772005
28881.766986949875
28746.689529033825
28746.689529033825
28746.689529033825
28746.689529033825
28613.157458503294
28298.543891011854
28298.543891011854
28298.543891011854
28298.543891011854
28298.543891011854
28298.543891011854
26897.513664167764
26897.513664167764
26897.513664167764
25740.58047416251
25740.58047416251
25306.967324612302
24629.459834283225
24629.459834283225
24629.459834283225
24629.459834283225
24629.459834283225
22208.513735888275
22208.513735888275
22208.513735888275
21829.981909103717
21383.91362834271
20558.569909277507
20345.807439571647
20319.49186157318
20319.49186157318
19110.735246403765
19110.735246403765
19110.735246403765
19110.735246403765
19110.735246403765
19110.735246403765
19110.735246403765
19110.735246403765
19110.735246403765
19038.546486446863
19038.546486446863
19038.546486446863
19038.546486446863
19038.546486446863
19038.546486446863
19038.546486446863
18999.116211320168
18776.11730621117
18776.11730621117
18776.11730621117
18776.11730621117
18712.44140204515
18712.44140204515
18712.44140204515
18712.44140204515
18712.44140204515
18700.5056503706
18700.5056503706
18700.5056503706
18686.11065894558
18686.11065894558
18487.559250458726
18437.198097934026
18437.198097934026
18376.360609960277
18376.360609960277
18376.360609960277
17409.143317923463
17409.143317923463
17012.458125168876
17012.458125168876
17012.458125168876
17012.458125168876
17012.458125168876
17012.458125168876
17012.458125168876
17012.458125168876
17012.458125168876
250068.31666456896
250068.31666456896
48065.01726170609
48065.01726170609
39609.93650893834
39609.93650893834
37823.70218284586
37823.70218284586
37823.70218284586
37237.75349368522
36611.66174397843
36611.66174397843
35034.4258634385
35034.4258634385
34652.558605273785
34652.558605273785
34652.558605273785
34652.558605273785
34652.558605273785
34652.558605273785
34180.08852386393
34180.08852386393
34180.08852386393
34180.08852386393
33687.060404291806
33687.060404291806
33687.060404291806
32527.733285162238
28839.72041266998
26807.119807481038
26807.119807481038
26807.119807481038
26807.119807481038
25770.00410807468
25528.893790825492
25181.354963313148
25181.354963313148
25181.354963313148
25181.354963313148
25181.354963313148
25181.354963313148
23834.694574708305
22957.748709217274
22957.748709217274
22895.607521858357
22895.607521858357
20567.935229344028
19872.60989862369
19698.781532857152
19644.883960895648
19620.855884375585
19569.937600298475
19569.937600298475
19569.937600298475
19569.937600298475
19029.41165692628
18710.805133808357
18710.805133808357
18710.805133808357
18710.805133808357
18710.805133808357
18710.805133808357
18710.805133808357
18710.805133808357
18710.805133808357
250068.31666456896
250068.31666456896
218559.68614364893
63959.480172925534
63959.480172925534
63959.480172925534
63959.480172925534
63959.480172925534
56397.80355058088
56397.80355058088
54072.94629632711
54072.94629632711
43460.241177523545
43460.241177523545
43460.241177523545
43460.241177523545
43460.241177523545
43460.241177523545
43460.241177523545
42564.33251192157
40461.03917799837
36430.33792907133
36430.33792907133
36430.33792907133
36206.47223405309
36206.47223405309
35378.47686743387
35229.931232005074
34493.30698593616
34288.36798652984
34288.36798652984
34288.36798652984
34288.36798652984
34214.86751868724
34214.86751868724
34214.86751868724
34214.86751868724
34214.86751868724
34214.86751868724
34214.86751868724
34214.86751868724
33321.40533483362
32944.252817468056
31086.741317305776
31086.741317305776
30637.673490733006
30637.673490733006
30637.673490733006
30637.673490733006
30637.673490733006
30199.05094126601
30199.05094126601
30199.05094126601
30199.05094126601
29204.662186302296
28349.65713600237
28070.238042825822
27965.26779658491
27929.098231265256
27929.098231265256
27917.21801432522
27917.21801432522
27898.110614193927
27898.110614193927
27527.345512594693
25767.163975886164
25767.163975886164
25418.8233990788
25418.8233990788
25342.240718265253
24029.130936560163
23780.4626772266
23112.517912025494
23112.517912025494
23068.307615847607
22609.847024660525
22609.847024660525
22436.760417863352
21104.573696550513
20441.086989446678
19909.732360240643
19543.909826948246
19457.69526324647
19445.977796294028
18229.779405391928
18229.779405391928
18229.779405391928
18229.779405391928
17593.655663598674
17593.655663598674
17593.655663598674
17593.655663598674
17593.655663598674
17494.785135582017
17447.596769344196
17447.596769344196
17447.596769344196
17412.02353171278
17412.02353171278
17412.02353171278
16969.981812618214
16856.641064575975
16536.176489112695
16536.176489112695
16536.176489112695
16536.176489112695
15900.010140471199
15900.010140471199
15900.010140471199
15900.010140471199
15900.010140471199
15900.010140471199
15900.010140471199
15883.44387445373
15724.162353161772
15650.128937666737
15632.815677538309
15632.815677538309
15582.269029207524
15582.269029207524
15582.269029207524
15497.577320636985
15497.577320636985
15497.577320636985
15497.577320636985
15119.363060973421
15119.363060973421
15119.363060973421
15119.363060973421
15119.363060973421
15119.363060973421
15119.363060973421
15056.386890758546
15056.386890758546
15056.386890758546
15056.386890758546
15056.386890758546
14762.159833867061
14762.159833867061
14762.159833867061
14524.903231030828
14524.903231030828
14524.903231030828
14524.903231030828
14524.903231030828
14025.489612652978
14025.489612652978
14025.489612652978
13563.087687011586
13563.087687011586
13563.087687011586
13563.087687011586
13563.087687011586
13563.087687011586
13563.087687011586
13563.087687011586
13563.087687011586
13383.346924475212
13383.346924475212
13221.55474835779
13058.166438846367
12176.589763559432
12176.589763559432
11900.005197371722
11900.005197371722
11638.67205217837
11638.67205217837
11634.127915631303
11634.127915631303
11634.127915631303
11634.127915631303
11634.127915631303
11634.127915631303
11634.127915631303
11634.127915631303
11634.127915631303
11049.213599495022
10923.92576825146
10923.92576825146
10923.92576825146
10923.92576825146
10771.490284557263
10771.490284557263
10641.567150123195
10641.567150123195
10641.567150123195
10520.91922866921
10173.073919454624
10173.073919454624
9909.583281887279
9860.392174250874
9814.666703947705
9814.666703947705
9814.666703947705
9814.666703947705
9618.450731423412
8670.103339460566
8670.103339460566
8670.103339460566
8670.103339460566
8670.103339460566
8670.103339460566
7918.837316068829
7918.837316068829
7918.837316068829
7918.837316068829
7594.581209858116
7093.044566681265
7093.044566681265
7093.044566681265
7093.044566681265
7093.044566681265
6542.827126305752
6542.827126305752
6542.827126305752
6534.246186497994
6212.275345501593
6152.815117960591
6152.815117960591
6152.815117960591
6152.815117960591
6073.87336529983
5757.553394466254
5757.553394466254
5642.0400334937785
5599.960892541596
5594.081967376401
5594.081967376401
5359.892102312172
5359.892102312172
5359.892102312172
5057.483436400851
4868.7845901244045
4868.7845901244045
4868.7845901244045
4868.7845901244045
3833.2012017826587
3833.2012017826587
3833.2012017826587
3833.2012017826587
3833.2012017826587
3833.2012017826587
3833.2012017826587
3833.2012017826587
3300.291478054174
3300.291478054174
3300.291478054174
3300.291478054174
3300.291478054174
3126.1106869466416
3126.1106869466416
3126.1106869466416
3126.1106869466416
2786.9528823907904
2786.9528823907904
2786.9528823907904
2786.9528823907904
2786.9528823907904
2786.9528823907904
2786.9528823907904
2786.9528823907904
2591.832739155184
2518.0545730280137
2295.2710934584097
2241.640946355981
2239.1944311013463
2239.1944311013463
2239.1944311013463
2239.1944311013463
2235.980556071234
2235.980556071234
2235.011276592082
2131.0833335222005
2131.0833335222005
2119.298466728983
2119.298466728983
2119.298466728983
2093.705205090924
2052.6415046320226
2052.6415046320226
2052.6415046320226
1993.2367881319879
1993.2367881319879
1993.2367881319879
1941.1304868748152
1941.1304868748152
1938.672997802228
1799.4685306546062
1799.4685306546062
1799.4685306546062
1799.4685306546062
1799.4685306546062
1799.4685306546062
1792.373778732984
1792.373778732984
1792.373778732984
1770.485752764299
1770.485752764299
1744.9119068857228
1744.9119068857228
1744.9119068857228
1733.7496916297328
1733.7496916297328
1733.7496916297328
1733.7496916297328
1733.7496916297328
1682.6452712895566
1682.6452712895566
1682.6452712895566
1591.080066102967
1591.080066102967
1591.080066102967
1591.080066102967
1591.080066102967
1417.7564363573122
1370.5949733457405
1179.5358454598222
1179.5358454598222
1179.5358454598222
1179.5358454598222
1179.5358454598222
1179.5358454598222
1179.5358454598222
1179.5358454598222
1179.5358454598222
250068.31666456896
250068.31666456896
70330.31166904436
70330.31166904436
46139.19755532806
41712.31763098236
37748.30751946182
37748.30751946182
32207.209683000696
32207.209683000696
32207.209683000696
32207.209683000696
29271.91346904834
29271.91346904834
28519.973148522244
28519.973148522244
27009.935318871598
27009.935318871598
27009.935318871598
27009.935318871598
27009.935318871598
27009.935318871598
24621.746168593465
24621.746168593465
24621.746168593465
24621.746168593465
24621.746168593465
24621.746168593465
24621.746168593465
24621.746168593465
24621.746168593465
250068.31666456896
163017.46145870397
163017.46145870397
58603.63357437025
57008.09014183216
48138.72797152869
48138.72797152869
39963.67278050692
39963.67278050692
39963.67278050692
39963.67278050692
39963.67278050692
39963.67278050692
35652.70070738277
35652.70070738277
32193.240859106474
30353.28897048209
30353.28897048209
30353.28897048209
30353.28897048209
28698.06866443203
28698.06866443203
25899.656013347005
25899.656013347005
25899.656013347005
25899.656013347005
25864.162848906843
25864.162848906843
25864.162848906843
25864.162848906843
25864.162848906843
25864.162848906843
24203.1009842902
24203.1009842902
24203.1009842902
23857.87519805323
23857.87519805323
23857.87519805323
23658.33771476331
23637.91501598103
23637.91501598103
23637.91501598103
23637.91501598103
23637.91501598103
23045.071099779183
21675.138448689366
21092.446168747705
20964.174013008524
20964.174013008524
20964.174013008524
20964.174013008524
20964.174013008524
20964.174013008524
20964.174013008524
20964.174013008524
20498.31258251729
20498.31258251729
20498.31258251729
20498.31258251729
20498.31258251729
20399.23600591008
20399.23600591008
20148.456111322634
20071.74082145662
20071.74082145662
20071.74082145662
20071.74082145662
19565.585117118975
19565.585117118975
19565.585117118975
19565.585117118975
19565.585117118975
18960.637394143065
17475.396633549448
17475.396633549448
17475.396633549448
17475.396633549448
17475.396633549448
17475.396633549448
17202.628641100342
17202.628641100342
17202.628641100342
17202.628641100342
16861.771615211223
16861.771615211223
16861.771615211223
16861.771615211223
16505.72442101872
15721.44649231343
15721.44649231343
15721.44649231343
15721.44649231343
14992.626957819088
14292.729724635496
14292.729724635496
14292.729724635496
14292.729724635496
14292.729724635496
14292.729724635496
13872.730974847234
13872.730974847234
13805.264489967667
13805.264489967667
13224.705682309026
12886.790279046763
12770.67148073479
12728.841063604506
12713.171680473577
12104.316022821626
12104.316022821626
12104.316022821626
12104.316022821626
12104.316022821626
12104.316022821626
12104.316022821626
12104.316022821626
12104.316022821626
11762.615219697305
11762.615219697305
11762.615219697305
11727.230504622712
11727.230504622712
11727.230504622712
11727.230504622712
11448.971889823872
11448.971889823872
11335.915843416742
11335.915843416742
11335.915843416742
11335.915843416742
11335.915843416742
11335.915843416742
11173.660272507665
11173.660272507665
11173.660272507665
11173.660272507665
11164.670944580226
11031.753805158238
11031.753805158238
10951.012670383114
10938.446338280792
10938.446338280792
10799.391164203715
10799.391164203715
10799.391164203715
10762.23191881516
10358.173395866806
10358.173395866806
9894.44434538481
9894.44434538481
9894.44434538481
9894.44434538481
9894.44434538481
9894.44434538481
9894.44434538481
9894.44434538481
9894.44434538481
250068.31666456896
250068.31666456896
241474.39504194856
37932.94370958176
37932.94370958176
37932.94370958176
37932.94370958176
37603.35881396704
37603.35881396704
37354.98634952839
36612.99477356632
36546.05173913666
36546.05173913666
33655.18231464836
32550.397948031492
32550.397948031492
32550.397948031492
32550.397948031492
32550.397948031492
32403.01506847407
32403.01506847407
32403.01506847407
32403.01506847407
28783.694120417753
28783.694120417753
28783.694120417753
28783.694120417753
28783.694120417753
28783.694120417753
27965.58534098306
27965.58534098306
27965.58534098306
27965.58534098306
27965.58534098306
27965.58534098306
27965.58534098306
27742.13466074887
27742.13466074887
27356.000956939966
26009.08851047333
22965.662628020054
22703.946247420958
22703.946247420958
22703.946247420958
22703.946247420958
22703.946247420958
22703.946247420958
22703.946247420958
22703.946247420958
22703.946247420958
250068.31666456896
250068.31666456896
229107.66562485407
229107.66562485407
75455.64022376598
65262.924858315026
53206.10889444853
53206.10889444853
51362.31976274156
51362.31976274156
48016.415676801895
43820.19368080125
43773.44333514788
43727.708288000205
43727.708288000205
43727.708288000205
37711.403291450435
37711.403291450435
33440.038623318316
33440.038623318316
33440.038623318316
33440.038623318316
33440.038623318316
33440.038623318316
33440.038623318316
33440.038623318316
31071.537537893477
31071.537537893477
31071.537537893477
31071.537537893477
29502.838623184114
29502.838623184114
29502.838623184114
29502.838623184114
29502.838623184114
29502.838623184114
29502.838623184114
29502.838623184114
29502.838623184114
250068.31666456896
250068.31666456896
240497.09947078195
178093.11463332165
130243.3000713274
70102.34313989335
64147.50875759202
64147.50875759202
56370.51294018506
56370.51294018506
45263.78019606508
45263.78019606508
42590.150116353834
42590.150116353834
42590.150116353834
42590.150116353834
42590.150116353834
42590.150116353834
42590.150116353834
42590.150116353834
42590.150116353834
250068.31666456896
250068.31666456896
58378.86506934226
58378.86506934226
43283.40230889454
43283.40230889454
42589.448433952944
