366654866.78372085
2218711.6335367933
57042.98841840687
42314.90119518231
40290.8529145539
40290.8529145539
40290.8529145539
40290.8529145539
40290.8529145539
40290.8529145539
25588.79481007456
25588.79481007456
25588.79481007456
25588.79481007456
25588.79481007456
25578.770213455948
25578.770213455948
22362.158666564126
21088.181929774026
19979.5126264471
19979.5126264471
19815.41353625523
19815.41353625523
19815.41353625523
19815.41353625523
19815.41353625523
19406.39151705829
19004.680938736412
18939.42940045849
18519.832283556945
18519.832283556945
18470.87171595394
18470.87171595394
17638.67063555031
17638.67063555031
17638.67063555031
17638.67063555031
16954.42101592731
16521.24929531656
16521.24929531656
16521.24929531656
16226.024654360435
15922.93803717066
15922.93803717066
15922.93803717066
15615.555371628567
15536.0862286407
15536.0862286407
15246.76781136328
14621.825231037234
14259.241966870546
14259.241966870546
14259.241966870546
14259.241966870546
14259.241966870546
13912.71771492872
13912.71771492872
13780.301734944016
13780.301734944016
13708.113667643296
13352.810910167997
13352.810910167997
13032.100785097758
12578.239693043663
12578.239693043663
12578.239693043663
12578.239693043663
12578.239693043663
12578.239693043663
12578.239693043663
12578.239693043663
12256.77214606397
12256.77214606397
12256.77214606397
12256.77214606397
12256.77214606397
12256.77214606397
12146.272365372623
12146.272365372623
11794.918813594393
11499.622540478998
11274.714255226945
11274.714255226945
10955.558585585206
10955.558585585206
10928.027660794854
10928.027660794854
10880.393229002024
10880.393229002024
10880.393229002024
10880.393229002024
10880.393229002024
10587.464568818645
9879.710250589791
9709.947723251606
9025.456734076237
8942.833963976325
8942.833963976325
8942.833963976325
8942.833963976325
8149.56471345769
8149.56471345769
8149.56471345769
8067.9634738020895
8067.9634738020895
8067.9634738020895
8067.9634738020895
7856.539101778451
7856.539101778451
7621.415099439338
7417.650489383125
7417.650489383125
7417.650489383125
7417.650489383125
7417.650489383125
7417.650489383125
7417.650489383125
7417.650489383125
7417.650489383125
1418085750.5080886
2090743.1120934698
78710.0300730362
78710.0300730362
57568.75229214175
39320.87045774298
39320.87045774298
39320.87045774298
39320.87045774298
39320.87045774298
39317.28099263533
35328.615416398745
35128.141667257594
35128.141667257594
35128.141667257594
32535.229377425774
31298.21747359214
29493.23831844396
29493.23831844396
29493.23831844396
29493.23831844396
29493.23831844396
29493.23831844396
28759.54932369411
28759.54932369411
28759.54932369411
28759.54932369411
28759.54932369411
28759.54932369411
28759.54932369411
28759.54932369411
28587.831293433966
28531.67515303798
28531.67515303798
28472.39812963471
28437.164986939293
28418.567847883132
27266.792367666356
27266.792367666356
27266.792367666356
26706.7917616732
26690.73590333927
26690.73590333927
26552.33839673613
26552.33839673613
26552.33839673613
26552.33839673613
26552.33839673613
26552.33839673613
26552.33839673613
25985.322796446235
25985.322796446235
25110.02910204764
25110.02910204764
25110.02910204764
25110.02910204764
25110.02910204764
25110.02910204764
25110.02910204764
25110.02910204764
24934.858002986624
24898.53750417492
24894.85859173319
24438.49756754608
24438.49756754608
23808.632282093553
23224.135993660413
22409.080052288613
22344.97685996774
22048.501796470064
22048.501796470064
22048.501796470064
21507.461213485796
21507.461213485796
21108.58170161757
21108.58170161757
19471.691053275037
19458.832346516214
19294.578987558485
19294.578987558485
19294.578987558485
19294.578987558485
19294.578987558485
19294.578987558485
19242.052315829395
16696.386592064686
16696.386592064686
16696.386592064686
16696.386592064686
16696.386592064686
16696.386592064686
16696.386592064686
16314.774944204275
16314.774944204275
16292.01785923296
16292.01785923296
16292.01785923296
16292.01785923296
16292.01785923296
16292.01785923296
16292.01785923296
16292.01785923296
16278.969692657809
16202.385936559143
16202.385936559143
15797.586365460429
15469.714632342851
15469.714632342851
15469.714632342851
14986.721372060161
14986.721372060161
14857.092221463632
14857.092221463632
14857.092221463632
14829.171155668144
14829.171155668144
14829.171155668144
14829.171155668144
14482.317811777657
13906.267607197813
13488.794123256808
13488.794123256808
13488.794123256808
13488.794123256808
13355.79737628314
12852.628237720972
12852.628237720972
12852.628237720972
12852.628237720972
12852.628237720972
12798.320158784452
10689.452059974867
9852.381058291496
9675.692097448793
9675.692097448793
9675.692097448793
9575.233895249803
9575.233895249803
9410.29836405856
9410.29836405856
9410.29836405856
9328.60976444405
9328.60976444405
9328.60976444405
9328.60976444405
9288.88602215697
9262.291721360223
9244.83429463049
9230.496028488107
9216.712378070692
9203.46167741561
9190.81220287803
9112.734856822619
9112.734856822619
8724.698411411422
8724.698411411422
8724.698411411422
8711.319047129913
8711.319047129913
8663.975228880943
8648.032461672496
8424.90012157468
8302.885551698322
8229.53214448253
8229.53214448253
8229.53214448253
8202.98395308092
8202.98395308092
8202.98395308092
7999.3094418344435
7999.3094418344435
7881.225694892937
7881.225694892937
7881.225694892937
7881.225694892937
7881.225694892937
7881.225694892937
7881.225694892937
7881.225694892937
7881.225694892937
1418085750.5080886
61863673.67627515
86484.58324411351
55481.816885048655
55481.816885048655
30355.753381318416
30195.604311371488
30195.604311371488
30195.604311371488
30081.02861229825
30081.02861229825
30081.02861229825
29978.031345137442
29978.031345137442
26706.828800980315
25249.901360521402
24377.91584039575
24377.91584039575
24377.91584039575
24377.91584039575
24377.91584039575
24377.91584039575
24377.91584039575
23658.381622594265
23658.381622594265
23054.273906889142
21453.588330241422
21453.588330241422
20153.30082633971
20153.30082633971
20153.30082633971
20153.30082633971
20153.30082633971
20153.30082633971
20112.951990233836
19281.77644208166
19281.77644208166
18636.30508327846
18269.595048765335
18198.737471618853
17490.908515028947
17490.908515028947
16949.680376505286
16949.680376505286
16949.680376505286
16949.680376505286
16872.021511718714
16872.021511718714
16872.021511718714
16741.007998713892
16741.007998713892
16741.007998713892
16741.007998713892
16741.007998713892
16328.503525256796
16328.503525256796
16168.910632442403
16168.910632442403
16168.910632442403
16168.910632442403
16168.910632442403
15968.750077509452
15968.750077509452
15968.750077509452
15968.750077509452
15397.564081583003
15397.564081583003
15397.564081583003
15397.564081583003
15237.281368956412
15081.672400610272
14227.762936419555
14227.762936419555
14227.762936419555
13054.048422072387
13054.048422072387
13054.048422072387
13054.048422072387
13054.048422072387
13054.048422072387
13054.048422072387
12710.70843722199
12678.738046867878
12281.056109021745
12281.056109021745
12281.056109021745
12246.402813471985
12246.402813471985
12243.978048470224
12233.93295758441
12233.93295758441
12233.93295758441
11421.79412565707
11253.642946825246
11253.642946825246
11253.642946825246
11253.642946825246
11253.642946825246
11060.115214250281
11002.49435784186
11002.49435784186
10945.770478614562
10887.45704781954
10271.354381839223
10271.354381839223
10129.497652216889
10129.497652216889
10129.497652216889
10129.497652216889
10129.497652216889
10129.497652216889
10129.497652216889
10129.497652216889
10129.497652216889
1418085750.5080886
21397448.92883737
617949.2488953759
43070.02696553295
43070.02696553295
43070.02696553295
35449.85282197887
35449.85282197887
30512.503309422274
29983.402005712025
29983.402005712025
29983.402005712025
29983.402005712025
29983.402005712025
29402.333878091824
28926.678478977843
28926.678478977843
28926.678478977843
28229.852552223325
28229.852552223325
28229.852552223325
28229.852552223325
27704.350845844314
27253.734680817095
27253.734680817095
27253.734680817095
26833.518891224187
26291.004072669406
26291.004072669406
25867.070962934045
25867.070962934045
25839.935859769088
25839.935859769088
25839.935859769088
25218.66215264429
25218.66215264429
25218.66215264429
24023.492392861695
22976.094111060844
22976.094111060844
22976.094111060844
22734.575662692347
22734.575662692347
22734.575662692347
21720.776016213615
21720.776016213615
21720.776016213615
21720.776016213615
21720.776016213615
21200.50151049554
21200.50151049554
21200.50151049554
21200.50151049554
21200.50151049554
21075.831783884674
21075.831783884674
20846.763936411702
20677.876901160038
20677.876901160038
20677.876901160038
20648.292041091474
20648.292041091474
20648.292041091474
20648.292041091474
20581.21671191166
20581.21671191166
20581.21671191166
20581.21671191166
20581.21671191166
20581.21671191166
20159.96408566252
20159.96408566252
19957.927667430016
19957.927667430016
18920.06217642655
18776.8716696352
18669.937045375544
18669.937045375544
18669.937045375544
18669.937045375544
18669.937045375544
18077.308724679042
17512.844949680624
16361.146016588113
16208.969717606644
16208.969717606644
15888.462448714901
15888.462448714901
15888.462448714901
15888.462448714901
15888.462448714901
15880.416989755275
15880.416989755275
15880.416989755275
15566.409472303672
15566.409472303672
15566.409472303672
15566.409472303672
15287.814890918547
14646.759939862732
14341.993444287666
14239.30127840743
14202.476112135522
14193.462103655618
13937.723383163631
13937.723383163631
13755.780327443204
13503.730714692309
13305.671828265773
13204.930759004144
13204.930759004144
13007.926821813588
13007.926821813588
13007.926821813588
13007.926821813588
13007.926821813588
13007.926821813588
12795.857782828678
12730.1735688073
12730.1735688073
12730.1735688073
12730.1735688073
12703.037334962168
12703.037334962168
12107.122355957275
12107.122355957275
12107.122355957275
12107.122355957275
12107.122355957275
12068.624670467261
12057.729054982752
12004.102747712615
11992.645183193681
11794.840461357502
11542.915510653973
11135.386228379108
10971.533657881673
10971.533657881673
10971.533657881673
10971.533657881673
10971.533657881673
10971.533657881673
10971.533657881673
10971.533657881673
10971.533657881673
1418085750.5080886
130971.44865761037
130971.44865761037
61522.566970371365
61522.566970371365
51614.784941159414
44577.06592189883
44577.06592189883
44577.06592189883
31440.769434065623
31440.769434065623
31440.769434065623
31440.769434065623
29941.86947416455
27232.21259893333
27232.21259893333
27232.21259893333
27232.21259893333
27232.21259893333
27232.21259893333
27232.21259893333
27161.270703965936
27161.270703965936
27161.270703965936
26767.6061171011
26767.6061171011
26767.6061171011
26767.6061171011
26767.6061171011
26767.6061171011
26767.6061171011
26767.6061171011
26767.6061171011
25985.84888003109
25985.84888003109
25985.84888003109
25985.84888003109
25985.84888003109
24139.23295586925
23333.94096096748
22903.768024387486
22734.73696438709
22734.73696438709
22514.11748458603
22514.11748458603
21678.133333483886
21678.133333483886
21678.133333483886
21678.133333483886
21452.6079116848
20761.45304622855
20450.380597100797
20450.380597100797
20134.804739532992
19527.74888770649
19527.74888770649
19527.74888770649
19527.74888770649
19527.74888770649
19527.74888770649
19527.74888770649
19527.74888770649
19527.74888770649
18343.25625963112
18343.25625963112
18343.25625963112
18343.25625963112
16520.524295989926
16520.524295989926
16520.524295989926
16520.524295989926
15998.089397103806
15998.089397103806
15998.089397103806
15998.089397103806
15998.089397103806
15845.088177650285
15845.088177650285
13589.412568604484
13589.412568604484
13585.728506951415
13585.728506951415
12722.253693026478
12722.253693026478
12722.253693026478
12722.253693026478
12722.253693026478
11719.596407041978
11719.596407041978
11719.596407041978
11719.596407041978
11719.596407041978
11719.596407041978
11719.596407041978
11719.596407041978
11719.596407041978
1418085750.5080886
37725039.96971113
4782096.080204241
37046.31883458188
31941.253682609626
31941.253682609626
31941.253682609626
31941.253682609626
28533.549976379956
28533.549976379956
28533.549976379956
28533.549976379956
28533.549976379956
28533.549976379956
27882.34085262933
26584.926599975013
26584.926599975013
25827.391639653644
23201.791555445216
23201.791555445216
23201.791555445216
23201.791555445216
23201.791555445216
23201.791555445216
23201.791555445216
23201.791555445216
23201.791555445216
23147.316347292803
22921.40315561881
22921.40315561881
22905.213092623184
22905.213092623184
22905.213092623184
22905.213092623184
22905.213092623184
22905.213092623184
22027.253657034722
22027.253657034722
21421.101881472343
20994.38273783847
20994.38273783847
20920.50149252018
20920.50149252018
20764.0409810876
18478.24463777404
18267.967590682336
18117.780560875803
18059.54102403049
18059.54102403049
18059.54102403049
17760.757092986372
17760.757092986372
17478.149143246297
17478.149143246297
17478.149143246297
17478.149143246297
17478.149143246297
17478.149143246297
17478.149143246297
17478.149143246297
17478.149143246297
17143.640780299287
17143.640780299287
16558.165752031222
16558.165752031222
15580.441451457107
15580.441451457107
15580.441451457107
15580.441451457107
15580.441451457107
15580.441451457107
15580.441451457107
15580.441451457107
15453.129069855582
15220.302795068306
15220.302795068306
15220.302795068306
14084.137107523751
14084.137107523751
13228.567907899405
13228.567907899405
13068.89938726701
13068.89938726701
13068.89938726701
12910.655848436765
12910.655848436765
12910.655848436765
12910.655848436765
12910.655848436765
12910.655848436765
12910.655848436765
12910.655848436765
12910.655848436765
1418085750.5080886
50477.60928258183
50477.60928258183
38242.53994391789
38242.53994391789
30944.698574533268
29354.554600983865
27281.53642695142
27281.53642695142
24868.278382037613
24868.278382037613
23026.03624878843
23026.03624878843
22937.4984176977
22937.4984176977
22937.4984176977
22937.4984176977
22937.4984176977
22937.4984176977
22937.4984176977
22937.4984176977
22937.4984176977
1418085750.5080886
3429495.1480145575
78988.3642783977
78988.3642783977
40177.15299663984
29718.70955477945
27075.796170463695
27075.796170463695
26428.282933410163
25420.324670434024
25420.324670434024
23919.86224722743
23037.626932884148
22807.88626205169
22688.465006824426
22625.772140651447
22606.722565276134
20324.282472649735
20324.282472649735
20324.282472649735
20324.282472649735
19853.741817021648
19387.70588326099
19387.70588326099
19387.70588326099
19387.70588326099
19387.70588326099
19387.70588326099
19387.70588326099
19387.70588326099
18183.891481243645
18183.891481243645
18183.891481243645
18183.891481243645
18183.891481243645
16551.500896036585
16141.340055990364
16141.340055990364
14982.726561583859
14982.726561583859
14982.726561583859
14982.726561583859
14982.726561583859
14483.29231605837
14483.29231605837
14483.29231605837
14483.29231605837
14483.29231605837
14483.29231605837
14483.29231605837
13461.890324385167
13396.647201171225
13396.647201171225
13147.617781696214
13147.617781696214
13147.617781696214
13144.351340657659
13144.351340657659
13144.351340657659
13144.351340657659
13144.351340657659
13144.351340657659
13144.351340657659
13144.351340657659
13144.351340657659
1418085750.5080886
767307.9941992493
767307.9941992493
245526.91726842753
89208.24749343423
56815.36484245613
56815.36484245613
56815.36484245613
56383.45786268153
56365.496277883016
54932.817817171366
47297.45003530123
43725.09470546828
39211.93956480756
38670.444462865875
38670.444462865875
32279.92718905834
30999.307698835673
30999.307698835673
30968.341262093774
30968.341262093774
30968.341262093774
30968.341262093774
30968.341262093774
29373.30210119177
29373.30210119177
29373.30210119177
29373.30210119177
28870.74649117917
28870.74649117917
27690.76909142698
27690.76909142698
27690.76909142698
27690.76909142698
27690.76909142698
27690.76909142698
27690.76909142698
27565.563124725133
27565.563124725133
27565.563124725133
27565.563124725133
27565.563124725133
27565.563124725133
27565.563124725133
27565.563124725133
27565.563124725133
27177.714989457083
27177.714989457083
27177.714989457083
27177.714989457083
27177.714989457083
27177.714989457083
27177.714989457083
27177.714989457083
27177.714989457083
1418085750.5080886
67007298.19943944
61424.434999140714
61424.434999140714
61424.434999140714
52549.442791528134
50149.31912039309
45610.98155326251
45610.98155326251
38959.827487311195
38959.827487311195
37209.5671646335
37209.5671646335
37209.5671646335
37209.5671646335
34278.97568744375
34278.97568744375
34278.97568744375
34278.97568744375
34278.97568744375
34278.97568744375
34278.97568744375
33375.776823491484
33375.776823491484
33375.776823491484
32654.159705671413
32654.159705671413
32300.086408499075
32300.086408499075
32300.086408499075
32069.691585339602
32069.691585339602
30893.393390128098
30893.393390128098
30893.393390128098
30893.393390128098
30893.393390128098
30893.393390128098
30682.015005495086
30682.015005495086
30682.015005495086
30591.564897035158
29595.599579350797
29595.599579350797
29595.599579350797
29488.27975467697
29084.752130878558
29084.752130878558
29084.752130878558
29084.752130878558
29084.752130878558
29084.752130878558
29084.752130878558
29084.752130878558
29084.752130878558
28526.23264329771
28526.23264329771
28526.23264329771
28526.23264329771
28526.23264329771
28526.23264329771
28526.23264329771
27647.45367886683
27647.45367886683
27264.523739996188
27264.523739996188
27264.523739996188
27264.523739996188
27264.523739996188
26744.902795604103
26744.902795604103
26744.902795604103
25812.98037689372
25812.98037689372
25812.98037689372
25812.98037689372
25168.907759942973
24162.452591785575
24125.62678417874
23309.455591324037
23309.455591324037
23309.455591324037
23309.455591324037
23309.455591324037
23309.455591324037
22592.47113177491
20837.634547178728
20253.378010513716
20075.81999052199
20075.81999052199
20075.81999052199
19751.862959178638
19751.862959178638
19751.862959178638
19751.862959178638
19751.862959178638
19751.862959178638
19751.862959178638
19344.645094322903
19344.645094322903
19344.645094322903
19344.645094322903
18876.313332926133
18576.282550658554
18192.160040020106
18192.160040020106
16985.756808694503
16711.482310599033
16682.374536875992
16682.374536875992
16596.141417474602
16583.3482366444
