33431376.953801457
190041.245550605
54419.84529351066
54419.84529351066
53551.634228367104
48663.73406249698
47337.24307254324
47337.24307254324
45405.06815226095
45405.06815226095
45405.06815226095
45405.06815226095
45405.06815226095
42838.72026321448
40454.79231558145
40454.79231558145
40454.79231558145
40454.79231558145
40454.79231558145
40454.79231558145
40454.79231558145
40454.79231558145
40454.79231558145
33431376.953801457
33431376.953801457
3201079.6126237437
358363.15670249565
93239.94921780076
78889.48487171132
70142.92208549415
58169.21416275793
56140.20922460079
56140.20922460079
56140.20922460079
53571.13045210674
53571.13045210674
53571.13045210674
53571.13045210674
50206.131023818925
50206.131023818925
50206.131023818925
50206.131023818925
50206.131023818925
49677.71211783866
49677.71211783866
49677.71211783866
49677.71211783866
49536.023317482395
49483.135303145085
48408.606310936426
48408.606310936426
46599.56697238544
46599.56697238544
46599.56697238544
46599.56697238544
46599.56697238544
46599.56697238544
46599.56697238544
43941.83244596349
43941.83244596349
43941.83244596349
39430.229538296124
39430.229538296124
38777.40749483617
38777.40749483617
38777.40749483617
38777.40749483617
36354.56004656418
36354.56004656418
35292.32811726034
35292.32811726034
35292.32811726034
33779.45362207622
32260.536887550767
31756.534930502774
31639.25181342474
31639.25181342474
31639.25181342474
31395.415060342373
30786.373000692263
30786.373000692263
30786.373000692263
30786.373000692263
30786.373000692263
30786.373000692263
30786.373000692263
30786.373000692263
30786.373000692263
33431376.953801457
3211745.9054874885
43821.76987506151
40749.98283419896
30906.54669715885
30906.54669715885
30906.54669715885
28555.058939911683
28555.058939911683
28555.058939911683
27765.342099894628
27765.342099894628
27006.254585003746
27006.254585003746
27006.254585003746
27006.254585003746
24990.128019358628
24990.128019358628
24990.128019358628
24990.128019358628
24990.128019358628
24292.1694503164
24292.1694503164
24292.1694503164
24292.1694503164
24060.756070368887
24060.756070368887
24060.756070368887
22848.907104575224
22411.747366314215
22248.543660784915
22248.543660784915
22248.543660784915
22248.543660784915
22225.548439258706
22225.548439258706
22225.548439258706
22225.548439258706
22225.548439258706
20719.120808378764
20719.120808378764
20719.120808378764
20719.120808378764
17991.203312844067
17055.522610196545
16287.576155273751
16234.653661094637
16234.653661094637
15945.183205730611
15904.242611620853
15904.242611620853
15897.453445873829
15897.453445873829
15897.453445873829
15893.798512560134
15893.798512560134
15870.36494663779
15865.559188747602
15864.932402869536
15864.932402869536
15864.932402869536
15864.932402869536
15864.932402869536
15864.932402869536
15453.356868880828
14974.621760468399
14784.02912114938
14784.02912114938
14784.02912114938
14784.02912114938
14784.02912114938
14784.02912114938
14696.051549410919
13580.192814823413
13580.192814823413
13580.192814823413
13580.192814823413
13580.192814823413
13580.192814823413
13293.126996401063
13293.126996401063
13293.126996401063
13293.126996401063
13293.126996401063
13293.126996401063
13293.126996401063
13235.503081033543
13235.503081033543
13235.503081033543
13235.503081033543
13031.789563574326
13031.789563574326
13031.789563574326
13031.789563574326
12949.1748129886
12949.1748129886
12878.610218401695
12878.610218401695
12686.281896048935
12686.281896048935
11661.599913050939
11338.470974853557
10068.185105933806
9673.696879289993
9315.044426560327
9240.493864583012
9240.493864583012
9240.493864583012
9219.424285228512
9219.424285228512
9217.738485509053
9217.738485509053
9041.366716266793
9041.366716266793
9041.366716266793
9041.366716266793
9041.366716266793
9041.366716266793
9041.366716266793
8838.879639444838
8838.879639444838
8838.879639444838
8653.63989460643
8323.16750138206
7726.095002308004
7726.095002308004
7726.095002308004
7726.095002308004
7726.095002308004
7726.095002308004
7726.095002308004
7726.095002308004
7726.095002308004
33431376.953801457
83263.81113184322
83263.81113184322
52341.28592149259
52341.28592149259
42637.655640459954
42637.655640459954
42637.655640459954
42637.655640459954
42637.655640459954
33518.05623560504
33518.05623560504
32321.433188089515
32321.433188089515
32321.433188089515
32321.433188089515
31487.349665557853
30955.084112879267
30955.084112879267
29886.56987523474
29473.894067349233
29473.894067349233
29158.641092835052
29158.641092835052
27499.205374696132
26230.984799376503
26230.984799376503
26230.984799376503
26230.984799376503
26230.984799376503
26230.984799376503
26230.984799376503
26230.984799376503
26230.984799376503
1978139972.9801164
107637.1578374264
107637.1578374264
92055.70912364012
69716.35727349634
69716.35727349634
67149.82126069897
65760.66811511634
54798.502824077244
52040.72190263402
52040.72190263402
52040.72190263402
50422.92970448868
45000.482279233096
45000.482279233096
42446.00517173299
42446.00517173299
42446.00517173299
42446.00517173299
42267.537974188715
42004.90921031142
41943.02995949096
41943.02995949096
41943.02995949096
41943.02995949096
41850.754579703644
40810.21756382277
40529.92921358386
38980.77808271522
37677.217498501566
37677.217498501566
37606.80583648026
37606.80583648026
37606.80583648026
37606.80583648026
37606.80583648026
37606.80583648026
36765.98119163798
35787.274815529
34087.65678595681
33717.20681407285
33703.608828118086
33703.608828118086
33703.608828118086
33703.608828118086
33703.608828118086
33610.23756671982
33610.23756671982
33610.23756671982
33465.284392752576
33465.284392752576
33465.284392752576
33465.284392752576
31626.823349062848
31006.284404654714
31006.284404654714
31006.284404654714
30675.21198804659
30675.21198804659
30675.21198804659
30675.21198804659
29522.523373888198
29522.523373888198
29522.523373888198
29522.523373888198
29478.91091005806
29478.91091005806
29478.91091005806
29478.91091005806
29478.91091005806
29478.91091005806
29478.91091005806
28392.224902080237
28392.224902080237
28392.224902080237
28392.224902080237
28392.224902080237
28392.224902080237
28392.224902080237
25359.419469483888
25359.419469483888
25359.419469483888
25359.419469483888
25163.965243114704
24975.34308087333
24904.404421338826
24871.065841951968
24863.942456868182
24861.971029147666
23713.944897302386
23713.944897302386
23713.944897302386
23713.944897302386
23713.944897302386
23713.944897302386
23713.944897302386
23713.944897302386
23713.944897302386
1978139972.9801164
87930.50572702487
67646.36259431281
66939.40175990765
66939.40175990765
55460.14774098902
55460.14774098902
55460.14774098902
55460.14774098902
55460.14774098902
54756.55554957657
54756.55554957657
52632.581277794525
52632.581277794525
52632.581277794525
52632.581277794525
52632.581277794525
52632.581277794525
52632.581277794525
51082.99995964909
51082.99995964909
51082.99995964909
51082.99995964909
47163.28174825587
47163.28174825587
47163.28174825587
47163.28174825587
47163.28174825587
46285.42611129681
46285.42611129681
45344.17217601384
45344.17217601384
45344.17217601384
45344.17217601384
44854.079937411196
44854.079937411196
44854.079937411196
44854.079937411196
34059.81260057218
34059.81260057218
31222.435781528726
27892.128147678315
27892.128147678315
27892.128147678315
26688.461752246025
26688.461752246025
26688.461752246025
26688.461752246025
26678.2684598955
26678.2684598955
26678.2684598955
26544.66329384738
26517.371696833714
26517.371696833714
24195.088841507666
24195.088841507666
24195.088841507666
24195.088841507666
24195.088841507666
24167.562478357046
23965.229334189728
23501.178419690517
23501.178419690517
23501.178419690517
23501.178419690517
23501.178419690517
23501.178419690517
23501.178419690517
22511.48790927658
22511.48790927658
22110.432495614805
22110.432495614805
22110.432495614805
21809.75640953669
21809.75640953669
21809.75640953669
21218.151038423162
19445.00188120988
19257.2362908167
19222.00316325319
19204.34015116652
19163.298514302027
19141.319556078204
19134.18498660922
19133.336195029668
19133.336195029668
19133.336195029668
19133.336195029668
19133.336195029668
19133.336195029668
19133.336195029668
19123.376276993407
19123.376276993407
19123.376276993407
18629.035078981913
18629.035078981913
18629.035078981913
18629.035078981913
18629.035078981913
18629.035078981913
18629.035078981913
18629.035078981913
18629.035078981913
18276.19942344917
18276.19942344917
18276.19942344917
18276.19942344917
18225.96895750662
18225.96895750662
18130.313301274324
18130.313301274324
18036.422299465783
18036.422299465783
18036.422299465783
18036.422299465783
17826.53748877915
17826.53748877915
17826.53748877915
17826.53748877915
17826.53748877915
17426.011597496814
17426.011597496814
17426.011597496814
16536.953559819514
16384.953518835024
16384.953518835024
16384.953518835024
16384.953518835024
16384.953518835024
16384.953518835024
16384.953518835024
16384.953518835024
16384.953518835024
16379.659231096275
16379.659231096275
16375.038119771865
16345.242553416003
16323.471060360318
16307.109278344702
16292.706046663054
16283.064842195294
16030.848128559794
16030.848128559794
16030.848128559794
16030.848128559794
15638.795487414065
15638.795487414065
15638.795487414065
15638.795487414065
15461.766889420709
15461.766889420709
15392.052299078046
15178.662777634596
15083.895691831513
15083.895691831513
14817.305521542054
13882.517925454491
13882.517925454491
13882.517925454491
13882.517925454491
13074.846560194756
13074.846560194756
13074.846560194756
13074.846560194756
12979.3031066779
12668.95185735795
12668.95185735795
12668.95185735795
12578.043545971495
12563.272075967776
12553.482720056536
12533.336026582274
12507.770007160874
11270.152661731212
10958.791541669041
10958.791541669041
10958.791541669041
10958.791541669041
10958.791541669041
10910.678580555284
10910.678580555284
10910.678580555284
10580.823780233486
10537.479467664396
10537.479467664396
10537.479467664396
10537.479467664396
10537.479467664396
10537.479467664396
10133.056110689402
10062.003554073659
9739.49243789864
9739.49243789864
9612.09035679145
9249.454086670947
9249.454086670947
9249.454086670947
9249.454086670947
8769.08825358959
8769.08825358959
8769.08825358959
8769.08825358959
8769.08825358959
8602.055204510825
8602.055204510825
8565.931543504748
8565.931543504748
8482.288262255184
8407.687597267079
8357.774649189752
8357.774649189752
8357.774649189752
8179.67671472171
8179.67671472171
8126.507402427249
7853.555732584763
7691.581518878818
7393.220785906564
7299.846803264588
7299.846803264588
7239.862785644798
7169.108394096282
6954.722229003674
6878.582757551838
6848.045866455826
6830.616215768175
6687.831837410405
6111.060473237747
6111.060473237747
6111.060473237747
6111.060473237747
6111.060473237747
6111.060473237747
6111.060473237747
6111.060473237747
6111.060473237747
1978139972.9801164
92329.3163743793
92329.3163743793
92329.3163743793
92329.3163743793
83591.1017456694
83591.1017456694
79595.13943820784
78984.51149845711
76058.23247667248
76058.23247667248
76058.23247667248
70179.15010631931
68013.29841198359
67423.56218167183
67200.7338699953
65741.74642787292
64825.23430018405
64825.23430018405
64825.23430018405
64825.23430018405
64825.23430018405
64825.23430018405
64825.23430018405
64641.06382599054
63302.78272195885
59456.606383904276
58338.12231580435
58049.83819943427
55209.67667097519
55209.67667097519
55209.67667097519
55209.67667097519
55209.67667097519
55209.67667097519
54789.87701456619
54789.87701456619
54136.526166086885
50848.329293769835
49923.53390568778
49923.53390568778
49878.807215356894
49878.807215356894
48820.617742599126
48000.14742619436
47811.716002051304
47780.18097995278
47591.1763442121
47591.1763442121
47591.1763442121
47591.1763442121
47591.1763442121
47591.1763442121
47535.93303232388
47535.93303232388
47535.93303232388
47535.93303232388
47535.93303232388
47535.93303232388
47421.3300731005
47421.3300731005
47421.3300731005
47401.52078803243
47297.68917526782
46590.321980024346
45894.10875175493
45894.10875175493
44817.09109617112
44817.09109617112
44817.09109617112
44817.09109617112
43284.35877119619
42799.93215855703
42799.93215855703
42799.93215855703
42799.93215855703
42799.93215855703
39260.208388365
38939.514036808396
38939.514036808396
38546.0512007727
37720.45022742415
37579.92597035864
37579.92597035864
36999.88544225721
36999.88544225721
36999.88544225721
36999.88544225721
36999.88544225721
36999.88544225721
36991.6587037665
36991.6587037665
36991.6587037665
36991.6587037665
36991.6587037665
35694.74170664001
32384.410631027295
30204.43224225791
29374.55242670501
29040.917496134018
28884.882081420103
28773.033201336224
28665.90829450296
28559.42078013009
28453.67850808051
28349.062005408057
28246.224476357456
27586.59457478788
27111.399714079427
26565.655347196378
26389.20680787951
26377.224902114012
26377.224902114012
26287.92775320609
26287.92775320609
26248.558654045588
26248.558654045588
26248.558654045588
25614.072064229786
25092.38129124102
24939.229516369876
24939.229516369876
24939.229516369876
24934.322282625002
24934.322282625002
24934.322282625002
24916.315842454635
24815.01814478963
23723.337784950945
23723.337784950945
23723.337784950945
23723.337784950945
23723.337784950945
23723.337784950945
23723.337784950945
23642.832501133165
22891.523181836503
22827.675902475115
22631.244128560647
22631.244128560647
22631.244128560647
22631.244128560647
22631.244128560647
22287.879560519148
21507.412002535806
21507.412002535806
20174.465106818545
18783.972131835013
18279.754709098925
18089.328011211033
18009.606557581752
17950.1147719696
17889.214937737666
17833.61819424534
17780.390756359495
17734.914598345524
17711.01110014384
17272.82640151869
16656.904343324808
16148.04260938762
16060.158592398808
16060.158592398808
15931.92839096946
15931.92839096946
15931.92839096946
15931.92839096946
15919.516457535514
15919.516457535514
15919.516457535514
15919.516457535514
15919.516457535514
15857.850480252167
15853.79843970011
15848.062225361067
15848.062225361067
15848.062225361067
15848.062225361067
15848.062225361067
15848.062225361067
15848.062225361067
15848.062225361067
15848.062225361067
15830.176314180495
15830.176314180495
15830.176314180495
15774.707741023649
15774.707741023649
14775.942621812073
14487.560902217032
13921.154152318371
13380.408361608384
13352.630218835062
13352.630218835062
13282.462014840758
13282.462014840758
12657.046563568754
12657.046563568754
12657.046563568754
12645.842221873652
12645.842221873652
12645.842221873652
12645.842221873652
12313.749908586966
12313.749908586966
12313.749908586966
12313.749908586966
12313.749908586966
12313.749908586966
12254.4216241803
12254.4216241803
11971.702261873414
11971.702261873414
11971.702261873414
11971.702261873414
11971.702261873414
11971.702261873414
11971.702261873414
11434.765172446028
11267.26634028143
10792.516153727973
10792.516153727973
10792.516153727973
10792.516153727973
10792.516153727973
10792.516153727973
10792.516153727973
10792.516153727973
10792.516153727973
10769.380298470598
10490.301736674495
10456.640688032841
9954.389463598352
9954.389463598352
9954.389463598352
9954.389463598352
9954.389463598352
9954.389463598352
9799.437278589097
9759.06487071004
9759.06487071004
9759.06487071004
9759.06487071004
9308.781793893002
9308.781793893002
9308.781793893002
9308.781793893002
9271.74660969724
9271.74660969724
9271.74660969724
9184.996121164553
9184.996121164553
9184.996121164553
9091.524113200247
9077.517980846582
8844.060863286371
8844.060863286371
8844.060863286371
8844.060863286371
8609.691933295133
8609.691933295133
8609.691933295133
8570.923788072323
8570.923788072323
8570.923788072323
8570.923788072323
8570.923788072323
8209.195445530459
8209.195445530459
7865.024745295279
7865.024745295279
7865.024745295279
7865.024745295279
7865.024745295279
7865.024745295279
7865.024745295279
7598.740138330941
7598.740138330941
7598.740138330941
7598.740138330941
7392.399804217428
7392.399804217428
7392.399804217428
7392.399804217428
7392.399804217428
7392.399804217428
7392.399804217428
7392.399804217428
7392.399804217428
1978139972.9801164
94990.34308536153
53187.06533666833
53187.06533666833
53187.06533666833
51389.38373763464
49714.961123496956
49714.961123496956
40560.45026401938
40560.45026401938
35132.71251571185
35132.71251571185
33784.27211124582
33559.79502807723
33559.79502807723
33559.79502807723
33559.79502807723
31209.732831050434
27674.39164160694
27674.39164160694
27674.39164160694
27674.39164160694
27674.39164160694
27674.39164160694
27674.39164160694
25790.028655944767
25790.028655944767
24362.655831992153
22383.01191602448
22383.01191602448
22383.01191602448
22265.242056150146
22265.242056150146
22265.242056150146
22170.264606399225
20921.042152973514
20921.042152973514
20921.042152973514
20921.042152973514
20921.042152973514
20921.042152973514
20921.042152973514
20921.042152973514
20921.042152973514
1978139972.9801164
14161813.699681135
64513.935192710036
64513.935192710036
57754.37970151848
57754.37970151848
57754.37970151848
55773.497921685506
55484.059749076325
54794.875992414934
53216.732759276456
52514.596224900306
52514.596224900306
46542.16065601254
46542.16065601254
46542.16065601254
39605.82756354913
39605.82756354913
39605.82756354913
39605.82756354913
39605.82756354913
39605.82756354913
39605.82756354913
39605.82756354913
39605.82756354913
1978139972.9801164
126540.49568469098
126540.49568469098
44700.34655813498
41211.14024392655
41211.14024392655
38570.70123082319
38570.70123082319
38570.70123082319
38570.70123082319
38570.70123082319
37500.65407764589
35269.12438339556
35269.12438339556
35010.860200315474
35010.860200315474
35010.860200315474
33438.75763382937
33438.75763382937
33438.75763382937
32667.400303628805
32667.400303628805
32667.400303628805
32667.400303628805
32227.300836297094
26940.642505958116
24476.30245033522
21795.260363534366
21795.260363534366
20032.370457082157
18403.05896310441
17821.451827716268
17686.086850240896
17644.349020253714
17644.349020253714
17644.349020253714
17389.34261531731
17389.34261531731
17389.34261531731
17389.34261531731
17389.34261531731
17389.34261531731
17389.34261531731
17389.34261531731
17389.34261531731
1978139972.9801164
152895.36198128687
152895.36198128687
102000.16197203052
74838.66167933121
74838.66167933121
67262.54699718523
67262.54699718523
67262.54699718523
62894.37013165407
