119850.8029319645
110978.50757507706
105340.49556400497
104357.35947308165
93371.80658927438
74265.68819328999
74265.68819328999
74265.68819328999
74265.68819328999
74265.68819328999
74265.68819328999
73975.16118983807
73975.16118983807
73233.93109302597
73233.93109302597
73233.93109302597
70791.26296429921
64315.663251339414
64315.663251339414
59458.514985520604
54940.723699558745
54940.723699558745
54940.723699558745
54940.723699558745
54940.723699558745
54940.723699558745
54940.723699558745
54940.723699558745
52639.901800368585
50449.26438544903
49806.134350403736
49806.134350403736
49806.134350403736
49617.984189768096
45901.12368856187
45901.12368856187
45901.12368856187
45901.12368856187
45901.12368856187
45901.12368856187
45901.12368856187
45640.5417482662
45640.5417482662
45640.5417482662
45640.5417482662
45473.33344896822
45339.033964883885
45271.76575910199
44618.98020051679
43865.00286597783
43600.48629703749
43497.517391966234
43497.517391966234
43492.19561511258
43492.19561511258
43492.19561511258
43462.10824988754
43462.10824988754
43445.30718989117
43445.30718989117
43445.30718989117
43445.30718989117
43445.30718989117
42992.676738638125
41805.57173761458
41805.57173761458
41805.57173761458
41032.011567695605
41032.011567695605
40791.44371746913
40791.44371746913
39945.99332012128
39945.99332012128
39332.817443514126
39332.817443514126
39332.817443514126
39292.46273632
39292.46273632
38450.717819775426
38450.717819775426
38450.717819775426
38450.717819775426
38450.717819775426
38131.709173854746
38131.709173854746
38131.709173854746
37216.63924213012
37216.63924213012
37216.63924213012
37216.63924213012
33947.57756125532
33947.57756125532
33947.57756125532
33947.57756125532
33947.57756125532
33947.57756125532
33947.57756125532
33947.57756125532
33947.57756125532
119850.8029319645
119850.8029319645
112745.56290623867
107111.95591900709
82787.23986068946
82787.23986068946
82787.23986068946
70144.12759196908
70144.12759196908
69316.29875112844
69316.29875112844
68190.05827278581
68190.05827278581
63351.534340629565
58112.425762908766
58112.425762908766
58112.425762908766
58112.425762908766
52196.41995920994
49717.14051261202
48718.01690084623
46574.98752708625
46034.7302508046
46034.7302508046
46034.7302508046
46034.7302508046
44991.22134697768
44991.22134697768
44991.22134697768
44991.22134697768
44991.22134697768
44791.48556954432
44791.48556954432
44791.48556954432
44773.697688881715
44773.697688881715
44773.697688881715
44773.697688881715
44772.92050899204
44757.525210159125
44757.525210159125
44757.525210159125
44757.525210159125
44757.525210159125
44731.23812250309
44681.3346886579
44632.17740560373
44353.73491026617
43588.956497364125
43229.25618842796
42581.76877201347
42581.76877201347
42581.76877201347
42581.76877201347
42581.76877201347
42581.76877201347
42581.76877201347
42581.76877201347
42410.37597364146
42410.37597364146
42367.85641199616
42282.55969499553
42208.25646044107
41076.905279603096
40756.44341752694
40611.98573875656
40603.70578611474
39997.39479448839
39997.39479448839
39194.83439608683
39194.83439608683
38373.22610325672
38373.22610325672
38373.22610325672
37399.94119662343
36476.420357379124
36476.420357379124
36476.420357379124
36476.420357379124
36476.420357379124
36476.420357379124
35830.326623463865
35830.326623463865
35830.326623463865
35830.326623463865
35520.06177644312
35136.12418477583
34964.00845475762
34650.884970541534
34650.884970541534
34650.884970541534
34650.884970541534
34650.884970541534
34650.884970541534
34650.884970541534
34650.884970541534
34224.806526037544
33748.50754196304
31842.245745898726
31360.788912396456
31294.75152135596
29973.087651641938
29973.087651641938
29973.087651641938
29973.087651641938
29973.087651641938
29973.087651641938
29166.896073643726
29166.896073643726
29166.896073643726
28874.007107276575
28874.007107276575
28874.007107276575
28874.007107276575
28874.007107276575
28874.007107276575
28874.007107276575
28874.007107276575
28795.89989711731
27339.29640544397
27046.792979489575
25666.370046099408
25666.370046099408
25666.370046099408
25666.370046099408
25666.370046099408
25666.370046099408
25666.370046099408
25666.370046099408
25666.370046099408
119850.8029319645
119850.8029319645
114592.19155964947
108112.39590438224
105306.67545063022
88954.59018192913
80789.0578010622
80789.0578010622
52072.78401417883
52072.78401417883
52072.78401417883
52072.78401417883
52072.78401417883
52072.78401417883
52072.78401417883
52072.78401417883
52072.78401417883
119850.8029319645
119850.8029319645
119850.8029319645
92198.3610096977
92198.3610096977
92198.3610096977
92198.3610096977
92198.3610096977
92198.3610096977
77272.30080634773
77272.30080634773
68017.75920892558
68017.75920892558
68017.75920892558
68017.75920892558
68017.75920892558
64421.03128281496
64421.03128281496
63865.413301395405
63865.413301395405
63865.413301395405
58430.36015459877
58430.36015459877
58430.36015459877
58430.36015459877
58430.36015459877
58430.36015459877
55558.8592878948
55020.40976243439
53571.82513535365
53571.82513535365
52072.000969837
52072.000969837
52072.000969837
50616.14437662531
50616.14437662531
50616.14437662531
50270.67501816976
49635.0378336074
49635.0378336074
49397.933258317884
49397.933258317884
49397.933258317884
49129.547098260744
49129.547098260744
49129.547098260744
48880.30628767727
48880.30628767727
48880.30628767727
47021.95709112738
47021.95709112738
47021.95709112738
47021.95709112738
46160.09155123228
43944.6723508148
43944.6723508148
43944.6723508148
43944.6723508148
43944.6723508148
43944.6723508148
43944.6723508148
43546.65438851664
43546.65438851664
43546.65438851664
43546.65438851664
43546.65438851664
43546.65438851664
43527.38243114883
43449.88134536934
43449.88134536934
42869.031448577414
42869.031448577414
42869.031448577414
42869.031448577414
42869.031448577414
42869.031448577414
42869.031448577414
42869.031448577414
42831.97600937726
42080.42523543984
41192.91792483099
41192.91792483099
41192.91792483099
41192.91792483099
40904.121318548176
39368.52345017549
37085.58126804842
37085.58126804842
37085.58126804842
37085.58126804842
37085.58126804842
37085.58126804842
37085.58126804842
37085.58126804842
34754.8639537944
34011.15264446943
33892.047776824955
31900.46781860538
31900.46781860538
31900.46781860538
31900.46781860538
30396.60291032842
28257.692798556087
27620.3890504394
27469.005124722284
27469.005124722284
27469.005124722284
27469.005124722284
27469.005124722284
27469.005124722284
26438.90950891942
25529.399903181493
25529.399903181493
25529.399903181493
25529.399903181493
25529.399903181493
25529.399903181493
25529.399903181493
25529.399903181493
25529.399903181493
119850.8029319645
119850.8029319645
118729.76722584062
62984.619806615876
62984.619806615876
62984.619806615876
62984.619806615876
62984.619806615876
57647.855556027316
55539.228441692896
55085.46472409885
55085.46472409885
54258.67501620422
54258.67501620422
54258.67501620422
54258.67501620422
53780.50511048671
52533.39449279754
52533.39449279754
52533.39449279754
52101.82472281452
46485.13531992624
46485.13531992624
43834.131414118725
42210.11269506471
42210.11269506471
42210.11269506471
42210.11269506471
42210.11269506471
42210.11269506471
42210.11269506471
42185.107383341696
42185.107383341696
38041.20857573767
38041.20857573767
38041.20857573767
38041.20857573767
38041.20857573767
37948.70032738832
37409.791547946705
37409.791547946705
37409.791547946705
37409.791547946705
37022.805786888784
37022.805786888784
36315.87421084355
36315.87421084355
36315.87421084355
36315.87421084355
36315.87421084355
36315.87421084355
36315.87421084355
36167.275812441425
36167.275812441425
36167.275812441425
36167.275812441425
35757.12965036385
35757.12965036385
35477.042897496634
35477.042897496634
35477.042897496634
35446.10192692733
35446.10192692733
34972.7846806455
34972.7846806455
33501.16484115326
32547.398436996646
32411.987839601123
32411.987839601123
32411.987839601123
32411.987839601123
32145.904659769392
32145.904659769392
32145.904659769392
32145.904659769392
32145.904659769392
32145.904659769392
32043.367082297606
32043.367082297606
32043.367082297606
32043.367082297606
31776.543057321665
31776.543057321665
29456.30820920011
29370.044412090057
29370.044412090057
29370.044412090057
29370.044412090057
29370.044412090057
29047.96020283479
29047.96020283479
29047.96020283479
29047.96020283479
28909.540430219342
28698.565204443523
27761.80989121283
27761.80989121283
27747.597747764947
27747.597747764947
26932.00478885843
26932.00478885843
26932.00478885843
25602.834283788958
22990.1660936599
22990.1660936599
22990.1660936599
22990.1660936599
22990.1660936599
22990.1660936599
22990.1660936599
22990.1660936599
22990.1660936599
119850.8029319645
119850.8029319645
81946.9392297723
64135.910342718504
64135.910342718504
64135.910342718504
54196.33183610109
54196.33183610109
54196.33183610109
54196.33183610109
54196.33183610109
53699.54376164712
53699.54376164712
53512.34058323448
51889.933627433566
51889.933627433566
51889.933627433566
51889.933627433566
50607.47488551024
45688.12950335747
45688.12950335747
45688.12950335747
45688.12950335747
45688.12950335747
45688.12950335747
40051.931397020475
37722.51044390605
37167.86545449656
36770.10110123433
36043.10005709184
35550.878768526985
35439.40025895965
35439.40025895965
35439.40025895965
35419.015746171324
35419.015746171324
35395.546408528564
35395.546408528564
35326.57539914665
35326.57539914665
35326.57539914665
35326.57539914665
35326.57539914665
35320.48466440116
35303.38331112329
35286.632788092415
35286.632788092415
35280.39980203125
35280.39980203125
35259.06555570596
35242.738822094274
34218.59141528599
34218.59141528599
34218.59141528599
34218.59141528599
33695.95656111998
33680.01688316967
33680.01688316967
33680.01688316967
33680.01688316967
33680.01688316967
33680.01688316967
33680.01688316967
33279.46386808638
33279.46386808638
33279.46386808638
32830.90258123186
32311.344479472995
32311.344479472995
32311.344479472995
32188.19080301718
32188.19080301718
32188.19080301718
32012.067802148464
31760.019394744708
31760.019394744708
31760.019394744708
31760.019394744708
31760.019394744708
31760.019394744708
31621.090133483456
31216.715213729865
31216.715213729865
31216.715213729865
31216.715213729865
30479.59799627863
30054.12448883557
29639.094596899016
29118.107528928744
29118.107528928744
29023.72808149291
28564.04083440216
27856.598735535063
27856.598735535063
27856.598735535063
27856.598735535063
27856.598735535063
27765.80457096507
27765.80457096507
27765.80457096507
27765.80457096507
27765.80457096507
27765.80457096507
27765.80457096507
27744.26659241379
27744.26659241379
27334.90252517576
27334.90252517576
26857.807409296536
26456.100958264527
26456.100958264527
26456.100958264527
26456.100958264527
26456.100958264527
26456.100958264527
26456.100958264527
26456.100958264527
25822.252365127777
25807.16912765699
24204.359457087652
22553.859878506264
20973.892508716428
20973.892508716428
19886.33804661253
18944.543628486957
18944.543628486957
18944.543628486957
18944.543628486957
18580.449052823078
18580.449052823078
18580.449052823078
18458.902726776527
18458.902726776527
18446.047533579567
18429.208014371266
17859.59548117353
17277.50769819936
17277.50769819936
17277.50769819936
17020.333496280633
17003.128997686228
15579.320461024927
14858.534325673108
14724.314160786837
14724.314160786837
14675.489746853005
14624.849922091247
14624.849922091247
14312.315355894812
14312.315355894812
14312.315355894812
14312.315355894812
14312.315355894812
14312.315355894812
14312.315355894812
13926.14874524364
13718.211240455897
13718.211240455897
13657.517177660318
13657.517177660318
13657.517177660318
13657.517177660318
13657.517177660318
13657.517177660318
13657.517177660318
13138.168957164122
13138.168957164122
13138.168957164122
13138.168957164122
13138.168957164122
13138.168957164122
13138.168957164122
13002.288640031971
13002.288640031971
13002.288640031971
13002.288640031971
13002.288640031971
13002.288640031971
13002.288640031971
12612.452496378666
12553.56423363526
12483.363672640855
12065.503477689364
12065.503477689364
12065.503477689364
11745.156618205492
11745.156618205492
11284.88204561237
11284.88204561237
11284.88204561237
11284.88204561237
11284.88204561237
11131.92721906388
11131.92721906388
11036.470556225035
11036.470556225035
11036.470556225035
11025.64430347854
10963.844063242923
10963.844063242923
10862.317290358833
10862.317290358833
10452.272417980454
10452.272417980454
10429.806386656635
10291.196546980505
10291.196546980505
10291.196546980505
10291.196546980505
10239.37309203198
10076.929489729879
10076.929489729879
10076.929489729879
10076.929489729879
10076.929489729879
10076.929489729879
9963.202351614622
9650.545982766962
9198.494426347965
9198.494426347965
9198.494426347965
9198.494426347965
9198.494426347965
9198.494426347965
9198.494426347965
9000.508748119266
8878.417128313882
8691.18854731751
8667.044288218798
8667.044288218798
8130.354012241201
7089.036440312511
6777.48371860353
6049.421467038207
6049.421467038207
6049.421467038207
5850.779659890452
5676.963764342295
5676.963764342295
5676.963764342295
5533.624564568885
5399.355486715476
5312.183827873508
5106.986615515082
5106.986615515082
5106.986615515082
5106.986615515082
4949.005330060157
4665.225891566349
4665.225891566349
4665.225891566349
4506.16484313542
4506.16484313542
4506.16484313542
4064.562325579239
4064.562325579239
4064.562325579239
4064.562325579239
3905.229156190203
3855.5415879301527
3855.5415879301527
3690.9460014124234
3690.9460014124234
3515.2820176908476
3515.2820176908476
3494.84971648815
3494.84971648815
3414.614630271439
3414.614630271439
3414.614630271439
3414.614630271439
3414.614630271439
3324.29325076302
3294.1492003416433
3294.1492003416433
3294.1492003416433
3294.1492003416433
3279.9779305500388
3279.82747262776
2905.32913951466
2905.32913951466
2905.32913951466
2817.4941441002475
2817.4941441002475
2817.4941441002475
2817.4941441002475
2809.0926573341467
2809.0926573341467
2636.89111022314
2582.709776431877
2582.709776431877
2582.709776431877
2582.709776431877
2582.709776431877
2582.709776431877
2582.709776431877
2582.709776431877
2582.709776431877
2526.1198130219377
2467.7160579771116
2421.8641640783285
2421.8641640783285
2408.7605661715957
2362.4551323681135
2362.4551323681135
2362.4551323681135
2362.4551323681135
2362.4551323681135
2362.4551323681135
2362.4551323681135
2356.593934564275
2356.593934564275
2356.593934564275
2353.439684293596
2353.439684293596
2294.8094690514426
2294.8094690514426
2294.8094690514426
2294.8094690514426
2238.205871036345
2238.205871036345
2238.205871036345
2238.205871036345
2229.0349174087605
2210.3655606624625
2165.419904749885
2091.4907917705104
2004.4531743939651
2004.4531743939651
2004.4531743939651
1872.2602169075387
1872.2602169075387
1872.2602169075387
1872.2602169075387
1872.2602169075387
1872.2602169075387
1872.2602169075387
1872.2602169075387
1830.4497513779993
1830.4497513779993
1810.0639640401812
1792.3008283104668
1792.3008283104668
1792.3008283104668
1792.3008283104668
1792.3008283104668
1792.3008283104668
1792.3008283104668
1792.3008283104668
1789.5730844615277
1784.7746974390725
1784.7746974390725
1758.6692752930867
1758.6692752930867
1758.6692752930867
1744.0500987756502
1744.0500987756502
1744.0500987756502
1744.0500987756502
1708.210264842896
1708.210264842896
1667.8324340880513
1578.4373012724498
1564.96357447592
1564.96357447592
1564.96357447592
1564.96357447592
1564.96357447592
1540.3043321648966
1540.3043321648966
1507.8316471327548
1507.8316471327548
1495.3304573449325
1407.46103451762
1407.46103451762
1407.46103451762
1407.46103451762
1407.46103451762
1367.2806557905187
1350.3852942400576
1350.3852942400576
1350.3852942400576
1350.3852942400576
1350.3852942400576
1350.3852942400576
1350.3852942400576
1343.8391480504545
1301.7847492489514
1301.7847492489514
1301.7847492489514
1301.7847492489514
1301.7847492489514
1301.7847492489514
1301.7847492489514
1301.7847492489514
1301.1322196980946
1296.2095925112365
1288.9965184517564
1277.4866587973845
1277.4866587973845
1230.908947680433
1228.3033972396893
1195.3917523818013
1195.3917523818013
1195.3917523818013
1071.46363558869
1068.6690040449964
967.1515709685997
967.1515709685997
859.9024107967635
859.9024107967635
859.9024107967635
859.9024107967635
855.7475353317313
855.7475353317313
855.7475353317313
855.7475353317313
814.6204618268346
814.6204618268346
814.6204618268346
814.6204618268346
814.6204618268346
814.6204618268346
812.9492241154693
777.7654515323729
753.1692200688104
744.9229057356395
732.2856956836235
732.2856956836235
732.2856956836235
730.0706083660566
730.0706083660566
682.3445639948166
677.8918666249087
677.8918666249087
671.8216491777945
671.8216491777945
671.8216491777945
664.7121079181276
659.3983872852514
656.7442550058106
654.696663727477
654.696663727477
654.696663727477
654.696663727477
624.089031509025
608.5429652992265
588.7850345064164
563.607017660773
535.5139689949624
516.4573968914824
513.4614324210091
513.4614324210091
513.4614324210091
512.2078755633346
498.8811868196234
482.1255039642061
482.1255039642061
465.0907760552275
465.0907760552275
465.0907760552275
465.0907760552275
465.0907760552275
455.01841964906555
452.3169477869335
452.3169477869335
452.3169477869335
448.92708519548205
438.083960696643
438.083960696643
438.083960696643
438.083960696643
438.083960696643
437.83241708517255
435.2326562406612
435.2326562406612
435.2326562406612
435.2326562406612
427.5589899367416
427.24144517570005
416.3024704859473
413.86582311656895
413.86582311656895
413.3066341628003
404.1761782050021
381.1628421122594
381.1628421122594
381.1628421122594
381.1628421122594
381.1628421122594
381.1628421122594
381.1628421122594
381.1628421122594
381.1628421122594
119850.8029319645
119850.8029319645
109466.7418080434
77056.74747170765
69713.65127332616
69713.65127332616
62801.16455336666
50755.81930968093
49159.28963854398
46559.953828392645
46559.953828392645
46559.953828392645
46559.953828392645
46559.953828392645
45163.82092871029
45163.82092871029
39947.20096758577
39947.20096758577
39947.20096758577
39947.20096758577
37915.24886498092
37915.24886498092
37915.24886498092
37915.24886498092
37915.24886498092
37915.24886498092
33467.70315514355
31667.03480261837
31278.640868478153
