1945369.9493509985
54393.77574168894
54393.77574168894
51881.550101943525
51881.550101943525
51881.550101943525
51881.550101943525
51881.550101943525
51151.96226628096
50858.62936685864
50858.62936685864
49912.13345783975
49912.13345783975
49884.308711095866
49539.960605675704
48937.75192655578
40145.241471636764
40145.241471636764
40145.241471636764
40145.241471636764
36655.161090254755
36655.161090254755
36655.161090254755
36655.161090254755
36655.161090254755
36655.161090254755
36655.161090254755
36595.395303327925
36595.395303327925
36454.801787834534
36392.730370261495
36392.730370261495
35804.800306180674
35207.34183323919
35002.327911749635
34907.55694920461
34853.748755710134
34197.91588960341
33209.30920918722
32887.58813911126
32755.865149500307
32699.064251118292
32695.12426091365
32695.12426091365
32673.46018741925
32673.46018741925
32673.46018741925
32234.470773950925
29430.982045859782
28474.540880091732
28119.37792364553
28009.795589832727
28006.042993346986
28006.042993346986
27969.61611066938
27955.327255377437
27945.3010271176
27936.335359156146
27928.143330372364
27921.058263584106
27916.033725547702
27914.643526958036
27914.643526958036
27174.35607943524
27033.45230859295
26169.389185621098
26169.389185621098
26115.980136890044
26021.280548706756
25899.78424820036
25899.78424820036
25899.78424820036
25095.62665289727
24923.692989925323
24923.692989925323
24923.692989925323
24923.692989925323
23236.370555606678
23236.370555606678
23236.370555606678
23236.370555606678
22910.20175254336
22808.50432851919
22060.84979187294
22060.84979187294
21508.64346993866
20680.02466319325
20680.02466319325
19177.14437403649
18368.970176518033
17400.15455062458
16680.008357149898
16680.008357149898
16680.008357149898
16680.008357149898
15619.927946508951
14878.009569490205
14675.186228891738
14608.543235064937
14283.287903626002
14283.287903626002
14283.287903626002
13753.49077663877
13753.49077663877
13650.67883627194
13365.511229972528
13365.511229972528
13365.511229972528
13333.353836085627
13333.353836085627
13333.353836085627
13333.353836085627
13333.353836085627
13333.353836085627
13332.39567982466
13332.39567982466
13332.39567982466
12745.14165029272
12623.536863299782
12601.599395146315
12601.599395146315
12601.599395146315
12601.599395146315
12599.434879653792
12599.434879653792
12599.434879653792
12599.434879653792
12599.434879653792
12599.434879653792
12544.363830342203
12513.252916919608
12513.252916919608
12507.262794935785
12507.262794935785
12498.792549657335
12478.825913936511
12478.825913936511
12261.947861989885
12261.947861989885
12261.947861989885
12261.947861989885
12261.947861989885
12261.947861989885
12261.947861989885
12261.947861989885
12261.947861989885
12222.131086898444
12222.131086898444
12222.131086898444
11259.720912560615
10560.186692675159
10560.186692675159
10560.186692675159
10560.186692675159
10560.186692675159
10560.186692675159
10560.186692675159
10482.4606606352
10482.4606606352
10482.4606606352
10482.4606606352
10482.4606606352
10482.4606606352
10482.4606606352
10318.68749426588
10318.68749426588
10318.68749426588
10318.68749426588
10288.608315776424
10288.608315776424
10271.719196325239
10271.719196325239
10271.719196325239
10271.719196325239
10271.719196325239
10271.719196325239
10271.719196325239
10241.304312233297
10241.304312233297
10126.654320026646
10126.654320026646
10126.654320026646
10126.654320026646
10075.956976846865
10048.061917321193
10047.103470101065
10047.103470101065
10010.37425732376
10010.37425732376
10010.37425732376
9994.236623497794
9873.527169549885
9768.351929258282
9191.148779696307
9075.500693101929
9051.40860623103
8016.86286847316
8016.86286847316
8016.86286847316
8016.86286847316
8016.86286847316
8016.86286847316
8016.86286847316
8016.86286847316
7250.328763305119
7250.328763305119
7250.328763305119
7250.328763305119
7250.328763305119
7250.328763305119
7250.328763305119
7250.328763305119
7249.0628343722865
7249.0628343722865
7249.0628343722865
7249.0628343722865
7249.0628343722865
7249.0628343722865
7249.0628343722865
7249.0628343722865
7247.1478882013425
7247.1478882013425
7247.1478882013425
7247.1478882013425
7009.592193085487
6920.5769464635105
6920.5769464635105
6920.5769464635105
6728.054920809647
6207.48994139183
6207.48994139183
6207.48994139183
6207.48994139183
6207.48994139183
6207.48994139183
6207.48994139183
6207.48994139183
6043.754156383917
5864.771173307233
5522.483597307162
5522.483597307162
5522.483597307162
5279.638852220293
5276.008628862944
5235.963056382949
5235.963056382949
5235.963056382949
4793.696693636336
4793.696693636336
4793.696693636336
4793.696693636336
4793.696693636336
4793.696693636336
4793.696693636336
4793.696693636336
4793.696693636336
13838424.737329343
1633913.8391558132
71075.46219318907
56449.05657928757
53853.33213254144
51731.97678964905
51731.97678964905
51731.97678964905
51731.97678964905
51731.97678964905
51731.97678964905
46683.92950227488
46683.92950227488
46683.92950227488
46683.92950227488
46399.78476191539
46399.78476191539
46399.78476191539
44839.58479273017
44839.58479273017
44792.6693441545
44792.6693441545
44792.6693441545
44792.6693441545
42128.59051094058
42128.59051094058
42128.59051094058
42128.59051094058
38153.60095673366
38153.60095673366
37316.78418936154
37316.78418936154
37316.78418936154
37316.78418936154
37316.78418936154
37316.78418936154
37316.78418936154
37316.78418936154
36772.44970306811
35426.01901399393
34723.37294523844
34723.37294523844
34723.37294523844
34718.84771534678
34567.999511155176
34567.999511155176
34567.999511155176
34295.79074846215
34205.34372085926
34205.34372085926
34205.34372085926
34205.34372085926
34205.34372085926
34205.34372085926
34139.63112662232
34139.63112662232
34139.63112662232
34139.63112662232
33352.570663485545
33352.570663485545
33127.69087113705
33127.69087113705
33028.456301081285
33028.456301081285
31662.00585589956
31662.00585589956
31662.00585589956
31662.00585589956
31642.799107770286
31492.845697786426
30824.166168128788
30599.224764959356
30599.224764959356
30599.224764959356
30599.224764959356
30507.414506468078
30428.012629365756
30389.447031510164
30389.447031510164
30160.858938108468
30045.86321482361
28815.33536231427
28815.33536231427
28815.33536231427
28370.38120634787
28370.38120634787
28370.38120634787
28370.38120634787
28370.38120634787
28370.38120634787
28370.38120634787
28370.38120634787
26862.047409183146
26340.555930517992
25451.301233783135
24912.171075246202
24561.078191417073
23174.494924296574
22488.97606172274
22114.296031311274
21974.505489053514
21910.336847806437
21893.68957535549
21891.273280469897
21890.784901050214
21890.784901050214
21287.492412592164
21287.492412592164
21124.11997239219
21058.802152810476
21058.802152810476
20850.761866920606
20719.23225001401
20719.23225001401
20719.23225001401
20719.23225001401
20719.23225001401
20719.23225001401
20328.81983298303
19026.5984587684
18893.014830950426
18848.671508910516
18848.671508910516
18816.108799901787
18815.295245397927
18807.938972489876
18802.685082369262
18802.685082369262
18797.62767110592
18127.781034730568
18006.271302244702
17600.817129639843
17600.817129639843
17235.798723292755
17235.798723292755
16855.234907433878
16224.297540630525
16224.297540630525
16224.297540630525
16161.249918266953
16161.249918266953
16161.249918266953
16161.249918266953
15837.920175025838
15837.920175025838
15837.920175025838
15837.920175025838
15837.920175025838
15837.920175025838
15819.37926406322
15819.37926406322
15819.37926406322
15066.397937663307
15066.397937663307
15066.397937663307
15031.646347153877
15031.646347153877
15031.646347153877
14849.295025952419
14849.295025952419
14849.295025952419
14849.295025952419
14849.295025952419
14849.295025952419
14849.295025952419
14849.295025952419
14849.295025952419
13838424.737329343
4746074.771059918
99452.31110095776
99452.31110095776
40096.610619325584
40096.610619325584
40096.610619325584
36357.79977489763
36357.79977489763
36357.79977489763
33983.75403451476
33983.75403451476
33983.75403451476
33983.75403451476
33983.75403451476
33163.9915219484
30562.31032525288
28005.6957557566
28005.6957557566
28005.6957557566
26979.951531310282
26979.951531310282
26979.951531310282
26972.862913512177
26972.862913512177
26972.862913512177
26972.862913512177
26972.862913512177
26972.862913512177
26972.862913512177
26339.12912565839
26339.12912565839
26036.989540348728
26036.989540348728
26036.989540348728
26036.989540348728
26036.989540348728
26036.989540348728
26036.989540348728
24277.528321129706
22861.65290913351
22685.497129606232
22685.497129606232
22685.497129606232
22685.497129606232
22685.497129606232
22685.497129606232
22685.497129606232
22285.417478827385
22285.417478827385
22285.417478827385
22285.417478827385
22285.417478827385
22285.417478827385
22285.417478827385
22285.417478827385
22174.266560401516
22174.266560401516
22164.55249413166
22160.362743963407
22160.362743963407
22160.362743963407
22160.362743963407
22078.650484786875
21909.578020239507
21909.578020239507
21909.578020239507
21909.578020239507
21909.578020239507
21909.578020239507
21909.578020239507
21909.578020239507
21511.47727747319
20569.19258289081
20484.20193731105
20435.03604151324
20414.118438330584
19460.629186632475
19460.629186632475
19460.629186632475
19460.629186632475
18911.86050630628
18494.793846177985
18319.563883628074
18243.3247763203
18212.12801278907
18160.439908555018
18102.59622108097
18045.311375891186
17829.999388015094
17643.642150537056
16827.844370162686
16601.6299999513
16481.108898063452
16388.597426465887
16330.769025939295
16285.228916354186
16283.289292983854
16283.289292983854
16258.274817549198
16258.274817549198
16246.908460564904
16205.003624316527
16205.003624316527
16205.003624316527
16205.003624316527
15891.781161399898
15853.316873838061
15743.75127540959
15637.274227268283
14995.99649327881
14789.027546395662
14789.027546395662
14507.543676803652
13858.347600845076
13858.347600845076
13318.094330630738
13318.094330630738
13212.30244104632
13212.30244104632
13212.30244104632
12486.97890955782
12486.97890955782
11417.737804772229
11417.737804772229
11417.737804772229
11417.737804772229
11046.461986715825
11046.461986715825
11046.461986715825
11046.461986715825
10720.526320613031
10720.526320613031
10495.606680498326
10473.146996114154
10473.146996114154
10473.146996114154
10473.146996114154
10473.146996114154
10473.146996114154
10473.146996114154
10473.146996114154
10380.043743947892
10338.75435289687
10338.75435289687
10338.75435289687
10338.75435289687
10027.427350393136
10027.427350393136
10027.427350393136
9860.867993401675
9860.867993401675
9860.867993401675
9860.867993401675
9860.867993401675
9860.867993401675
9860.867993401675
9860.867993401675
9700.340589326333
9574.927533450767
9400.414682755714
8538.735062437907
8538.735062437907
8538.735062437907
8093.911041832326
8093.911041832326
7879.922372011321
7444.835962912115
7326.499663401983
7326.499663401983
7326.499663401983
7080.815686474401
7080.815686474401
7080.815686474401
7080.815686474401
7080.815686474401
7080.815686474401
6556.427555789379
6556.427555789379
6407.024005096129
6348.548830344032
6344.366840992228
6308.747558724803
6162.956224374336
6010.693066807004
6010.693066807004
6010.693066807004
6010.693066807004
6010.693066807004
6010.693066807004
5768.746143902011
5601.718182791135
5598.249457102599
5598.249457102599
5598.249457102599
5598.249457102599
5598.249457102599
5199.03592866911
5099.29836397914
5099.29836397914
5099.29836397914
4985.866668169443
4985.866668169443
4985.866668169443
4985.866668169443
4985.866668169443
4985.866668169443
4671.435277951122
4671.435277951122
4671.435277951122
4671.435277951122
4022.6000887920945
3535.876175785903
3250.898889323993
3250.898889323993
3250.898889323993
3250.898889323993
3250.898889323993
3250.898889323993
3250.898889323993
3250.898889323993
3250.898889323993
13838424.737329343
1813858.8522079394
398985.01415450906
398985.01415450906
68969.38684843146
66641.27184868926
57181.58015304204
54699.41943173388
52302.25414621089
50685.69889568095
50685.69889568095
50685.69889568095
50685.69889568095
50685.69889568095
49250.361540044905
46215.19076376304
46215.19076376304
46215.19076376304
44043.77032355842
44043.77032355842
44043.77032355842
44022.51889043422
44022.51889043422
44022.51889043422
40423.278720257185
40423.278720257185
40423.278720257185
40423.278720257185
40423.278720257185
40423.278720257185
39328.27886809442
37444.50554852272
37444.50554852272
37444.50554852272
37444.50554852272
37444.50554852272
36891.15445129066
36891.15445129066
36486.19603031381
36486.19603031381
35865.1168678484
35147.93417458721
35147.93417458721
33208.10084319821
33208.10084319821
33208.10084319821
33208.10084319821
33208.10084319821
33208.10084319821
32789.23622440962
32789.23622440962
32789.23622440962
32789.23622440962
32789.23622440962
32789.23622440962
31894.088968624903
31496.857854600836
31311.801265063616
30441.670675932706
30441.670675932706
30441.670675932706
30083.278085323713
29718.90207365614
29718.90207365614
29718.90207365614
29718.90207365614
29718.90207365614
29718.90207365614
29718.90207365614
29718.90207365614
29718.90207365614
13838424.737329343
11910581.011507347
121310.88846273263
40045.949583459296
40045.949583459296
38808.48577075841
35896.682216284105
35896.682216284105
35896.682216284105
35896.682216284105
34730.53607484676
34730.53607484676
33919.59490075932
32509.08673792209
32509.08673792209
32509.08673792209
31443.406236264196
31443.406236264196
31443.406236264196
30074.43551038201
29935.080149524103
27951.225123390068
27951.225123390068
27951.225123390068
27609.887337829845
27609.887337829845
27572.160890882526
27424.48868656193
27362.107368991907
27338.946838533993
27337.71004873611
27337.71004873611
27323.79733783979
26317.922065015857
26317.922065015857
25896.954884602255
25896.954884602255
25896.954884602255
25896.954884602255
25896.954884602255
25896.954884602255
25896.954884602255
25896.954884602255
23749.03782729383
22753.102056205236
22753.102056205236
22753.102056205236
22753.102056205236
22753.102056205236
22753.102056205236
22753.102056205236
22753.102056205236
22753.102056205236
13838424.737329343
11095763.371580988
70930.61107548652
70930.61107548652
70930.61107548652
59194.49407397817
58986.03226765196
52870.63969344736
47193.151084412006
47193.151084412006
47193.151084412006
46832.600183580405
44502.88942975775
43533.91928374403
43533.91928374403
43533.91928374403
43533.91928374403
38212.94006980587
38212.94006980587
38212.94006980587
38212.94006980587
38212.94006980587
38212.94006980587
38212.94006980587
38212.94006980587
36616.97678595528
36616.97678595528
36616.97678595528
36616.97678595528
36616.97678595528
36616.97678595528
36616.97678595528
36045.136332941205
36045.136332941205
36045.136332941205
36045.136332941205
35989.925833858346
35989.925833858346
35539.06111168905
35539.06111168905
35539.06111168905
32292.257118290683
32292.257118290683
32292.257118290683
32292.257118290683
32292.257118290683
32292.257118290683
32292.257118290683
32292.257118290683
32154.80342065364
31417.9926734194
31165.691874639222
31165.691874639222
30657.898734226
30657.898734226
30657.898734226
30657.898734226
30657.898734226
30285.47695167618
30285.47695167618
30285.47695167618
30140.326038668965
30140.326038668965
29197.764688505136
29197.764688505136
28641.623695691906
28641.623695691906
28095.031819460186
28095.031819460186
27890.36320072236
27890.36320072236
27890.36320072236
27890.36320072236
27890.36320072236
27890.36320072236
27890.36320072236
27890.36320072236
26967.695813148137
26638.85519946588
26638.85519946588
26638.85519946588
26635.464399561468
26635.464399561468
26326.501916144993
26271.813664293706
26271.813664293706
26021.507796497906
26021.507796497906
26021.507796497906
25623.327701430673
25623.327701430673
25389.568980320702
25389.568980320702
25389.568980320702
25389.568980320702
24647.369830696513
24242.91222177394
23938.096780838176
23938.096780838176
23938.096780838176
23938.096780838176
23192.500469884864
23192.500469884864
23192.500469884864
23192.500469884864
22909.36863912754
22209.134648214327
20918.798806827184
19561.013628160978
19322.786713157628
19322.786713157628
19298.791489375188
19082.20773309227
19014.018401220794
19014.018401220794
19014.018401220794
19014.018401220794
18962.693316014618
18962.693316014618
18876.764178678888
18404.79595797317
18404.79595797317
18376.267750395917
18376.267750395917
18376.267750395917
18044.258259722195
16700.313797893217
16696.600255011657
16300.198644040638
16278.230465935509
16278.230465935509
15601.623826412717
15601.623826412717
15601.623826412717
15601.623826412717
15319.272990422794
15319.272990422794
15176.436286728445
14938.328525471772
14938.328525471772
14802.919454526287
14802.919454526287
14802.919454526287
14802.919454526287
14802.919454526287
14802.919454526287
14628.894477348951
13913.909803030372
13768.063571710642
12491.045651095998
11616.10206636246
11030.704864137455
10629.648266202183
10545.225996046107
10525.07643400349
10519.52526735427
10519.52526735427
10512.946999803318
10512.946999803318
10485.432784181863
10473.343515214012
10471.165741595209
10471.165741595209
10471.165741595209
10471.165741595209
10471.165741595209
10471.165741595209
10172.089735032077
10172.089735032077
9628.7008694667
9525.513296944358
9187.289755607066
9187.289755607066
9187.289755607066
9108.574438187336
9108.574438187336
9108.574438187336
8934.981724848321
8229.402325992041
8151.243516042847
8151.243516042847
8151.243516042847
8151.243516042847
8151.243516042847
8151.243516042847
8151.243516042847
8151.243516042847
8151.243516042847
13838424.737329343
76374.06651302092
76374.06651302092
76374.06651302092
76374.06651302092
60201.86833194032
60201.86833194032
60201.86833194032
60201.86833194032
58427.33866063215
52929.8079912262
52929.8079912262
52676.084896001325
52676.084896001325
52295.00098379703
51531.858990444234
48614.057126570086
46220.63802739421
46001.985530878854
46001.985530878854
46001.985530878854
44471.86551192494
44471.86551192494
44471.86551192494
44471.86551192494
41700.16605511117
41057.360992648944
40876.61199920598
40808.122163746586
40796.24843408541
40796.24843408541
40767.56529796591
40767.56529796591
40744.92072231484
40744.92072231484
40744.92072231484
40744.92072231484
40744.92072231484
40744.92072231484
38094.936296460204
38094.936296460204
36841.07318303376
36841.07318303376
36841.07318303376
