1675811.9895732875
1675811.9895732875
37350.4870019909
37350.4870019909
37350.4870019909
33025.44756224715
33025.44756224715
29735.220539224578
29735.220539224578
26333.46557436075
26333.46557436075
26333.46557436075
25991.713248425353
25991.713248425353
25991.713248425353
25991.713248425353
25991.713248425353
25991.713248425353
25419.230732671287
25419.230732671287
25419.230732671287
25419.230732671287
25419.230732671287
25143.756136520722
25005.569823820668
24708.450818223744
23014.086620587506
23014.086620587506
23014.086620587506
22019.727310480877
22019.727310480877
20715.915719110908
20715.915719110908
19087.261643956797
18588.81762397551
18476.3537739951
18476.3537739951
18445.135138577596
18445.135138577596
18445.135138577596
18164.52126612116
16563.85128311497
16100.454452114316
15959.765639067176
15940.959965121423
15940.959965121423
15940.959965121423
15138.02446395528
15138.02446395528
15138.02446395528
15138.02446395528
15138.02446395528
15056.115492658726
14846.98083030279
14804.448486798248
14804.448486798248
14804.448486798248
14804.059595992569
14804.059595992569
14804.059595992569
13548.3079551081
12564.640992684177
12423.404063741325
12423.404063741325
12423.404063741325
12423.404063741325
12423.404063741325
12423.404063741325
12423.404063741325
12423.404063741325
12423.404063741325
26390413.12756704
26390413.12756704
6460358.072301689
1495169.2433746583
1495169.2433746583
54707.3979473218
54707.3979473218
49236.715526602886
39557.53743322899
39557.53743322899
39557.53743322899
39557.53743322899
39557.53743322899
39557.53743322899
38799.18073835829
38799.18073835829
38799.18073835829
38799.18073835829
36115.226856915506
35609.34123107709
35609.34123107709
35609.34123107709
33946.13184663629
31774.684004601757
31774.684004601757
31774.684004601757
31774.684004601757
31774.684004601757
31774.684004601757
31395.319897521673
30985.1459847196
30985.1459847196
28632.499712343448
28632.499712343448
28632.499712343448
28632.499712343448
28632.499712343448
28632.499712343448
27871.104266607195
25351.924271001863
25351.924271001863
25351.924271001863
25351.924271001863
25351.924271001863
25351.924271001863
24479.41147684408
24479.41147684408
24479.41147684408
23535.133335776267
22536.098204868544
22250.79493411158
22155.842732822886
22125.936718935027
22125.936718935027
22125.936718935027
22117.00741113679
22107.093563065355
22098.082675357895
22089.75480175346
22082.146806464152
22075.297972986507
21985.533711967782
20717.16371261776
20717.16371261776
20717.16371261776
20717.16371261776
20717.16371261776
20497.284039188882
20497.284039188882
20497.284039188882
20497.284039188882
20497.284039188882
20497.284039188882
20497.284039188882
20497.284039188882
20099.95511563793
20099.95511563793
18834.2063209504
18834.2063209504
18834.2063209504
18834.2063209504
18471.32101828282
18471.32101828282
18471.32101828282
17563.879670320195
17563.879670320195
17563.879670320195
17563.879670320195
16803.546858458656
16618.361099611295
15695.531475722948
15695.531475722948
15695.531475722948
15695.531475722948
15695.531475722948
15619.431031730463
15619.431031730463
15431.129447866786
15301.360742999366
15075.15961576237
14980.170948732568
14980.170948732568
14897.748359744228
14874.650180845038
14339.618499499345
14339.618499499345
14204.15704763603
14204.15704763603
14204.15704763603
14204.15704763603
14204.15704763603
13858.414484444666
13858.414484444666
11643.847125101129
11643.847125101129
11643.847125101129
11643.847125101129
11643.847125101129
11643.847125101129
11276.03082830178
11276.03082830178
11276.03082830178
11276.03082830178
11276.03082830178
11276.03082830178
11276.03082830178
11276.03082830178
11276.03082830178
11227.518468859975
11227.518468859975
11227.518468859975
11227.518468859975
11204.706081454815
11204.706081454815
11187.983305108275
11187.983305108275
11185.00446153756
10513.06742212567
10463.052051452292
10463.052051452292
10399.795442284581
10323.849492373558
9726.320515187208
9726.320515187208
9726.320515187208
9726.320515187208
9380.85366090864
9229.311235379382
8673.382660789335
8673.382660789335
8673.382660789335
8673.382660789335
8673.382660789335
8673.382660789335
8617.56594137291
8321.078239662029
8321.078239662029
8321.078239662029
8321.078239662029
8291.8754852307
8125.428076957724
8125.428076957724
7921.853461761136
7921.853461761136
7921.853461761136
7921.853461761136
7921.853461761136
7921.853461761136
7921.853461761136
7770.432130645548
7770.432130645548
7572.2043553758895
7351.844769304011
7351.844769304011
7351.844769304011
7351.844769304011
7351.844769304011
7351.844769304011
7351.844769304011
7236.882084251705
7158.058266658697
7158.058266658697
7158.058266658697
7145.922483938424
7145.922483938424
7140.892735524069
7140.892735524069
7140.892735524069
7140.892735524069
7140.892735524069
7140.892735524069
7140.892735524069
7104.892956256011
7078.041012492642
7000.709669052454
7000.709669052454
7000.709669052454
6902.223197167998
6902.223197167998
6731.4989333128115
6669.504001273459
6669.504001273459
6669.504001273459
6624.130233394627
6611.007857725005
6519.819941238648
6201.851205825095
6201.851205825095
6201.851205825095
6201.851205825095
5843.264293783242
5843.264293783242
5843.264293783242
5843.264293783242
5843.264293783242
5678.755726676134
5678.755726676134
5678.755726676134
5678.755726676134
5665.86401242314
5555.93934319859
5519.868025096243
5519.868025096243
5519.868025096243
5477.853231731136
5477.853231731136
5477.853231731136
5477.853231731136
5398.628165701988
5398.628165701988
5398.628165701988
5398.628165701988
5268.933426201386
5268.933426201386
5268.933426201386
5179.689192282644
4919.756247503383
4919.756247503383
4895.518880620108
4895.518880620108
4895.518880620108
4895.518880620108
4895.518880620108
4895.518880620108
4568.486394997413
4485.331266742608
4485.331266742608
4485.331266742608
4485.331266742608
4485.331266742608
4485.331266742608
4485.331266742608
4485.331266742608
4270.197563966974
4188.723801715432
4188.723801715432
4188.723801715432
4188.723801715432
4188.723801715432
4188.723801715432
4167.279894644786
4167.279894644786
4167.279894644786
4167.279894644786
4060.9269693693573
4060.9269693693573
4060.9269693693573
4060.9269693693573
4060.9269693693573
4060.9269693693573
4060.9269693693573
3847.822049075361
3847.822049075361
3847.822049075361
3847.822049075361
3847.822049075361
3847.822049075361
3847.822049075361
3847.822049075361
3814.2710718881467
3814.2710718881467
3671.68526621708
3671.68526621708
3575.62667739371
3575.62667739371
3575.62667739371
3575.62667739371
3575.62667739371
3575.62667739371
3575.62667739371
3575.62667739371
3183.1608294498146
3183.1608294498146
3183.1608294498146
3183.1608294498146
3183.1608294498146
3183.1608294498146
3152.83458669142
3152.83458669142
3140.286593490285
3140.286593490285
3127.4976494173425
3127.4976494173425
3127.4976494173425
3110.746316477815
3110.746316477815
3110.746316477815
3110.746316477815
3110.746316477815
3110.746316477815
2835.6710802990056
2741.8277653592654
2741.8277653592654
2741.8277653592654
2741.8277653592654
2741.8277653592654
2741.8277653592654
2670.4487447632796
2670.4487447632796
2405.746613737493
2405.746613737493
2404.4970433089857
2404.4970433089857
2404.4970433089857
2404.4970433089857
2404.4970433089857
2404.4970433089857
2404.4970433089857
2402.0028328019466
2402.0028328019466
2402.0028328019466
2402.0028328019466
2402.0028328019466
2389.6062617186803
2389.6062617186803
2389.6062617186803
2386.3791470612687
2386.3791470612687
2386.3791470612687
2386.3791470612687
2386.3791470612687
2386.3791470612687
2386.3791470612687
2386.3791470612687
2358.770510327197
2358.770510327197
2358.770510327197
2333.1764142873462
2269.7291677493367
2269.7291677493367
2269.7291677493367
2269.7291677493367
2269.7291677493367
2229.235899616642
2229.235899616642
2229.235899616642
2229.235899616642
2221.6431891393195
2221.6431891393195
2221.6431891393195
2194.268524762248
2193.7540839237804
2193.7540839237804
2193.7540839237804
2193.7540839237804
2193.7540839237804
2193.7540839237804
2173.7297742818773
2173.7297742818773
2112.6378227394816
2112.6378227394816
2112.6378227394816
2112.6378227394816
2112.6378227394816
2112.6378227394816
2112.6378227394816
2074.339730074673
2047.4721884390437
1991.5706589248964
1901.3969954232273
1901.3969954232273
1901.3969954232273
1901.3969954232273
1901.3969954232273
1901.3969954232273
1901.3969954232273
1888.0241220036473
1888.0241220036473
1872.5937674991978
1861.0398998460867
1861.0398998460867
1855.8200120960062
1855.8200120960062
1855.8200120960062
1855.8200120960062
1825.022184724809
1825.022184724809
1825.022184724809
1825.022184724809
1825.022184724809
1825.022184724809
1825.022184724809
1825.022184724809
1825.022184724809
1806.9068617455766
1806.9068617455766
1806.9068617455766
1806.9068617455766
1806.9068617455766
1806.9068617455766
1785.8857889570083
1777.371148855044
1768.6941644775866
1718.1729616095572
1695.8934407298254
1691.790002392837
1690.9478222980774
1683.10190327555
1652.5708544288864
1603.5255224418588
1583.9437740644858
1569.1093089081623
1459.9057716842574
1459.9057716842574
1459.9057716842574
1390.9667564536787
1390.9667564536787
1384.1019692630753
1384.1019692630753
1378.1504453817415
1330.2369167466422
1330.2369167466422
1330.2369167466422
1330.2369167466422
1330.2369167466422
1330.2369167466422
1310.1592430503415
1306.3883999735226
1231.9545961376461
1231.9545961376461
1231.9545961376461
1231.9545961376461
1231.9545961376461
1223.9906592981642
1162.3602127962777
1162.3602127962777
1162.3602127962777
1162.3602127962777
1162.3602127962777
1162.3602127962777
1162.3602127962777
1162.3602127962777
1162.3602127962777
26390413.12756704
1062599.0583125195
507287.8637090984
72629.86788500726
68832.80162953347
60331.40050840566
60331.40050840566
56137.919012244376
56137.919012244376
50237.871887430745
50237.871887430745
50082.273357967526
49780.38862287387
49780.38862287387
40195.01169252868
31548.857274642272
31548.857274642272
31548.857274642272
31548.857274642272
31548.857274642272
31548.857274642272
31548.857274642272
31338.5540048104
31338.5540048104
31338.5540048104
30721.84451843592
30721.84451843592
30721.84451843592
30721.84451843592
30721.84451843592
30721.84451843592
30537.001461873606
29295.342692678467
29295.342692678467
29295.342692678467
29060.948539484747
29060.948539484747
28854.072070391154
28851.7664785262
28665.90278337266
28613.07680861962
28604.693304237655
28600.547443781245
28023.583368391544
27224.384432969186
26209.790821782764
25843.281060152036
25694.00857089986
25618.719380299717
25560.046509694857
25506.162007730367
25464.377451904624
25445.748944819774
25445.748944819774
25445.748944819774
23333.42401874308
23249.77295581742
22601.878111750542
22483.289875300008
22452.317423051747
22452.317423051747
22452.317423051747
22452.317423051747
21860.09063206107
21860.09063206107
21860.09063206107
21860.09063206107
21515.653924333732
21515.653924333732
20930.878380274175
20930.878380274175
20930.878380274175
20930.878380274175
20222.807603157835
20012.873434606456
19975.9040848995
19975.9040848995
17718.78115678716
17718.78115678716
16363.31053748012
16363.31053748012
16363.31053748012
16363.31053748012
16363.31053748012
16193.000459569468
15879.16364030994
15370.661052620098
15370.661052620098
15370.661052620098
15370.661052620098
15370.661052620098
15370.661052620098
15370.661052620098
15370.661052620098
15259.575808700574
15259.575808700574
15259.575808700574
15259.575808700574
14992.226613982766
14992.226613982766
14906.40915148245
14581.625368489918
14366.545381547765
14366.545381547765
14366.545381547765
14366.545381547765
14366.545381547765
14366.545381547765
14366.545381547765
14366.545381547765
13253.749519942347
13253.749519942347
13253.749519942347
13253.749519942347
13253.749519942347
13253.749519942347
13253.749519942347
13253.749519942347
13253.749519942347
26390413.12756704
26390413.12756704
43440.46954687091
43440.46954687091
43440.46954687091
38115.67871578155
38115.67871578155
38115.67871578155
35163.13705437152
35163.13705437152
33271.666875295814
33271.666875295814
30164.19879410212
28793.364296128868
28793.364296128868
28793.364296128868
28793.364296128868
28793.364296128868
28793.364296128868
28301.905379799766
28301.905379799766
23748.00400545573
23748.00400545573
23748.00400545573
23748.00400545573
20999.469158885917
20999.469158885917
20999.469158885917
20999.469158885917
20999.469158885917
20999.469158885917
20999.469158885917
20999.469158885917
20557.9228675269
20557.9228675269
20557.9228675269
20557.9228675269
20557.9228675269
19315.82670793146
19315.82670793146
18456.124158394075
18456.124158394075
18456.124158394075
18456.124158394075
18194.80364061965
17722.9567398532
17548.3324652756
17078.900264836102
16220.15263341002
16220.15263341002
16220.15263341002
14117.197655911243
14117.197655911243
14117.197655911243
14117.197655911243
14117.197655911243
14117.197655911243
14117.197655911243
14117.197655911243
14117.197655911243
26390413.12756704
5147064.83631228
5147064.83631228
89954.36166068987
41575.12083510946
34195.709675704034
34195.709675704034
34195.709675704034
34195.709675704034
32394.666405786375
32394.666405786375
32394.666405786375
32394.666405786375
32394.666405786375
32394.666405786375
32394.666405786375
32394.666405786375
31257.068586425696
31257.068586425696
31257.068586425696
30082.054496342782
29781.55237307559
29781.55237307559
29781.55237307559
29781.55237307559
27591.140695689777
27557.559724406878
26734.984419805205
26734.984419805205
26734.984419805205
26734.984419805205
26734.984419805205
26734.984419805205
26312.571567976032
26270.178497352277
25560.583090738055
25560.583090738055
24866.721733158694
24072.775633328965
23918.445341383955
23711.77224927047
23711.77224927047
23711.77224927047
21333.512320769405
21333.512320769405
21333.512320769405
21333.512320769405
19821.1526749776
19356.17097951606
18501.00816645845
18501.00816645845
18501.00816645845
18501.00816645845
18501.00816645845
18501.00816645845
17558.131929474355
17558.131929474355
17558.131929474355
17558.131929474355
17558.131929474355
17558.131929474355
17558.131929474355
17466.570716371807
17466.570716371807
17466.570716371807
17441.282398301522
17419.055087478133
17419.055087478133
17418.40712352642
17418.40712352642
17418.40712352642
17418.40712352642
16252.365399295311
16252.365399295311
16252.365399295311
16252.365399295311
16252.365399295311
15417.133564061218
14236.696656722004
13944.082977477543
13913.396244782523
13913.396244782523
13315.177815839532
13315.177815839532
13315.177815839532
13315.177815839532
13315.177815839532
13315.177815839532
13315.177815839532
13315.177815839532
13315.177815839532
26390413.12756704
26390413.12756704
3785795.631604467
3785795.631604467
65074.350042608414
56290.67940542624
56290.67940542624
51477.90536247488
51477.90536247488
49716.96178571575
49716.96178571575
45157.29265661226
45157.29265661226
45157.29265661226
45157.29265661226
45157.29265661226
45157.29265661226
44322.696106057905
44322.696106057905
43951.25234294948
39875.56538579925
39875.56538579925
39875.56538579925
39875.56538579925
39875.56538579925
39875.56538579925
39875.56538579925
39822.693103245554
39822.693103245554
39822.693103245554
39822.693103245554
39822.693103245554
36811.0610564544
36811.0610564544
35356.655153628904
35356.655153628904
35356.655153628904
35356.655153628904
35356.655153628904
35029.96330459825
32496.997222661856
32496.997222661856
31374.092884472895
31374.092884472895
31374.092884472895
31374.092884472895
31374.092884472895
31374.092884472895
30948.507370824434
30948.507370824434
30948.507370824434
30948.507370824434
30948.507370824434
30948.507370824434
30948.507370824434
29348.567789295616
26772.523682252304
26314.86224109597
25389.69586950429
25211.98336099197
25211.98336099197
25211.98336099197
24413.819644538267
23450.986369607854
23450.986369607854
22263.040746079416
21626.128673892188
21626.128673892188
21626.128673892188
21410.567673707457
21410.567673707457
21410.567673707457
21410.567673707457
21410.567673707457
21396.588147887935
20734.281668680866
20734.281668680866
20734.281668680866
19310.92724285259
18833.716975055315
18833.716975055315
18833.716975055315
18833.716975055315
18135.928225437634
18135.928225437634
18135.928225437634
18135.928225437634
18135.928225437634
18135.928225437634
17637.134787309104
17637.134787309104
17039.071197046334
16781.763943754773
16781.763943754773
16781.763943754773
16781.763943754773
16781.763943754773
16781.763943754773
16781.763943754773
16589.771258756027
16429.954877040356
16305.29467726594
16196.7182614679
15952.744219326847
15952.744219326847
15952.744219326847
15952.744219326847
15952.744219326847
15323.966651777437
15313.710263695928
14569.34082987981
14402.506662577265
14048.229176014696
13962.08822781919
13946.595918069715
13946.595918069715
13937.292745356586
13917.512380563387
13917.512380563387
13917.512380563387
13917.512380563387
13876.332894313739
13876.332894313739
13876.332894313739
13593.949065114726
13593.949065114726
13475.328337288052
13475.328337288052
13475.328337288052
13475.328337288052
13475.328337288052
13014.897294467588
12714.077395647324
12714.077395647324
12714.077395647324
12714.077395647324
12714.077395647324
12714.077395647324
12714.077395647324
12580.225951804834
12580.225951804834
12580.225951804834
12580.225951804834
12580.225951804834
12580.225951804834
12445.49005328287
12445.49005328287
12440.19267508798
12440.19267508798
12440.19267508798
12440.19267508798
12440.19267508798
12002.480354382062
12002.480354382062
11968.188377433096
11968.188377433096
11968.188377433096
11823.536667185104
11531.90892671247
11418.306584050211
10856.689763798899
10372.488260821978
10227.310216480046
9648.592125749672
9648.592125749672
9648.592125749672
9611.627263107544
9611.627263107544
9611.627263107544
9576.759929465827
9576.759929465827
9576.759929465827
9576.759929465827
9576.759929465827
9576.759929465827
9491.237802443586
9219.99527282546
9216.490798978779
9216.490798978779
9216.490798978779
8937.48754529923
8937.48754529923
8846.401527293237
8660.42671513844
8565.21511599788
8565.21511599788
8565.21511599788
8565.21511599788
8565.21511599788
8565.21511599788
8565.21511599788
8565.21511599788
8027.443827689036
7402.902979485332
7402.902979485332
7402.902979485332
7402.902979485332
7402.902979485332
7402.902979485332
7402.902979485332
7402.902979485332
7402.902979485332
26390413.12756704
55649.24711433171
37632.72322986336
37009.5391205969
31941.430746321334
