178098.86856626952
59325.76401626422
26630.33192812366
26630.33192812366
26630.33192812366
23854.60013115508
23854.60013115508
23854.60013115508
17251.048218123888
17251.048218123888
17251.048218123888
17251.048218123888
16733.925084573788
16733.925084573788
16700.48473314328
16700.48473314328
16700.48473314328
15937.031789652356
12754.056774519951
12754.056774519951
12754.056774519951
12754.056774519951
12754.056774519951
12754.056774519951
12754.056774519951
12754.056774519951
12754.056774519951
38411727.76242388
33091425.549096037
65759.66243359844
65759.66243359844
39298.59407630884
39298.59407630884
38200.74024722461
34457.97044789512
34457.97044789512
32833.41002410888
29793.93949338214
27599.236685352153
27599.236685352153
27546.32831706448
24172.538921615807
24172.538921615807
24172.538921615807
20767.025534602413
20767.025534602413
19795.049089480668
19795.049089480668
19795.049089480668
19795.049089480668
19795.049089480668
19795.049089480668
19714.01201458529
19584.833213308673
19584.833213308673
19584.833213308673
19584.833213308673
19212.588668359676
17249.544909971537
17249.544909971537
17249.544909971537
16810.346525707904
16810.346525707904
16061.221100942228
16061.221100942228
15801.077111046701
15801.077111046701
15801.077111046701
15801.077111046701
15801.077111046701
15608.583877745417
15608.583877745417
14826.690567060961
14826.690567060961
14826.690567060961
14826.690567060961
14751.236119984216
14751.236119984216
14751.236119984216
14751.236119984216
14751.236119984216
14085.710032958787
14085.710032958787
14085.710032958787
14085.710032958787
14085.710032958787
14085.710032958787
14085.710032958787
14085.710032958787
14085.710032958787
38411727.76242388
370334.1748833294
244956.83829560087
244956.83829560087
40640.993313732346
27957.169800816195
26904.45736210013
25291.580021981554
24741.14791213218
24741.14791213218
24741.14791213218
24741.14791213218
24741.14791213218
24372.13351043209
24372.13351043209
24372.13351043209
24372.13351043209
24372.13351043209
24372.13351043209
23913.953444602757
23913.953444602757
23913.953444602757
23913.953444602757
23913.953444602757
23913.953444602757
23913.953444602757
23401.14778196713
23401.14778196713
23401.14778196713
23401.14778196713
21876.615288149264
21876.615288149264
21222.468952379597
20886.639605386048
20754.581834343266
20710.066076499847
20688.624959371686
20667.60262824595
19648.997172752373
19648.997172752373
18912.74619560493
18825.12759508227
18584.667852470313
18376.24001656024
18376.24001656024
16773.964566099326
16773.964566099326
16773.964566099326
16773.964566099326
16730.215974132156
16290.399466596818
16290.399466596818
16290.399466596818
16124.05335326731
16124.05335326731
16124.05335326731
16124.05335326731
15693.575167148363
15556.780371802646
14651.81677843828
14451.29757200286
14451.29757200286
14451.29757200286
14451.29757200286
14451.29757200286
13695.042591887752
13357.663479891484
13357.663479891484
12531.181581988012
12531.181581988012
12531.181581988012
12531.181581988012
12531.181581988012
12454.804535853096
12454.804535853096
11804.929464831679
11804.929464831679
11804.929464831679
11804.929464831679
11804.929464831679
11645.206405629953
11645.206405629953
10598.470748699372
10598.470748699372
10598.470748699372
10316.030662192488
9585.377410625191
9478.447886681108
9459.7413430379
9459.7413430379
9459.7413430379
9459.7413430379
9448.378026788852
9448.378026788852
9446.962920221838
9446.962920221838
9446.962920221838
9176.0142137387
8843.509481541967
8822.038093172237
8822.038093172237
8612.750820603658
8605.630070363477
8597.770019137912
8587.842513180845
8112.393758609762
8112.393758609762
8112.393758609762
8112.393758609762
8112.393758609762
8112.393758609762
7803.840803331242
7803.840803331242
7803.840803331242
7787.0719720814
7787.0719720814
7787.0719720814
7787.0719720814
7784.28055433156
7718.057256166001
7718.057256166001
7715.9416854729725
7715.9416854729725
7715.9416854729725
7715.9416854729725
7715.9416854729725
7414.441930660729
7414.441930660729
7414.441930660729
7414.441930660729
7414.441930660729
7414.441930660729
7237.708663661167
7237.708663661167
7237.708663661167
7237.708663661167
7237.708663661167
7128.838777113534
7128.838777113534
7128.838777113534
7128.838777113534
7128.838777113534
6998.265424007034
6971.6552825351855
6835.778259837352
6835.778259837352
6531.490936861539
6531.490936861539
6531.490936861539
6531.490936861539
6531.490936861539
6531.490936861539
6531.490936861539
6531.490936861539
6531.490936861539
38411727.76242388
126537.17455220156
88057.42677164424
35781.4113119193
35781.4113119193
35781.4113119193
35781.4113119193
35781.4113119193
35781.4113119193
32937.62137363584
32704.212677864267
32704.212677864267
23605.520683888913
23605.520683888913
23605.520683888913
23605.520683888913
23605.520683888913
23605.520683888913
23605.520683888913
22025.45831606907
22025.45831606907
22025.45831606907
22005.465642317526
22005.465642317526
22005.465642317526
21482.42389157232
21482.42389157232
21482.42389157232
21482.42389157232
21482.42389157232
21482.42389157232
21482.42389157232
19759.02143902443
19759.02143902443
19759.02143902443
19684.882764906277
19684.882764906277
19684.882764906277
19684.882764906277
19684.882764906277
19684.882764906277
19684.882764906277
18526.96380909528
18526.96380909528
18526.96380909528
18526.96380909528
18526.96380909528
18526.96380909528
18526.96380909528
18526.96380909528
18526.96380909528
18149.914151929916
17870.473251992924
17614.458870185386
17229.11677169463
16308.009409181104
16308.009409181104
15884.338545228982
15884.338545228982
15504.113462191135
15504.113462191135
15504.113462191135
15504.113462191135
13781.450792941388
13781.450792941388
13781.450792941388
13781.450792941388
13781.450792941388
13781.450792941388
13781.450792941388
13781.450792941388
13781.450792941388
38411727.76242388
79542.07159056916
79542.07159056916
79542.07159056916
79542.07159056916
54134.531636358355
50185.018021086384
50185.018021086384
44345.72185467614
43057.52817619847
43057.52817619847
43057.52817619847
43057.52817619847
43057.52817619847
43057.52817619847
41741.02817902131
41624.066913449984
41624.066913449984
40149.34267290119
40149.34267290119
36211.90906914725
36211.90906914725
36211.90906914725
36211.90906914725
36211.90906914725
36211.90906914725
35708.41280442802
35708.41280442802
35708.41280442802
35708.41280442802
35708.41280442802
35708.41280442802
35708.41280442802
35708.41280442802
35074.718962128725
32024.625702394882
32024.625702394882
32024.625702394882
31682.372106463543
31682.372106463543
29604.895183178276
29038.155463951312
29038.155463951312
29038.155463951312
29038.155463951312
27247.19514142267
25935.32042678361
25724.739051505312
25662.565293516956
25451.949039627198
25261.748661276823
24325.024537177625
23672.68213596336
23567.6766170122
23529.34994353965
23529.34994353965
23484.926690105633
23467.96782494345
23408.310602841055
23408.310602841055
22408.430326429472
22408.430326429472
22408.430326429472
22408.430326429472
22408.430326429472
22265.59833803319
22265.59833803319
22265.59833803319
21922.60973545143
21922.60973545143
21512.95142124735
21512.95142124735
21482.823206410758
21482.823206410758
20405.006896405852
20405.006896405852
20027.376223838277
20027.376223838277
20027.376223838277
19959.543006934724
19537.728275658
19274.97677669197
18938.208962687768
18938.208962687768
18938.208962687768
18628.387568203678
17908.41488932112
17908.41488932112
17908.41488932112
17908.41488932112
17007.716397281518
16481.388429288585
16297.566006888179
16204.986860399704
16139.486175773256
16084.466825186926
16084.466825186926
16084.466825186926
16084.466825186926
15972.356913284055
15972.356913284055
15972.356913284055
15972.356913284055
15972.356913284055
15747.323748307525
15720.511069125068
15720.511069125068
15720.511069125068
15720.511069125068
15720.511069125068
15720.511069125068
15432.301114747415
15432.301114747415
15432.301114747415
15432.301114747415
15432.301114747415
15432.301114747415
15260.870760937712
15260.870760937712
15260.870760937712
15260.870760937712
15239.596889080276
14859.054735510428
14859.054735510428
14105.394565573806
14105.394565573806
14002.537761594369
14002.537761594369
14002.537761594369
14002.537761594369
12537.03162593669
12537.03162593669
12537.03162593669
12537.03162593669
12537.03162593669
12537.03162593669
12537.03162593669
12529.232567342055
12180.90898863479
12180.90898863479
12180.90898863479
12025.688089167985
12025.688089167985
12025.688089167985
12025.688089167985
12025.688089167985
11815.599618019045
11815.599618019045
11413.371918490782
10803.927209394833
10803.927209394833
10803.927209394833
10803.927209394833
10387.052036306175
10387.052036306175
10387.052036306175
10387.052036306175
9308.21064202717
9308.21064202717
9308.21064202717
9308.21064202717
9308.21064202717
9308.21064202717
9308.21064202717
9308.21064202717
9308.21064202717
38411727.76242388
38411727.76242388
4020516.32151858
57368.7585670634
43440.347272408755
42294.22534711449
28848.95827500854
28848.95827500854
28848.95827500854
26863.954832976277
26863.954832976277
26863.954832976277
23030.76114677289
23030.76114677289
23030.76114677289
23030.76114677289
23030.76114677289
23030.76114677289
23030.76114677289
22896.63414090008
22896.63414090008
22896.63414090008
22896.63414090008
21895.535232176146
20713.903390408213
19253.263115013266
18283.85836837384
18283.85836837384
18283.85836837384
18283.85836837384
18283.85836837384
18283.85836837384
17913.612628067458
17875.113786137685
17875.113786137685
17875.113786137685
17875.113786137685
17875.113786137685
17875.113786137685
17763.03781865083
17708.930707755062
17708.930707755062
16566.79878317626
16566.79878317626
16566.79878317626
16566.79878317626
16566.79878317626
16527.63390181517
15982.076917196748
15982.076917196748
15787.937887370485
14566.892377012402
14566.892377012402
13211.843165011824
13211.843165011824
12795.025739937197
12795.025739937197
12795.025739937197
12290.358634399372
12290.358634399372
11998.199791064533
11998.199791064533
11998.199791064533
11998.199791064533
11998.199791064533
11998.199791064533
11887.189787259067
11887.189787259067
11887.189787259067
11887.189787259067
11844.484379933063
11844.484379933063
11844.484379933063
11844.484379933063
11844.484379933063
11844.484379933063
11788.34397151804
11727.544092016293
11570.871057812394
11313.49348678325
11313.49348678325
11264.720055741669
11264.720055741669
11264.720055741669
11264.720055741669
11264.720055741669
11264.720055741669
11264.720055741669
10965.19441813417
10917.209182130131
10917.209182130131
9872.762441238205
9401.173861200901
9213.825324897032
9172.824397671318
8793.709194136298
8793.709194136298
8793.709194136298
8344.764967668962
8344.764967668962
8344.764967668962
8344.764967668962
8344.764967668962
8344.764967668962
8344.764967668962
8344.764967668962
8344.764967668962
38411727.76242388
53200.83116441243
50357.290597853214
40716.78487833997
40716.78487833997
36782.894639380975
31510.417752205416
28416.5358237714
28416.5358237714
28416.5358237714
28416.5358237714
23674.959415799323
23674.959415799323
23674.959415799323
23674.959415799323
23674.959415799323
23674.959415799323
23674.959415799323
23674.959415799323
18657.151419326612
18657.151419326612
18657.151419326612
18657.151419326612
18657.151419326612
18657.151419326612
18657.151419326612
17363.155060021774
17077.753546885197
17077.753546885197
17077.753546885197
16887.277422739284
16887.277422739284
16887.277422739284
16880.301725164132
16842.25373004994
16842.25373004994
16760.20777887937
16709.807290795234
16709.807290795234
16709.807290795234
16709.807290795234
16709.807290795234
16663.339160601477
16663.339160601477
16030.621047923743
16030.621047923743
15523.452666522337
15108.053845118817
15108.053845118817
15108.053845118817
15108.053845118817
15108.053845118817
15108.053845118817
15108.053845118817
15108.053845118817
15108.053845118817
38411727.76242388
38411727.76242388
1255078.4637480597
309426.54746702546
32636.356544321363
24930.20342948716
24930.20342948716
24930.20342948716
24930.20342948716
22299.63193274676
22299.63193274676
21698.8953702181
21698.8953702181
21698.8953702181
21180.060171432124
21180.060171432124
21078.144344441826
21078.144344441826
19555.36296461673
18150.23203399111
17177.759383469205
17177.759383469205
16696.586353753937
16696.586353753937
16111.16297262962
14702.589240659943
14702.589240659943
14702.589240659943
14644.66844949345
14644.66844949345
14644.66844949345
14443.94841093625
14443.94841093625
14443.94841093625
14443.94841093625
14443.94841093625
13423.642888025783
13423.642888025783
13423.642888025783
13197.419739034558
13197.419739034558
13197.419739034558
12050.524463782784
12050.524463782784
11430.95049150182
11430.95049150182
11430.95049150182
10579.57467369029
10579.57467369029
10579.57467369029
10579.57467369029
10579.57467369029
10579.57467369029
10579.57467369029
10520.805010604963
10520.805010604963
10411.927526684884
10277.483558522594
10277.483558522594
10247.325530409325
10247.325530409325
10247.325530409325
10247.325530409325
10247.325530409325
10247.325530409325
10247.325530409325
10247.325530409325
10247.325530409325
9939.325464577792
9886.582413603837
9741.227253184643
9741.227253184643
9510.830302898532
9153.002360066786
9153.002360066786
9153.002360066786
9153.002360066786
9153.002360066786
9019.336441148875
8565.388228234171
8381.791784574096
8381.791784574096
8381.791784574096
8063.202212241699
8021.275536165727
8021.275536165727
8021.275536165727
7942.383369795507
7942.383369795507
7942.383369795507
7942.383369795507
7942.383369795507
7942.383369795507
7437.064610015974
7437.064610015974
7035.152135168849
7035.152135168849
7035.152135168849
7035.152135168849
6806.517007480934
6276.0954540216235
6276.0954540216235
6276.0954540216235
6276.0954540216235
6276.0954540216235
6276.0954540216235
6276.0954540216235
6276.0954540216235
6276.0954540216235
38411727.76242388
31461856.40830505
51193.56241806988
51193.56241806988
51193.56241806988
46208.28888526037
46208.28888526037
42797.19399074956
42797.19399074956
42797.19399074956
42797.19399074956
35174.73165024156
35174.73165024156
35174.73165024156
35174.73165024156
33157.73319136394
33047.39453844895
31331.76050682498
30932.825877828946
29920.64288440997
29920.64288440997
28630.34970724323
28630.34970724323
28630.34970724323
27429.8759304158
27429.8759304158
27429.8759304158
27429.8759304158
27429.8759304158
27429.8759304158
27429.8759304158
27149.919614322345
27035.89040696337
26505.978510631558
26505.978510631558
26475.88253597097
26475.88253597097
26475.88253597097
26034.203416205433
26034.203416205433
26034.203416205433
26034.203416205433
26034.203416205433
26034.203416205433
26034.203416205433
26034.203416205433
26034.203416205433
25591.859204558736
24689.801632692703
23512.843367446578
23181.779470977603
23016.880442795013
23016.880442795013
22807.24331718189
22672.650916343166
22672.650916343166
22519.299081588444
22470.41124726412
22425.24039987046
22391.6976068736
20695.510776760777
20531.456492671685
20531.456492671685
20531.456492671685
20531.456492671685
20531.456492671685
20531.456492671685
20164.402183260492
20164.402183260492
20164.402183260492
20164.402183260492
20164.402183260492
20010.70967192914
19675.70202947937
18678.64293457447
18678.64293457447
18678.64293457447
18678.64293457447
18087.699870095064
17548.759701233845
17548.759701233845
17548.759701233845
17548.759701233845
17548.759701233845
17096.9303768162
17096.9303768162
17096.9303768162
17096.9303768162
17011.39224551421
16624.81164113657
16624.81164113657
16624.81164113657
16624.81164113657
16039.840654809628
15737.488337862189
15578.092582969935
15449.722377972714
15360.973563359492
15312.942589596838
15312.942589596838
15205.465004893353
15205.465004893353
15205.465004893353
15205.465004893353
15205.465004893353
15205.465004893353
15046.828682545018
14861.644855781124
14754.913662942476
14591.482098802231
13969.623847810752
13837.230183042555
13728.350452645616
13728.350452645616
13728.350452645616
13728.350452645616
13728.350452645616
13728.350452645616
13728.350452645616
13407.058006588584
13063.107141299752
13063.107141299752
13063.107141299752
13063.107141299752
13063.107141299752
13063.107141299752
13063.107141299752
12940.768008466699
12860.085057101554
12460.517839092547
12262.591844067441
12262.591844067441
12262.591844067441
12262.591844067441
12262.591844067441
12191.231480808749
12191.231480808749
12191.231480808749
11696.4843536808
11273.065236346894
11273.065236346894
10990.559440026198
10710.238606298059
10648.047177123573
10648.047177123573
10648.047177123573
10595.904355872099
10289.126011425875
10289.126011425875
10289.126011425875
9948.251348414859
9948.251348414859
9948.251348414859
9948.251348414859
9948.251348414859
9677.835092779056
8470.720904255588
8195.61568758831
8195.61568758831
8195.61568758831
7260.712056318908
6950.356699275984
6890.159939370952
6890.159939370952
6890.159939370952
6890.159939370952
6890.159939370952
6888.769387435378
6888.769387435378
6886.9309878625445
6881.391657771323
6881.391657771323
6863.3527070544405
6863.3527070544405
6863.3527070544405
6863.3527070544405
6863.3527070544405
6863.3527070544405
6780.0704587272485
6674.250929239432
6648.501935281792
6643.147805111961
6643.147805111961
5427.567710895858
5114.7415519432
5010.3620771635115
5010.3620771635115
5010.3620771635115
5010.3620771635115
4621.451757281369
4242.142816413173
4242.142816413173
4242.142816413173
4242.142816413173
4125.30793789352
3924.7190339355457
3924.7190339355457
3924.7190339355457
3872.4093859171708
3872.4093859171708
3872.4093859171708
3860.8085528662764
3851.100457931488
3848.085149264992
3722.1983349912025
3240.6742889527322
3240.6742889527322
3240.6742889527322
3240.6742889527322
3240.6742889527322
3197.988657815451
3197.988657815451
3197.988657815451
3197.988657815451
3197.988657815451
3197.988657815451
3179.791344505904
3152.0099486210775
3139.2266085782253
3127.7294389355134
3119.0484018982693
3116.195029625003
2968.8422599513074
2867.9159779940596
2806.3604836093673
2806.3604836093673
2806.3604836093673
2673.8318896101
2673.8318896101
2673.8318896101
2673.8318896101
2546.3989653007643
2546.3989653007643
2546.3989653007643
2546.3989653007643
2546.3989653007643
2546.3989653007643
2546.3989653007643
2546.3989653007643
2546.3989653007643
2486.847983595128
2471.2081763429537
2358.0345083340603
2358.0345083340603
2358.0345083340603
2358.0345083340603
