549794.4449406972
116672.75892395695
116672.75892395695
98965.45892566766
67398.14889166567
62917.79333635706
62917.79333635706
62917.79333635706
62917.79333635706
62917.79333635706
59499.67379550086
59499.67379550086
59499.67379550086
58269.655384906735
58269.655384906735
56087.57583702684
56087.57583702684
56087.57583702684
49225.545508337345
49225.545508337345
49225.545508337345
48965.05565871193
48965.05565871193
48965.05565871193
46829.19978277528
44506.59561541487
44506.59561541487
44506.59561541487
44190.3250549206
44190.3250549206
43342.27950739528
43342.27950739528
43342.27950739528
41989.84312007077
41989.84312007077
41989.84312007077
41989.84312007077
41989.84312007077
41989.84312007077
41989.84312007077
41989.84312007077
41989.84312007077
549794.4449406972
549794.4449406972
91273.68193207314
91273.68193207314
91273.68193207314
84022.69523535456
84022.69523535456
70985.33155565152
70328.26081174663
65290.408423896755
65290.408423896755
63521.32842307793
63521.32842307793
60218.07350826636
58360.54655134148
57607.191884998465
56765.93796782284
56765.93796782284
55453.11683858447
55453.11683858447
55453.11683858447
55453.11683858447
55219.797757889006
55219.797757889006
55219.797757889006
55219.797757889006
55219.797757889006
55219.797757889006
55219.797757889006
55219.797757889006
54103.59957790717
54103.59957790717
52421.648779126575
51639.22521164578
49931.313322675145
49931.313322675145
49902.966362874846
49902.966362874846
49902.966362874846
49902.966362874846
49902.966362874846
49791.94294478856
49791.94294478856
49791.94294478856
49699.34413066545
48432.8087194498
47005.128272639
47005.128272639
47005.128272639
47005.128272639
47005.128272639
45670.15159249158
44716.85698145994
44328.447415420385
44326.44622778791
44317.823438597705
43895.88744558201
43275.1993323808
43263.57171101012
43263.57171101012
43229.3674230298
43229.3674230298
43201.4785391857
43201.4785391857
43201.4785391857
43201.4785391857
43201.4785391857
43201.4785391857
43157.20525871131
43097.95150129807
42818.216752441505
42696.941810110635
42099.41410670609
41613.03887202539
40473.9681416524
39210.929359951246
38908.59628338602
38908.59628338602
38908.59628338602
37298.020694308914
37298.020694308914
37298.020694308914
37289.651851232615
37289.651851232615
37289.651851232615
37289.651851232615
37289.651851232615
37289.651851232615
37289.651851232615
36757.65903942141
36630.24636387426
36498.66787550538
36498.66787550538
36401.45131254203
36401.45131254203
36401.45131254203
35533.635541075986
35533.635541075986
35461.07133746541
35437.359552476584
35437.359552476584
35338.16575071239
35186.900321952395
35177.16622118997
35177.16622118997
35177.16622118997
35139.74899860607
34985.21000042739
34905.68252914329
34871.89489740767
34531.0933747069
34468.16056918644
34468.16056918644
34468.16056918644
34260.80589329531
34260.80589329531
34260.80589329531
34040.03092912522
33925.58964754109
33912.631786274345
33818.95902385511
33359.03417496997
33359.03417496997
33359.03417496997
33252.89582158519
32421.090329741095
31490.750748338774
31223.65952507884
30940.755932875072
30940.755932875072
30020.705871739163
29706.121021460218
29706.121021460218
29706.121021460218
29706.121021460218
29552.287905413785
29552.287905413785
29552.287905413785
29507.88842902938
29233.031942249
29233.031942249
29233.031942249
29233.031942249
29198.17974034021
29198.17974034021
29133.620470623748
29133.620470623748
29095.54092746685
28673.480091864738
28350.48784528269
28082.65402808835
27800.863786020953
27717.258045042403
27717.258045042403
27643.72469846334
27583.84557207998
27464.858223376617
27464.858223376617
27464.858223376617
27374.190641342455
27286.9249637019
27277.23216819116
27277.23216819116
26871.7442314078
26871.7442314078
26425.87838927521
26305.093520302733
26305.093520302733
26305.093520302733
25855.33500886758
25252.26187657922
24628.231660067875
24018.4968820195
23934.91711362062
23934.91711362062
23934.91711362062
23934.91711362062
22656.51067542968
22656.51067542968
22656.51067542968
22656.51067542968
22656.51067542968
22656.51067542968
22656.51067542968
22656.51067542968
22411.1552431796
21926.69736907136
21926.69736907136
21926.69736907136
21926.69736907136
21926.69736907136
21926.69736907136
21548.99215848355
21548.99215848355
21060.996058115714
20548.25279974079
20548.25279974079
20548.25279974079
20548.25279974079
20548.25279974079
20548.25279974079
20548.25279974079
20398.98936673261
20184.080324779774
20184.080324779774
20184.080324779774
20184.080324779774
20184.080324779774
20184.080324779774
20184.080324779774
20044.953137760738
19468.59919072819
18966.195358140325
18966.195358140325
18946.684908705833
18946.684908705833
18946.684908705833
18375.685038424133
18375.685038424133
18375.685038424133
18375.685038424133
18375.685038424133
18375.685038424133
18375.685038424133
18375.685038424133
18205.65608860969
18205.65608860969
18205.65608860969
18205.65608860969
18205.65608860969
17707.23228987636
17707.23228987636
17707.23228987636
17629.228744850323
16595.29255719891
16595.29255719891
16595.29255719891
16595.29255719891
16595.29255719891
15972.02629359138
15972.02629359138
15275.857346692243
14697.149200353106
14521.091369459664
14476.327180764165
14476.327180764165
14476.327180764165
14476.327180764165
14422.740245122313
14422.740245122313
14422.740245122313
13599.992233282826
13599.992233282826
11734.846214757612
11734.846214757612
11622.32600890956
11622.32600890956
11622.32600890956
11622.32600890956
11622.32600890956
11102.248356301196
11102.248356301196
11102.248356301196
11102.248356301196
10434.808207466443
9661.697258791033
9433.669679628934
9349.822390660947
9324.409146549107
9324.409146549107
9324.409146549107
9323.91223120258
9323.91223120258
9323.91223120258
9323.91223120258
9323.91223120258
9323.91223120258
8651.53394440771
8498.800448341104
8498.800448341104
8498.800448341104
8498.800448341104
8498.800448341104
8450.5949548671
8396.945450153764
8380.005120984322
8371.598492827636
8365.050796943257
8362.388860510877
8362.388860510877
8362.388860510877
8362.388860510877
8362.388860510877
8362.388860510877
8362.388860510877
8328.000238661924
8328.000238661924
8252.305976247742
8252.305976247742
8038.157560549064
7882.44869659634
7850.569642331413
7836.24814880924
7824.240842483194
7809.864179815025
7798.028148046811
7792.955960440504
7792.955960440504
7792.243752252625
7676.353785953371
7671.452216609082
7671.452216609082
7584.287487509945
7584.287487509945
7584.287487509945
7584.287487509945
7584.287487509945
7584.287487509945
7584.287487509945
7584.287487509945
7584.287487509945
549794.4449406972
549794.4449406972
356689.2721886437
84805.33560716665
84805.33560716665
67516.78891364664
67516.78891364664
62655.96054555421
58164.38082279407
57014.73729235406
57014.73729235406
51432.23711103033
51432.23711103033
51432.23711103033
51432.23711103033
47756.842572625676
47756.842572625676
47756.842572625676
44175.02868868975
44175.02868868975
44175.02868868975
44175.02868868975
42090.74436908617
42090.74436908617
42090.74436908617
42090.74436908617
41728.27000117716
41728.27000117716
41435.0472594697
41435.0472594697
41261.448236780605
41261.448236780605
41261.448236780605
41261.448236780605
41261.448236780605
40963.21462268144
40963.21462268144
38258.08855381514
38258.08855381514
38258.08855381514
38258.08855381514
38258.08855381514
38258.08855381514
38258.08855381514
38258.08855381514
38258.08855381514
549794.4449406972
549794.4449406972
447458.869541587
70800.11225364706
70800.11225364706
70800.11225364706
67725.70222160095
67725.70222160095
64826.54364787711
64826.54364787711
64826.54364787711
60848.2597833985
60848.2597833985
58054.71007742072
58054.71007742072
57178.5655608404
57178.5655608404
55737.23553664683
55737.23553664683
52215.66546593764
52215.66546593764
52215.66546593764
52215.66546593764
52215.66546593764
50321.92925173316
50321.92925173316
50321.92925173316
48981.677426377384
47984.7255759295
47624.51974757841
47493.987798409864
47493.987798409864
47118.48900805967
46055.4322040806
44667.906046503966
44667.906046503966
44243.10582955473
44243.10582955473
42510.28557048674
42510.28557048674
42510.28557048674
42510.28557048674
42510.28557048674
42510.28557048674
42510.28557048674
42510.28557048674
42235.39808872533
42235.39808872533
42235.39808872533
42235.39808872533
42235.39808872533
42235.39808872533
42218.6367217973
42218.6367217973
42168.237714700655
42168.237714700655
41998.63288705488
41998.63288705488
41417.40712263243
41417.40712263243
41417.40712263243
41417.40712263243
41085.2320160987
41085.2320160987
41085.2320160987
40550.55677751416
40550.55677751416
40550.55677751416
40550.55677751416
40266.07310266825
40255.251016275666
40255.251016275666
39539.350597654666
39539.350597654666
39539.350597654666
39539.350597654666
39539.350597654666
38821.444544898404
38821.444544898404
37402.3251772729
36550.31546953505
36360.958576165096
36108.73872147624
35874.248210661084
35874.248210661084
35225.74207783373
33589.4167116091
33589.4167116091
33589.4167116091
33589.4167116091
32941.24916612653
32941.24916612653
32941.24916612653
32941.24916612653
32941.24916612653
32941.24916612653
32589.4041330761
32589.4041330761
32589.4041330761
32489.16394871104
32489.16394871104
32364.318969502398
32364.318969502398
32314.722283981486
32179.568427825892
32105.4220535545
31708.027928248393
31708.027928248393
31649.901339171047
31649.901339171047
31649.901339171047
31649.901339171047
31649.901339171047
31649.901339171047
30396.568345133743
30032.249849845415
30032.249849845415
30032.249849845415
29894.93336404675
29894.93336404675
29748.51852078171
29601.194091890986
29551.197580305034
29345.432784781442
29086.835396255883
28715.37889519596
28305.86209911416
26622.203081546282
26622.203081546282
25968.9206319186
25968.9206319186
25968.9206319186
25968.9206319186
25968.9206319186
25968.9206319186
25552.718444844737
25173.141168263763
25173.141168263763
25173.141168263763
25173.141168263763
25173.141168263763
24995.903988352482
24995.903988352482
24995.903988352482
24995.903988352482
24675.51416501952
24576.695702407247
24576.695702407247
24230.3587736766
24230.3587736766
24230.3587736766
24230.3587736766
23199.711644219857
23199.711644219857
23199.711644219857
23199.711644219857
23199.711644219857
23199.711644219857
23199.711644219857
23199.711644219857
23199.711644219857
549794.4449406972
274793.7080017049
115613.90890839149
115613.90890839149
66340.38979491415
64746.69206585967
64068.723579630365
58757.480485654094
58757.480485654094
52857.54047194054
52857.54047194054
49224.12562285486
49224.12562285486
49224.12562285486
49224.12562285486
49224.12562285486
46833.19900460255
42533.08555850735
38816.58863361734
38816.58863361734
38816.58863361734
38816.58863361734
38816.58863361734
38816.58863361734
38816.58863361734
38816.58863361734
38816.58863361734
549794.4449406972
76374.84362541238
76374.84362541238
76374.84362541238
64967.197314139805
63209.609614981746
63209.609614981746
54227.35232136307
50937.08004818218
50937.08004818218
50937.08004818218
50937.08004818218
46919.61566743592
46346.67286658805
45417.7804107367
45417.7804107367
45417.7804107367
45417.7804107367
41720.84292563403
41720.84292563403
41720.84292563403
41720.84292563403
41720.84292563403
40638.54112995643
40466.95693772173
40466.95693772173
40466.95693772173
40466.95693772173
40390.903036519965
38627.112973949355
38627.112973949355
38627.112973949355
38272.65378642419
38272.65378642419
35069.71112376024
34829.54471113232
34391.65109310955
34391.65109310955
34391.65109310955
34375.734022457145
34375.734022457145
34375.734022457145
34375.734022457145
34375.734022457145
34030.18783184728
34030.18783184728
33999.76689010464
33999.76689010464
33999.76689010464
33999.76689010464
33999.76689010464
33999.76689010464
32829.51099019035
30436.13875749039
29492.469957104327
28907.642079484354
28748.654733114952
28748.654733114952
28748.654733114952
28748.654733114952
28748.654733114952
28748.654733114952
28748.654733114952
28748.654733114952
28748.654733114952
28172.89682923811
27300.827022945537
27300.827022945537
27285.28386907835
27285.28386907835
27285.28386907835
26641.74880316156
26641.74880316156
26641.74880316156
26641.74880316156
26641.74880316156
26346.2381326755
26346.2381326755
26346.2381326755
26346.2381326755
26346.2381326755
25097.670886293956
23990.84300635806
23990.84300635806
23990.84300635806
23990.84300635806
23532.014132639742
23532.014132639742
23532.014132639742
23532.014132639742
23532.014132639742
23532.014132639742
23532.014132639742
23532.014132639742
23532.014132639742
549794.4449406972
72339.3102619006
60878.75677990789
60878.75677990789
50250.92472132418
49438.60217534999
48144.30887002655
48144.30887002655
43073.23259227086
43073.23259227086
43073.23259227086
43073.23259227086
42526.416658996175
41445.022878946686
41445.022878946686
41445.022878946686
41445.022878946686
40354.307123320374
40354.307123320374
39353.05312336701
39353.05312336701
36572.04131279587
36572.04131279587
36572.04131279587
36572.04131279587
36572.04131279587
34399.08214341634
34399.08214341634
34399.08214341634
34399.08214341634
34399.08214341634
34193.01831640608
33360.49762524216
33360.49762524216
32035.630093045133
32035.630093045133
32035.630093045133
29038.675646803033
29038.675646803033
29038.675646803033
29038.675646803033
29038.675646803033
28561.54270835316
28561.54270835316
28517.82271519084
28517.82271519084
28517.82271519084
28517.82271519084
28517.82271519084
28517.82271519084
27164.00636922088
27063.248492645056
26769.35774705584
26769.35774705584
26769.35774705584
26769.35774705584
26769.35774705584
26769.35774705584
26769.35774705584
26195.714062768184
26195.714062768184
26195.714062768184
26055.551293122076
25985.565848593713
25985.565848593713
25831.2551802526
25831.2551802526
25831.2551802526
25831.2551802526
25831.2551802526
25831.2551802526
25831.2551802526
25831.2551802526
25831.2551802526
25644.841083486404
25644.841083486404
25644.841083486404
24842.493072941943
24842.493072941943
24842.493072941943
24842.493072941943
24842.493072941943
24663.969143240236
24005.3624873249
24005.3624873249
23983.188668577222
23983.188668577222
23983.188668577222
23983.188668577222
23983.188668577222
23983.188668577222
23983.188668577222
23983.188668577222
23952.470901198878
23493.432503568183
23493.432503568183
23130.297219148397
23130.297219148397
22793.82175660971
22793.82175660971
22793.82175660971
22793.82175660971
22793.82175660971
22793.82175660971
22543.532381692898
22109.960148323462
22109.960148323462
21385.862609838336
21274.839486565965
21274.839486565965
21274.839486565965
21274.839486565965
21274.839486565965
20219.11920158934
20219.11920158934
20219.11920158934
19979.85386426604
19979.85386426604
19979.85386426604
19979.85386426604
19979.85386426604
19979.85386426604
19497.651182299585
19497.651182299585
19497.651182299585
19497.651182299585
19497.651182299585
19497.651182299585
19497.651182299585
19497.651182299585
19284.966901152024
19284.966901152024
19284.966901152024
19284.966901152024
19256.225589786896
19256.225589786896
19233.34778511642
19180.651240315714
19019.4132574658
19019.4132574658
19019.4132574658
18942.55445869309
18894.386161848768
18894.386161848768
18894.386161848768
18689.35718793346
18689.35718793346
18085.755585862928
17830.088613030963
17830.088613030963
17830.088613030963
17830.088613030963
17830.088613030963
17830.088613030963
16401.139463191277
15927.803014051255
15927.803014051255
15709.435272901605
15709.435272901605
15709.435272901605
15709.435272901605
14142.312966674206
14142.312966674206
14142.312966674206
14142.312966674206
14142.312966674206
14142.312966674206
14142.312966674206
14142.312966674206
14142.312966674206
14137.447009263384
14137.447009263384
14137.447009263384
13701.089540518024
13701.089540518024
13543.633382636568
13538.206289360405
13538.206289360405
13538.206289360405
13538.206289360405
13538.206289360405
13538.206289360405
12956.412137292527
12956.412137292527
12425.226212431804
12062.351544297086
11846.88754831052
11093.21783006316
11093.21783006316
11093.21783006316
10608.79068849953
10608.79068849953
10608.79068849953
10608.79068849953
10608.79068849953
10608.79068849953
9852.199104015204
9852.199104015204
9852.199104015204
9852.199104015204
9852.199104015204
9638.124993243324
9467.503903043178
9467.503903043178
9263.698003553656
8937.553780443812
8841.804913205613
8841.804913205613
8841.804913205613
8841.804913205613
7808.8662313718105
7502.698176241346
7350.7963819189035
7350.7963819189035
7350.7963819189035
7263.00823720172
7263.00823720172
7263.00823720172
7263.00823720172
7194.9539970325495
7191.717258540704
7191.717258540704
7167.2550702460085
7167.2550702460085
7146.949017232924
7095.239710075203
7095.239710075203
7095.239710075203
7095.239710075203
6982.1129429179655
6982.1129429179655
6786.877073486617
6448.609098157384
6202.791034503299
6136.758639957096
6113.699605276045
6113.699605276045
5838.190554337779
5838.190554337779
5838.190554337779
5806.382294105192
5758.697077074007
5758.697077074007
5758.697077074007
5758.697077074007
5758.697077074007
5758.697077074007
5758.697077074007
5758.697077074007
5758.697077074007
549794.4449406972
549794.4449406972
62585.64224481813
62585.64224481813
62585.64224481813
56355.050459151935
56355.050459151935
50844.008449223234
46234.14417599488
46234.14417599488
45481.07760836607
45481.07760836607
45481.07760836607
43601.68740584062
43601.68740584062
43601.68740584062
43601.68740584062
43601.68740584062
43601.68740584062
43118.36451235838
43118.36451235838
39785.17520989893
39785.17520989893
39785.17520989893
39785.17520989893
39321.217143722635
37518.694918520385
34955.27642742598
34955.27642742598
34955.27642742598
34955.27642742598
34955.27642742598
34955.27642742598
34955.27642742598
33549.564011733535
33549.564011733535
33549.564011733535
33549.564011733535
33549.564011733535
33390.35862877273
33390.35862877273
32643.492444312065
31445.576071879448
31021.51897073436
30901.94693286257
30901.94693286257
30837.26439994583
30837.26439994583
30793.467682959577
30793.467682959577
30793.467682959577
30793.467682959577
30793.467682959577
30793.467682959577
30793.467682959577
30779.8024861552
30733.855537035484
30718.236123123137
30718.236123123137
