62571.072660819234
41004.79131646757
41004.79131646757
41004.79131646757
41004.79131646757
41004.79131646757
41004.79131646757
38358.25714584352
38358.25714584352
37056.53142023328
37056.53142023328
37056.53142023328
37056.53142023328
35679.19824855102
34605.68361405367
34605.68361405367
34605.68361405367
34605.68361405367
34596.88871331517
33931.53198911664
32170.732469290924
31678.30676532566
31678.30676532566
31678.30676532566
31678.30676532566
31226.06804351031
31226.06804351031
31226.06804351031
31226.06804351031
31226.06804351031
31226.06804351031
31226.06804351031
30611.38992869089
30611.38992869089
30611.38992869089
30611.38992869089
30611.38992869089
29387.94410909505
28369.99137143018
27928.5270940354
27928.5270940354
27928.5270940354
27928.5270940354
26292.116831551764
26292.116831551764
26292.116831551764
26292.116831551764
26292.116831551764
26292.116831551764
26275.257162443915
26275.257162443915
26093.220206062757
25776.640894337736
25776.640894337736
25776.640894337736
25776.640894337736
25776.640894337736
24269.474412496016
23927.891149540144
23827.295897515254
23827.295897515254
23827.295897515254
23813.64986691332
23783.18011942492
23354.76715734083
22725.692390662527
22725.692390662527
22725.692390662527
22725.692390662527
22725.692390662527
22725.692390662527
22725.692390662527
22725.692390662527
22467.8008444037
22379.25550402095
22379.25550402095
22379.25550402095
22083.991138834364
22083.991138834364
22083.991138834364
21681.103931606634
21681.103931606634
21681.103931606634
21681.103931606634
21681.103931606634
21681.103931606634
21681.103931606634
21681.103931606634
21681.103931606634
21262.99331726718
21262.99331726718
21262.99331726718
21262.99331726718
21262.99331726718
21262.99331726718
21181.24236317704
21181.24236317704
21094.860573355236
20851.253265023362
20851.253265023362
20851.253265023362
20851.253265023362
20851.253265023362
20851.253265023362
20851.253265023362
20436.113444538383
19741.214220862694
19741.214220862694
19741.214220862694
19741.214220862694
19741.214220862694
19741.214220862694
19592.884447006705
19592.884447006705
19407.30656692445
19083.329564618318
18897.783355620635
18799.416510534946
18775.780512859757
18775.780512859757
18775.780512859757
18755.79912563362
18542.0936648444
18374.705219405227
18282.00978380524
18238.041892251804
18224.00948772728
18180.20779739534
18167.86994098741
18167.86994098741
18167.86994098741
18167.86994098741
18163.334989438397
18007.158005168083
17928.210056123702
17826.572423976024
17439.125579870415
17242.42360931869
17020.328234642355
17020.328234642355
17020.328234642355
17020.328234642355
17020.328234642355
16849.137114952395
16769.288714675076
16366.976020181535
15838.737729779274
15838.737729779274
15555.264026021689
15094.481890860603
15094.481890860603
15094.481890860603
14078.556902828605
14078.556902828605
12983.417338979172
12983.417338979172
12983.417338979172
12983.417338979172
12983.417338979172
12983.417338979172
12169.726347443486
11692.83615158941
11123.414288214306
11123.414288214306
10876.726484253264
10876.726484253264
10529.037715715167
10422.19995867783
10337.407344072162
10337.407344072162
10255.938320308553
10255.938320308553
9785.031469177746
9668.08535185646
8908.701830908552
8496.247197586896
8381.88750932218
8341.068304451634
8322.653248204299
8310.63736445165
8303.679084761374
8303.679084761374
8302.540074960336
8290.53509883292
8290.53509883292
8290.53509883292
8290.53509883292
8143.539891542794
8116.468758948243
8089.6995235561035
8055.834573807077
8026.03553907466
7875.543082588835
7875.543082588835
7875.543082588835
7875.543082588835
7607.002092109831
7607.002092109831
7547.211656816166
7547.211656816166
7547.211656816166
7547.211656816166
7547.211656816166
7484.6905656494355
7484.6905656494355
7484.6905656494355
7393.223142049087
7393.223142049087
7393.223142049087
7375.082819729182
7260.0164550002055
7260.0164550002055
7218.4792364591385
7218.4792364591385
7154.734383894634
6971.946387915717
6971.946387915717
6845.447144297869
6845.447144297869
6845.447144297869
6837.504462605142
6809.018581701441
6809.018581701441
6809.018581701441
6809.018581701441
6809.018581701441
6667.604793346915
6667.604793346915
6667.604793346915
6667.604793346915
6667.604793346915
6601.209716999123
6569.325768013801
6540.721509400477
6511.775851202093
6483.25122925661
6455.152164161097
6427.484187974309
6400.253844216684
6373.468687870345
6347.137285379104
6321.269214648449
6163.512190281672
6163.512190281672
5993.520701788037
5907.204468999753
5841.492043651574
5140.105787723892
5140.105787723892
5140.105787723892
5140.105787723892
5140.105787723892
5140.105787723892
5140.105787723892
5069.395516714123
5069.395516714123
5069.395516714123
5069.395516714123
5069.395516714123
5069.395516714123
4721.840918015046
4721.840918015046
4721.840918015046
4706.667337840429
4140.772226172629
4140.772226172629
4140.772226172629
4140.772226172629
4140.772226172629
4140.772226172629
4140.772226172629
4140.772226172629
4140.772226172629
67148.504519439
67114.48724273361
67114.48724273361
67114.48724273361
66982.79660858773
66982.79660858773
66982.79660858773
66982.79660858773
66982.79660858773
65807.09130734493
65807.09130734493
65807.09130734493
62008.317610330974
58711.86135891837
53979.91750700373
45431.75777051518
45431.75777051518
40602.44331826387
40602.44331826387
40602.44331826387
40602.44331826387
39798.875790780185
36332.33420048432
36332.33420048432
36332.33420048432
36332.33420048432
34334.89971832972
34334.89971832972
34334.89971832972
34334.89971832972
33259.66459248627
33259.66459248627
33259.66459248627
33259.66459248627
33259.66459248627
33259.66459248627
33259.66459248627
33259.66459248627
33259.66459248627
67148.504519439
63590.32486419691
63590.32486419691
63590.32486419691
45181.80472712854
45181.80472712854
45181.80472712854
45181.80472712854
45181.80472712854
45181.80472712854
44807.885893339684
44450.78159967051
44450.78159967051
39709.15020834838
39709.15020834838
39709.15020834838
39709.15020834838
38788.64792596964
38788.64792596964
38262.05693021836
38262.05693021836
38262.05693021836
38262.05693021836
37453.766586349186
37453.766586349186
37114.506324485046
36688.6779964878
36630.93977968124
36630.93977968124
36630.93977968124
35141.17294451894
35141.17294451894
35141.17294451894
35141.17294451894
34799.686145378364
34799.686145378364
34799.686145378364
31706.024402644358
31150.86614903743
31150.86614903743
31150.86614903743
31150.86614903743
31150.86614903743
31150.86614903743
31150.86614903743
30191.640862065495
30191.640862065495
30191.640862065495
30191.640862065495
27579.406985375266
27579.406985375266
27579.406985375266
27579.406985375266
27579.406985375266
27231.890643278653
27231.890643278653
27182.293722292317
27182.293722292317
26605.44630215993
26605.44630215993
26605.44630215993
26605.44630215993
26605.44630215993
25469.27607185345
24856.51999927022
24856.51999927022
24856.51999927022
24856.51999927022
24060.519161581826
24060.519161581826
24060.519161581826
24060.519161581826
23750.315753095212
23750.315753095212
23750.315753095212
23750.315753095212
23750.315753095212
23750.315753095212
23668.10194349059
23668.10194349059
23668.10194349059
23668.10194349059
23668.10194349059
22977.4033833594
22977.4033833594
22977.4033833594
22937.166655823978
22937.166655823978
22937.166655823978
22470.916103322073
22470.916103322073
22470.916103322073
22470.916103322073
22470.916103322073
21975.60882965496
21673.14834476598
20914.856154283098
20740.861747030573
20699.626632717373
20699.626632717373
20699.626632717373
20692.974094823076
20692.974094823076
20692.974094823076
20692.974094823076
19399.40295302723
18892.222900706955
16983.13509294394
16983.13509294394
16983.13509294394
16983.13509294394
16983.13509294394
16544.62526851452
16544.62526851452
16544.62526851452
16544.62526851452
16544.62526851452
16397.631728893437
13579.99058006443
13117.39819520151
13117.39819520151
13011.756918027917
13011.756918027917
13011.756918027917
13011.756918027917
12814.84366445615
12011.688491561197
12011.688491561197
12011.688491561197
11639.033338951493
11413.677552781695
11359.68434731784
11359.68434731784
11158.694517102163
11158.694517102163
11158.694517102163
10521.076161633122
10521.076161633122
10215.05558170878
10192.138863375138
10192.138863375138
10192.138863375138
10192.138863375138
10192.138863375138
10192.138863375138
10192.138863375138
10192.138863375138
10192.138863375138
10161.892755168474
10154.590962321025
10151.501373434765
10146.76746033736
10143.000431682116
10139.98112774393
10138.031209668025
10138.013159469936
9500.59467292055
9500.59467292055
9500.59467292055
9105.149735955378
9105.149735955378
9105.149735955378
9105.149735955378
9105.149735955378
9105.149735955378
9013.14955405896
9013.14955405896
9013.14955405896
9002.59227378993
9002.59227378993
9002.59227378993
9002.59227378993
9002.59227378993
8977.816386200264
8977.816386200264
8977.816386200264
8606.700594942262
8388.68946765265
8388.68946765265
8388.68946765265
8388.68946765265
8388.68946765265
8377.161005960439
8349.184608218406
8288.581095359346
8288.581095359346
8203.072403979953
7758.06670608572
7758.06670608572
7758.06670608572
7758.06670608572
7758.06670608572
7758.06670608572
7758.06670608572
7758.06670608572
7758.06670608572
67148.504519439
67114.48724273361
67114.48724273361
60786.57392592552
60786.57392592552
44289.742115502566
44289.742115502566
44098.523067554626
38477.180909833885
38477.180909833885
35455.584356009
35455.584356009
35455.584356009
35455.584356009
35455.584356009
35455.584356009
34758.38742177572
34758.38742177572
34758.38742177572
28170.97948966202
27331.794979356466
25471.789799021186
25471.789799021186
25471.789799021186
25471.789799021186
25471.789799021186
25003.338351442828
25003.338351442828
25003.338351442828
25003.338351442828
25003.338351442828
24895.970084320743
24895.970084320743
24895.970084320743
24895.970084320743
24895.970084320743
24114.77767759695
24114.77767759695
24114.77767759695
23194.93248874324
23194.93248874324
23194.93248874324
23194.93248874324
23194.93248874324
23194.93248874324
22788.50864061852
22762.29807722171
22314.183784148856
22314.183784148856
22314.183784148856
20010.880109979604
18536.2793066748
18536.2793066748
18536.2793066748
18536.2793066748
18536.2793066748
18536.2793066748
18536.2793066748
18536.2793066748
18536.2793066748
67148.504519439
61011.01500917918
61011.01500917918
45686.676116056056
45686.676116056056
45686.676116056056
42806.97103385789
38992.23289845991
34592.869960641736
34592.869960641736
34592.869960641736
34592.869960641736
32238.12283645089
32238.12283645089
30567.109685750984
30567.109685750984
30567.109685750984
29757.426152982905
29757.426152982905
29757.426152982905
29757.426152982905
29757.426152982905
29757.426152982905
29757.426152982905
29757.426152982905
29757.426152982905
67148.504519439
67114.48724273361
67114.48724273361
67097.06000781263
58381.67869925676
58381.67869925676
52750.51333699132
52750.51333699132
52750.51333699132
52750.51333699132
52750.51333699132
52526.16561689175
51907.436582564435
51149.88462851498
51149.88462851498
49427.980392025864
48131.88310381863
48131.88310381863
45961.65434212654
45961.65434212654
45017.890019145234
40540.47456853822
40540.47456853822
40540.47456853822
40540.47456853822
40540.47456853822
40540.47456853822
38853.297966915794
37617.6238251842
37588.50099668616
37588.50099668616
37588.50099668616
37588.50099668616
37588.50099668616
37588.50099668616
36043.696385317206
36043.696385317206
36043.696385317206
36043.696385317206
35758.46431569705
35529.78265875828
35431.81211435089
35362.83211516988
34472.02596316385
33313.74216557038
33313.74216557038
33313.74216557038
33313.74216557038
33313.74216557038
33313.74216557038
33313.74216557038
33313.74216557038
33313.74216557038
31308.994652752463
31308.994652752463
31308.994652752463
31308.994652752463
31308.994652752463
31308.994652752463
31308.994652752463
31308.994652752463
29798.289487575417
29798.289487575417
29798.289487575417
29798.289487575417
29798.289487575417
29798.289487575417
29798.289487575417
29798.289487575417
28710.461996762155
28710.461996762155
26858.36384856788
26858.36384856788
26858.36384856788
26858.36384856788
26858.36384856788
26858.36384856788
26722.697138199062
26722.697138199062
26722.697138199062
26722.697138199062
26722.697138199062
26722.697138199062
25422.282650551733
25422.282650551733
25422.282650551733
25422.282650551733
23265.987720541143
22875.43710975188
22875.43710975188
22875.43710975188
22875.43710975188
22875.43710975188
22432.686457303294
22432.686457303294
22432.686457303294
22432.686457303294
22432.686457303294
22432.686457303294
22432.686457303294
22432.686457303294
22432.686457303294
67148.504519439
67114.48724273361
65162.17202048458
65162.17202048458
65162.17202048458
57787.979464370736
57787.979464370736
57787.979464370736
56473.58152948959
56473.58152948959
56473.58152948959
56473.58152948959
53388.00015082656
53388.00015082656
53388.00015082656
53388.00015082656
53388.00015082656
53388.00015082656
53388.00015082656
53388.00015082656
53380.94480062999
52640.83008896222
52640.83008896222
52640.83008896222
50198.52733915867
50198.52733915867
50198.52733915867
48818.81802032582
48818.81802032582
48218.605456086414
48218.605456086414
48218.605456086414
45707.3098626854
36267.892421168784
36267.892421168784
36267.892421168784
36267.892421168784
29988.83760418535
29988.83760418535
29988.83760418535
29988.83760418535
29988.83760418535
29988.83760418535
29988.83760418535
29988.83760418535
29988.83760418535
67148.504519439
58804.339300199754
58804.339300199754
58804.339300199754
47921.17414096784
47921.17414096784
44492.01416026507
44492.01416026507
40611.37919056288
37462.59008090198
36995.07867043683
36995.07867043683
36995.07867043683
36880.546267283404
27140.38677250831
24737.936266079094
24737.936266079094
24737.936266079094
24737.936266079094
24737.936266079094
24737.936266079094
24737.936266079094
22962.34550667323
22962.34550667323
22962.34550667323
21360.384327350293
21360.384327350293
21360.384327350293
21360.384327350293
21360.384327350293
21270.019395974647
21270.019395974647
21270.019395974647
21270.019395974647
21270.019395974647
21242.79603419618
21118.818886093522
21118.818886093522
21113.069193535368
21113.069193535368
21092.031902521783
21092.031902521783
21092.031902521783
21092.031902521783
21078.86217264173
20434.277076292183
20434.277076292183
20227.68228809998
19719.3875125914
19675.862368820504
19675.862368820504
19280.029574954275
19280.029574954275
19280.029574954275
18736.712723796107
18736.712723796107
18736.712723796107
18736.712723796107
18736.712723796107
18736.712723796107
18736.712723796107
18722.261364669565
18722.261364669565
18722.261364669565
18380.518778604208
18380.518778604208
17121.361230443556
15843.775506233907
15843.775506233907
15843.775506233907
15843.775506233907
15843.775506233907
15843.775506233907
15843.775506233907
15843.775506233907
15753.265627322451
15753.265627322451
15753.265627322451
15662.487462173996
15662.487462173996
15649.689000152703
15276.426006443759
14990.800603796075
14900.628646237976
14873.510593075382
14783.370696913526
14783.370696913526
14783.370696913526
14544.602337497403
14544.602337497403
13821.862869573888
13821.862869573888
13472.736435117879
13472.736435117879
13472.736435117879
13081.321688184917
13081.321688184917
13014.312100124629
13014.312100124629
13014.312100124629
13014.312100124629
13014.312100124629
13014.312100124629
13014.312100124629
13014.312100124629
11950.930616765472
11779.628733080368
11775.578073335639
11635.416265903852
11635.416265903852
11384.501976353244
11384.501976353244
11384.501976353244
11384.501976353244
11384.501976353244
11384.501976353244
11384.501976353244
11101.255400079934
11101.255400079934
11101.255400079934
11101.255400079934
11101.255400079934
11101.255400079934
11101.255400079934
10937.900019360619
10937.900019360619
10937.900019360619
10937.900019360619
10397.641935832888
10320.819939263447
10320.819939263447
10320.819939263447
10057.478532563184
10057.478532563184
10057.478532563184
10057.478532563184
9938.639895384
9938.639895384
9938.639895384
9938.639895384
9877.40230853646
9877.40230853646
9841.50099457517
9841.50099457517
9820.332056953708
9729.77334608473
9729.77334608473
9709.142940872507
9709.142940872507
8944.569655018055
8837.160411235185
8837.160411235185
8837.160411235185
8837.160411235185
8837.160411235185
8837.160411235185
8837.160411235185
8837.160411235185
8820.312369235515
8510.956062321882
8122.692489905536
7897.817935713343
7897.817935713343
7897.817935713343
7897.817935713343
7897.817935713343
7897.817935713343
7897.817935713343
7897.817935713343
7474.074286394469
7474.074286394469
7474.074286394469
7474.074286394469
7474.074286394469
7474.074286394469
7474.074286394469
7474.074286394469
7467.320899323771
7467.320899323771
7448.12148852417
6493.746137101896
5737.07812679143
5737.07812679143
5737.07812679143
5737.07812679143
5737.07812679143
5202.976169079299
5008.350439109421
4838.8618923208915
4785.365782936728
4785.365782936728
4775.598491438248
4775.598491438248
4775.598491438248
4775.598491438248
4759.557564410239
4693.521893203318
4693.521893203318
4693.521893203318
4693.521893203318
4664.711909759464
4652.762133872615
4636.495984276389
4626.912432585075
4626.912432585075
4614.170993539647
4610.429932790421
4593.36793279133
4588.944042738732
4588.944042738732
4585.299638269246
4573.092411775678
4552.782587719587
4536.521485876506
4199.628576132278
4199.628576132278
4199.628576132278
4199.628576132278
4110.16940531314
4092.937479852555
4043.797728540015
4043.797728540015
4043.797728540015
4043.797728540015
4043.797728540015
4043.797728540015
3773.4049383737834
3773.4049383737834
3773.4049383737834
3773.4049383737834
3773.4049383737834
3340.5597497938934
3340.5597497938934
3340.5597497938934
3340.5597497938934
3328.6491557892887
3328.6491557892887
3314.2444376027775
3314.2444376027775
3263.1923269129625
3180.767242111526
3180.767242111526
3180.767242111526
3180.767242111526
3180.767242111526
3099.6979463982184
2984.6476220828476
2855.0753483827284
2767.8116313327146
2767.8116313327146
2607.339624565433
2607.339624565433
2607.339624565433
2607.339624565433
2607.339624565433
2607.339624565433
2607.339624565433
2607.339624565433
2607.339624565433
