1340383.3768774783
88746.07076834611
88746.07076834611
88746.07076834611
56237.70753188905
56237.70753188905
56237.70753188905
56237.70753188905
56237.70753188905
56237.70753188905
56237.70753188905
50101.99611876198
50101.99611876198
50101.99611876198
46255.99187429715
43916.031146647045
38243.89506031377
38243.89506031377
38243.89506031377
38022.26186743018
38022.26186743018
38022.26186743018
37964.544076730075
37964.544076730075
37964.544076730075
37964.544076730075
36538.10731092311
36538.10731092311
35726.83998468595
32501.308428501558
30956.8791594672
30501.725360317014
30285.21475411428
28485.141057002587
28485.141057002587
28485.141057002587
28485.141057002587
28431.767324015458
28431.767324015458
28431.767324015458
28431.767324015458
28431.767324015458
28431.767324015458
28431.767324015458
28431.767324015458
28431.767324015458
1715904.921564581
54976.43878384419
54976.43878384419
44279.89547104819
42004.706838324404
37367.53201842119
37367.53201842119
37367.53201842119
33278.80419497557
33278.80419497557
33278.80419497557
33278.80419497557
32410.47323671959
29473.78147778425
29473.78147778425
29206.677318766295
28673.367251765278
28429.316237104693
28429.316237104693
28429.316237104693
28429.316237104693
27091.062946051054
24540.528717596197
24540.528717596197
24540.528717596197
24540.528717596197
24097.324997873227
20478.45061120658
20478.45061120658
20478.45061120658
20478.45061120658
20478.45061120658
20478.45061120658
20478.45061120658
18180.457750394013
18180.457750394013
18180.457750394013
18180.457750394013
15604.425233166583
15604.425233166583
15570.02734558821
15570.02734558821
15570.02734558821
15353.4052790396
15073.00710619508
14948.655901669337
14873.432668849428
14820.453374383847
14770.629918339222
14721.807998144524
14673.772595009505
14626.369396568225
14579.504796879071
14162.412689502973
14162.412689502973
14162.412689502973
14162.412689502973
14162.412689502973
14162.412689502973
14162.412689502973
14162.412689502973
13963.675011080106
12968.977132122083
12968.977132122083
12943.907567777806
12356.831186019117
12271.505084329683
11349.561518028
11349.561518028
11242.320865761207
10242.896392591096
10242.896392591096
10242.896392591096
10242.896392591096
10242.896392591096
10242.896392591096
10242.896392591096
10126.66377288595
10126.66377288595
10126.66377288595
10126.66377288595
10100.3631479751
9894.127268312617
9778.95997023078
9778.95997023078
9658.261841324791
9658.261841324791
9646.885655425207
9646.885655425207
9646.885655425207
9646.885655425207
9646.885655425207
9646.885655425207
9625.067786460988
9569.50329261305
9569.50329261305
9331.318692346518
9331.318692346518
9331.318692346518
9331.318692346518
9331.318692346518
8897.841886707289
8607.608852528547
8349.42698249211
8349.42698249211
8330.429502232158
8330.429502232158
7510.524127989403
6889.176147534881
6889.176147534881
6889.176147534881
6889.176147534881
6889.176147534881
6889.176147534881
6889.176147534881
6889.176147534881
6889.176147534881
1715904.921564581
1340383.3768774783
343256.5734393526
248488.26868268737
248488.26868268737
46051.383013346174
46051.383013346174
46051.383013346174
40487.0779577635
40487.0779577635
40487.0779577635
40487.0779577635
40487.0779577635
39986.022221568135
39113.75147887344
35916.08216519198
35916.08216519198
35916.08216519198
35916.08216519198
35916.08216519198
35335.51704016102
34041.34840602731
29683.473666272334
28279.418648855724
27218.971769702726
27218.971769702726
27218.971769702726
26436.05884453193
26436.05884453193
26436.05884453193
25918.3228620438
24916.313486787545
23144.913133063626
22171.398437817057
22171.398437817057
22171.398437817057
18589.024689932412
18589.024689932412
18589.024689932412
18589.024689932412
18589.024689932412
18589.024689932412
18589.024689932412
18589.024689932412
18589.024689932412
1715904.921564581
1340383.3768774783
1033411.7494190208
64199.45527950626
64199.45527950626
64199.45527950626
64199.45527950626
64199.45527950626
58761.1996148426
58761.1996148426
54611.92179888419
54611.92179888419
54611.92179888419
54611.92179888419
52889.26513673904
51830.40281002474
51830.40281002474
51830.40281002474
51337.7178669731
48646.05235158796
48646.05235158796
48646.05235158796
48646.05235158796
48646.05235158796
48299.12605410583
48299.12605410583
48299.12605410583
48299.12605410583
47893.02649273284
46145.36720460419
46145.36720460419
46145.36720460419
46145.36720460419
45337.01900627104
45337.01900627104
45337.01900627104
45066.90965510943
45066.90965510943
43612.00654035201
41427.645446447044
40123.69760793021
39658.56038542277
39463.568946330386
39361.26784388522
39311.00309112724
39311.00309112724
39311.00309112724
39311.00309112724
39311.00309112724
39272.124822922975
39272.124822922975
39272.124822922975
39075.137219948374
39075.137219948374
39075.137219948374
37868.36588316769
37868.36588316769
37246.284346633285
37246.284346633285
37246.284346633285
37084.876531488975
35875.27125139022
35299.77479863361
35299.77479863361
34617.13854148621
34617.13854148621
33687.732517578195
32960.2522213617
32960.2522213617
32960.2522213617
32960.2522213617
32960.2522213617
32039.08195237112
32039.08195237112
32039.08195237112
32039.08195237112
32039.08195237112
29975.846859489327
29720.1755649521
29353.605509769786
29239.412425370425
29202.412719620625
29183.994517972944
29166.21959166857
28925.782883139633
26677.291496480193
25418.75221242719
25008.708691818938
24864.69589935355
24814.51988783273
24790.374868696
24771.23330100027
23660.919828251874
23660.919828251874
23660.919828251874
23660.919828251874
23660.919828251874
23660.919828251874
22290.760705567853
22290.760705567853
22290.760705567853
19270.16891029471
19270.16891029471
19270.16891029471
19270.16891029471
19270.16891029471
19270.16891029471
19270.16891029471
19270.16891029471
19270.16891029471
1715904.921564581
1340383.3768774783
47685.64346107409
47685.64346107409
36770.303370677306
36770.303370677306
35592.92294658351
35149.96370772299
35149.96370772299
35149.96370772299
35149.96370772299
33464.70815151048
33464.70815151048
31861.788824000123
29962.209740652295
29592.12671316285
24864.89444683473
24864.89444683473
24864.89444683473
24864.89444683473
24864.89444683473
23286.76219011884
23286.76219011884
23286.76219011884
23286.76219011884
22460.507915199905
22460.507915199905
22460.507915199905
22205.43127159978
22205.43127159978
22205.43127159978
21579.15925277504
20328.160560916207
19294.314552009735
19294.314552009735
19294.314552009735
19294.314552009735
18288.175978810803
18282.188948440144
18282.188948440144
18282.188948440144
17839.441302435782
17839.441302435782
17839.441302435782
17264.772359276692
17264.772359276692
17048.113252047046
17048.113252047046
17048.113252047046
17048.113252047046
17048.113252047046
17048.113252047046
17048.113252047046
15800.715573436373
14544.018043982036
13066.212224612871
12654.08517742489
12514.135621844149
12475.19289932187
12475.19289932187
12475.19289932187
12471.991161697451
12454.419620497765
12438.233259267035
12424.18241994666
12413.273221099786
12406.767557911238
12406.183102187655
12406.183102187655
12396.982442152183
12386.929775201983
12377.972276333092
12370.058689222738
12363.139776064469
12357.168317568101
12352.099112959744
12347.888979981864
12344.496754893213
12341.883292468847
12340.011466000129
12338.84616729473
12338.354306676638
12338.354306676638
12184.36585680983
12184.36585680983
11439.084802382013
11439.084802382013
11439.084802382013
11439.084802382013
11439.084802382013
11439.084802382013
11439.084802382013
11439.084802382013
10652.852938336437
10279.66714383119
10279.66714383119
9728.836366445998
9523.912126947638
9523.912126947638
9523.912126947638
9523.912126947638
8716.12906175464
8716.12906175464
8716.12906175464
8624.818130484873
8624.818130484873
8624.818130484873
8484.839884466368
8484.839884466368
6718.467392734674
6718.467392734674
6328.789712605631
6328.789712605631
6328.789712605631
6328.789712605631
6328.789712605631
6328.789712605631
6328.789712605631
5946.015743807513
5946.015743807513
5946.015743807513
5946.015743807513
5868.562856070456
5866.011506841086
5866.011506841086
5866.011506841086
5194.894141076187
5194.894141076187
5194.894141076187
5194.894141076187
5141.8076913834975
5141.8076913834975
4946.3908637712275
4946.3908637712275
4946.3908637712275
4899.420683258372
4899.420683258372
4899.420683258372
4899.420683258372
4899.420683258372
4867.131320939718
4867.131320939718
4867.131320939718
4864.345565362135
4534.508117878086
4534.508117878086
4534.508117878086
4534.508117878086
4172.878799194948
4172.878799194948
4172.878799194948
3938.9379589667274
3885.2203412376507
3885.2203412376507
3718.110632405568
3568.7212459185757
3568.7212459185757
3568.7212459185757
3568.7212459185757
3368.8714822931206
3368.8714822931206
3368.8714822931206
3368.8714822931206
3368.8714822931206
3368.8714822931206
3355.497906756292
3275.771850376852
3252.9580754241124
3083.7941038612626
3083.7941038612626
3083.7941038612626
3083.7941038612626
3083.7941038612626
3083.7941038612626
3083.7941038612626
3051.2394370527345
3051.2394370527345
2948.705780644673
2948.705780644673
2948.705780644673
2815.3096818087465
2737.768742112314
2737.768742112314
2737.768742112314
2737.768742112314
2737.768742112314
2737.768742112314
2644.9015592633245
2644.9015592633245
2644.9015592633245
2644.9015592633245
2644.9015592633245
2637.519943466142
2637.519943466142
2637.519943466142
2521.143467670407
2405.018518015313
2405.018518015313
2405.018518015313
2385.532227093964
2385.532227093964
2385.283192817476
2385.283192817476
2385.283192817476
2385.283192817476
2385.283192817476
2318.3469743940896
2318.3469743940896
2318.3469743940896
2318.3469743940896
2318.3469743940896
2308.363690824128
2244.3812927136264
2244.3812927136264
2244.3812927136264
2226.649922617654
2172.633612228674
2166.8976631224054
2151.634592044872
1979.3130443373193
1978.5162781945037
1939.8234407039486
1603.8561071187437
1563.5595723046445
1563.5595723046445
1563.5595723046445
1563.5595723046445
1527.4893191104857
1516.9789345506388
1516.9789345506388
1516.9789345506388
1516.9789345506388
1509.6832127714265
1509.6832127714265
1441.8456781767513
1436.8006408513825
1436.8006408513825
1411.2031680877724
1411.2031680877724
1401.3231350739593
1389.88901743682
1389.88901743682
1389.88901743682
1365.8874661358468
1365.8874661358468
1365.8874661358468
1329.9923003540225
1239.385038854328
1239.385038854328
1239.385038854328
1239.385038854328
1239.385038854328
1239.385038854328
1228.1604783413172
1228.1604783413172
1228.1604783413172
1228.1604783413172
1228.1604783413172
1219.5068893111488
1219.5068893111488
1219.5068893111488
1219.5068893111488
1211.6234769982216
1211.6234769982216
1211.6234769982216
1206.217332573228
1202.1225633899985
1187.1571627585017
1187.1571627585017
1149.3937179710729
1149.3937179710729
1149.3937179710729
1149.3937179710729
1149.3937179710729
1149.3937179710729
1149.3937179710729
1139.3860194711
1001.4444531629326
961.2435163831419
955.719685642459
955.719685642459
955.719685642459
952.3749367798907
912.3426452014962
912.3426452014962
910.0876726644544
869.2554291910727
863.62267348593
863.62267348593
846.2080421765372
846.2080421765372
846.2080421765372
846.2080421765372
846.2080421765372
840.1329494331982
840.1329494331982
795.7065639730192
773.1833567147405
773.1833567147405
761.217395111802
761.217395111802
761.217395111802
746.9282968896956
746.9282968896956
746.9282968896956
746.9282968896956
746.9282968896956
746.9282968896956
746.9282968896956
746.9282968896956
745.0150080586021
745.0150080586021
745.0150080586021
745.0150080586021
725.7268560059191
716.132559477072
716.132559477072
708.5780220645198
705.158663288239
704.3927857646258
683.9135370636563
675.4374847139169
664.9915967033636
649.5880045150225
649.5880045150225
649.5880045150225
649.5880045150225
647.0114775529025
647.0114775529025
647.0114775529025
647.0114775529025
633.9982424737466
626.4306431822904
624.7113515560654
624.7113515560654
493.847244153681
493.847244153681
493.847244153681
491.9698258037839
491.9698258037839
491.9698258037839
491.9698258037839
491.9698258037839
491.9698258037839
490.32618878572396
490.32618878572396
490.32618878572396
490.32618878572396
486.82633833871597
484.0744528277328
481.58971224516677
479.6724676832941
478.26285011481065
477.3510269422585
473.3612075140046
472.9425131722575
467.71800561023684
462.5969979880515
441.18769107791354
438.91786585960267
426.07077287055546
422.35738943400185
406.4316826479209
406.4316826479209
406.4316826479209
403.8342078294957
403.8342078294957
397.1186160712458
396.38091501523
396.38091501523
396.38091501523
395.66594911722086
395.66594911722086
387.0995654803145
387.0995654803145
387.0995654803145
384.882580005088
384.882580005088
383.6382471314502
383.6382471314502
380.2303516507966
377.9769937475697
376.27968218842966
376.27968218842966
376.27968218842966
376.27968218842966
372.6339753964729
371.6543081418525
368.8061905637829
368.8061905637829
367.89127514154086
367.89127514154086
367.89127514154086
367.34192414460847
367.34192414460847
365.3068962784636
365.3068962784636
365.3068962784636
362.6596014251819
355.10366336895504
355.10366336895504
355.10366336895504
355.10366336895504
355.10366336895504
355.10366336895504
351.36447412529253
351.0055832123548
351.0055832123548
349.5321787204866
348.0836779989422
347.4255137853156
346.45066753533644
346.45066753533644
342.8177681818205
339.9431647351755
339.3904223310807
339.3584836716354
338.4625079426103
334.91612477285514
333.45988680707575
333.45988680707575
333.45988680707575
333.45988680707575
332.9286708996682
332.9286708996682
328.83809418365627
328.8252871910951
328.8252871910951
328.426676549552
328.12869198943724
328.12869198943724
327.76381761968
327.76381761968
327.76381761968
325.9552630281213
325.9552630281213
325.1276131540419
322.5877778208466
321.3167893865229
320.1850933996038
319.27241168807006
316.6738982271946
315.98161507924254
315.98161507924254
315.98161507924254
315.98161507924254
314.8296141790219
314.1056878935192
312.0839943747143
312.0839943747143
312.0839943747143
312.0839943747143
312.0839943747143
312.0839943747143
312.0839943747143
311.70229544349525
311.70229544349525
311.6907156399356
311.6907156399356
311.4238368957372
310.3660666413528
310.3660666413528
308.2568840924475
308.2568840924475
308.2568840924475
307.99442905325577
307.99442905325577
307.99442905325577
307.4030869600173
307.4030869600173
307.4030869600173
307.4030869600173
307.4030869600173
305.9039025240561
305.52496731082454
305.52496731082454
305.52496731082454
305.52496731082454
303.93722721049585
303.93722721049585
303.93722721049585
303.93722721049585
303.29359460727756
303.0051370884837
302.13075334528287
302.13075334528287
302.13075334528287
302.13075334528287
302.13075334528287
302.13075334528287
302.13075334528287
302.13075334528287
301.9770364347121
301.8353665095186
301.8353665095186
301.67693065708903
301.67693065708903
301.64034545893634
301.64034545893634
301.64034545893634
301.64034545893634
301.53800835103897
301.53800835103897
301.53800835103897
301.53800835103897
301.34442595487366
301.28000033801
301.28000033801
301.28000033801
301.28000033801
301.28000033801
301.28000033801
301.28000033801
301.28000033801
301.28000033801
1715904.921564581
38041.861001724064
38041.861001724064
38041.861001724064
34631.376285720115
26394.42043880644
26394.42043880644
26394.42043880644
24924.363071341722
24924.363071341722
24924.363071341722
23540.842609198902
23540.842609198902
21915.498501444723
21915.498501444723
21915.498501444723
21915.498501444723
21915.498501444723
21915.498501444723
21915.498501444723
21915.498501444723
21806.10654092786
19564.495404891484
19564.495404891484
19564.495404891484
19564.495404891484
19564.495404891484
19564.495404891484
19564.495404891484
19564.495404891484
17605.09829899448
17605.09829899448
17605.09829899448
17605.09829899448
17054.27139513005
17054.27139513005
17054.27139513005
17054.27139513005
17054.27139513005
17054.27139513005
17054.27139513005
17054.27139513005
17054.27139513005
1715904.921564581
1340383.3768774783
83912.28125381947
64658.75041781029
49661.24696480484
49661.24696480484
49661.24696480484
44338.308148809956
44338.308148809956
42346.57651662963
42346.57651662963
42346.57651662963
42114.72841451667
42114.72841451667
42114.72841451667
41701.700232376854
36788.93685527168
36788.93685527168
36221.194574734975
28991.62105734465
28991.62105734465
28991.62105734465
26520.75269816984
26520.75269816984
26520.75269816984
26520.75269816984
25260.998154558216
24277.810478857067
23905.816737177913
23768.607058997644
23768.607058997644
23768.607058997644
23768.607058997644
23768.607058997644
23768.607058997644
23759.007398645525
23759.007398645525
23759.007398645525
23433.091510712402
23433.091510712402
21378.337207918332
20852.006049110976
20595.317716787886
20595.317716787886
20595.317716787886
20595.317716787886
20595.317716787886
20595.317716787886
20595.317716787886
20595.317716787886
20595.317716787886
1715904.921564581
514931.2316613127
514931.2316613127
64240.36698862903
64240.36698862903
64240.36698862903
41258.30464308722
41258.30464308722
41258.30464308722
41258.30464308722
41258.30464308722
40188.485648482136
39129.34920007274
38754.21632721995
37946.14508237192
37946.14508237192
37946.14508237192
33199.6348546504
33199.6348546504
33199.6348546504
33199.6348546504
33199.6348546504
32197.755207515704
32197.755207515704
32000.21069442073
32000.21069442073
32000.21069442073
31381.5349152895
31381.5349152895
31381.5349152895
31381.5349152895
31381.5349152895
31381.5349152895
31381.5349152895
31381.5349152895
30623.28075276864
30623.28075276864
30623.28075276864
30623.28075276864
30095.874095147035
30095.874095147035
30095.874095147035
29121.44952541873
29121.44952541873
29121.44952541873
29121.44952541873
29121.44952541873
29121.44952541873
29121.44952541873
29121.44952541873
28567.359283854003
28567.359283854003
25541.39042234011
24361.660129242377
23977.30004585261
23847.282386233317
23729.829664775458
23561.37304868801
23426.853826889306
23315.252930938324
23217.80434063151
23127.995084002683
22865.261950959866
22865.261950959866
22865.261950959866
21830.45579684061
20514.233254570023
20514.233254570023
20514.233254570023
20514.233254570023
20109.127426719406
20109.127426719406
20093.332088262574
18368.433467437546
