62678.46507208857
62678.46507208857
59566.84764135721
43833.87571833648
41158.524722808645
41158.524722808645
41158.524722808645
41158.524722808645
34120.34733154425
34120.34733154425
34120.34733154425
34120.34733154425
33955.72121586644
31175.382941379656
31175.382941379656
30109.93106642987
28329.089567367217
28276.408321448816
28276.408321448816
28276.408321448816
28276.408321448816
28276.408321448816
28276.408321448816
28276.408321448816
28276.408321448816
28276.408321448816
27756.21498998804
23861.769245844145
23176.629358207247
21965.405351141624
21965.405351141624
21965.405351141624
21965.405351141624
21890.721551254792
21890.721551254792
21769.910154317535
21769.910154317535
21633.714020732637
21633.714020732637
21633.714020732637
21633.714020732637
21633.714020732637
21616.05329621833
21597.460814020895
21590.077849416506
21590.077849416506
21590.077849416506
21590.077849416506
20975.425524878003
19626.907320055416
19626.907320055416
19626.907320055416
19626.907320055416
19626.907320055416
18414.513773627576
17788.577261891354
17451.249848919197
17267.570983626327
17095.62385447278
17005.50059272317
15837.775754940647
15837.775754940647
15837.775754940647
15837.775754940647
15837.775754940647
15837.775754940647
15837.775754940647
15837.775754940647
15753.456721127033
15753.456721127033
15576.67890495666
15576.67890495666
15576.67890495666
15576.67890495666
15549.005742689777
15540.32568857983
15540.32568857983
15523.090557496693
15523.090557496693
15523.090557496693
15523.090557496693
15523.090557496693
15143.794132756617
14523.536163349989
14409.448790525628
14409.448790525628
14409.448790525628
14348.239312817934
14172.035550162747
13706.303162828572
13706.303162828572
13706.303162828572
13706.303162828572
13492.258291217566
13270.86604354374
12101.873834822947
11039.770866144947
10848.644193749504
10817.646996598163
10811.638014609116
10811.638014609116
10811.638014609116
10811.638014609116
10811.638014609116
10811.638014609116
10811.638014609116
10782.522449596225
10144.617519657562
10144.617519657562
10144.617519657562
10144.617519657562
10083.459238200872
10083.459238200872
10083.459238200872
10083.459238200872
10083.459238200872
10083.459238200872
9839.36700105686
9746.43082723766
9746.43082723766
9746.43082723766
9746.43082723766
9531.60963049107
9531.60963049107
9531.60963049107
9531.60963049107
9531.60963049107
9531.60963049107
9531.60963049107
8876.593599102363
8876.593599102363
8876.593599102363
8876.593599102363
8876.593599102363
8876.593599102363
8876.593599102363
8759.652400189952
8759.652400189952
8759.652400189952
8759.652400189952
8759.652400189952
8759.652400189952
8759.652400189952
8759.652400189952
8759.652400189952
8759.082861195235
8759.082861195235
8749.820575211268
8699.208617292003
8692.397202075508
8692.397202075508
8586.687184807291
8586.687184807291
8586.687184807291
8586.687184807291
8565.540013364422
8557.12716659258
8557.12716659258
8557.12716659258
8389.60473642152
8389.60473642152
8389.60473642152
8389.60473642152
8389.60473642152
8389.60473642152
8389.60473642152
8389.60473642152
8389.60473642152
32765911.501334682
4539216.240667888
4539216.240667888
274506.932167434
56419.943379969
41139.50508531304
41139.50508531304
41139.50508531304
41139.50508531304
41139.50508531304
41139.50508531304
37096.10048612719
36689.655826668764
36689.655826668764
36689.655826668764
36689.655826668764
32403.92582064963
32403.92582064963
32403.92582064963
32403.92582064963
32403.92582064963
31617.36217114664
31617.36217114664
31617.36217114664
31617.36217114664
31617.36217114664
31617.36217114664
31617.36217114664
31617.36217114664
31617.36217114664
32765911.501334682
221740.84351044768
221740.84351044768
221740.84351044768
60255.11616078474
60255.11616078474
60255.11616078474
60255.11616078474
60255.11616078474
59845.41935773666
59845.41935773666
56089.7004188803
56089.7004188803
56089.7004188803
52166.34400821165
52166.34400821165
52166.34400821165
52166.34400821165
49249.94715998843
42577.15943716477
41881.18154732448
40366.2577224463
40035.85997330504
38781.46658601069
38781.46658601069
38781.46658601069
38781.46658601069
38781.46658601069
38781.46658601069
38781.46658601069
36821.93141680968
35655.57447282734
35655.57447282734
32854.52041181007
32854.52041181007
32334.341150274704
32334.341150274704
32334.341150274704
32334.341150274704
32334.341150274704
32140.80579114714
28875.867979485818
28875.867979485818
28875.867979485818
28875.867979485818
28875.867979485818
28875.867979485818
28875.867979485818
28133.163307174633
28133.163307174633
27963.433927895647
27963.433927895647
27963.433927895647
27963.433927895647
26644.084835257534
23899.799318042482
23839.278434788048
23839.278434788048
23839.278434788048
23839.278434788048
23787.737383665695
23787.737383665695
23201.024799398536
23201.024799398536
23201.024799398536
23201.024799398536
23201.024799398536
23201.024799398536
21942.13885684007
21942.13885684007
21942.13885684007
21942.13885684007
21751.100174122
21138.11160566072
21138.11160566072
21138.11160566072
21138.11160566072
21138.11160566072
21138.11160566072
21071.78945693166
21046.819930960013
21046.819930960013
21046.819930960013
21008.223531593027
20842.209464407293
20823.150078879557
20823.150078879557
20452.312754914565
20452.312754914565
20452.312754914565
20452.312754914565
20452.312754914565
20452.312754914565
20418.678071101735
20418.678071101735
19776.971810664967
19162.466665202148
19162.466665202148
19162.466665202148
19162.466665202148
18976.15564954286
18540.1713890682
18216.42873460837
17873.541599573142
16837.04476431284
16837.04476431284
16837.04476431284
16837.04476431284
16837.04476431284
16837.04476431284
16837.04476431284
16837.04476431284
16300.221553070609
16300.221553070609
16180.925580718427
16038.739162419428
15389.944591740168
15389.944591740168
15389.944591740168
15389.944591740168
15087.48476828034
15087.48476828034
15087.48476828034
14025.154531871809
14025.154531871809
14025.154531871809
14025.154531871809
14025.154531871809
14025.154531871809
14025.154531871809
14025.154531871809
14025.154531871809
32765911.501334682
51772.58015348381
51772.58015348381
47873.83948982897
36536.843547055956
33251.54908673188
33251.54908673188
33251.54908673188
33251.54908673188
33251.54908673188
33251.54908673188
30522.9968899657
30522.9968899657
30460.08491371924
30460.08491371924
30460.08491371924
30238.68013372343
29180.08183332431
29180.08183332431
28383.577338852265
26674.104224701743
26674.104224701743
26674.104224701743
26674.104224701743
26255.758273546773
26240.05224073631
26240.05224073631
26240.05224073631
26240.05224073631
25516.19582823831
25516.19582823831
25516.19582823831
22893.39288576115
22893.39288576115
22893.39288576115
22893.39288576115
22893.39288576115
22893.39288576115
20639.732155319998
20639.732155319998
19536.83013981858
19536.83013981858
19536.83013981858
19536.83013981858
19536.83013981858
19404.171277811685
19404.171277811685
19404.171277811685
19404.171277811685
19404.171277811685
19020.841854235314
19020.841854235314
18967.420102958036
18911.371043108196
18892.994707431953
18892.994707431953
18892.994707431953
18892.994707431953
18892.994707431953
18778.033053880175
18259.516966270265
17978.22070356564
17609.295926808
17609.295926808
17609.295926808
17064.031363766324
17064.031363766324
17064.031363766324
16601.476754760137
15276.857475558061
15276.857475558061
15276.857475558061
15276.857475558061
15276.857475558061
15276.857475558061
15276.857475558061
15276.857475558061
15276.857475558061
32765911.501334682
18812861.122922212
2341944.522395205
25175.25361880033
25175.25361880033
25175.25361880033
22706.889559859646
22280.749345274187
22280.749345274187
22280.749345274187
22280.749345274187
20255.713283165223
20255.713283165223
20255.713283165223
20255.713283165223
20255.713283165223
20255.713283165223
20255.713283165223
20255.713283165223
20255.713283165223
19911.55940644891
19911.55940644891
19911.55940644891
19911.55940644891
17959.66595525474
17236.602500185203
17236.602500185203
17236.602500185203
17236.602500185203
17236.602500185203
17236.602500185203
17236.602500185203
16627.602539020765
16627.602539020765
16627.602539020765
16230.033439050876
16230.033439050876
15988.020459729445
15988.020459729445
15988.020459729445
15988.020459729445
15912.915999933672
15912.915999933672
15912.915999933672
15912.915999933672
15665.913781323756
15665.913781323756
15665.913781323756
15582.927704686828
15248.272699386462
14850.48900823327
14692.888444046917
14691.006849812933
14491.749199716318
14491.749199716318
14491.749199716318
14491.749199716318
14491.749199716318
14465.741990698156
14350.514703839553
14350.514703839553
14227.405823873642
14227.405823873642
13958.33700880194
13958.33700880194
13958.33700880194
13958.33700880194
13958.33700880194
13874.008575183198
13874.008575183198
13874.008575183198
13274.410847497937
13274.410847497937
13274.410847497937
13274.410847497937
12582.422656761084
12582.422656761084
12328.367815969617
12328.367815969617
12328.367815969617
12328.367815969617
11593.849700829014
11593.849700829014
11593.849700829014
11593.849700829014
11593.849700829014
10972.734476726491
10972.734476726491
9898.408812615051
9595.107321637312
9579.337463619328
9579.337463619328
9483.278463733108
9483.278463733108
9483.278463733108
9483.278463733108
9483.278463733108
9483.278463733108
9483.278463733108
9483.278463733108
9483.278463733108
9448.665013357133
9448.665013357133
9448.665013357133
9448.665013357133
9448.665013357133
9429.87422213007
9424.026891366073
9305.6004828789
9305.6004828789
9305.6004828789
9305.6004828789
9305.6004828789
9269.91777171979
9200.546956836002
9200.546956836002
9200.546956836002
9200.546956836002
9200.546956836002
9185.920871834189
9182.89125073769
9182.89125073769
9163.269754022602
9163.269754022602
9125.814922174097
8984.678666351969
8890.99219890893
8890.99219890893
8890.99219890893
8890.99219890893
8890.99219890893
8890.99219890893
8890.99219890893
8862.377929564458
8854.254498930455
8854.254498930455
8739.030350452313
8653.004447546531
8653.004447546531
8499.089570789452
8478.079282790512
8478.079282790512
8430.50322562864
8176.202247513515
8176.202247513515
8144.003568294076
8144.003568294076
8144.003568294076
8144.003568294076
8144.003568294076
8144.003568294076
8144.003568294076
8144.003568294076
8025.214476255299
8025.214476255299
7973.616434587579
7942.815328749317
7911.213512040586
7911.213512040586
7911.213512040586
7881.888051896698
7786.688622544376
7786.688622544376
7593.914552671119
6036.846879125095
5858.502193667226
5858.502193667226
5858.502193667226
5858.502193667226
5800.564492073597
5800.564492073597
5800.564492073597
5800.564492073597
5737.804628688454
5719.003304769982
5689.430645234868
5652.957665590321
5622.2208827531695
5594.749107031835
5568.626740198171
5268.123236682112
5268.123236682112
5268.123236682112
5268.123236682112
5268.123236682112
5268.123236682112
5268.123236682112
5268.123236682112
5268.123236682112
32765911.501334682
16164118.605337586
11794379.190384734
78792.74521616905
34386.946048804966
34386.946048804966
34386.946048804966
34386.946048804966
33962.39328365882
32357.976912831295
29622.235528551304
29594.162316479837
29594.162316479837
29594.162316479837
29594.162316479837
29594.162316479837
29594.162316479837
29594.162316479837
29401.75044753446
28380.551584699668
28380.551584699668
28380.551584699668
28380.551584699668
28380.551584699668
28380.551584699668
28380.551584699668
28353.667851714454
28353.667851714454
28353.667851714454
27852.052941217946
27852.052941217946
27494.662944649117
27494.662944649117
27138.68658605087
27138.68658605087
27138.68658605087
27138.68658605087
27138.68658605087
27138.68658605087
27138.68658605087
27085.100373921432
27012.460037147834
27012.460037147834
26853.17464003344
26814.439725703367
25786.916679376496
25786.916679376496
25786.916679376496
25370.79626602307
25370.79626602307
25370.79626602307
25264.472642729386
25264.472642729386
25264.472642729386
24820.684776450486
24820.684776450486
24820.684776450486
24820.684776450486
24820.684776450486
24820.684776450486
24820.684776450486
24820.684776450486
24421.579537196827
24421.579537196827
24421.579537196827
24421.579537196827
24421.579537196827
24421.579537196827
23516.143550880348
23516.143550880348
23516.143550880348
22730.354239777513
22359.234396402913
22072.385170268495
22072.385170268495
22072.385170268495
22072.385170268495
20352.932274470895
20352.932274470895
20352.932274470895
20352.932274470895
20352.932274470895
20352.932274470895
20352.932274470895
19996.128496851805
19996.128496851805
19996.128496851805
19996.128496851805
19996.128496851805
19977.56521882584
19852.571769563958
19852.571769563958
19852.571769563958
19852.571769563958
19214.793066826907
18049.53804448083
17636.032867876806
17636.032867876806
16729.182236151875
16729.182236151875
16663.67847652424
16595.99503681864
16554.35372268556
16519.604094819173
16485.272522575826
16451.357507703793
16417.85763461617
16384.77157039084
16352.098064770451
16319.835950162478
16287.984141639161
16256.541636937534
16225.507516459424
16194.880943271446
16164.661163105004
16134.847504356314
16105.439378086337
16076.436278020858
16047.837780550444
16019.643544730456
15991.853312281033
15964.46690758711
15937.484237698418
15849.825645065108
15849.383598281931
15712.6680144483
15679.429132979538
15679.429132979538
15412.188343567117
15192.521884984159
15162.035353575098
15162.035353575098
15162.035353575098
15162.035353575098
15015.28678957251
14974.033496521446
14859.796907869684
14859.796907869684
14859.796907869684
14859.796907869684
14859.796907869684
14859.796907869684
14846.62599103542
14846.62599103542
14846.62599103542
14846.62599103542
14834.477493150616
14675.055623493485
14675.055623493485
14057.625152626195
13153.991567799996
13153.991567799996
13153.991567799996
13153.991567799996
13153.991567799996
13153.991567799996
13153.991567799996
12994.42393574039
12994.42393574039
12994.42393574039
12591.331110586583
12591.331110586583
12591.331110586583
12591.331110586583
12591.331110586583
12591.331110586583
12361.112487830205
12361.112487830205
12361.112487830205
12361.112487830205
12361.112487830205
12361.112487830205
12049.685748246757
12035.960357533259
12035.960357533259
11350.69175607295
11350.69175607295
10977.865458234259
10947.062009556912
10947.062009556912
10947.062009556912
10947.062009556912
10947.062009556912
10947.062009556912
10947.062009556912
10947.062009556912
10829.680698216858
10829.680698216858
10829.680698216858
10829.680698216858
10820.58232635063
10820.58232635063
10810.088190150105
10699.366568134767
10699.366568134767
10699.366568134767
10696.480198795338
10696.480198795338
10696.480198795338
10660.938699577418
10660.938699577418
10621.35619364732
10419.505428664754
10261.261413305645
10190.108086920858
9911.562345592487
9521.556425142315
9521.556425142315
9521.556425142315
9521.556425142315
9521.556425142315
9380.913784133452
9378.433494106452
9234.88657970708
9100.476914769868
9100.476914769868
8579.994129232306
8579.994129232306
8579.994129232306
8021.596479872283
8021.596479872283
8021.596479872283
7957.37394942238
7930.440404615983
7930.440404615983
7806.449735302427
6502.957311961727
6409.974187698428
6399.137070016314
6394.833097064622
6394.833097064622
6394.833097064622
6394.833097064622
6394.833097064622
6394.833097064622
6394.833097064622
6394.833097064622
6394.833097064622
32765911.501334682
244877.3474256719
244877.3474256719
52627.15183868279
50447.54007049051
46830.00064472628
44329.795735064465
44329.795735064465
43887.75873009975
43403.721381087285
43286.21612945569
31239.222702139272
31239.222702139272
31239.222702139272
31239.222702139272
31239.222702139272
30615.373572484987
30615.373572484987
30615.373572484987
30615.373572484987
30422.83878052846
30396.8491954185
30396.8491954185
29878.178796880253
28498.856430292395
28498.856430292395
28498.856430292395
28498.856430292395
28498.856430292395
27864.55190789725
27864.55190789725
27864.55190789725
27864.55190789725
27864.55190789725
27864.55190789725
27864.55190789725
27864.55190789725
27864.55190789725
27652.66708760659
27429.602383984122
26017.480142488952
26017.480142488952
26017.480142488952
25998.47808721197
25998.47808721197
25998.47808721197
25998.47808721197
25998.47808721197
25998.47808721197
25998.47808721197
25839.173322516737
25839.173322516737
24089.99778477173
23284.843210910523
23077.541378594648
21679.95874423547
21679.95874423547
21679.95874423547
21679.95874423547
21679.95874423547
21679.95874423547
21679.95874423547
21679.95874423547
21679.95874423547
20986.671404804172
20288.17537852567
20288.17537852567
20288.17537852567
20288.17537852567
20288.17537852567
20288.17537852567
19035.005533624706
19035.005533624706
19035.005533624706
19035.005533624706
19035.005533624706
19035.005533624706
19035.005533624706
19035.005533624706
19035.005533624706
18580.2104337664
18580.2104337664
16703.934043935507
16703.934043935507
16703.934043935507
16703.934043935507
16572.51190317617
16572.51190317617
15633.510361856246
15633.510361856246
15633.510361856246
15633.510361856246
15570.930564326949
15570.930564326949
14300.779307956056
14300.779307956056
14300.779307956056
14300.779307956056
14300.779307956056
14300.779307956056
14300.779307956056
13856.526026596071
13603.485802041123
13576.645459729618
13576.645459729618
13576.645459729618
13576.645459729618
13576.645459729618
13179.884724038147
13179.884724038147
12175.668246265579
12175.668246265579
12175.668246265579
12175.668246265579
11174.817243918887
11174.817243918887
11174.817243918887
11174.817243918887
11174.817243918887
11174.817243918887
11174.817243918887
11174.817243918887
11174.817243918887
10711.030732174057
10439.347053681297
9742.384145308157
9527.065678709301
9461.051009214512
9448.708864894279
9448.708864894279
9448.333998098768
9448.333998098768
9448.333998098768
9448.333998098768
9448.333998098768
9448.333998098768
9448.333998098768
9448.333998098768
9448.333998098768
32765911.501334682
88201.28829652727
88201.28829652727
61785.15025435764
61785.15025435764
54747.023307755764
47985.01903883548
47985.01903883548
47985.01903883548
45392.88476110847
42816.8616635555
42816.8616635555
42785.07422154461
41649.02689556707
32417.471643023706
32417.471643023706
32417.471643023706
32417.471643023706
30465.984601589258
30465.984601589258
30465.984601589258
30465.984601589258
29613.640281120384
29287.784004246452
28639.93462333715
28639.93462333715
28639.93462333715
