10167755587.0318
54710.1586957498
50403.28250954242
49739.11107623585
49739.11107623585
47723.99319222871
47723.99319222871
45036.50006641885
43286.843523010684
42113.656175722484
42113.656175722484
42113.656175722484
42113.656175722484
40950.353035208485
40950.353035208485
40950.353035208485
40950.353035208485
40772.04150909274
39688.23322756404
39688.23322756404
36987.16841439569
36987.16841439569
35097.04926217523
33952.53560701189
33663.24586541765
33569.019450970234
33542.196325535224
33542.196325535224
33536.79383273031
33269.320130846645
33269.320130846645
33269.320130846645
33269.320130846645
33269.320130846645
33269.320130846645
33269.320130846645
30960.450064097673
30960.450064097673
30960.450064097673
30960.450064097673
30960.450064097673
30960.450064097673
30960.450064097673
30960.450064097673
30960.450064097673
16675624973.913305
16675624973.913305
15239917.596032785
88666.9158318344
88666.9158318344
47522.58323677791
47522.58323677791
47522.58323677791
46477.62774503908
41213.19806089546
41213.19806089546
41213.19806089546
41213.19806089546
40049.6908722144
40049.6908722144
40049.6908722144
40049.6908722144
40049.6908722144
40049.6908722144
40049.6908722144
40049.6908722144
39091.55104943167
39091.55104943167
39091.55104943167
39091.55104943167
38176.40081653735
38025.0509690779
37206.430954285024
37206.430954285024
37206.430954285024
36664.14704844396
36089.71412431987
35979.620129401446
34544.53573631445
34544.53573631445
34544.53573631445
34544.53573631445
33904.361116765
33904.361116765
33904.361116765
33793.70366555313
33275.83235679394
33275.83235679394
33275.83235679394
32885.96880231451
32885.96880231451
31451.63643620618
31451.63643620618
31451.63643620618
31451.63643620618
31451.63643620618
31451.63643620618
31451.63643620618
31349.90801793384
31349.90801793384
31172.21947371493
31172.21947371493
29942.892667269225
29942.892667269225
29942.892667269225
29942.892667269225
29558.495516514486
29558.495516514486
29558.495516514486
29558.495516514486
29558.495516514486
29225.642300838565
28653.50531205137
28439.247431419706
28439.247431419706
27911.42149213666
27911.42149213666
27911.42149213666
27911.42149213666
27911.42149213666
27911.42149213666
27911.42149213666
27911.42149213666
27911.42149213666
27736.027722870538
27352.920114856417
27352.920114856417
27352.920114856417
27352.920114856417
27352.920114856417
27352.920114856417
27352.920114856417
27352.920114856417
27151.3818337392
27137.24626531863
27137.24626531863
27137.24626531863
27137.24626531863
27137.24626531863
27137.24626531863
27137.24626531863
27137.24626531863
26984.464767392412
26984.464767392412
26984.464767392412
26984.464767392412
26984.464767392412
26920.36409362824
26494.203821712796
25086.221085661597
25086.221085661597
24749.155140607883
24749.155140607883
24749.155140607883
24749.155140607883
24749.155140607883
24749.155140607883
24749.155140607883
24749.155140607883
24377.65131613135
22995.93131197088
22995.93131197088
22995.93131197088
22995.93131197088
22995.93131197088
22995.93131197088
22995.93131197088
22995.93131197088
22933.534356061875
22933.534356061875
22904.073470567997
22862.36242744173
22493.516904721728
22309.972871858256
22237.229168808797
22237.229168808797
22005.891340935224
22005.891340935224
22005.891340935224
22005.891340935224
22005.891340935224
21877.185458655717
21166.529262613287
20429.362958040067
20338.677029525043
20314.37446274128
20314.37446274128
20314.37446274128
20307.853939816883
20307.853939816883
20274.538202674
19901.182838827277
19901.182838827277
19376.1767072342
19376.1767072342
19376.1767072342
19376.1767072342
19365.811515077672
19365.811515077672
19365.811515077672
18735.186846838355
18735.186846838355
18735.186846838355
18735.186846838355
18735.186846838355
18735.186846838355
18735.186846838355
18735.186846838355
18735.186846838355
18341.121520020846
18341.121520020846
18341.121520020846
18341.121520020846
18341.121520020846
18341.121520020846
18341.121520020846
17935.430706324656
17935.430706324656
17913.12523053242
17913.12523053242
17913.12523053242
17913.12523053242
17326.177422326447
16760.417715313106
16556.190529028652
16480.108973286213
16480.108973286213
16480.108973286213
16331.465035514935
16276.46089749651
15985.679949986685
15985.679949986685
15985.679949986685
15850.324778228642
15850.324778228642
15787.709688889152
15787.709688889152
15787.709688889152
15572.006471999039
15572.006471999039
15572.006471999039
15301.419299848661
15301.419299848661
15301.419299848661
15301.419299848661
15301.419299848661
15091.329216603724
14588.664955803002
14469.075238247753
14456.075849929057
14456.075849929057
14456.075849929057
14456.075849929057
14212.507423776959
14212.507423776959
14212.507423776959
14212.507423776959
14212.507423776959
14208.629622629436
14208.629622629436
14208.629622629436
14136.660289013962
14136.660289013962
14136.660289013962
14136.660289013962
14136.660289013962
13944.25177488505
13944.25177488505
13944.25177488505
13944.25177488505
13944.25177488505
13944.25177488505
13636.89544307015
13525.949533514515
13525.949533514515
13525.949533514515
13525.949533514515
13525.949533514515
13525.949533514515
13525.949533514515
13525.949533514515
13525.949533514515
13227.000421018342
13154.60416151813
13154.60416151813
13154.60416151813
13154.60416151813
13154.60416151813
13154.60416151813
13154.60416151813
13154.60416151813
13154.60416151813
16675624973.913305
13067540587.079195
1626749.2011009755
79062.56146921497
41611.65775685765
41611.65775685765
37773.8356721612
37773.8356721612
36027.75745002479
34225.36712746575
34225.36712746575
31057.11151145391
31057.11151145391
31057.11151145391
29929.790477698636
29929.790477698636
28546.82016579624
28546.82016579624
28546.82016579624
28546.82016579624
28546.82016579624
28546.82016579624
28546.82016579624
28546.82016579624
27927.39475066308
27676.90569701756
27676.338375807867
27676.338375807867
27676.338375807867
27647.989420806854
27604.751260753645
26599.882895003044
26445.035199640726
26445.035199640726
26445.035199640726
26160.152671039814
26160.152671039814
25159.146388654364
25159.146388654364
25158.723397489583
25158.723397489583
25158.723397489583
25158.723397489583
25158.723397489583
25158.723397489583
25082.50352885994
25082.50352885994
25082.50352885994
24894.111219117684
24172.343784036093
23879.317253773155
23164.921832093194
23164.921832093194
22992.54256428005
22992.54256428005
22992.54256428005
22992.54256428005
22992.54256428005
22992.54256428005
21350.916376070938
21350.916376070938
21260.71022609444
20143.771169662905
18944.26051375543
18590.628129555087
18462.935651917636
18415.772724302806
18404.91007543653
18396.512134694123
18388.52558304467
18380.956573086827
18373.80860922314
18367.086053669962
17817.08905112847
17472.91675958736
16318.068083196378
16318.068083196378
16318.068083196378
16318.068083196378
16318.068083196378
16318.068083196378
16318.068083196378
16228.198108737186
16228.198108737186
16228.198108737186
16228.198108737186
15917.721624847753
15424.176546736788
15424.176546736788
15424.176546736788
15424.176546736788
15352.325911745378
15336.916602224817
15336.916602224817
15336.916602224817
15336.916602224817
15336.916602224817
15336.916602224817
15336.916602224817
15336.916602224817
15336.916602224817
14987.673065920395
14987.673065920395
14987.673065920395
14861.492784903232
14265.961701214095
14265.961701214095
14265.961701214095
14122.477980457128
13796.573882371078
13796.573882371078
13796.573882371078
13796.573882371078
13584.323146229084
13584.323146229084
12992.58031941999
12992.58031941999
12992.58031941999
12992.58031941999
12992.58031941999
12154.700146548706
11485.747667879183
11485.747667879183
11485.747667879183
11442.209763581988
11442.209763581988
11442.209763581988
11250.564501394754
11201.860665268945
11201.860665268945
11201.860665268945
11201.860665268945
10931.285375947018
10931.285375947018
10931.285375947018
10931.285375947018
10931.285375947018
10759.91737560427
10673.789204938814
10673.789204938814
10673.789204938814
10488.150024816436
10488.150024816436
10488.150024816436
10488.150024816436
10097.184290180032
10097.184290180032
10097.184290180032
10097.184290180032
10097.184290180032
10026.247708035778
9957.70285878515
9957.70285878515
9957.70285878515
9957.70285878515
9957.70285878515
9957.70285878515
9957.70285878515
9524.853617306431
9513.88876172594
9513.88876172594
9513.88876172594
9513.88876172594
9513.88876172594
9513.88876172594
9513.88876172594
9513.88876172594
9513.88876172594
9413.967836129646
9256.664746860837
9256.664746860837
9256.664746860837
9256.664746860837
9188.851237791492
9188.851237791492
9188.851237791492
9188.851237791492
9127.08218664593
8368.660009794814
8368.660009794814
8185.678757362741
8185.678757362741
8185.678757362741
8185.678757362741
8119.12081595183
8119.12081595183
8025.701598711939
7519.839891225089
6867.638035533127
6867.638035533127
6867.638035533127
6867.638035533127
6619.936066976873
6460.040156694801
6460.040156694801
6409.117508768067
6409.117508768067
6409.117508768067
6409.117508768067
6409.117508768067
6409.117508768067
6409.117508768067
6409.117508768067
6409.117508768067
16675624973.913305
260299.37454905835
114356.52324224703
50219.11874083565
36797.687986909914
36797.687986909914
36797.687986909914
36797.687986909914
36797.687986909914
36713.58286271134
34192.52347823841
34192.52347823841
34192.52347823841
34192.52347823841
34192.52347823841
33992.885502679426
33992.885502679426
29419.744307676367
27131.19255238547
24988.49577712625
24988.49577712625
24690.90794740577
24690.90794740577
24690.90794740577
24690.90794740577
24602.377702837435
24602.377702837435
24602.377702837435
24602.377702837435
24290.908382026933
24290.908382026933
24290.908382026933
24290.908382026933
24290.908382026933
24290.908382026933
23727.657854409357
23727.657854409357
23727.657854409357
23727.657854409357
23727.657854409357
23727.657854409357
23727.657854409357
23727.657854409357
23727.657854409357
16675624973.913305
908281.2449921517
75508.71019648187
59687.2734112381
59687.2734112381
59687.2734112381
57520.34635262783
57520.34635262783
57520.34635262783
55284.54837730297
53704.20145199859
52858.906463829735
52858.906463829735
52858.906463829735
52858.906463829735
50346.37157706196
50346.37157706196
50346.37157706196
50346.37157706196
50034.659916914155
46597.096703550895
46597.096703550895
45692.169433880306
44684.9383299309
44684.9383299309
44684.9383299309
44684.9383299309
44684.9383299309
44684.9383299309
44684.9383299309
44684.9383299309
44200.102335295305
44200.102335295305
44200.102335295305
44200.102335295305
44200.102335295305
44200.102335295305
44200.102335295305
44177.471727362295
44079.29216447523
43397.73435782137
43397.73435782137
42215.36661506579
42215.36661506579
42215.36661506579
42215.36661506579
41940.884850817594
41940.884850817594
41940.884850817594
41940.884850817594
41940.884850817594
41894.45117428545
41810.666376471556
41788.75223708169
41788.75223708169
40592.033923026305
40592.033923026305
38908.52779027947
38908.52779027947
37977.52291053437
37977.52291053437
37977.52291053437
37977.52291053437
37260.65065834706
36249.05087842448
35372.5634185963
35372.5634185963
35372.5634185963
35372.5634185963
35372.5634185963
35372.5634185963
35372.5634185963
35012.5068475222
35012.5068475222
35012.5068475222
34762.61939763021
34762.61939763021
34762.61939763021
34762.61939763021
33849.254748589905
31641.05965797126
31032.87681258721
29802.933496604932
29802.933496604932
29802.933496604932
29802.933496604932
29802.933496604932
29802.933496604932
29802.933496604932
29802.933496604932
29802.933496604932
16675624973.913305
111699018.31459843
88059.42985262
47542.5602849075
41820.72824228643
41820.72824228643
41820.72824228643
41820.72824228643
41363.26614877527
41363.26614877527
41363.26614877527
35844.309754274684
35844.309754274684
33045.199608372044
33045.199608372044
33045.199608372044
33045.199608372044
33045.199608372044
29460.17215019599
29460.17215019599
27645.631078291015
27099.047134029148
27099.047134029148
27099.047134029148
27008.56419840998
26933.020401446225
26933.020401446225
26933.020401446225
26898.631444761875
26549.094386982957
26055.618226007005
26055.618226007005
26055.618226007005
26055.618226007005
25779.431457478044
25631.510762826616
25631.510762826616
24639.311132600593
24639.311132600593
24639.311132600593
24251.874369038887
23234.577024219652
23234.577024219652
23234.577024219652
23234.577024219652
23234.577024219652
23234.577024219652
23234.577024219652
23165.614369894214
22505.495346194595
22103.87134304675
21550.12110935726
21550.12110935726
21547.333600186605
21547.333600186605
20873.450790782612
20873.450790782612
20702.827879178094
20203.12525915153
20203.12525915153
20203.12525915153
20192.244310057402
20192.244310057402
20192.244310057402
19830.81026819273
19830.81026819273
19830.81026819273
19830.81026819273
19830.81026819273
19178.503464505906
18838.646220283576
18724.667151740683
18724.667151740683
18724.667151740683
18430.935284980093
18430.935284980093
17876.66589462559
17587.792842963303
17587.792842963303
17587.792842963303
17587.792842963303
17324.102676605737
17227.853339402565
17227.853339402565
16699.522484182726
16699.522484182726
16590.143113793976
16581.864745933977
16581.864745933977
16581.864745933977
16567.188464340223
16567.188464340223
16005.426624217607
16005.426624217607
16005.426624217607
15656.047876068615
15381.08029482883
15268.24673918184
15212.045596604246
15164.547006692896
15119.464770241284
15075.467273579661
15033.564270482419
14996.482770265466
14670.661604562552
14670.661604562552
14670.661604562552
14056.8983397721
14056.8983397721
14056.8983397721
14056.8983397721
13701.421807474067
13104.301786626394
13104.301786626394
12930.998130208165
12930.998130208165
12930.998130208165
12642.65425077786
12642.65425077786
12642.65425077786
12642.65425077786
12243.231831404739
12243.231831404739
12243.231831404739
12243.231831404739
12243.231831404739
12243.231831404739
12243.231831404739
12243.231831404739
12178.45285492741
12126.429394480649
12030.828588252214
11816.871151892343
11638.008568781373
11281.166706937518
10202.009240651709
9750.652405087163
9637.02533591964
9613.069442051
9613.069442051
9544.42117205847
7934.290903551006
7934.290903551006
7934.290903551006
7934.290903551006
7934.290903551006
7934.290903551006
7934.290903551006
7934.290903551006
7934.290903551006
16675624973.913305
15258522.622952199
15258522.622952199
40240.474000629976
38125.02169684512
34330.985504839286
31601.38532684292
30026.119010863524
30026.119010863524
30026.119010863524
30026.119010863524
29385.38934288669
28021.50660512129
26623.87842390234
26623.87842390234
26441.482444343816
26427.686734684074
25366.047639946395
25276.58128477
24997.512969451316
24997.512969451316
24997.512969451316
24503.028567833593
24503.028567833593
24503.028567833593
24503.028567833593
24503.028567833593
23416.839216026856
23416.839216026856
23416.839216026856
22407.59862545945
22407.59862545945
22407.59862545945
22407.59862545945
22407.59862545945
22407.59862545945
22407.59862545945
22407.59862545945
21585.350869030568
21585.350869030568
21585.350869030568
21585.350869030568
21585.350869030568
21069.230152116255
21069.230152116255
21069.230152116255
21069.230152116255
21069.230152116255
21069.230152116255
21069.230152116255
21069.230152116255
17976.05248537206
17976.05248537206
17976.05248537206
17976.05248537206
17627.332691690517
17205.404830929918
17205.404830929918
17205.404830929918
17205.404830929918
17205.404830929918
17205.404830929918
17205.404830929918
17205.404830929918
17205.404830929918
16675624973.913305
41500241.34167536
106844.57851738672
100930.35589678201
79830.7370839375
62103.75953623712
62103.75953623712
62103.75953623712
62103.75953623712
62103.75953623712
54853.880088690414
54853.880088690414
53902.16613681122
50512.39660715613
50512.39660715613
50512.39660715613
47458.727382786274
47160.60197803821
47160.60197803821
47160.60197803821
47160.60197803821
45879.967556192874
45879.967556192874
45879.967556192874
45879.967556192874
45879.967556192874
45879.967556192874
45879.967556192874
45879.967556192874
45879.967556192874
16675624973.913305
701878164.8256918
43035.081446404714
43035.081446404714
28681.582492727783
28681.582492727783
28681.582492727783
28681.582492727783
28681.582492727783
28681.582492727783
28681.582492727783
28681.582492727783
28398.0786846514
28208.564958203817
28208.564958203817
28208.564958203817
25529.694285628426
25529.694285628426
24874.625445443762
24874.625445443762
24874.625445443762
24874.625445443762
22962.58793367175
22962.58793367175
22962.58793367175
22962.58793367175
22962.58793367175
22962.58793367175
22962.58793367175
22962.58793367175
22962.58793367175
16675624973.913305
292453785.17627054
71555.67083911168
71555.67083911168
71555.67083911168
71555.67083911168
53518.220013998005
51154.4071383145
51154.4071383145
51154.4071383145
51154.4071383145
51154.4071383145
47688.27336797007
47688.27336797007
47341.972050020086
47341.972050020086
47341.972050020086
47341.972050020086
47341.972050020086
43767.881418577774
43767.881418577774
43594.54268222355
43594.54268222355
43594.54268222355
43594.54268222355
43594.54268222355
43594.54268222355
43594.54268222355
43269.80774236486
43245.07110373925
42460.38741683395
42460.38741683395
42460.38741683395
42460.38741683395
42460.38741683395
42460.38741683395
42087.94905090542
42087.94905090542
42087.94905090542
40442.945199752285
40442.945199752285
40442.945199752285
40442.945199752285
40442.945199752285
40442.945199752285
40442.945199752285
39279.02675855177
37407.935928732084
37054.757814731
36967.44233501179
36322.35280768443
36322.35280768443
36322.35280768443
36322.35280768443
36322.35280768443
36322.35280768443
35134.93199426395
35134.93199426395
34565.651310168956
33168.25549186641
33168.25549186641
33168.25549186641
32940.33271879789
30162.135744548752
30162.135744548752
30162.135744548752
30162.135744548752
30162.135744548752
30162.135744548752
30162.135744548752
29817.087956051702
29817.087956051702
28503.09601778966
26800.452586084724
26800.452586084724
26800.452586084724
26800.452586084724
26800.452586084724
26800.452586084724
26800.452586084724
26800.452586084724
26800.452586084724
16675624973.913305
19669108.675283156
64854.12743058995
64854.12743058995
64854.12743058995
64854.12743058995
64854.12743058995
64768.87833433425
63022.254381978106
63022.254381978106
58762.1137381142
58762.1137381142
