1052.9115078639227
1043.2802301306128
1005.7882846018833
988.7285188229888
988.7285188229888
988.7285188229888
971.769944585382
971.769944585382
971.769944585382
962.5343998303462
962.5343998303462
962.5343998303462
962.5343998303462
962.5343998303462
962.5343998303462
962.5343998303462
944.9268342065941
944.9268342065941
937.594967547193
925.6599565214839
924.9485825644247
912.9964972021049
909.9923408835625
909.9923408835625
902.6554951458988
898.6443188628947
898.6443188628947
893.8381011116868
887.5077039463752
886.5320029261435
885.4703025693
884.8885887740388
881.7584680242334
879.430651227333
878.1961273995873
877.9186316648872
875.276788355574
874.1118063525217
873.2359722344397
872.7396442209994
871.7596390315736
869.8820966821597
869.0775106447194
868.3944319751514
868.3944319751514
868.3944319751514
867.9840047852036
867.3071208534612
867.3071208534612
867.1883648204372
867.0745796519783
866.9000271585464
866.8324705795394
866.5524750675797
866.2495360724342
866.2495360724342
866.224727002718
866.1843371522411
866.1843371522411
866.0489938033704
866.0489938033704
866.0489938033704
865.9669453298031
865.9669453298031
865.9669453298031
865.9099259171608
865.9084793899859
865.8947431328432
865.8825360850126
865.8825360850126
865.8037698695257
865.8037698695257
865.8037698695257
865.7827265562488
865.7827265562488
865.7827265562488
865.7412317532355
865.7282592408956
865.7282592408956
865.7282592408956
865.7282592408956
865.7282592408956
865.7282592408956
865.7282592408956
865.7282592408956
865.7282592408956
1131.0014006989823
1061.5253961791539
1059.3679116066173
999.4854286086344
973.8921833922343
973.8921833922343
973.8921833922343
973.8921833922343
973.8921833922343
965.013515481602
955.3281833906617
955.3281833906617
955.3281833906617
947.8343887224465
941.3118790173323
938.7888359271964
929.5469662879143
929.5469662879143
929.5469662879143
914.743612840665
912.5999415400817
912.5999415400817
908.3881443596144
907.0914427324159
905.8263798007188
902.2680107048737
899.3694719002999
898.1800023155174
897.2702617488105
893.050585251
890.8514518235468
886.7058366595544
886.4861911672753
885.5072117155108
883.9991612310338
882.9616636739819
881.0233634803998
880.7351527226829
880.5383135380459
879.5571596030877
879.5571596030877
879.1477748899126
877.9176470712538
877.9176470712538
877.5358396442208
876.947164197386
876.3871452987302
876.3871452987302
876.3812911926221
876.1603541122256
876.1603541122256
875.7477502605807
875.3607016479015
875.0488856676177
874.7996548798661
874.7953043576564
874.6711532642305
874.6711532642305
874.2160769371278
874.2160769371278
874.1525247281546
874.1525247281546
874.0639615930476
873.9791709354872
873.9791709354872
873.8265651617616
873.7651757231924
873.7651757231924
873.7473414660618
873.7473414660618
873.7473414660618
873.7473414660618
873.7195680374242
873.7195680374242
873.7195680374242
873.7195680374242
873.7195680374242
873.7154760348171
873.7154760348171
873.7035766236202
873.7035766236202
873.7035766236202
873.7035766236202
873.7035766236202
873.7035766236202
873.7035766236202
873.7035766236202
873.7035766236202
1131.0014006989823
1070.3372329012504
1028.40831488729
1006.3386331983019
977.5003173896681
958.7052740487699
958.7052740487699
958.7052740487699
958.7052740487699
958.7052740487699
958.7052740487699
958.7052740487699
956.922466042698
945.4112864544743
945.4112864544743
921.344676724528
917.944525215197
912.4813809087113
907.6496722868011
907.6496722868011
906.3188689761785
906.3188689761785
887.1408774356903
887.1408774356903
885.9069660703865
884.7602342416355
883.267139425476
883.267139425476
883.267139425476
877.1097144255672
877.1097144255672
875.9215392110424
875.9215392110424
873.1314506830479
868.7566632008148
868.7523116954828
867.799689039087
867.2216047095109
866.1755486354748
865.6395206241916
864.9315051401471
864.9315051401471
864.1846504071214
864.1846504071214
863.8584408239101
863.6206567377357
863.4903099816506
863.4903099816506
863.4123239984414
863.3298697281083
863.2740583509293
863.1571858193992
863.1571858193992
863.0158602504181
862.8960115734321
862.8960115734321
862.843112433362
862.843112433362
862.843112433362
862.843112433362
862.843112433362
862.843112433362
862.8357813405295
862.8357813405295
862.8203429314296
862.8203429314296
862.7764503669758
862.7764503669758
862.7764503669758
862.7764503669758
862.7764503669758
862.7764503669758
862.7764503669758
862.7764503669758
862.7764503669758
862.7705238785968
862.7705238785968
862.7705238785968
862.7596845607526
862.7596845607526
862.7596845607526
862.7596845607526
862.7596845607526
862.7596845607526
862.7575219992199
862.7575219992199
862.7575219992199
862.7575219992199
862.7575219992199
862.7575219992199
862.7575219992199
862.7525495578932
862.7525495578932
862.7467213058594
862.7467213058594
862.7467213058594
862.7277399512292
862.7277399512292
862.7277399512292
862.7277399512292
862.7277399512292
862.7277399512292
862.7277399512292
862.7277399512292
862.7277399512292
1131.0014006989823
1056.315667960891
1013.7111926153555
989.961530928279
989.961530928279
988.4709772773331
973.7361609787433
973.7361609787433
973.7361609787433
947.7301091684981
947.7301091684981
943.1001303679134
943.1001303679134
943.1001303679134
938.506132063238
938.506132063238
920.1435857183698
912.7673118467744
912.7673118467744
911.1741022437998
895.1104625489141
893.1059920678256
889.7699661444996
889.5087247381765
886.0620981265482
878.5886232604955
875.9357308993904
872.2790032047034
869.1405688987603
866.1998504317767
864.279720405935
864.1054770852942
863.3150529747784
861.4932855952903
861.4932855952903
861.4267464771782
859.880428805101
859.880428805101
859.7137976341481
858.7949279688224
858.1543534986054
857.7171147988794
857.0617935486008
857.0617935486008
856.8607302059016
856.8607302059016
856.4664981073961
856.4500187273298
856.447472926488
856.3276247413554
856.267359717637
856.2272266432144
856.2272266432144
856.2272266432144
856.0502972719706
856.0319088671831
856.020386356504
855.9536036569007
855.9536036569007
855.9536036569007
855.913826953181
855.913826953181
855.8868019912074
855.8742313218513
855.8742313218513
855.8257152748456
855.8257152748456
855.8257152748456
855.7990028504241
855.7990028504241
855.7990028504241
855.796277741059
855.796277741059
855.796277741059
855.796277741059
855.796277741059
855.796277741059
855.796277741059
855.796277741059
855.796277741059
1131.0014006989823
1084.8219043807987
1057.1630431772585
1029.7743483789704
1010.7760745302185
1001.5541606552304
1001.5541606552304
1001.5541606552304
1001.5541606552304
987.6798454045502
980.0641115504715
973.352315151013
933.5998282585708
933.5998282585708
933.5998282585708
922.957221561458
916.2932469196556
915.7494948955123
911.6484449256711
907.9899212773512
905.6245253189392
900.9596779562281
898.0250690395842
898.0250690395842
897.1249625610346
897.1249625610346
895.2599870232804
895.2599870232804
895.2599870232804
893.4470170996444
891.6121594941912
889.6960276965293
887.9565469045858
886.2144106256967
885.4972502551977
883.7557139265828
882.0288473554132
880.1977417768869
879.3349530600375
877.4343424273619
877.214165113713
877.214165113713
876.6460968821133
875.4991973549712
874.7394081261742
874.416303078259
874.1693994964154
873.6404079177282
873.5886672026174
873.550719393962
873.550719393962
873.2846574333172
873.0598584412146
872.8937023591316
872.7567261320326
872.6924132339503
872.5188937065045
872.3769495550036
872.3769495550036
872.3769495550036
872.1286347835902
872.0261060454401
871.9820870568399
871.776167812644
871.776167812644
871.776167812644
871.7618553494525
871.7618553494525
871.7618553494525
871.7618553494525
871.7618553494525
871.7618553494525
871.7236738562746
871.7236738562746
871.7031021446176
871.7007197033863
871.7007197033863
871.7007197033863
871.7007197033863
871.7007197033863
871.7007197033863
871.7007197033863
871.7007197033863
871.6826124420818
871.6826124420818
871.6826124420818
871.6826124420818
871.6826124420818
871.6826124420818
871.6826124420818
871.6826124420818
871.6826124420818
1131.0014006989823
1059.3435548058071
1002.2870973071282
1002.2870973071282
1002.2870973071282
1002.2870973071282
1002.2870973071282
1001.6400729612407
1001.6400729612407
1001.6400729612407
987.4419464049788
978.397570536299
963.8661315921593
963.8661315921593
963.8661315921593
963.8661315921593
963.8661315921593
962.7190603874591
954.6308052669007
954.6308052669007
951.8868911815921
930.4289854051124
930.4289854051124
930.4289854051124
898.8059643853351
898.8059643853351
898.8059643853351
895.6381827749699
891.745329176737
888.6628175975825
887.9678071833662
882.6897269412852
881.8089717914124
879.3335143095427
877.2126793499386
874.3406307042792
872.1716543875135
870.892763496552
870.7982298416324
869.9206164785113
868.9224364982958
866.9240156913594
866.9240156913594
866.1202297752992
866.1202297752992
864.5786830318535
864.4086223986815
862.8206986794586
862.3024721163162
861.9696757652005
861.6909117449424
860.7086253339481
860.448262144037
860.3595771361375
860.3595771361375
859.8884674437659
859.4459441706732
859.4177322615838
859.1253939800275
858.9471373013796
858.7704774190958
858.7187559232073
858.6544210703216
858.4552429414256
858.4552429414256
858.4112243159863
858.2716230156036
858.265333158535
858.2091474710602
858.2091474710602
858.0574901485177
858.0574901485177
858.0151378205558
858.0049877955335
857.9863920773889
857.9863920773889
857.9542909987712
857.932110617604
857.932110617604
857.932110617604
857.9196590184154
857.9196590184154
857.9196590184154
857.8912037079575
857.8912037079575
857.8912037079575
857.874944600546
857.874944600546
857.8487834814002
857.8487834814002
857.8148481309137
857.8148481309137
857.8148481309137
857.8148481309137
857.8148481309137
857.8036027864679
857.8036027864679
857.8036027864679
857.8036027864679
857.7768808124752
857.7768808124752
857.7768808124752
857.7768808124752
857.7768808124752
857.7768808124752
857.7768808124752
857.7768808124752
857.7768808124752
1131.0014006989823
1049.489053968813
999.7470678022344
984.064708127699
984.064708127699
984.064708127699
984.064708127699
974.0183501849694
971.2566525445314
971.2566525445314
950.2066807545472
950.2066807545472
950.2066807545472
924.6620937951259
924.6620937951259
924.6620937951259
911.2797813322146
911.2797813322146
911.2797813322146
905.6527235688799
902.2272498924418
896.9200718272607
896.7362043698549
896.7362043698549
895.4743618870824
895.4743618870824
893.2354825657711
885.0828194119288
884.0887797239998
876.0620773731829
876.0620773731829
872.0690885262604
862.638046738819
862.1979632147616
858.4309289062155
855.8831968394818
855.8831968394818
854.0746249636832
852.0204289583447
849.0861800473015
847.8777342949184
845.2160460892294
845.2160460892294
845.1840856419697
844.3206474743961
843.94709671669
841.4537488809086
841.4537488809086
841.0192275680067
840.7205315985545
840.2794943454302
840.2794943454302
840.2794943454302
839.8678749383051
839.8678749383051
839.3369143841844
838.9610458931513
838.9189835328691
838.4003975619545
838.346460324357
838.2285642202298
838.228166915742
837.5482116602027
837.5482116602027
837.133862195796
836.7554660737993
836.7554660737993
836.7554660737993
836.708602910258
836.591607843712
836.4007736195223
836.3681389830322
836.2907183809111
836.2907183809111
836.2907183809111
836.2212037228285
836.2212037228285
836.1753265793648
836.1492401339245
836.1236712448558
836.0851989503168
836.0851989503168
835.9944095573327
835.9884419683151
835.9827204152831
835.9827204152831
835.9447618589378
835.9447618589378
835.9447618589378
835.9447618589378
835.9447618589378
835.898118329995
835.898118329995
835.890286120047
835.890286120047
835.890286120047
835.8758297195836
835.8758297195836
835.8758297195836
835.8758297195836
835.8758297195836
835.8758297195836
835.8758297195836
835.8758297195836
835.8758297195836
1131.0014006989823
1092.5895271210902
1007.0146450593351
1007.0146450593351
1001.6256668624625
1001.6256668624625
1001.2874075370854
984.9390772889251
979.13956215863
979.13956215863
975.6468518273045
970.7560710453372
970.7560710453372
970.7560710453372
970.2047972302022
970.2047972302022
949.2324763532927
949.2324763532927
947.494203730165
944.1531201980256
944.1531201980256
944.1209101263833
937.0836505102258
928.6822466935341
921.1225339592887
918.3520138653172
916.500422385983
902.8163988760389
901.6989452626436
896.9369908278843
895.6627484076325
895.3430970412013
890.1752356533506
890.0892496936996
885.7324896041181
881.5362728424617
876.8500416715784
876.8500416715784
875.3299269796161
874.8286144984897
874.3938396510308
874.3938396510308
870.7606732750435
867.8621991416679
865.2737181128623
865.0082657723896
865.0082657723896
865.0082657723896
864.9570385185873
864.9570385185873
864.4206445894133
864.1523516741538
863.9444344290567
863.4355220255604
863.1996127116959
862.7802585932362
862.7100419609461
862.4607839827855
862.3769347324519
861.9924772603241
861.7101518682765
861.7101518682765
861.5048193946535
861.4182639291917
861.2439008177313
861.2439008177313
861.2096492006716
861.2096492006716
861.0677627041478
861.0171514116437
861.0171514116437
861.0171514116437
860.9236446877593
860.9236446877593
860.9236446877593
860.861747569058
860.861747569058
860.861747569058
860.8238766761394
860.8238766761394
860.800318400249
860.800318400249
860.7972996640394
860.7972996640394
860.7550580062621
860.7550580062621
860.7550580062621
860.7550580062621
860.7550580062621
860.7550580062621
860.7550580062621
860.7550580062621
860.7550580062621
1131.0014006989823
1054.9111567505172
1013.568339901176
1008.9576786062272
977.1650414344379
969.6695777933064
969.6695777933064
969.6695777933064
969.6695777933064
969.6695777933064
956.5026784551164
953.1884057032214
937.6855474499841
924.7148925591073
924.7148925591073
924.7148925591073
917.6446737480062
908.0623342982634
904.6682605478541
904.6682605478541
894.667569281556
886.1279778003662
886.1279778003662
885.6869431191956
884.9207353299887
880.5804561666367
878.1018782678541
875.2113172087562
872.7636266550329
867.0967030845763
867.0967030845763
863.7445381357703
863.7445381357703
863.7445381357703
861.8688117176634
860.1106668007747
858.0251332729684
855.7609954444679
854.0377696892677
853.9097805227603
853.4429038203522
853.0311409230006
851.4727455279349
850.9836700003053
849.9823252809281
849.7036973808866
849.4367625999736
848.6270456773441
848.5392324777378
848.1162143707671
847.5394185089842
847.3309346187037
847.2788813078042
847.0410306721977
846.8693438569584
846.6768472874244
846.5629545916582
846.382201983297
846.0867672023128
846.0867672023128
846.0867672023128
846.0584348974327
846.0324312527121
846.024693706672
846.024693706672
845.916218589445
845.916218589445
845.916218589445
845.916218589445
845.916218589445
845.916218589445
845.916218589445
845.890932241476
845.890932241476
845.890932241476
845.890932241476
845.8660486445655
845.8660486445655
845.864857866486
845.864857866486
845.864857866486
845.864857866486
845.864857866486
845.8634176337837
845.8634176337837
845.8634176337837
845.8606098406833
845.8606098406833
845.8606098406833
845.8606098406833
845.8455597852251
845.8398609744754
845.8398609744754
845.8398609744754
845.8398609744754
845.8398609744754
845.8398609744754
845.8398609744754
845.8236610200993
845.8236610200993
845.818845498925
845.818845498925
845.818845498925
845.818845498925
845.818845498925
845.818845498925
845.818845498925
845.818845498925
845.818845498925
1131.0014006989823
1048.1020771940186
1023.5296395997623
997.5507212173385
976.1755909792305
976.1755909792305
976.1755909792305
962.3882098259089
962.3882098259089
962.3882098259089
962.3882098259089
962.3882098259089
953.350243288299
953.350243288299
941.0962392236536
937.8710438661749
937.8710438661749
937.1622831479531
928.4056191831386
927.4661384618878
923.29666651816
923.29666651816
921.4970899864829
900.0623533424141
900.0623533424141
896.8042158786999
890.5237451355248
890.5237451355248
890.5237451355248
888.7652921339111
888.7652921339111
887.0386781879373
884.4150205535011
883.5857405223834
881.3456149073581
878.9969381736462
878.9969381736462
876.5874275614291
876.5874275614291
876.1829239878094
874.4132887809342
872.2211809317944
868.7999274303506
868.1636398098992
867.3818285213501
866.191376109748
861.7879411571547
861.7879411571547
861.5304449353639
861.3386379405896
860.7831158697722
860.4559302774034
859.3102833502629
858.673322026382
858.673322026382
857.7285611874997
857.431349024477
857.1753199433465
856.7042134461686
856.1607924601974
856.1607924601974
856.0035613776578
855.7295311108198
855.7295311108198
855.5094265905681
855.3545776666183
855.3174886791476
855.304573039975
855.160032939481
855.160032939481
855.160032939481
855.0224982734399
855.0224982734399
854.9854826003232
854.9653711483517
854.9653711483517
854.9653711483517
854.9438611611215
854.9438611611215
854.9187707722058
854.8962261822527
854.8962261822527
854.8962261822527
854.860251534269
854.860251534269
854.860251534269
854.8159690113454
854.8159690113454
854.8159690113454
854.8159690113454
854.8159690113454
854.8159690113454
854.8159690113454
854.8107497583491
854.8107497583491
854.8046370423065
854.8046370423065
854.7766475927617
854.7766475927617
854.7766475927617
854.7766475927617
854.7766475927617
854.7703347034874
854.7703347034874
854.7703347034874
854.7703347034874
854.7703347034874
854.7703347034874
854.7703347034874
854.7703347034874
854.7703347034874
1131.0014006989823
1073.2793114047006
1031.5049883751467
1024.6883133425838
1024.2819577188413
1006.2510726711247
1006.2510726711247
1001.4487470732224
981.4423111049327
981.4423111049327
978.9407664146142
978.9407664146142
946.090443273252
946.090443273252
946.090443273252
940.2466167505033
938.5247728242268
938.071820478104
937.9406506691405
933.7444299583425
930.3267127420677
930.3267127420677
920.673577385561
919.7450046393259
