1094.5086726204513
1052.905976130037
1040.4544514545757
1018.9006845866468
997.4868557639629
975.7700470528326
975.7700470528326
975.7700470528326
969.1938893697172
962.1637686645267
962.1637686645267
950.6317152877534
950.6317152877534
950.6317152877534
950.6317152877534
948.0918484292238
948.0918484292238
943.5631507410985
932.1809687299101
932.1809687299101
929.3079323115778
913.5763721507617
913.2370715139349
911.4286964886641
909.5363894538875
906.8249025416501
904.0529358425622
903.7061600852243
902.6163996909848
897.3189914752998
895.8385862623998
894.4949589754895
893.8299077287566
891.7220613360349
891.7220613360349
891.7220613360349
889.8589159586081
887.3453750552437
886.5440408634245
884.9537085605741
883.8215932674681
883.8215932674681
882.7827967454812
882.7827967454812
882.4053659006622
881.2296836759774
880.0857604827954
879.2202245392098
878.1371729501589
876.6095457612514
876.0217262346321
875.2814805615316
874.3242748754247
874.1533092001096
873.8880626184357
873.8880626184357
873.8880626184357
873.6683182223422
873.4591702186437
873.4045136377201
873.3574859170445
873.105092287188
873.0613279737181
873.0613279737181
872.9039700091583
872.9039700091583
872.9039700091583
872.8586008698458
872.8393072787676
872.8393072787676
872.8393072787676
872.8154642870919
872.8154642870919
872.7874806569
872.7874806569
872.7629073984384
872.7629073984384
872.7592078750187
872.7276000281785
872.7276000281785
872.7276000281785
872.7276000281785
872.7276000281785
872.7276000281785
872.7263214208091
872.7263214208091
872.7263214208091
872.723684579154
872.723684579154
872.723684579154
872.723684579154
872.7154004260211
872.7154004260211
872.6918589378698
872.6918589378698
872.6918589378698
872.6918589378698
872.6918589378698
872.6918589378698
872.6918589378698
872.6918589378698
872.6918589378698
1131.729465675994
1100.6127574134312
1040.1480149394663
1015.4575654852028
1000.712116227661
995.106603095068
990.5380921831779
990.5380921831779
990.5380921831779
971.028963157932
971.028963157932
971.028963157932
964.2234059715191
964.2234059715191
952.116626647418
952.116626647418
947.3567356185406
945.9954963739722
945.2783391816631
941.519569839743
930.3874534092656
920.1512457562044
920.1512457562044
914.3066016696139
914.3066016696139
909.9632373493649
908.8647350541007
905.815344475888
905.815344475888
901.8938909645586
900.8553916768708
900.4970467117554
899.9835317698154
892.7737374831179
889.2953089574669
889.2953089574669
888.6408260485128
887.4312118800788
885.8239542964429
885.1446742243634
881.5772698934987
881.5772698934987
881.5772698934987
880.7455958421028
878.7230058685649
878.7230058685649
878.3805553414703
877.4021607562098
876.2404708942751
876.2404708942751
876.0522957869223
875.8836297169152
875.5112394159756
875.2105454134455
874.544559468852
874.122576293474
873.9345816466748
873.6705460077897
873.6362438832008
873.3949213422109
873.2840910280249
873.2840910280249
873.1537734981417
873.0788788046165
873.0788788046165
873.0724065172046
873.0724065172046
872.9651000828013
872.9482180607944
872.9482180607944
872.9039485452004
872.8902699269457
872.8279456695539
872.8218369626047
872.8218369626047
872.8097167376186
872.8097167376186
872.7070765074774
872.7070765074774
872.7015757078135
872.7015757078135
872.7015757078135
872.7015757078135
872.6910238457281
872.6910238457281
872.6910238457281
872.6910238457281
872.6910238457281
872.6910238457281
872.6910238457281
872.6910238457281
872.6841416322429
872.6841416322429
872.6841416322429
872.6841416322429
872.6841416322429
872.6841416322429
872.6841416322429
872.6841416322429
872.6841416322429
1131.729465675994
1075.1922452244896
1014.0525801404467
981.1048305662638
981.1048305662638
953.1527824948407
953.1527824948407
953.1527824948407
953.1527824948407
953.1527824948407
953.1527824948407
953.1527824948407
945.2621950442489
939.7074494716904
922.4007223960733
922.4007223960733
922.4007223960733
911.7939149040045
899.2971155212764
894.5299691644542
892.1678286337652
892.1678286337652
891.7680201314733
885.3167105305647
881.8984984694639
876.8958842649358
873.8183324160225
873.8183324160225
873.8183324160225
871.1760982164276
869.5923261911603
868.7744735080049
868.5983108541969
867.8972096002198
867.8972096002198
867.8972096002198
867.5576295327502
867.5569800651263
867.2047103051796
866.6964945824686
866.3497985405219
866.3497985405219
866.0081485457231
865.8484193967474
865.7998784385443
865.5812811232116
865.4172334371913
865.3721189910386
865.3721189910386
865.2040274327057
865.0768060368903
865.0768060368903
865.0147868909125
865.007288341914
864.9553696917251
864.9553696917251
864.8952792443417
864.8952792443417
864.8812851631245
864.8812851631245
864.8387813458503
864.8387813458503
864.8387813458503
864.8387813458503
864.7730822285507
864.7730822285507
864.7730822285507
864.7730822285507
864.7730822285507
864.7730822285507
864.7730822285507
864.7730822285507
864.7641353044244
864.7641353044244
864.7355967757917
864.7355967757917
864.7355967757917
864.7355967757917
864.7355967757917
864.7355967757917
864.7355967757917
864.7355967757917
864.7355967757917
1131.729465675994
1052.4703768483016
1006.9834135534672
1006.9834135534672
1006.9834135534672
1006.9834135534672
1006.9834135534672
998.509073806761
982.6852564465357
982.6852564465357
982.6852564465357
982.6852564465357
955.8898112850005
955.8898112850005
955.8898112850005
943.3848753443541
940.1399272083813
931.8611554414955
931.8611554414955
931.0172884282017
931.0172884282017
927.7599158911071
927.7599158911071
924.8638668659634
919.4846925678214
915.635885960399
909.6041045622621
903.6074782810105
901.675254668442
900.4822949945899
900.4822949945899
897.778486336088
896.2388382734408
894.775218007063
893.8610067669175
893.1550298870592
889.5431444312234
889.0986691774525
888.9489206853112
887.6521406457168
887.2837250384416
887.2837250384416
886.6063530072333
886.6063530072333
886.5313945334465
885.7290590941284
885.1342373640525
885.1342373640525
885.1342373640525
885.1057605124041
884.8686531266192
884.7307739606126
884.1638150625618
884.1638150625618
884.1384565210216
884.0375445678546
884.0375445678546
883.9951162993633
883.8693337965473
883.8693337965473
883.8693337965473
883.8375841301518
883.8375841301518
883.8333587689058
883.7711477576643
883.7711477576643
883.7711477576643
883.7099683308393
883.7099683308393
883.7099683308393
883.6892672150022
883.6892672150022
883.6892672150022
883.6892672150022
883.6892672150022
883.647945559133
883.647945559133
883.647945559133
883.647945559133
883.647945559133
883.647945559133
883.647945559133
883.647945559133
883.647945559133
1131.729465675994
1080.2681322196067
1078.8876581431202
1044.0017955723933
1030.1898688652157
1030.1898688652157
1030.1898688652157
994.8455326016048
994.8455326016048
974.516090180581
974.516090180581
974.516090180581
958.1602241271427
937.645841902311
933.9103920793516
933.9103920793516
926.73973556455
925.9536901706382
911.0343267074504
902.1946419541064
902.1395045713901
902.1395045713901
896.711417538213
893.6253208843074
891.1363351862822
891.1363351862822
889.9043880858312
884.8552691853258
883.4958790882704
883.4958790882704
878.8176053980113
878.8176053980113
877.7024989737469
877.2060021793247
875.5422091582952
875.5422091582952
873.441135540691
872.8405743502432
872.5228816266592
871.9989537449508
871.73174640494
871.4496494414822
871.42078869648
870.6869088046946
870.6869088046946
870.6869088046946
870.5027379555883
870.5027379555883
870.3147003427734
870.3147003427734
870.220583783154
870.1479392505273
870.0652359505452
870.0652359505452
870.0652359505452
870.043051522068
870.022428983818
869.9270428453941
869.8335698990136
869.8335698990136
869.8335698990136
869.7942160224006
869.7864500171648
869.7864500171648
869.7864500171648
869.7854237069198
869.7840071221912
869.7824800007704
869.7824800007704
869.7453272536632
869.7453272536632
869.7453272536632
869.7453272536632
869.7453272536632
869.7453272536632
869.7453272536632
869.7338638748807
869.7338638748807
869.7321295646983
869.7321295646983
869.7321295646983
869.7278810137778
869.7278810137778
869.7278810137778
869.7278810137778
869.7064383973342
869.7064383973342
869.7064383973342
869.7064383973342
869.7064383973342
869.7064383973342
869.7064383973342
869.7064383973342
869.7064383973342
1131.729465675994
1092.607789321386
1025.8551381914351
998.7136549750895
992.3156090124529
983.3757130872193
983.3757130872193
967.3191171393668
967.3191171393668
948.3696426117318
942.5738002195242
942.5738002195242
942.5738002195242
922.3049106134135
922.3049106134135
922.3049106134135
917.3708694020369
917.3708694020369
917.3708694020369
912.1092152718201
901.7456627307849
899.5318445393293
897.4955338082234
895.40775337492
890.521699774183
882.7794466238627
882.7794466238627
876.1675297685351
873.020024801128
872.3702772162185
871.6239644691647
869.4474308130528
869.4474308130528
864.872956782227
864.4040747798226
863.4855886159613
863.4855886159613
862.7212562294283
862.0499448037585
861.372380365805
860.9497707838443
859.965752872589
858.8512953732248
857.891413386841
856.5175093935934
856.2315290397032
856.2085430077708
855.8648122949396
855.7209593256305
855.7209593256305
855.285682927906
855.285682927906
854.8211539155601
854.8181305639404
854.5898473283474
854.5673289704725
854.5673289704725
854.3927954566993
854.3927954566993
854.3927954566993
854.2962610082576
854.1706148989978
854.1706148989978
854.0476703711099
854.0476703711099
853.9319363578302
853.9307797731258
853.9307797731258
853.8957863860401
853.8957863860401
853.8669378723034
853.8669378723034
853.8447885114837
853.8447885114837
853.8447885114837
853.8186695418457
853.8186695418457
853.8186695418457
853.8186695418457
853.8186695418457
853.8121638014737
853.8121638014737
853.8121638014737
853.766886923967
853.766886923967
853.766886923967
853.766886923967
853.766886923967
853.766886923967
853.766886923967
853.766886923967
853.766886923967
1131.729465675994
1103.5333926684248
1037.4894291765133
988.4469127631177
977.5804666786987
968.0564414989282
968.0564414989282
968.0564414989282
968.0564414989282
968.0564414989282
960.688716597865
960.688716597865
960.688716597865
941.4625870416701
941.4625870416701
941.4625870416701
941.4625870416701
938.601629153444
937.8297340965488
926.444059282402
921.7743773042496
921.7743773042496
917.0515890771742
915.8982123385068
915.8982123385068
910.022794579088
908.740965365939
907.0121988521435
901.7247446053191
901.7247446053191
890.2525989661219
890.2525989661219
890.2525989661219
885.0250572368093
884.4512757095002
882.2989796353736
878.4210106867208
878.4210106867208
877.4906246759001
871.8936107718421
869.2715519691678
868.4456820769819
867.8254772762915
867.6945888372583
866.9537700518528
866.8492372904439
865.6160119891101
864.9514161389512
864.0829741587398
862.6998734535678
862.3280486792505
862.1842878917877
862.1226689009568
862.1226689009568
861.9219512967011
861.7850874258324
861.513386610693
861.3914357234337
861.2337549720277
861.2239860166103
861.1063291190459
861.1063291190459
861.049147149841
861.049147149841
861.0118331960668
861.0118331960668
860.9921092960888
860.9921092960888
860.9896654706704
860.9639708344205
860.9639708344205
860.9093513924215
860.9093513924215
860.8717202636797
860.8717202636797
860.8603261428246
860.8603261428246
860.8242229861604
860.8242229861604
860.8242229861604
860.8242229861604
860.8242229861604
860.8242229861604
860.8242229861604
860.8105972770992
860.8105972770992
860.7759835169101
860.7759835169101
860.7759835169101
860.7759835169101
860.7759835169101
860.7759835169101
860.7759835169101
860.7759835169101
860.7759835169101
1131.729465675994
1080.4058067734618
1067.1388666241726
1044.3490752169923
1044.3490752169923
1031.1035536718878
1031.1035536718878
1023.3629097744745
1021.9958653962167
974.7033808682893
974.7033808682893
974.7033808682893
974.7033808682893
974.7033808682893
974.7033808682893
974.7033808682893
972.744613044034
972.744613044034
960.8140213458146
941.6733979894558
941.6733979894558
932.1232394989479
926.066802920925
911.7504516067619
911.7504516067619
910.7452180751202
908.5293843235434
907.9096204962822
905.156378283842
903.2946623816405
899.7471333816303
896.8701485655725
894.802567147266
890.913502189988
890.5260584870015
887.6235917305496
887.239186751943
887.1829063212116
886.6325455467943
886.529712755601
885.712415716135
885.4918419913785
885.254257048066
885.254257048066
884.6758874518146
883.9340537266088
883.4714566008544
882.5584105019254
882.5584105019254
881.8740027892484
881.1389134036269
881.1389134036269
880.4282283422075
880.4282283422075
880.2516366496889
880.1394588595043
879.8957436576402
879.7544551130409
879.5516155759371
879.3580175144124
879.3580175144124
879.3182192690813
879.1846271289533
879.1846271289533
879.1403339347114
878.9927141118789
878.9927141118789
878.9519869212866
878.9519869212866
878.8997816951319
878.8997816951319
878.8489366062611
878.7972096135727
878.7972096135727
878.7771493722374
878.7441625315089
878.7441625315089
878.7441625315089
878.7441625315089
878.7413398688
878.7413398688
878.7331482380226
878.7089703701154
878.7077361007083
878.7077361007083
878.7077361007083
878.7077361007083
878.6915523734021
878.6915523734021
878.6884230841483
878.6884230841483
878.6884230841483
878.6884230841483
878.6884230841483
878.6884230841483
878.6884230841483
878.6838247980297
878.6838247980297
878.6838247980297
878.6541351412145
878.6541351412145
878.6541351412145
878.650152090844
878.650152090844
878.650152090844
878.6467341728148
878.6467341728148
878.6467341728148
878.6467341728148
878.6467341728148
878.6467341728148
878.6467341728148
878.6467341728148
878.6467341728148
1131.729465675994
1057.7737325188596
1043.482439186577
1028.2752614596611
1017.5681939050158
1006.9292110658537
995.6694316186092
995.6694316186092
995.6694316186092
995.6694316186092
995.6694316186092
961.4494231709433
961.4494231709433
960.1393397199804
960.1393397199804
960.1393397199804
960.1393397199804
952.6265444216903
952.6265444216903
941.7266948791548
938.4994738379144
930.6510825757994
930.6510825757994
929.9152096510502
913.7531676798081
913.7531676798081
913.7531676798081
895.2906991135419
895.2906991135419
890.4883647843942
890.2326564414742
890.1847641328885
890.1847641328885
882.2084883325244
878.1124810646783
875.8814483589128
875.8814483589128
873.9186845588248
873.5227354104278
873.5227354104278
872.389394716619
868.2781165325963
865.9179786293017
865.9179786293017
865.4807347020572
865.0103038032155
862.4094488702721
862.2113383761364
862.2113383761364
861.66479557633
859.631291728102
858.8049023928476
858.2414397264868
857.4237223204284
857.4237223204284
857.4237223204284
857.1891735624478
856.9573779451579
856.6519681005219
856.3574215420199
856.0078022583924
855.9479632394992
855.9245663628333
855.5113180895715
855.3420722588639
855.3420722588639
855.3250418546659
855.288114052478
855.288114052478
855.0837795795856
855.0837795795856
855.0249717713509
855.0168707199657
855.0168707199657
855.0168707199657
855.0168707199657
854.9387693391794
854.9387693391794
854.8504272243829
854.8504272243829
854.8504272243829
854.8504272243829
854.8164100884385
854.8164100884385
854.8164100884385
854.8130215982359
854.8130215982359
854.8085622021601
854.8085622021601
854.8085622021601
854.8085622021601
854.8085622021601
854.8085622021601
854.8085622021601
854.8085622021601
854.7800930279577
854.7800930279577
854.7800930279577
854.7800930279577
854.7800930279577
854.7800930279577
854.7800930279577
854.7627421100838
854.7627421100838
854.7627421100838
854.7627421100838
854.7627421100838
854.7627421100838
854.7627421100838
854.7627421100838
854.7627421100838
1131.729465675994
1092.1389742266554
1036.4031652056376
996.4809798265431
996.4809798265431
996.4809798265431
996.4809798265431
979.9129040908448
979.9129040908448
979.9129040908448
974.1228561136177
956.6107989965415
945.9048366214279
944.5506831364762
936.2999628422498
929.0859227578451
929.0859227578451
919.0017543402615
919.0017543402615
918.0190055042415
911.6601967897454
905.576189723216
901.4883730553254
897.4181174808162
897.4181174808162
891.8089247886928
890.6588280919145
890.0155146096204
886.428003016671
884.6893648107408
884.1325179839423
882.4556691044652
880.5526632337005
878.7429435102035
877.4969787490329
876.8157260069943
876.2383019490737
876.2249357409702
875.4702600097347
875.1333904075776
875.1333904075776
875.1109705865083
874.9058293086327
874.4861072123564
874.2272165214762
873.9231458808841
873.6297067072729
873.5635749096481
873.3696299213296
873.2378367185617
873.2342034545752
873.2342034545752
873.1855118208465
873.0658123697415
872.9476438085887
872.9476438085887
872.9360621985867
872.9360621985867
872.9137887885406
872.9137887885406
872.8899135803329
872.8899135803329
872.8302555727541
872.8302555727541
872.8302555727541
872.7912052948516
872.775032051897
872.775032051897
872.775032051897
872.7655321633541
872.7655321633541
872.7331698773282
872.7331698773282
872.7331698773282
872.7331698773282
872.7143419903936
872.7143419903936
872.7143419903936
872.6987729016406
872.6987729016406
872.6987729016406
872.6987729016406
872.6987729016406
872.6987729016406
872.6987729016406
872.6987729016406
872.6987729016406
1131.729465675994
1066.526090639238
1032.2235215639635
1028.71589582333
1017.3025023644266
1012.0569092312219
999.0527272747959
999.0527272747959
989.0271489707294
987.5602751935136
969.2284716756933
963.7227301947208
963.7227301947208
959.6250723673586
959.6250723673586
945.111043093854
920.6897956846358
908.988253318619
908.988253318619
908.988253318619
904.2329682711271
901.4783200625025
896.788226683435
896.788226683435
891.6663324278798
888.730518154814
887.5416423704404
885.7437428712296
882.7252788835791
882.7252788835791
880.2180018449621
875.2085738874058
871.8434659476043
870.0045723178054
869.3055689361458
868.5497922114757
868.0516835631126
868.0516835631126
866.7127032462438
