1068.3247623744423
1053.6464802980543
1008.4846012602565
1008.4846012602565
1008.4846012602565
1008.4846012602565
1008.4846012602565
1008.4846012602565
1008.4846012602565
1000.7650510262531
1000.7650510262531
1000.7650510262531
1000.3887975910632
998.5480518090739
992.6325690288359
987.2094189215625
975.1597649308669
973.9448583306537
965.4426865047276
962.8185585029541
953.7612496311738
953.7612496311738
953.7612496311738
943.831630800059
943.831630800059
943.831630800059
939.1972370826139
934.2384696336323
932.9150783824537
931.0549133851549
931.0549133851549
926.0535697383899
926.0535697383899
924.4700281923313
921.8810291272011
920.1131373016764
917.530812245225
915.8149529365195
914.291715216435
912.8351107468739
910.144202048212
909.8944434757715
909.8944434757715
908.2105191831156
907.6528882077994
907.6528882077994
907.5786933620464
907.5786933620464
907.2956248622856
906.8815243544332
906.8815243544332
906.3235956533615
906.0947841229965
905.9080462963542
905.9080462963542
905.9080462963542
905.9080462963542
905.8850179278271
905.8223257656773
905.8223257656773
905.748781579384
905.748781579384
905.7075167393642
905.7075167393642
905.6153346446661
905.6153346446661
905.6153346446661
905.6153346446661
905.6153346446661
905.6015279908468
905.6015279908468
905.5645656689518
905.5645656689518
905.55366141011
905.55366141011
905.55366141011
905.55366141011
905.55366141011
905.55366141011
905.54921820459
905.54921820459
905.54921820459
905.54921820459
905.54921820459
905.54921820459
905.54921820459
905.54921820459
905.54921820459
905.534795243238
905.534795243238
905.534795243238
905.534795243238
905.534795243238
905.534795243238
905.5342348196616
905.5342348196616
905.5227847147776
905.5227847147776
905.5116793432784
905.5116793432784
905.5116793432784
905.5116793432784
905.5116793432784
905.5116793432784
905.5116793432784
905.5116793432784
905.5113336272631
905.5113336272631
905.5113336272631
905.5113336272631
905.5113336272631
905.5113336272631
905.5113336272631
905.5113336272631
905.5113336272631
1112.1334351161436
1083.7614302720208
1058.49485034864
1021.9448175890573
972.9357632626144
972.9357632626144
972.9357632626144
965.676415559943
965.676415559943
954.0824465876548
954.0824465876548
954.0824465876548
939.0412781930477
938.2235036934653
938.2235036934653
931.4127484955549
928.0763771350798
928.0763771350798
921.9892388186039
903.4446510971774
903.4446510971774
893.7428442559598
890.2934344140695
890.2934344140695
884.7845945907271
883.2921182518147
883.2921182518147
879.4217438510802
879.4217438510802
879.0502264815123
877.4029222102324
877.4029222102324
876.0653639732836
876.0653639732836
875.7207509555274
875.6295014765317
872.5342256748696
870.9745050999807
870.5714756419931
869.6249047919441
868.6658955813432
868.6658955813432
868.2921859115554
867.6475163614992
867.4145169099129
866.968875589242
866.968875589242
866.6810136491557
866.2181120539016
866.2007841789464
865.7157182849144
865.5178921469816
865.3488999036788
865.295638633845
865.2389222759838
865.2389222759838
865.0373233508079
865.0373233508079
865.0315600149218
864.975726087362
864.975726087362
864.8487468479814
864.8487468479814
864.8487468479814
864.8487468479814
864.7826741186026
864.7826741186026
864.7826741186026
864.7826741186026
864.7501639894758
864.7501639894758
864.7501639894758
864.7501639894758
864.7501639894758
864.7501639894758
864.7501639894758
864.7318504517121
864.7318504517121
864.7318504517121
864.7318504517121
864.7318504517121
864.7318504517121
864.7318504517121
864.7318504517121
864.7318504517121
1112.1334351161436
1081.1321912906699
1017.1111376295936
1017.1111376295936
1006.8681459064657
967.1396904087652
967.1396904087652
967.1396904087652
967.1396904087652
967.1396904087652
967.1396904087652
947.2841932043535
938.9676895378793
938.9676895378793
928.4156267861324
922.2926082230803
918.5376665555543
915.6783795398056
915.6783795398056
915.6783795398056
915.6783795398056
903.2606575396394
900.6744998516853
894.0164936776423
893.2797609424482
888.4557718467288
888.4557718467288
883.9097930326677
880.8506444075285
880.8506444075285
880.0440756886144
879.4513571829407
879.1060351275197
878.283443772507
878.1917042226468
877.5727074143858
877.5727074143858
877.334855184538
877.0049911582206
876.7108691805319
876.5563766734117
875.4068129862969
875.3334181045931
874.9361916890851
874.7410521682091
874.5723595241514
874.5723595241514
874.3885752215247
874.2262637746662
874.2262637746662
874.2262637746662
874.2246598507667
874.200263098225
874.200263098225
874.1299474139317
874.1299474139317
874.0666187705871
873.9774423982648
873.9774423982648
873.9774423982648
873.9582408031088
873.8868698795465
873.8750299099008
873.8472330052125
873.8106321017432
873.8106321017432
873.7848230599958
873.7848230599958
873.7535533649477
873.7535533649477
873.7101030955513
873.7101030955513
873.7101030955513
873.7101030955513
873.7101030955513
873.7101030955513
873.7101030955513
873.7101030955513
873.7101030955513
873.6921972702152
873.6921972702152
873.6917641521474
873.6917641521474
873.6917641521474
873.6917641521474
873.6917641521474
873.6917641521474
873.6917641521474
873.6917641521474
873.6917641521474
1112.1334351161436
1056.9081399794686
1038.514253482741
1038.514253482741
1030.0549275616459
976.4168592886873
976.4168592886873
976.4168592886873
976.4168592886873
976.4168592886873
955.8543696265078
927.6799227340842
927.6799227340842
921.1918876912127
921.1918876912127
906.9577524924604
906.9577524924604
906.9577524924604
904.469797371668
900.0728111946468
900.0728111946468
898.3690264712958
896.3637229179559
888.3012875011094
880.8106406192358
880.2529291239437
880.2529291239437
876.3971329745044
874.1978305123154
872.4543195864986
871.7729865834993
869.147672038427
868.1428526149605
867.5639554220653
867.5639554220653
866.3083695636749
864.4290324960348
862.8021377180401
861.9393820297275
861.0025035718809
860.7908556893548
860.7908556893548
860.6048130758359
859.7974350063754
859.6067202093645
858.3205008196088
858.3205008196088
857.9019552833965
857.6703837783598
857.3473092607368
857.1018606937799
856.8905633926262
856.7477555014013
856.5003321380451
856.4882250051323
856.4882250051323
856.4094907903029
856.1801796298057
856.1801796298057
856.1509558010213
856.0675177377301
856.0675177377301
856.0538105421444
856.0538105421444
855.9452666053983
855.9361719135292
855.9361719135292
855.8883669483193
855.8780609447674
855.8780609447674
855.8780609447674
855.8420986615404
855.8365152316127
855.8365152316127
855.8365152316127
855.8365152316127
855.8365152316127
855.8296419126475
855.8296419126475
855.8296419126475
855.8296419126475
855.8296419126475
855.8084397334892
855.8084397334892
855.7925023005301
855.7925023005301
855.7925023005301
855.7925023005301
855.7925023005301
855.7844128411423
855.7844128411423
855.7844128411423
855.7844128411423
855.7844128411423
855.7844128411423
855.784088277965
855.784088277965
855.784088277965
855.784088277965
855.784088277965
855.784088277965
855.784088277965
855.7829463519697
855.7829463519697
855.7829463519697
855.7748673227132
855.7748673227132
855.7684176742557
855.7684176742557
855.7684176742557
855.7684176742557
855.7684176742557
855.7684176742557
855.7684176742557
855.7684176742557
855.7684176742557
1112.1334351161436
1085.2120789436087
1052.444451026033
1018.5262714077653
1008.5066361626003
977.0740094007464
977.0740094007464
954.9199073205971
954.9199073205971
954.9199073205971
940.8114430766034
940.8114430766034
940.8114430766034
940.0555606584602
936.2021186180117
935.6548818068669
935.6548818068669
931.6957552176206
927.9191357318251
920.4140470669922
913.7801201918577
910.2200775148717
910.2200775148717
901.0727572337769
898.8370395405796
893.9286776356853
892.7603528014815
892.2633303068973
890.9866502117254
890.9866502117254
883.3933474006903
880.9741229177553
880.6940304400918
879.2312053975704
877.7486528789478
876.5425351622615
876.5425351622615
875.546101326828
874.8556255484177
873.14459244527
873.14459244527
872.9672871170405
872.5580240941913
871.7939915014305
871.1925084444407
870.7574726604379
870.5807389537945
870.572970505258
870.4916894843421
870.2287388375912
869.5671079062486
869.5671079062486
869.3028289972926
868.9930268008928
868.9930268008928
868.9447294549022
868.8646194504324
868.5305002178216
868.3785579416959
868.323400127549
868.323400127549
868.229908606807
868.135740608992
868.076044720288
868.044292515018
867.9568826529652
867.9568826529652
867.9478686836125
867.9478686836125
867.943401720313
867.883805863134
867.883805863134
867.883805863134
867.8630018636566
867.8630018636566
867.8630018636566
867.851467798186
867.851467798186
867.7961077386901
867.7763793235328
867.7763793235328
867.7763793235328
867.7763793235328
867.7763793235328
867.756635791117
867.756635791117
867.756635791117
867.756635791117
867.756635791117
867.756635791117
867.756635791117
867.7555952137195
867.7555952137195
867.7297479257606
867.7297479257606
867.7208566563652
867.7208566563652
867.7208566563652
867.7208566563652
867.7208566563652
867.7208566563652
867.7208566563652
867.7208566563652
867.7139816978257
867.7139816978257
867.7139816978257
867.7094920548687
867.7094920548687
867.7094920548687
867.7094920548687
867.7094920548687
867.7094920548687
867.7094920548687
867.7094920548687
867.7094920548687
1112.1334351161436
1068.322594867396
1021.6074980404285
1021.6074980404285
1021.6074980404285
1021.6074980404285
1021.6074980404285
1021.6074980404285
1021.6074980404285
1021.6074980404285
1021.6074980404285
1019.0203375587023
1019.0203375587023
1019.0203375587023
1010.3055741696676
1001.7703448414705
996.3831762579138
996.026305857305
987.3803612563992
974.0328130761864
974.0328130761864
969.8339699976018
956.1907978035704
952.3032082050476
944.2176347754747
944.2176347754747
941.8177134314158
941.5852252820068
938.5276368315608
934.6129933163467
934.3781227694649
932.6542485355626
930.1367530230501
930.1367530230501
928.7070637589321
924.1445005030591
922.8584252671532
922.1138715250045
922.1138715250045
918.495538143791
918.1355685941821
918.1355685941821
917.5497912956741
917.3430083593712
915.8994225846081
915.1851875735
915.0275138048542
915.0275138048542
914.9308257321277
914.2603880980046
914.2084274723461
913.90061046092
913.1208455590862
913.1208455590862
912.9989011983182
912.8328730843501
912.8328730843501
912.7160191528462
912.4607905517868
912.1599237095464
912.1599237095464
912.1599237095464
912.0281491859851
911.7102283041665
911.7102283041665
911.6861689495964
911.6861689495964
911.6861689495964
911.6216545847653
911.6216545847653
911.6216545847653
911.6032636165467
911.5893953019777
911.5893953019777
911.5629215773583
911.5621882592026
911.5621882592026
911.5567426180403
911.5567426180403
911.5567426180403
911.5538709476606
911.5538709476606
911.5447722745985
911.5447722745985
911.5206226146496
911.5206226146496
911.5206226146496
911.5036783236307
911.5036783236307
911.5036783236307
911.5036783236307
911.5036783236307
911.5036783236307
911.5036783236307
911.5036783236307
911.5036783236307
1112.1334351161436
1067.0235977267928
1061.7259790420246
1017.3870714261668
1017.3870714261668
1017.3870714261668
1013.6858945888212
1013.6858945888212
1011.0854415093963
992.184100132563
981.9200970092104
981.9200970092104
981.9200970092104
979.761280902191
979.761280902191
979.761280902191
979.761280902191
979.761280902191
970.9385008023703
970.9385008023703
970.9385008023703
966.6028399024008
966.6028399024008
966.6028399024008
966.3271144627154
963.6363356151478
963.6363356151478
954.6584742310267
954.6584742310267
948.5729343121257
937.7343779760233
930.4279032738738
930.4279032738738
930.4279032738738
925.8074614162875
925.8074614162875
925.8074614162875
922.8061729404981
916.6219355992415
914.9534312282487
912.0773395507167
910.4882521779904
906.0739037880579
902.5741673639433
902.0715423035025
901.1254925676755
901.1254925676755
899.7459998735732
897.3889588324113
895.5752113080101
893.8650667477905
891.9354310222358
890.0631505034773
887.2027589961203
885.4780007787767
880.8440667318687
880.2437359592934
878.6751333255353
878.6751333255353
877.4380094186904
877.3444577219011
877.3444577219011
877.3347645955713
877.3347645955713
877.2478898798736
877.1676062499937
876.7854403697063
876.3169629904564
876.0880543632577
875.6313900442652
875.6313900442652
875.6313900442652
875.3174662271992
874.9119203790873
874.7576043155889
874.6577776813797
874.4125496870837
874.355575917183
874.2581375122134
874.2581375122134
874.1505738010533
874.0797765190421
874.0797765190421
874.0585542967449
873.9707560533252
873.9707560533252
873.9707560533252
873.8598930441065
873.8598930441065
873.8598930441065
873.8598930441065
873.8048153526594
873.7772243556908
873.7772243556908
873.745737424428
873.745737424428
873.6953059792825
873.6953059792825
873.6953059792825
873.6953059792825
873.6953059792825
873.6953059792825
873.6953059792825
873.6953059792825
873.6953059792825
1112.1334351161436
1096.1130417685408
1029.1769337988242
1000.8544887960286
1000.8544887960286
971.271468092645
971.271468092645
971.271468092645
971.271468092645
969.5749682606696
969.5749682606696
968.1749422774757
963.6515805845515
963.6515805845515
949.0148158543317
944.5626510462888
933.2310496104205
928.607306124432
928.607306124432
928.607306124432
928.607306124432
923.7593123468087
918.0459943378991
918.0459943378991
903.5848698056898
903.5848698056898
900.2944340261663
896.9523288768069
896.9523288768069
893.9362468197995
893.9362468197995
889.8675191782069
887.6586575363311
887.0046339559948
884.6994497844846
883.2291601132023
883.1401263283415
883.1401263283415
882.6108399750573
882.6108399750573
881.8089302136219
881.5616162266242
881.4520024289279
880.9628085961697
880.876096617011
880.4056781185229
880.3054056791448
880.3054056791448
880.0729898045538
879.7896281543176
879.3411107545102
879.0133568251226
878.8205950124982
878.7312546827607
878.490569591915
878.2772591673438
878.2772591673438
878.2253393478155
878.0496202083178
878.0178904325048
877.9511996179308
877.9511996179308
877.875881296619
877.875881296619
877.8544892355364
877.8544892355364
877.772678411437
877.772678411437
877.772678411437
877.7594313686852
877.7594313686852
877.7594313686852
877.7533295506248
877.7533295506248
877.7533295506248
877.7203108287772
877.7203108287772
877.7164253322759
877.7164253322759
877.6804351290541
877.6804351290541
877.6804351290541
877.6804351290541
877.6804351290541
877.6804351290541
877.6804351290541
877.6804351290541
877.6687170424609
877.6687170424609
877.6687170424609
877.6687170424609
877.6687170424609
877.6687170424609
877.6687170424609
877.6594667514886
877.6594667514886
877.6594667514886
877.6594667514886
877.6594667514886
877.6594667514886
877.6594667514886
877.6594667514886
877.6594667514886
1112.1334351161436
1057.5378541408909
1034.7316469028535
982.8810907651626
982.8810907651626
982.8810907651626
980.5142219676765
980.5142219676765
976.5253083981266
976.5253083981266
976.5253083981266
976.5253083981266
966.1006252745032
966.1006252745032
966.1006252745032
966.1006252745032
963.0660237662719
954.1482421513488
954.1482421513488
947.1966825902973
947.1966825902973
941.0783888935695
927.6616485283992
927.6616485283992
927.6616485283992
927.6616485283992
919.3089907632965
914.5671202455483
912.8362645532414
908.8562558734592
897.188473611528
897.188473611528
894.6681846394355
889.614555505602
884.495287286149
881.3092528424963
880.6500943118953
879.5106677411417
875.4075105110733
875.4075105110733
873.3782833420878
871.5427269861532
870.0883658815718
868.4067950691995
868.4067950691995
867.196875774053
867.196875774053
866.9129378471889
866.7951014589144
866.7951014589144
866.7002480083233
865.5299703997097
865.1459937347645
865.0165026848608
864.7933254381319
864.6104637716651
864.6104637716651
864.4107087634384
864.3900763431675
864.3687575704133
864.3152579030909
864.2117389844357
864.1458804356222
864.0480286391395
864.0480286391395
863.869807716183
863.869807716183
863.8550846488271
863.8550846488271
863.8497423993837
863.8497423993837
863.826013072532
863.826013072532
863.826013072532
863.817425986355
863.817425986355
863.8045737616252
863.8045737616252
863.7919227250078
863.7689068915679
863.7689068915679
863.7689068915679
863.7689068915679
863.7689068915679
863.7689068915679
863.7689068915679
863.7573168503558
863.7573168503558
863.7573168503558
863.7397450678062
863.7397450678062
863.7397450678062
863.7333970120536
863.7333970120536
863.7206644595017
863.7206644595017
863.7206644595017
863.7206644595017
863.7206644595017
863.7206644595017
863.7206644595017
863.7206644595017
863.7206644595017
1112.1334351161436
1046.8406585849466
1035.1382169050837
1035.1382169050837
1020.8274210146323
1007.1502536641731
1007.1502536641731
1007.1502536641731
1007.1502536641731
995.8059527773167
986.2127430720241
981.2253896214891
981.2253896214891
981.2253896214891
981.2253896214891
970.1850952029262
970.1850952029262
970.1850952029262
966.5207214131026
966.5207214131026
966.5207214131026
966.5207214131026
959.3056815472565
954.0875425119596
954.0875425119596
953.0264371171452
947.6927220906286
947.6927220906286
936.7582798211815
930.8176281697947
930.8176281697947
928.5977160962241
925.8997061377725
922.2481254835724
913.8179259375055
906.1334671114697
901.75839267765
901.75839267765
898.8832477642187
897.1203475249745
894.6104523978133
891.8190078037397
890.7674889291708
888.6312251008392
888.6312251008392
887.5472574039966
887.3682829651893
887.3682829651893
886.6026802904344
885.8602719750613
885.7849270082563
884.5877564308859
881.8490263925846
881.8490263925846
881.4718726684722
881.3307469701351
881.1690745198991
880.9675613011738
880.9675613011738
880.9675613011738
880.8282319087614
880.675014273111
880.3226322219263
880.3226322219263
880.1224037585083
880.1224037585083
880.057123688957
880.0325993923211
879.8542783840327
879.8416770885815
879.8416770885815
879.8123212269927
879.8123212269927
