1084.2187105675623
1039.66815528265
1007.0271834850528
1007.0271834850528
973.8465906582111
973.8465906582111
973.8465906582111
973.8465906582111
973.8465906582111
966.2547224763022
966.2547224763022
966.2547224763022
966.2547224763022
966.2547224763022
966.2547224763022
966.2547224763022
955.0775120171619
955.0775120171619
954.4549590950005
952.4933032387778
952.4933032387778
949.1180251554597
949.1180251554597
948.788383156776
932.8010993240255
932.8010993240255
930.8343309495865
926.2135640709976
925.7210870658727
922.8272072450068
905.3456683575947
900.2991087906239
897.7816297924126
897.0906758053843
890.1546570209554
890.1546570209554
890.1546570209554
887.5338865646809
886.5964155075212
880.4573480453621
880.4573480453621
880.4573480453621
878.9490638354442
878.9490638354442
878.8048255847009
878.0646684908162
877.5848731271997
877.1281172373049
876.8505617621393
876.4051582307302
874.3817162278181
873.7746791409786
873.7746791409786
873.5242522550118
873.5242522550118
873.3817828742583
873.3397128363041
873.3397128363041
873.1538861026901
873.1538861026901
873.0482240833297
873.0482240833297
873.0011653874822
873.0011653874822
872.9589237241281
872.8054080399588
872.8054080399588
872.8054080399588
872.8054080399588
872.8050592917019
872.782842448588
872.7715160284195
872.7715160284195
872.7715160284195
872.7715160284195
872.770837017942
872.770837017942
872.7196542815839
872.7196542815839
872.7196542815839
872.7196542815839
872.7196542815839
872.7032569462226
872.7032569462226
872.7032569462226
872.7032569462226
872.7032569462226
872.6941743191758
872.6941743191758
872.6941743191758
872.6941743191758
872.6941743191758
872.6941743191758
872.6941743191758
872.692494340344
872.692494340344
872.692494340344
872.692494340344
872.692494340344
872.692494340344
872.692494340344
872.692494340344
872.692494340344
1148.7331311443631
1071.5121831573138
1016.2734070229856
1005.9153404151349
1005.9153404151349
1005.9153404151349
988.5491753731708
975.6476847487509
975.6476847487509
975.6476847487509
975.6476847487509
975.6476847487509
975.6476847487509
975.6476847487509
958.4274194012957
944.3727942322421
944.3727942322421
942.3760482687885
942.3760482687885
937.8656140641414
937.8656140641414
912.493240892996
912.493240892996
912.493240892996
910.689491659429
905.3774039818852
901.1702107986297
899.4152319699821
899.4152319699821
891.9623908288303
889.1857674899868
886.3958035037663
882.3590359524967
881.3890209306556
878.7716730096733
878.7716730096733
878.7716730096733
878.0625958565377
877.6373692075616
877.5783339956802
877.5744224914125
877.3292425768855
876.8456822290423
875.8876556773848
875.8876556773848
875.7560300639125
875.7560300639125
875.2045779262896
875.1150637828549
874.902025261672
874.902025261672
874.902025261672
874.6224090027405
874.3978273796201
874.3166076942313
874.3166076942313
874.13197768284
874.13197768284
874.0679749358596
873.9761572414548
873.9761572414548
873.8801831316243
873.8297572791389
873.8221999485456
873.8163951936463
873.8163951936463
873.8163951936463
873.7949437719426
873.7949437719426
873.7949437719426
873.7949437719426
873.7589232942967
873.7589232942967
873.7589232942967
873.7469647051175
873.7469647051175
873.7015008032898
873.7015008032898
873.7015008032898
873.7015008032898
873.7015008032898
873.7015008032898
873.7015008032898
873.7015008032898
873.7015008032898
1148.7331311443631
1090.3791508550316
1026.1017725023844
1023.4189453621093
963.6182940844806
963.6182940844806
963.6182940844806
963.6182940844806
963.6182940844806
963.6182940844806
954.0638676336204
945.9485512931344
945.9485512931344
941.1076512017971
941.1076512017971
941.0800177393352
929.4119925535183
929.4119925535183
915.4538441814384
915.4538441814384
912.1701698948534
912.1701698948534
905.0777024258866
902.5808452458323
901.2374684677202
899.6214602161848
892.433057933867
887.5940564072067
885.1715095515746
885.1715095515746
883.5301398940873
880.2636324413075
876.3877214762116
875.605338863408
875.605338863408
874.9370949172957
874.9370949172957
873.074966375963
872.6337247755739
871.8357044139932
871.6611474643121
871.0658245111069
871.0658245111069
870.5613083743067
870.1969705974037
869.738991899777
869.2934678672461
868.6078389008746
868.3548871766981
868.1221657274785
867.4422806946229
867.4422806946229
867.2953410706411
867.1203138316461
867.0964338453052
867.0681830635658
866.9610708329144
866.9610708329144
866.9209475020641
866.889761067609
866.8509105938879
866.802027193537
866.802027193537
866.802027193537
866.7680767011747
866.7680767011747
866.7680767011747
866.7575563774778
866.7575563774778
866.7469024681442
866.7469024681442
866.7469024681442
866.7469024681442
866.7469024681442
866.7469024681442
866.7457517665566
866.7457517665566
866.7457517665566
866.7457517665566
866.7457517665566
866.7457517665566
866.7457517665566
866.7457517665566
866.7457517665566
1148.7331311443631
1096.464520895025
1052.6621707402774
1019.1001411056884
1008.2679082249266
993.3735664594207
993.3735664594207
993.3735664594207
985.2006147523114
979.0534177033899
974.2107403667171
958.5212328238287
958.5212328238287
957.1716523887608
957.1716523887608
957.1716523887608
957.1716523887608
957.1716523887608
949.4258497059811
943.59708780867
937.9493613576543
932.9299127598656
932.9299127598656
925.7722292842274
925.7722292842274
925.7722292842274
917.9948128195782
909.3288930759084
909.2121958673233
909.2121958673233
896.7753093176628
896.7753093176628
889.6656572309427
888.7275040598665
885.1489780105918
881.3404213215053
880.0300778414759
878.7715081614472
876.4900680480678
870.6691683952939
867.802742717785
866.5646371282079
866.2147053718213
865.112599159177
864.6212953038859
863.3813421141363
863.0198818882667
862.410677617743
861.5355024144851
861.0842246309279
861.0842246309279
859.9994937274981
859.3549474457792
859.0657365026971
858.851696102842
858.7384695158723
858.6388235243072
858.4418372235069
858.3703595570339
858.1798212412886
858.1092780112629
857.9720620033717
857.9623616905137
857.9623616905137
857.9611124362084
857.8985857876113
857.8728615655955
857.8728615655955
857.855709457682
857.855709457682
857.8330203481796
857.8330203481796
857.8330203481796
857.8297740133592
857.8297740133592
857.8297740133592
857.7929405698411
857.7929405698411
857.7929405698411
857.7929405698411
857.7929405698411
857.7767058613495
857.7767058613495
857.7767058613495
857.7767058613495
857.7767058613495
857.7767058613495
857.7767058613495
857.7767058613495
857.7767058613495
1148.7331311443631
1064.8593000643841
1006.5399192879374
999.3445464563837
989.5417869818173
980.6702294132709
978.1367999729376
969.0468180549677
968.0262814757756
968.0262814757756
968.0262814757756
968.0262814757756
918.5131200590631
918.5131200590631
918.5131200590631
918.5131200590631
915.9757638361979
909.8605371075885
909.8605371075885
909.8605371075885
903.0693440058648
894.2302621105474
894.2302621105474
894.1345750885388
886.2659753112133
886.2659753112133
882.9326228272324
875.7124352546236
873.1144119735609
872.6519631992678
869.6057099801956
869.6057099801956
865.9752124933347
865.9752124933347
864.5235631724718
864.5235631724718
863.8590773923089
862.399810420628
859.7482270924748
857.2083073598003
855.1305370824672
855.1103273702311
854.4013701185676
853.6438811355745
853.024961698108
852.5053919102822
852.0977185801785
851.7568680498858
851.3337478309408
851.1356971795378
850.5602949649244
850.3181289135273
849.7446237361798
849.5997452386009
849.3560363827852
849.290518357175
849.2018015862411
849.1723320566553
849.1723320566553
849.066306624814
849.0134165839693
848.9386656972539
848.9386656972539
848.8881096125814
848.8881096125814
848.875948439639
848.875948439639
848.875948439639
848.8581594572951
848.8521978037952
848.8521978037952
848.8521978037952
848.8521978037952
848.8521978037952
848.8521978037952
848.8429591499256
848.8351125012734
848.8351125012734
848.8351125012734
848.8351125012734
848.8351125012734
848.8292962401925
848.8292962401925
848.8292962401925
848.8292962401925
848.8292962401925
848.8292962401925
848.8292962401925
848.8292962401925
848.8292962401925
1148.7331311443631
1013.6426438364699
1013.6426438364699
999.1769042111885
999.1769042111885
994.4480633432765
994.4480633432765
994.4480633432765
994.4480633432765
951.7321941123379
951.7321941123379
951.7321941123379
951.7321941123379
951.7321941123379
943.108006088223
943.108006088223
940.0673456036022
940.0673456036022
939.9707158820103
938.2269444556664
938.1677465887823
934.3344905267871
925.3610354421857
918.5913633394899
916.1191584497737
908.1150732541062
897.5605241427261
891.6435986466852
891.6435986466852
891.6435986466852
886.2290324262868
885.6597630247975
880.4156102002723
879.7662255785647
879.7662255785647
878.3711107905226
877.1790176998146
876.6419709484444
875.4842764807096
872.7472666520798
872.1052556241239
872.0828619192666
870.8497682001974
869.1181549768608
868.3827884970352
868.3827884970352
868.316845357707
868.316845357707
867.426596267746
867.1868963342761
867.0514578037944
866.7599026895616
866.7599026895616
866.7599026895616
866.3468201219315
866.311449777961
866.2046970371372
866.1225553394966
865.9571273820674
865.9365577547543
865.9154755565941
865.9154755565941
865.8915208187949
865.839645721725
865.839645721725
865.839645721725
865.8291679832155
865.8267572619338
865.8267572619338
865.7470441213845
865.7470441213845
865.7470441213845
865.7470441213845
865.7470441213845
865.7470441213845
865.7470441213845
865.7470441213845
865.7470441213845
1148.7331311443631
1103.8860305099213
1050.3738403139305
1022.1605182245281
1003.4117688069005
963.4966054022531
957.4621447913889
955.5458882668547
931.8560504291969
931.8560504291969
931.8560504291969
931.8379192319106
915.1303679078535
915.1303679078535
912.00141835639
912.00141835639
912.00141835639
912.00141835639
906.166114042928
901.4806025988164
901.2375149527342
901.2375149527342
890.6618175200829
887.06785384943
884.2024309332094
879.1259012319281
878.9681546479928
874.8562829998727
873.5108677233345
871.8086038678748
871.8086038678748
871.8086038678748
870.4750078864811
867.9115628054437
867.6158685659283
866.366155606383
865.3784689921343
862.1700330576991
861.7837527916228
861.6361370096389
860.3857198871663
860.2133627408125
860.2133627408125
858.3486413569705
857.7681059329814
857.0839834075509
855.7375223865567
855.7287042994341
855.7287042994341
855.5788969625753
855.4674090716877
855.4674090716877
855.393740188932
855.1460216860019
854.8757232148873
854.8757232148873
854.6945572931202
854.5489942520363
854.5489942520363
854.5489942520363
854.3949401797157
854.3610117933426
854.2922029506086
854.1686151044261
854.0555384977492
854.0555384977492
854.0555384977492
853.9611204202363
853.9611204202363
853.9611204202363
853.948066005669
853.8606304731627
853.8606304731627
853.8548938889445
853.8345551707131
853.8345551707131
853.8345551707131
853.82896155233
853.82896155233
853.8204751697156
853.8204751697156
853.795381242744
853.795381242744
853.795381242744
853.795381242744
853.795381242744
853.795381242744
853.795381242744
853.795381242744
853.795381242744
1148.7331311443631
1067.8817269868284
1043.9237284480919
1026.8564352276242
1015.4849288648475
1003.0721443597511
999.8418062645972
999.8418062645972
999.8418062645972
991.7080249935522
991.7080249935522
972.2737849034993
972.2737849034993
972.2737849034993
965.2880364728032
965.2880364728032
959.819628713567
938.2727355326668
938.2727355326668
935.339936427532
935.339936427532
934.3908298726849
933.2038464412592
933.2038464412592
917.6048602558752
917.6048602558752
903.0518758948106
882.782108877671
882.782108877671
882.782108877671
881.7215511990504
877.0594267399672
874.1930032122164
870.578639854506
865.317094566299
862.7023302335941
860.6420019846287
858.7241665413562
857.3095972534585
855.5449243572805
854.4982576374739
853.6943636285619
852.7360085046929
852.7360085046929
852.7360085046929
852.4594736001121
852.2172297034874
852.2172297034874
851.9463407295248
851.4710208811587
851.4359262438751
851.4359262438751
851.034723366791
850.9606071041701
850.9606071041701
850.7946745997305
850.4926368898266
850.2618762034297
850.2618762034297
850.1316991799835
850.1316991799835
849.9665013094368
849.9665013094368
849.9665013094368
849.9560081165566
849.9560081165566
849.9560081165566
849.918376227364
849.8579181909586
849.8132478032858
849.8132478032858
849.8132478032858
849.8132478032858
849.8132478032858
849.8132478032858
849.8030311366886
849.8030311366886
849.8030311366886
849.7876566053645
849.7876566053645
849.7876566053645
849.7876566053645
849.7876566053645
849.7876566053645
849.7876566053645
849.7876566053645
849.7876566053645
1148.7331311443631
1067.5712455435616
1038.898385530833
1021.4715396216693
972.3657477143533
972.3657477143533
972.3657477143533
972.3657477143533
972.3657477143533
972.3657477143533
957.101304944094
957.101304944094
945.830198561525
945.830198561525
939.0329562667648
932.0406732624338
918.9090879276584
908.9933981888191
908.9933981888191
905.4236890861474
905.4236890861474
896.0424220342949
896.0424220342949
886.4829426461157
886.4829426461157
881.6056772410332
878.181013289541
877.1981158494003
877.1981158494003
875.6363024924956
873.5289771154697
872.45416604872
870.9895154978271
869.765818956963
869.765818956963
868.841118996965
868.0946515120404
866.8291833560197
866.1566779559342
865.4056340660878
865.4056340660878
864.9957262699862
864.305021238327
863.2358471790645
862.4151000681863
862.4151000681863
862.2820141985561
862.2820141985561
862.2820141985561
861.8791498330647
861.830073257096
861.7400636639861
861.5107806019589
861.5107806019589
861.1716615066962
861.1063257134186
861.1007245376517
861.1007245376517
860.99701643612
860.99701643612
860.9945700477754
860.9277914655656
860.8898987144668
860.8898987144668
860.8898987144668
860.8898987144668
860.8898987144668
860.8532104782493
860.8532104782493
860.8409129746548
860.824704459517
860.824704459517
860.824704459517
860.8113775079544
860.8113775079544
860.8113775079544
860.7945236194151
860.7945236194151
860.7945236194151
860.7945236194151
860.7945236194151
860.7772909292837
860.7772909292837
860.7772909292837
860.7719363136231
860.7719363136231
860.7719363136231
860.7719363136231
860.7719363136231
860.7719363136231
860.7719363136231
860.7719363136231
860.7719363136231
860.7540208940302
860.7540208940302
860.7540208940302
860.7540208940302
860.7540208940302
860.7540208940302
860.7540208940302
860.7540208940302
860.7540208940302
1148.7331311443631
1094.900635271847
1045.8321775769032
1036.0958764212626
1011.78860590926
1002.8889449940402
989.4751110711406
989.4751110711406
986.5143984812132
972.6999716995541
972.6999716995541
972.6999716995541
972.6999716995541
964.4321861362929
955.6709394901486
955.6709394901486
924.2731409922302
924.2731409922302
924.2731409922302
916.5783335510042
916.5783335510042
916.5783335510042
916.5783335510042
905.8625005478476
904.0729252781263
902.6318179211685
896.4488332986004
894.4009491505425
888.3509618404398
888.3509618404398
875.1942208338764
875.1942208338764
875.1942208338764
871.1949566087914
869.1290650803764
869.0284706050163
863.0155666956475
859.2347839029356
857.9782843492786
857.1763973524892
854.6574409244238
854.6574409244238
852.8884188594149
852.2281561100807
850.6776218847349
850.1260061509079
848.0717539632789
847.7190396511089
847.7190396511089
846.7627385140601
846.6180698729842
846.2333466699208
845.4425216363215
845.4425216363215
845.4425216363215
845.1656349384044
844.759408232257
844.7189715156284
844.6750003617105
844.5933540118665
844.4770421282292
844.4258166404305
844.4258166404305
844.2587291904899
844.2014806172226
844.2003395696373
844.1079759525757
844.1079759525757
844.1079759525757
843.9875764965094
843.9875764965094
843.9875764965094
843.9875764965094
843.9875764965094
843.9875764965094
843.9875764965094
843.9523306235866
843.9070091090248
843.9070091090248
843.9070091090248
843.9070091090248
843.8904986920318
843.8892862903338
843.8892862903338
843.8798659961548
843.8798659961548
843.8798659961548
843.8798659961548
843.8798659961548
843.8760052327863
843.8760052327863
843.8760052327863
843.864390896285
843.864390896285
843.864390896285
843.864390896285
843.864390896285
843.8446943398658
843.8446943398658
843.843928449887
843.843928449887
843.843928449887
843.843928449887
843.8402280192078
843.8402280192078
843.832398804283
843.832398804283
843.832398804283
843.832398804283
843.832398804283
843.832398804283
843.832398804283
843.832398804283
843.832398804283
843.8319879465969
843.8319879465969
843.8319879465969
843.8319879465969
843.8319879465969
843.8319879465969
843.8319879465969
843.8319879465969
843.8319879465969
1148.7331311443631
1082.1889284370236
1033.978359981977
1011.2140363511875
993.8105806274699
986.4624764153763
976.8980471752259
976.8980471752259
976.8980471752259
976.8980471752259
976.8980471752259
963.508767617222
963.508767617222
963.508767617222
962.923147151492
955.5418818290307
955.5418818290307
955.5418818290307
955.5418818290307
955.5418818290307
955.5418818290307
943.6128806109703
930.488072507149
930.488072507149
930.488072507149
926.5324835949345
921.3560617112444
921.3560617112444
918.6364752513325
918.6364752513325
910.3659344594514
892.1186406826785
885.5547129174
883.7803483206484
883.7803483206484
883.3086638945168
881.8099217217268
873.7941219387957
872.8742369080435
872.8742369080435
870.8109740915278
867.0881894386166
866.6438507119426
865.1082213516994
864.3339811789066
863.8290713466249
863.8290713466249
863.8275048103397
861.0934517639738
860.2812953348965
860.2812953348965
860.1764111388909
859.814871315341
859.3563702987278
859.3563702987278
859.1432323695242
858.610989775153
858.610989775153
858.610989775153
857.6964831386945
857.6964831386945
857.6964831386945
857.4094577456835
857.4094577456835
857.3562354065529
857.3562354065529
857.2628743609666
857.1967215691234
857.1967215691234
