1052.6739954297143
1026.4096345399098
983.9665757082582
983.9665757082582
983.9665757082582
983.9665757082582
983.9665757082582
983.9665757082582
983.9665757082582
976.566228228049
976.566228228049
976.566228228049
958.69432530593
957.7526438444455
957.7526438444455
942.4937061508324
936.6758692541333
936.226404578394
936.010683023838
934.7771547778825
931.6491603553912
928.6817048550699
918.3122533929953
912.5637417521983
909.4688054672685
909.4688054672685
908.529380549852
901.3957823246581
896.6298474297606
891.2304336215943
891.2304336215943
891.2304336215943
885.2060128520152
885.2060128520152
885.2060128520152
885.2060128520152
881.8633516099642
881.134754232654
879.711804504267
879.6377873015454
877.9097176412753
877.2853567542855
876.8708106766865
876.8708106766865
876.4809309589675
876.0146101648058
875.7729777037206
875.7015828619368
875.5693326947046
874.88874427722
874.8612218459627
874.8028758262309
874.3339207622312
874.2946933140695
874.2149129659956
874.2149129659956
874.1554410218952
874.0916367803026
874.028468764548
874.028468764548
873.807698105505
873.807698105505
873.807698105505
873.807698105505
873.7844302969173
873.7844302969173
873.7844302969173
873.7635069504813
873.7370318483779
873.7370318483779
873.7370318483779
873.7370318483779
873.7370318483779
873.7368064067651
873.7368064067651
873.7368064067651
873.731621253964
873.731621253964
873.7209279342862
873.7209279342862
873.7209279342862
873.7061341996274
873.7061341996274
873.7061341996274
873.7061341996274
873.7061341996274
873.7061341996274
873.7061341996274
873.7061341996274
873.7061341996274
873.7008961573548
873.7008961573548
873.7008961573548
873.7008961573548
873.7008961573548
873.7008961573548
873.7008961573548
873.7008961573548
873.6926344069738
873.6926344069738
873.678737487262
873.678737487262
873.678737487262
873.678737487262
873.678737487262
873.678737487262
873.678737487262
873.678737487262
873.678737487262
1111.4736376281212
1077.8803192083947
1001.3516628169309
1001.3516628169309
983.4077696412005
983.4077696412005
983.4077696412005
968.675088030933
956.5262026900173
956.5262026900173
954.8944197291548
953.4233177868016
953.4233177868016
952.7527481214602
951.7029415389957
945.7796812645693
945.1749240316913
945.1749240316913
939.908416615661
929.8377469437867
929.8377469437867
929.8377469437867
923.688084849578
923.688084849578
923.3895598022841
920.5060290731775
914.6847349959394
913.8915611474258
908.8326452889373
905.5754011186385
899.058632425715
899.058632425715
887.8145147376073
886.9622521682313
886.9622521682313
886.4199358184384
876.3533547869758
874.7720348138698
871.5130206787277
869.6691238145768
867.8210560307334
867.1007286238591
867.1007286238591
863.8165445061736
860.4915799659475
860.4915799659475
859.7875790157477
858.5894351729976
856.9082866396493
856.6640748029815
856.6640748029815
856.6408382122428
856.6408382122428
855.411503461446
855.2806983108386
854.6317186328849
854.4718457419416
853.6643590944124
853.3010239071791
853.1097900597382
852.8196756454812
852.5784754525547
852.1020287520082
851.7652343297929
851.7247377991041
851.7247377991041
851.6214082095352
851.4077533068245
851.3386095302964
851.3386095302964
851.2651967795659
851.2651967795659
851.2651967795659
851.2222586342506
851.1285941512955
851.1285941512955
851.1148833485644
851.1131358332248
851.0406957438614
851.0406957438614
851.0095974293378
851.0095974293378
850.9137320696362
850.9015910912034
850.9015910912034
850.8912511159263
850.8912511159263
850.8842734997413
850.8842734997413
850.8842734997413
850.8822221340206
850.8822221340206
850.8601154802008
850.8601154802008
850.8601154802008
850.8601154802008
850.8357603243664
850.8357603243664
850.8357603243664
850.8357603243664
850.8357603243664
850.8357603243664
850.8357603243664
850.8357603243664
850.8311989680672
850.8311989680672
850.8311989680672
850.8311989680672
850.8311989680672
850.8311989680672
850.8311989680672
850.8311989680672
850.8311989680672
850.8208591777342
850.8208591777342
850.8208591777342
850.8208591777342
850.8208591777342
850.8208591777342
850.8201424144598
850.8201424144598
850.8201424144598
850.8168465153024
850.8168465153024
850.8168465153024
850.8168465153024
850.8168465153024
850.812494296452
850.812494296452
850.812494296452
850.812494296452
850.812494296452
850.8088459743162
850.8088459743162
850.8088459743162
850.8088459743162
850.8088459743162
850.8088459743162
850.8088459743162
850.8088459743162
850.8088459743162
1111.4736376281212
1068.055271453013
1039.7033739452024
1021.6039894963643
1007.5899255988538
985.1847992603905
985.1847992603905
973.0010364313555
973.0010364313555
973.0010364313555
953.0504114024345
953.0504114024345
953.0504114024345
953.0504114024345
953.0504114024345
953.0504114024345
929.7693210117089
929.7693210117089
929.7693210117089
924.4980675431482
924.4980675431482
924.4980675431482
922.1271416702078
914.5139288767148
911.1525329137125
911.1525329137125
911.1525329137125
908.4561908108748
908.0283660497366
908.0283660497366
908.0283660497366
903.4938358785762
892.1125889824232
887.9436080500267
887.8834093618171
882.2863455054407
876.6077486308211
876.6077486308211
876.6077486308211
875.2224144754364
869.1555449715111
868.9364142129886
868.273084452949
864.9579046474167
864.0416443224977
862.7938907600874
862.0455579020222
861.5517732563229
861.0359966229139
860.185334069889
860.185334069889
858.5935542487618
858.5935542487618
858.5935542487618
858.5935542487618
858.0036837425945
857.692961033857
857.5726441747024
857.4510817916799
857.2032156044174
857.2032156044174
857.0928932727688
856.9361728154428
856.9361728154428
856.9361728154428
856.8984012277936
856.8984012277936
856.8984012277936
856.8290879721428
856.8290879721428
856.8290879721428
856.8285643188758
856.8285643188758
856.812719455722
856.812719455722
856.7997356143712
856.7997356143712
856.7997356143712
856.7997356143712
856.7813761321864
856.7813761321864
856.7813761321864
856.7813761321864
856.7813761321864
856.7813761321864
856.7813761321864
856.7813761321864
856.7785377734962
856.7785377734962
856.7785377734962
856.7785377734962
856.7785377734962
856.7785377734962
856.7785377734962
856.7785377734962
856.7709938106698
856.7709938106698
856.7709938106698
856.7709938106698
856.7709938106698
856.7709938106698
856.7709938106698
856.7709938106698
856.7709938106698
1111.4736376281212
1047.1487954056731
1011.5832462675975
1011.5832462675975
982.8070700577705
982.8070700577705
982.8070700577705
982.8070700577705
982.8070700577705
982.8070700577705
975.8993879749927
975.8993879749927
930.1174346117646
930.1174346117646
930.0846507894071
930.0846507894071
930.0846507894071
914.5743419551286
904.9786808316805
904.9786808316805
898.9568478806174
897.3620198377863
893.486776254133
892.7327918635308
892.4135683930743
892.4135683930743
889.6287613849337
886.5988140477363
886.5988140477363
886.5988140477363
886.2131692712821
883.5037946026291
882.7945708390288
881.012374719959
881.012374719959
880.9886718479231
879.8205195884855
879.8205195884855
879.8205195884855
878.6549209403796
878.5899385820227
878.5899385820227
878.5822933647358
878.2214144985713
877.782568583666
877.5940387637945
877.4601421251793
877.3913770324394
877.2872599293307
877.1932945015647
877.0526992252762
877.0526992252762
877.0526992252762
876.9370771519293
876.9006060138107
876.9006060138107
876.810679798217
876.810679798217
876.810679798217
876.8026779895606
876.8026779895606
876.7896652558687
876.7896652558687
876.7874921048877
876.7874921048877
876.7280550156923
876.7280550156923
876.7049301973802
876.7049301973802
876.7014370182128
876.7014370182128
876.6874253064083
876.6874253064083
876.6874253064083
876.6874253064083
876.6874253064083
876.6874253064083
876.6874253064083
876.6874253064083
876.6874253064083
1111.4736376281212
1059.1006485192747
1012.5278739923585
975.6669103977829
975.6669103977829
975.6669103977829
975.6669103977829
975.556107001876
957.1425845218155
957.1425845218155
948.4667685556481
948.4667685556481
944.1071048001984
942.0283132534076
942.0283132534076
942.0283132534076
925.6708009676248
901.595715448801
901.595715448801
901.595715448801
901.1702464739083
901.1702464739083
891.6883273146971
891.0970155472653
887.6522766821765
887.6522766821765
887.6522766821765
879.4849085531923
874.2679143557398
869.3620366864533
869.3620366864533
864.3731009309795
864.3731009309795
862.3098899299649
860.2759135019242
857.8228663117685
857.8228663117685
856.8158369598738
854.0915952989501
853.4864294231007
852.4941567302188
851.8327650133023
850.5599444673264
850.5599444673264
849.7797388809923
849.1731695999094
848.9392632415463
848.9146403321258
848.9146403321258
848.5176970762305
848.5100337396661
848.4551296521452
848.3556253239951
848.259294384013
848.1672620823826
848.1672620823826
848.1672620823826
848.0532010308891
847.9806939145101
847.9566738634568
847.9566738634568
847.9349511603734
847.9207890418695
847.9207890418695
847.8517256731024
847.8517256731024
847.8517256731024
847.8517256731024
847.8517256731024
847.8517256731024
847.8517256731024
847.8517256731024
847.8517256731024
1111.4736376281212
1061.8174745031115
1019.314955618363
1014.6038524763967
1012.4598313617812
1003.5384634018609
972.6310358538224
972.6310358538224
972.6310358538224
943.7936721879855
943.7936721879855
943.7936721879855
926.7230732106391
926.7230732106391
914.8425458367851
907.2247458691372
907.2247458691372
907.2247458691372
898.1726074708142
898.1726074708142
887.0437222076548
885.6891908339335
881.2140363369313
881.2140363369313
868.214353544836
862.4257244399008
862.4257244399008
862.4257244399008
860.1232462383579
857.7231449763656
856.9351354132724
855.6519072091871
852.6558064380802
850.95712196108
850.0625121901783
849.2284671245218
848.8922209900692
848.6822405883936
848.0120110374419
848.0120110374419
847.6097747969809
847.0074957212593
847.0074957212593
846.5222376509608
846.3500175918042
845.7918767206842
845.7918767206842
845.2378587234709
845.2378587234709
845.2378587234709
845.0308933060752
844.9037479986913
844.9037479986913
844.7433025184815
844.6635141274461
844.6337058304929
844.56193921681
844.5327392579454
844.4076684708823
844.4076684708823
844.2978787094606
844.1686878272538
844.1686878272538
844.1686878272538
844.1686878272538
844.0034222595424
843.981321122062
843.981321122062
843.954444029299
843.954444029299
843.8936270082035
843.8936270082035
843.8936270082035
843.8936270082035
843.8936270082035
843.8886827255518
843.8886827255518
843.8886827255518
843.8736540807992
843.8736540807992
843.8736540807992
843.8419711479221
843.8419711479221
843.8419711479221
843.8419711479221
843.8419711479221
843.8419711479221
843.8419711479221
843.8419711479221
843.8419711479221
1111.4736376281212
1081.2747809011303
1029.1827058585889
1003.7025218672659
985.3128018838822
957.5858988395761
957.5858988395761
957.5858988395761
957.5858988395761
957.5858988395761
956.5902533275566
956.5902533275566
934.0715951617287
934.0715951617287
922.2515883167586
922.2515883167586
909.2659659516486
909.2659659516486
909.2659659516486
905.3994421061973
891.9209166554721
890.0883884190629
881.9286442755712
872.5406554892245
866.944169039991
861.3355276280099
857.2336825160287
857.2336825160287
852.3085715187182
851.641417246131
850.5902191214703
850.4934930467227
848.2508310162983
847.0751601701935
847.0751601701935
846.7119328062377
845.9079647163753
845.6824069500357
845.4913366021983
844.7306190797473
844.7306190797473
844.7306190797473
844.4867000200004
844.4741529266894
843.8993297980393
843.8993297980393
843.7021933658698
843.5955361345266
843.4501725652464
843.3677064313595
843.3677064313595
843.2268534842724
843.2268534842724
843.2196235852211
843.1019456974093
843.0866620642886
843.0587973878331
843.0587973878331
843.0338000148175
843.0338000148175
842.9688526389031
842.9688526389031
842.9274730649471
842.9274730649471
842.8989211685522
842.8933225649278
842.8933225649278
842.8933225649278
842.8933225649278
842.8933225649278
842.8933225649278
842.8933225649278
842.8788952098988
842.8788952098988
842.8779952858766
842.8779952858766
842.8779952858766
842.8779952858766
842.8779952858766
842.8779952858766
842.8779952858766
842.8779952858766
842.8779952858766
1111.4736376281212
1043.9123881193161
1021.5596550266907
1014.6925928574465
985.6483213710724
980.0728483629041
980.0728483629041
951.3376947967688
944.1968151476086
944.1968151476086
940.7597299171788
940.7597299171788
906.9130924019686
906.9130924019686
903.0842659752635
901.5410194616092
901.5410194616092
901.5410194616092
898.4101768285631
888.2199439935249
887.4880390058772
877.8322567595508
875.7678314021558
864.6382383093728
864.6382383093728
864.6382383093728
863.7517429658492
862.4359734371106
862.4359734371106
860.0631538999859
857.7179012894761
856.7342338824213
853.664651040954
853.664651040954
852.6006539799639
852.0635595877943
851.2926171334024
851.2926171334024
850.8112321337605
850.5194201179656
850.3838485356473
849.7007636939464
849.6961648048059
849.2941725507197
849.1075076070105
848.9221502361235
848.9221502361235
848.9221502361235
848.356616627768
848.356616627768
848.32642207096
848.32642207096
848.2658668233281
848.0576360899694
848.0576360899694
847.9119362665438
847.9119362665438
847.9119362665438
847.9119362665438
847.9119362665438
847.8797177951297
847.8623212056968
847.8623212056968
847.8623212056968
847.8614401668341
847.8614401668341
847.8417127626578
847.8417127626578
847.8417127626578
847.8328320134495
847.8328320134495
847.8328320134495
847.8277350948188
847.8277350948188
847.8254279335457
847.8254279335457
847.8254279335457
847.8254279335457
847.8254279335457
847.8254279335457
847.8254279335457
847.8254279335457
847.8254279335457
1111.4736376281212
1068.8325979684737
1019.2165361903161
988.3072069486407
960.3113544613836
960.3113544613836
960.3113544613836
960.3113544613836
960.3113544613836
941.454558285212
941.454558285212
934.0360163194487
924.9505314862342
919.7404129499967
911.9838711396247
911.731183818682
911.731183818682
904.1531950750534
893.2664868358785
889.5222795922863
876.5998902481591
876.4647246102204
876.4647246102204
876.4647246102204
872.1523515617879
869.7113373132103
869.7113373132103
868.2993162352952
863.7738672930691
858.0820616227975
856.7106145873511
854.109116112829
853.8953811020746
850.4141654092235
848.2908737849943
848.2908737849943
847.3604351810372
845.3949017541116
844.1200523209279
843.7284290825701
843.6652341829792
843.5399024287633
842.9862735282096
842.8814218964981
842.7285667295688
842.7285667295688
842.1810403206932
841.7697695943028
841.7569826956093
841.7212504720258
841.7073594282223
841.5041812938667
841.2022821689653
841.2022821689653
841.1345641906616
841.1345641906616
841.0664904903618
841.0075982340965
840.9714133209545
840.9714133209545
840.895729393804
840.895729393804
840.895729393804
840.872610541924
840.872610541924
840.872610541924
840.872610541924
840.872610541924
840.8688324408175
840.8688324408175
840.866250578377
840.866250578377
840.8632614680859
840.8632614680859
840.8632614680859
840.8632614680859
840.8632614680859
840.8610849238477
840.8610849238477
840.8610849238477
840.8610849238477
840.8610849238477
840.8610849238477
840.8610849238477
840.8610849238477
840.8610849238477
1111.4736376281212
1066.1208680724008
992.7059756084332
992.7059756084332
946.8362228642832
946.8362228642832
946.8362228642832
946.8362228642832
946.8362228642832
943.2274801128416
941.1719994167636
941.1719994167636
924.9480951966516
923.8127983844266
923.8127983844266
921.7301690092343
909.7958543070785
904.9539369211128
904.9539369211128
893.9381719555952
889.3963415474002
872.7771394319749
872.7771394319749
872.7771394319749
870.8962446210139
867.9613618831138
866.2794333332768
862.7832646576481
859.593620462789
858.0192075493854
856.1245701077519
855.0600337786801
853.2461578521779
852.1678985795126
850.186502313812
850.186502313812
849.2708557077202
848.4358389943578
847.5412977295917
847.5412977295917
847.1868203766605
846.0064722866927
845.277830445944
844.8180554286541
844.7566222553911
844.4292576058156
844.4086257723145
844.0756873401081
843.9249366911502
843.6528217930555
843.5224259286341
843.2765539097624
843.1049202034878
842.9554170211788
842.6345737764941
842.3913028358797
842.2093168610257
842.2093168610257
842.2081183974065
842.1501623826834
842.1501623826834
842.1023833938538
842.0802589915145
842.074064317226
842.070137070941
842.070137070941
841.9913952569354
841.9913952569354
841.9913952569354
841.9913952569354
841.9453874728576
841.9453874728576
841.8859994543851
841.8859994543851
841.8859994543851
841.8859994543851
841.8859994543851
841.8859994543851
841.8786771953652
841.8786771953652
841.8786771953652
841.8786771953652
841.8786771953652
841.8786771953652
841.8786771953652
841.8786771953652
841.8786771953652
1111.4736376281212
1060.6655194606942
1014.8439324378563
1001.2924365125202
987.4699488832753
987.4699488832753
987.4699488832753
987.4699488832753
987.4699488832753
987.4699488832753
987.4699488832753
960.2009168737861
960.2009168737861
960.2009168737861
952.7294429093522
941.5470046932278
940.0617981223568
935.9443860423862
926.1592499602873
926.0746733685677
926.0746733685677
926.0746733685677
923.3513306414808
918.939489941975
911.7618854596194
893.6834624269381
893.3483797126812
893.3483797126812
892.5396409914711
891.460328274786
891.460328274786
889.8017270365018
886.4797828202516
884.3860064992058
883.9748311585884
882.1132524234185
881.0926854612351
880.936861218118
879.4020762877658
879.1778529821095
879.1778529821095
878.0193601151293
878.0193601151293
877.6733949570161
877.4887404266783
876.7475470712204
876.268459525105
875.9117631408574
875.5643031622341
874.8745651737272
874.7529008510439
874.5429686078636
874.3549139598674
874.3549139598674
874.332542372561
874.332542372561
874.1699156791698
874.1699156791698
874.1699156791698
874.0991289397836
874.0991289397836
874.0465204875377
873.9045429063682
873.8516742120805
873.8516742120805
