1050.548076828864
1048.0347866406075
976.4455384268716
976.4455384268716
976.4455384268716
976.4455384268716
971.3638967210845
971.3638967210845
971.3638967210845
971.3638967210845
971.3638967210845
955.5208834229968
955.5208834229968
955.5208834229968
949.6152862930495
927.0909969187638
926.1910493385636
926.1910493385636
920.9619699947419
920.3136138637874
920.3136138637874
918.3371421548159
911.7635370398727
910.2719541023308
903.8636899738229
900.528251453209
900.528251453209
899.8840647285841
897.5891275899078
892.0601286159824
884.8129624767039
883.9217528863106
883.9217528863106
880.9368463034547
874.162590804243
872.2699882525653
870.7277231083737
869.867772661803
868.07520656154
865.8685983826904
865.8685983826904
865.4129829082273
864.486344249728
864.486344249728
864.3159947574698
863.8849843722323
863.8849843722323
863.8849843722323
863.8028566977106
863.5125070981928
863.0330298665483
863.0330298665483
862.5277873952873
862.3022150161139
862.3022150161139
862.1082586690128
861.628324322767
861.4211159347027
861.4211159347027
861.4198212067978
861.29561798247
861.29561798247
861.196185053253
861.0659576677604
860.8603084615995
860.8603084615995
860.8603084615995
860.8603084615995
860.8526557574153
860.8526557574153
860.8038949465808
860.8038949465808
860.8038949465808
860.7950074144464
860.7950074144464
860.779489992747
860.779489992747
860.779489992747
860.7774945027852
860.7774945027852
860.7774945027852
860.7459012363264
860.7459012363264
860.7459012363264
860.7459012363264
860.7459012363264
860.7459012363264
860.7459012363264
860.7459012363264
860.7459012363264
1105.450133207166
1062.1083692857212
1030.5681533525876
999.782009849074
999.782009849074
999.782009849074
999.782009849074
999.782009849074
999.782009849074
999.782009849074
999.782009849074
993.5835754417807
986.6254386916769
984.5518153964606
974.5766939472643
966.1863769432489
966.1863769432489
963.7676281854735
957.6891130728645
956.6139548848267
956.6139548848267
956.323372113822
955.1575902685789
951.9486048105094
948.3952812671455
948.3952812671455
948.3952812671455
939.9261701207184
939.5537177869139
939.5537177869139
937.6702050984281
933.9464359588444
931.9962090435002
931.9962090435002
931.6212349411644
930.1303866589444
929.7053264678507
929.7053264678507
929.5519546952052
929.5519546952052
928.7515315459093
927.8476964386235
927.8476964386235
927.8037160903766
927.6936206507767
926.9762414196698
926.0646962211981
926.0646962211981
925.6875647091464
925.4576787587886
924.9318266087951
924.1552060891813
923.8545208197286
922.9302695803831
920.9882330124861
918.7440956842856
918.2325108165558
916.703299868147
913.6148333663394
911.7061792543966
909.3343093794855
907.6375317729003
906.779774515947
905.7759549131118
904.6030303176508
903.6743549413779
902.9198330408424
902.1161487299657
902.0968839116467
901.6487917539602
900.96224411958
900.4287957357392
900.423285674507
900.1316543645667
900.0635690773707
899.5972121492479
899.4081173217431
899.4081173217431
899.2711059096945
899.1621273894128
899.1621273894128
899.1621273894128
899.0164933848718
899.0089034286023
898.8632145741151
898.8632145741151
898.8083633128273
898.8083633128273
898.7849165938866
898.7583322048715
898.7474413887933
898.7451644634679
898.6365635451178
898.6365635451178
898.6365635451178
898.6364339609196
898.6364339609196
898.6364339609196
898.6364339609196
898.6364339609196
898.6364339609196
898.6364339609196
898.6364339609196
898.6312965463643
898.6312965463643
898.6312965463643
898.6183514166863
898.6183514166863
898.6183514166863
898.6067308201561
898.6067308201561
898.5809278287578
898.5809278287578
898.5809278287578
898.5809278287578
898.5681387251688
898.5681387251688
898.5681387251688
898.5681387251688
898.5681387251688
898.5681387251688
898.5681387251688
898.5681387251688
898.5681387251688
1105.450133207166
1048.709921425143
1030.403527408991
1012.5396143404347
977.9259482334305
947.150560247256
947.150560247256
947.150560247256
947.150560247256
937.5331629086421
937.5331629086421
937.5331629086421
935.7919602571117
923.2374101455316
922.2542368088821
914.6403872761161
902.2611160460956
897.7353666237371
893.4828556149026
884.8615794417228
877.2491065187431
877.2491065187431
877.2491065187431
869.77171242397
866.164013210535
859.1542851069441
857.406367476083
857.310109551803
856.1861749541645
855.4380983847984
854.6096893538428
854.3474330876917
853.5536130666463
853.2033116244643
850.952255690736
850.952255690736
850.7503903938837
850.1831972290986
849.6203929764405
849.6203929764405
847.3603643349071
847.3603643349071
847.2016946346021
847.0015065510072
847.0015065510072
845.8818412524776
845.5185921840891
845.5185921840891
845.2871601309532
844.8746091474545
844.5033106660549
844.5033106660549
844.0063116998645
843.6982238890675
843.6074342669375
843.6056023080575
843.6056023080575
843.3894053511052
843.2497524439126
843.2497524439126
843.2129586261804
842.9645349559914
842.9645349559914
842.9645349559914
842.9645349559914
842.9645349559914
842.9645349559914
842.9210578538124
842.8967342550018
842.8967342550018
842.8967342550018
842.8967342550018
842.8967342550018
842.8967342550018
842.8967342550018
842.8967342550018
842.8643818125904
842.8643818125904
842.8643818125904
842.8643818125904
842.8643818125904
842.8643818125904
842.8643818125904
842.8643818125904
842.8643818125904
1105.450133207166
1067.037596655287
1031.2623275587644
984.3359608849702
984.3359608849702
956.4146463254837
956.4146463254837
956.4146463254837
943.9382364111148
925.6723867476913
925.6723867476913
909.7437058535909
909.7437058535909
909.7437058535909
909.7437058535909
909.7437058535909
899.5145369109148
895.6334627481319
885.8996383219437
883.4768034612932
883.0780527757142
877.1217532259459
874.09836823868
866.3564169270044
860.0213436250175
860.0213436250175
856.8297517978658
856.8297517978658
856.8297517978658
851.793140646949
849.8933237033139
849.8933237033139
848.673055750262
847.4026486573824
847.4026486573824
846.0273494298254
843.6490076078037
842.3664522845008
841.6964693616665
841.1876531987343
840.5020677017064
840.1636497110368
839.7841966445479
839.0911465476495
839.0911465476495
838.3608361272586
838.2802742352537
838.2589252342619
838.2589252342619
838.1245750349898
837.6231473321394
837.4758261044302
837.434432178403
837.3744522218461
837.3484948306732
837.1815831828699
837.1815831828699
837.1815831828699
837.1552665213984
837.13426531202
837.13426531202
837.0480368474354
837.0480368474354
837.0480368474354
836.9911353565045
836.9911353565045
836.9881543212139
836.986689270823
836.9574271188685
836.9574271188685
836.9570862487149
836.9325028438961
836.9325028438961
836.9325028438961
836.9041726267517
836.9041726267517
836.9041726267517
836.9041726267517
836.9041726267517
836.9041726267517
836.9041726267517
836.9041726267517
836.9009732508845
836.9009732508845
836.8883974035408
836.8883974035408
836.8883974035408
836.8883974035408
836.8755682708455
836.8755682708455
836.8755682708455
836.8755682708455
836.8755682708455
836.8755682708455
836.8755682708455
836.8755682708455
836.8755682708455
1105.450133207166
1052.9770314852453
1043.75855745389
1015.4489958878942
990.6808973143632
990.6808973143632
962.0697680415287
962.0697680415287
962.0697680415287
946.9782565818256
946.9782565818256
946.9782565818256
946.9782565818256
937.9635075985714
919.8676891402966
919.8676891402966
919.8676891402966
919.8676891402966
911.8223850280843
911.8223850280843
904.68579267632
901.815743318225
896.6691084126343
892.5402829307003
892.5402829307003
887.5860420414288
881.8293161754763
874.9140781311773
870.8032415317839
869.6270180714331
869.51033584403
869.51033584403
865.4671267207322
865.4671267207322
865.4671267207322
865.1804863497684
864.393062960487
864.393062960487
863.612495895355
863.4628401371235
862.8372281334391
862.8372281334391
862.8372281334391
862.5229260557095
862.5026361333519
862.5026361333519
862.4206986299804
862.4110062001912
862.4110062001912
862.2254956420754
862.1641117788793
862.1080556695814
862.088657897653
862.088657897653
861.9478695516885
861.9478695516885
861.9478695516885
861.9469118146611
861.9469118146611
861.8969452765318
861.896282343303
861.896282343303
861.7960292379526
861.7960292379526
861.7751288196392
861.7751288196392
861.7562215777043
861.7562215777043
861.7562215777043
861.7562215777043
861.7562215777043
861.7562215777043
861.7562215777043
861.7562215777043
861.7562215777043
1105.450133207166
1048.757565160198
1007.6456055090808
1001.9390708493214
978.4800128482757
949.02969719427
949.02969719427
949.02969719427
946.1681526060918
906.8474051294211
906.8474051294211
906.8474051294211
906.8474051294211
906.8474051294211
879.9989111945328
878.2259507713947
877.9425239204999
877.5549805370235
877.5549805370235
867.9709364619316
863.772403991244
863.772403991244
858.1843651969102
853.953202506922
851.866105709278
849.4815802012398
847.7117542355965
847.2587445247577
844.3692191732247
842.6618612362888
841.9251656853029
839.9181636145386
839.5565482327513
839.1334542859416
838.4923823786178
837.5730519384623
837.5730519384623
837.5730519384623
837.4039721573225
837.0665770940084
836.7430540548793
835.8379100784114
835.5126219636583
835.5126219636583
835.4918192260717
835.3081538727953
835.1818244669139
835.1702033618159
835.1247653769623
835.1247653769623
835.0690525864026
835.0384699846511
835.0384699846511
834.9885230386546
834.9885230386546
834.9591460580374
834.9468005818692
834.9468005818692
834.9468005818692
834.9468005818692
834.9390313201989
834.9390313201989
834.9390313201989
834.9363647702852
834.9363647702852
834.9363647702852
834.9337030492376
834.9337030492376
834.9273112963
834.9273112963
834.9194560930017
834.9194560930017
834.916194700608
834.916194700608
834.9067212775338
834.9067212775338
834.8930976151199
834.8930976151199
834.8930976151199
834.8930976151199
834.8930976151199
834.8930976151199
834.8930976151199
834.8930976151199
834.8871458442043
834.8871458442043
834.8871458442043
834.8871458442043
834.859909131674
834.859909131674
834.859909131674
834.859909131674
834.859909131674
834.859909131674
834.8509084692707
834.8509084692707
834.8509084692707
834.8509084692707
834.8509084692707
834.8509084692707
834.8509084692707
834.8509084692707
834.8509084692707
1105.450133207166
1041.5143350055453
1018.0507939330232
974.6546417825531
974.6546417825531
955.7979162679758
955.7979162679758
955.7979162679758
946.376629885048
946.376629885048
946.376629885048
939.5464541576526
933.6941560791802
933.6941560791802
933.6941560791802
933.6941560791802
925.5231887464422
925.5231887464422
908.4907211798451
902.6058105426521
902.6058105426521
892.1417197438734
892.1417197438734
880.3134464736335
868.5501778383548
862.0832452094253
862.0832452094253
858.6663779941908
857.657479065077
857.657479065077
853.0969643118065
849.1355516035463
848.8658753729089
845.4683415997013
842.97295141189
841.381360032778
839.6916103969053
839.2158002976245
838.7971083756692
838.7971083756692
838.7712464764309
838.684724994024
838.65661287585
838.1548442805545
838.1548442805545
837.988434171507
837.9192365108299
837.4035343553755
836.573724846517
836.573724846517
836.5091376830889
836.053193530498
836.053193530498
835.7395100175344
835.7031145958107
835.7031145958107
835.5733078216316
835.4346866772963
835.3819011863282
835.2188593939004
835.2188593939004
835.2188593939004
835.1225199549517
834.9748891054496
834.9622140603759
834.9622140603759
834.9622140603759
834.9622140603759
834.9622140603759
834.9622140603759
834.9102621090229
834.9102621090229
834.9102621090229
834.901541368808
834.901541368808
834.901541368808
834.901541368808
834.901541368808
834.901541368808
834.901541368808
834.901541368808
834.901541368808
1105.450133207166
1034.494222708362
999.9775028306952
975.2588574346281
975.2588574346281
975.2588574346281
975.2588574346281
967.6245053471523
967.6245053471523
967.6245053471523
964.671863452251
964.671863452251
960.8198863326594
952.365801463729
952.365801463729
948.5773551355715
929.1633845383799
925.2977554703359
922.9194179167658
922.9194179167658
922.9194179167658
922.9194179167658
916.6956006876185
916.6956006876185
914.1037393754939
909.0615829685664
909.0615829685664
908.0519258319941
901.3834157191568
900.8625825294516
900.8625825294516
898.222153559895
893.4135269276671
887.918088522689
879.2851603971369
874.4414689197203
874.4414689197203
874.4414689197203
871.5796081873649
871.5796081873649
871.5339503705829
866.3781007857236
864.5841386123788
864.2493390720692
862.7870821809324
862.7870821809324
861.0606521440424
860.4862169514
860.4862169514
860.4862169514
859.173610675792
859.1126022068198
859.1126022068198
858.9100589498141
858.6991879804542
858.6991879804542
858.4349180802257
858.4349180802257
858.2293308161015
857.9543904318882
857.7985413323281
857.5108499148514
857.5108499148514
857.5108499148514
857.4045715920543
857.3661995878998
857.2794052419468
857.2448659593418
857.2410156160654
857.2410156160654
857.0169641636355
856.997380737878
856.997380737878
856.9755855317064
856.9609823475474
856.9136392351187
856.9136392351187
856.9136392351187
856.9136392351187
856.9116795813324
856.9035088746796
856.8994009424375
856.8914485223034
856.8914485223034
856.8719879928342
856.8346172836236
856.8346172836236
856.8281054874371
856.8281054874371
856.8281054874371
856.8281054874371
856.8281054874371
856.8281054874371
856.8222892268196
856.8222892268196
856.8222892268196
856.8222892268196
856.8222892268196
856.8222892268196
856.8025280614212
856.7934176846007
856.7934176846007
856.7934176846007
856.7934176846007
856.7934176846007
856.7934176846007
856.7934176846007
856.7934176846007
856.7934176846007
856.7702148091006
856.7702148091006
856.7702148091006
856.7702148091006
856.7702148091006
856.7702148091006
856.7702148091006
856.7702148091006
856.7702148091006
1105.450133207166
1066.8191779948309
1009.8974446086175
1009.8974446086175
978.9007509767546
978.9007509767546
978.9007509767546
978.9007509767546
978.9007509767546
978.9007509767546
978.9007509767546
972.3762101055418
967.8139604381731
967.8139604381731
961.4254014408706
955.4921463105511
953.317550198149
953.317550198149
953.317550198149
940.4343394292214
940.4343394292214
940.4343394292214
923.2365233548339
914.0609574714339
914.0609574714339
914.0609574714339
913.2337689450867
909.7592681818942
908.2441196947251
903.7684233021248
897.9241947312528
891.7883413217197
887.0259449552002
887.0259449552002
881.5005968675176
880.630367980365
878.520546272177
878.520546272177
877.7095536801197
872.8853492307154
871.0643777448684
870.4234223932854
870.4234223932854
870.2920463078325
869.0979693407475
867.7718995397319
867.7718995397319
867.7718995397319
867.2739225328887
866.9490742552598
865.9526599114872
865.7381812636554
865.4520329025873
864.9496587966393
864.5942321221941
864.5942321221941
864.5837384953958
864.4765494900348
864.4765494900348
864.4765494900348
864.1788502014888
864.0413147984801
864.0413147984801
863.909146169382
863.8991796840365
863.8903845726178
863.8903845726178
863.8779218767722
863.8690528103976
863.8690528103976
863.8690528103976
863.8536926192659
863.8536926192659
863.8308237093189
863.8308237093189
863.8246263880588
863.8246263880588
863.8246263880588
863.8118676031073
863.8118676031073
863.791741224559
863.791741224559
863.786011464935
863.786011464935
863.7799686355019
863.7799686355019
863.7799686355019
863.7799686355019
863.775457829561
863.775457829561
863.773808598002
863.773808598002
863.7630780619098
863.7630780619098
863.7630780619098
863.7630780619098
863.7630780619098
863.7547931112231
863.7547931112231
863.7363025740661
863.7363025740661
863.7363025740661
863.7363025740661
863.7363025740661
863.7363025740661
863.7363025740661
863.7363025740661
863.7363025740661
1105.450133207166
1058.0329686041898
1016.8073548579505
1016.8073548579505
996.0131081251069
984.6611126826766
984.6611126826766
961.5001591320165
961.5001591320165
961.5001591320165
961.5001591320165
936.7401964217279
936.7401964217279
936.7401964217279
936.7401964217279
930.2349631827403
915.5101383613614
915.5101383613614
910.3433423958614
906.1354027944078
906.1354027944078
903.0989678420697
902.6116807589704
902.6116807589704
899.0127153724662
893.8577018084986
889.9690319400743
885.9892191554547
885.2404741298792
881.2038582487702
878.0201669630503
875.8396544692857
874.5449570438315
871.6681519147876
868.3488280503798
868.3488280503798
866.3515931872644
865.2620355308802
865.222687022672
863.9096741460634
863.1305131283013
861.73622899022
858.3956146496126
858.3956146496126
858.3956146496126
858.3956146496126
858.1594216460137
857.2825879578456
857.0545063268362
855.8410510174864
855.8410510174864
855.8410510174864
855.25278719034
854.6465226591206
854.3662477753741
854.1136093838536
853.6974487402655
853.58996611055
853.5281705194669
853.487060910481
853.2774482507502
853.2774482507502
853.1939469323719
853.1939469323719
853.0802667631295
853.0623226410472
852.9467375378376
852.9467375378376
852.937014510945
852.937014510945
852.9341893670339
852.9155514633121
852.9155514633121
852.8904553285386
852.8877171879179
852.8372135767929
852.8372135767929
852.8327997673271
852.8327997673271
852.8327997673271
852.8327997673271
852.8231364218844
852.8231364218844
852.8231364218844
852.81028194454
852.81028194454
852.8072016622552
852.8072016622552
852.8072016622552
852.8072016622552
852.7984994906155
852.7984994906155
852.7984994906155
852.7984994906155
852.7984994906155
852.7984994906155
852.7984994906155
852.7984994906155
852.7984994906155
852.7814187184719
852.7814187184719
852.7814187184719
852.7814187184719
852.7814187184719
852.7814187184719
852.7814187184719
852.7814187184719
852.7814187184719
1105.450133207166
1045.1462102702972
1026.8340839646912
992.6387460015549
992.6387460015549
961.5365445447648
961.5365445447648
961.5365445447648
961.5365445447648
961.5365445447648
932.8135736241327
