1104.268061170817
1024.499447980125
1007.0274361616948
997.6114533824712
993.67405248032
993.67405248032
990.8790662878279
990.8790662878279
990.8790662878279
967.0681764401597
956.8561814544671
956.8561814544671
941.8231374962859
941.8231374962859
925.7299141915948
925.7299141915948
907.7143234432533
907.7143234432533
907.7143234432533
906.9438631290182
901.444846439205
901.0113716742303
898.5979834318939
893.8819686369013
893.8819686369013
892.8252568753051
891.7682359213422
883.278269896946
878.1067193362941
878.1067193362941
876.0828910147999
876.0828910147999
873.9859070602946
873.9859070602946
873.3013242378174
869.4400507981521
868.0980614484356
866.907176620377
866.907176620377
866.907176620377
865.2113820855907
864.28524281827
863.8261622601218
863.8261622601218
863.8261622601218
862.6228236721399
862.485840268614
861.9128875488947
861.4912535278726
861.3158023512718
860.9531635924003
860.7719123311479
860.5017171242434
860.4653407250546
860.3053129541764
860.082194737768
859.9653296349545
859.9653296349545
859.9485305928054
859.9071553254798
859.9071553254798
859.9071553254798
859.8765929954903
859.8739087003723
859.8332145777009
859.8009065637846
859.8009065637846
859.8009065637846
859.8009065637846
859.8009065637846
859.7614592824584
859.7614592824584
859.7614592824584
859.7614592824584
859.7614592824584
859.7614592824584
859.7614592824584
859.7614592824584
859.7614592824584
1130.539324672195
1081.5291861899937
1023.6454766443902
1014.7807890886703
1014.7807890886703
1014.7807890886703
1000.8894721299835
1000.8894721299835
1000.8894721299835
1000.8894721299835
985.1350893883275
985.1350893883275
962.7555950594679
962.7555950594679
962.7555950594679
935.1156775620137
935.1156775620137
931.2180993422187
931.2180993422187
931.2180993422187
931.2180993422187
915.8804778899521
914.4652406487567
914.4652406487567
908.6442318208997
908.2055782395126
908.2055782395126
908.1156719539877
905.1392050196514
898.4872440269496
897.3596585055051
894.5098027014305
894.5098027014305
891.4958371941641
890.591904081131
889.4609332441953
889.1934008562755
888.1320471421218
887.2643592352821
886.2404901677605
885.537629450172
884.5663694733382
883.6507105367456
882.6635200746243
881.0865457055432
879.2166214083853
878.5769644830008
878.5769644830008
878.2586845960891
878.1477771053267
877.7997317059086
877.538558875747
877.4570636205259
877.4570636205259
877.3002530138795
877.2318356914677
877.2318356914677
877.0646912280059
876.9564634016486
876.9564634016486
876.9344090552987
876.9344090552987
876.8555203769725
876.8555203769725
876.805809055634
876.7651635927613
876.7651635927613
876.69481695156
876.6835080709169
876.6835080709169
876.6835080709169
876.6835080709169
876.6835080709169
876.6835080709169
876.6835080709169
876.6835080709169
876.6835080709169
1130.539324672195
1066.268764503595
1057.4144330345816
1003.000189942036
1003.000189942036
1003.000189942036
1003.000189942036
1003.000189942036
1003.000189942036
1003.000189942036
1003.000189942036
990.8007014505116
977.6264810859641
976.3114497925972
958.7096279921193
953.9284936634176
946.4955838934045
946.4955838934045
940.5672644469543
938.3760161016671
936.2224292071251
931.6405091612362
929.9992128088492
929.2711794960912
925.2168630411431
924.2086512787039
919.0634954517333
919.0634954517333
918.0830281222568
918.071689590106
918.071689590106
915.5469258695438
915.0916469546546
914.8172653757636
913.287896550757
913.287896550757
912.1485005408515
911.2451969995341
910.2676068092351
909.7265405577755
909.4391944284621
909.095314964677
908.7224518838567
908.1999133244702
908.1999133244702
908.1999133244702
907.9937048495251
907.9169858470123
907.557806343096
907.2906741901734
907.1158923580232
907.0970077408094
906.9085016689143
906.9085016689143
906.8809228453553
906.8246481490937
906.8064465509731
906.7999914353375
906.7999914353375
906.799087499447
906.799087499447
906.7325722438479
906.7325722438479
906.6867042540607
906.6867042540607
906.6867042540607
906.6336544712049
906.6336544712049
906.5673305119294
906.5673305119294
906.5673305119294
906.5673305119294
906.5673305119294
906.5673305119294
906.5540269506444
906.5540269506444
906.5540269506444
906.5540269506444
906.5298302957262
906.5298302957262
906.5294615009169
906.5294615009169
906.5237557660416
906.5237557660416
906.523206327706
906.523206327706
906.523206327706
906.523206327706
906.523206327706
906.523206327706
906.523206327706
906.523206327706
906.523206327706
1130.539324672195
1076.8269076530928
1007.7247158838659
1007.7247158838659
1007.7247158838659
1007.7247158838659
1007.7247158838659
992.4008417303245
992.4008417303245
992.4008417303245
988.8515287795494
988.8515287795494
983.0590645820446
983.0590645820446
975.3781814831818
975.3781814831818
964.9689716041735
964.9689716041735
964.9689716041735
959.0331335452388
954.1195109870886
945.1873324083905
941.735160473703
940.3480046083895
934.3493572499498
927.6052144702194
925.7845722100741
925.7454581395773
925.7454581395773
925.7454581395773
925.3950026238452
924.0255217480127
924.0255217480127
920.27751181566
917.9696082973936
917.9696082973936
917.9696082973936
915.7787763341656
912.4985101012064
912.4985101012064
910.6215532889473
910.6215532889473
909.1612937710045
907.6286775802708
907.0273563346531
906.9706317047552
906.7945595405466
906.5309905202373
905.8611499324279
905.696633425424
905.4608582741653
905.0496928177206
905.0496928177206
905.0496928177206
904.8907972898929
904.8788450962296
904.7265296414464
904.7265296414464
904.7265296414464
904.666816117812
904.666816117812
904.666816117812
904.666816117812
904.6523141758778
904.6523141758778
904.6122294960493
904.6122294960493
904.6122294960493
904.6122294960493
904.6122294960493
904.5844061388896
904.5844061388896
904.5844061388896
904.5844061388896
904.5844061388896
904.5770793554182
904.5770793554182
904.5698713725768
904.5698713725768
904.5698713725768
904.5667798490116
904.5667798490116
904.5667798490116
904.543496371514
904.543496371514
904.543496371514
904.543496371514
904.543496371514
904.543496371514
904.543496371514
904.543496371514
904.543496371514
1130.539324672195
1079.2168628727406
1054.7452710150537
1015.9126141331401
993.1906075600737
993.1906075600737
993.1906075600737
990.1668977344232
965.7723092822013
965.7723092822013
965.7723092822013
965.7723092822013
965.7723092822013
962.7719179103909
959.6192170128163
959.6192170128163
952.7823222657619
943.5121582050812
943.5121582050812
925.402198065164
925.402198065164
912.6487400132696
908.571291250042
908.571291250042
905.3535854295636
903.7259387911353
902.779526672206
900.6541918547659
897.8813235114127
891.4578248323692
891.4578248323692
884.8575114921196
884.8575114921196
879.8985006146484
877.2948493809668
877.2948493809668
874.422174874679
874.0638404993258
873.856899873241
873.7120382681834
873.3829412327619
873.3829412327619
872.8241757642608
872.5626364204453
872.1454863881426
872.0076050730655
871.6406048613576
871.605878753338
871.605878753338
871.3916237594005
871.3611406497433
871.2868190437601
871.2156970405707
871.1663674068127
871.1553077745515
871.0790371866783
871.0790371866783
871.0002993862445
871.0002993862445
870.9664068351824
870.9061675935741
870.9061675935741
870.8248117113462
870.8248117113462
870.7970241706653
870.7970241706653
870.7606637421968
870.7606637421968
870.7606637421968
870.7606637421968
870.7606637421968
870.7606637421968
870.7606637421968
870.7368377710684
870.7368377710684
870.7368377710684
870.7212811335625
870.7212811335625
870.7212811335625
870.7212811335625
870.7212811335625
870.7150591550112
870.7150591550112
870.7150591550112
870.7150591550112
870.6966268878311
870.6966268878311
870.6966268878311
870.6966268878311
870.6966268878311
870.6966268878311
870.6966268878311
870.6912209539984
870.6912209539984
870.6912209539984
870.6912209539984
870.6912209539984
870.6912209539984
870.6912209539984
870.6912209539984
870.6912209539984
1130.539324672195
1069.5652032715075
1042.2130734062305
1032.6217924318103
998.3479084811561
998.3479084811561
998.3479084811561
990.3169776509784
990.3169776509784
990.3169776509784
990.3169776509784
988.0529299548392
988.0529299548392
982.4575379206627
974.2255021546882
974.2255021546882
943.7476089433222
943.7476089433222
943.7476089433222
938.1175071636459
930.5717547545004
924.1990204170411
912.7899357020008
909.1581828920484
907.6344043836241
907.6344043836241
904.9229303543843
898.8263470597577
897.9809387410402
894.8249543403024
892.2597541473594
892.0096813785635
891.6317123739308
891.541377859496
890.7519710384349
889.968942193735
889.3482250743255
888.3541391443687
887.8403537945935
885.7173945206501
885.4666097350447
884.7035476171593
884.7035476171593
884.1477192183825
882.6870473152262
881.9619402284778
881.9619402284778
881.8868730218622
881.8868730218622
881.8389205385229
881.5382797297016
881.5382797297016
881.2095239500653
881.1970455487407
881.170776276653
881.0477808613059
881.0477808613059
881.0339925470894
880.9848662021882
880.9576048868666
880.9576048868666
880.8657704282692
880.8657704282692
880.8223734904956
880.8019941271202
880.8019941271202
880.7865914375819
880.7865914375819
880.7663024993388
880.7663024993388
880.7600780604148
880.7600780604148
880.7600780604148
880.7559733746701
880.7559733746701
880.7226189468133
880.7226189468133
880.7226189468133
880.715518248784
880.6928514430263
880.6928514430263
880.6928514430263
880.6557969860983
880.6557969860983
880.6424963385053
880.6424963385053
880.6424963385053
880.6424963385053
880.6424963385053
880.6424963385053
880.6424963385053
880.6424963385053
880.6424963385053
1130.539324672195
1078.751733143669
993.8408929430598
993.8408929430598
993.8408929430598
992.4615844802131
992.4615844802131
992.4615844802131
992.4615844802131
992.4615844802131
967.8025550736484
957.2472313475586
957.2472313475586
957.2472313475586
952.8626338562772
948.6760896310524
946.6060291933302
941.2823191372087
938.266298846884
938.266298846884
938.266298846884
935.4689124360752
932.29984281648
930.152151371763
930.152151371763
927.4225823206482
924.934375948869
922.1927811842731
919.5202306654796
919.5202306654796
916.5854566678449
913.2815441343078
912.0431434102693
911.3735164985042
911.0160083688596
910.9635581919565
909.0073946569029
908.0854141033656
907.8578393221778
906.8559352214877
906.8559352214877
905.7918295961905
904.753754016942
904.5579619939517
904.5579619939517
904.3606661010898
903.6533481672686
903.6533481672686
903.2994679268553
903.1226190536788
903.0775872100533
903.0775872100533
902.8552358084456
902.8552358084456
902.7813619172068
902.7813619172068
902.7667576597257
902.7667576597257
902.7667576597257
902.7624636032128
902.7328441831453
902.7328441831453
902.6966838873963
902.6548838526681
902.6548838526681
902.6251136492803
902.5983984000145
902.5983984000145
902.5886941469438
902.5886941469438
902.5886941469438
902.5886941469438
902.5886941469438
902.5834415495357
902.5834415495357
902.5834415495357
902.5834415495357
902.5772845657411
902.5772845657411
902.5724038265616
902.5724038265616
902.5724038265616
902.5578472327363
902.5578472327363
902.5578472327363
902.5578472327363
902.5578472327363
902.5578472327363
902.5578472327363
902.5578472327363
902.5578472327363
1130.539324672195
1078.7295363978133
1036.907885669466
1009.0513785677675
1006.369650425645
1006.369650425645
1005.3351036770232
970.6430059936262
970.6430059936262
970.6430059936262
955.8574468057827
955.8574468057827
953.2363087887044
953.2363087887044
953.2363087887044
953.2363087887044
953.2363087887044
953.2363087887044
935.4608638436266
935.4608638436266
927.7100118508185
927.7100118508185
923.0360591504668
923.0360591504668
923.0360591504668
915.6849019511783
906.5901861713257
903.3092839858363
903.3092839858363
901.0159576669896
891.9924807038439
884.7692512817456
880.784142555937
878.7538245195359
869.9098497083603
868.8646128320155
865.5758456015598
858.3808577417652
857.5216125905156
855.702608493176
852.8055248249225
852.0764996582644
850.4734385808973
850.4734385808973
849.6527227020891
849.6527227020891
848.3852934910864
846.5893643959141
846.5893643959141
845.4909430341411
845.4909430341411
844.9309155237896
842.7965825332625
842.01212230698
841.8359675633319
841.8359675633319
841.1164240248826
841.1164240248826
840.5575847639012
840.5575847639012
840.5575847639012
840.3813656485697
840.0561105936277
839.9704126632304
839.9704126632304
839.8930900731715
839.8930900731715
839.8930900731715
839.6273098301245
839.4299002874218
839.3573959817996
839.197673269585
839.197673269585
838.9246883687799
838.9246883687799
838.9246883687799
838.9246883687799
838.9084100683324
838.9084100683324
838.8954038121485
838.8954038121485
838.8843043590143
838.8843043590143
838.8843043590143
838.8592002455636
838.8592002455636
838.8592002455636
838.8592002455636
838.8592002455636
838.8592002455636
838.8592002455636
838.8592002455636
838.8592002455636
1130.539324672195
1087.9150922987874
1003.0126640180441
1003.0126640180441
1003.0126640180441
1003.0126640180441
990.0529335581526
990.0529335581526
990.0529335581526
990.0529335581526
990.0529335581526
983.2863367237275
971.0458195219767
971.0458195219767
963.9961499937151
952.01591958211
952.01591958211
952.01591958211
947.6320765728069
947.6320765728069
947.6320765728069
939.9660493211869
935.317474146957
929.3056161385923
927.7554651395675
924.8751654121328
920.8268660167347
920.8268660167347
920.8268660167347
917.5155562363514
915.3469203865709
910.9137771351205
910.9137771351205
909.6451365825553
909.0441999470022
908.6631361170274
907.4097337992595
906.8863208975771
905.8746577775372
905.6719326288345
905.2087838755983
904.7837064352157
904.4546598744648
903.8422971262866
903.4859693256902
903.0441836254575
902.4185903891076
902.3026583198366
902.1120155280126
902.0356977140458
901.6944404806997
901.6116514844405
901.4446541307196
901.3445583322007
901.3445583322007
901.1714482939183
901.0685442499504
901.0685442499504
900.9924917377236
900.9185560927633
900.771396560518
900.771396560518
900.7486607400105
900.7486607400105
900.7486607400105
900.6982173491398
900.6982173491398
900.6982173491398
900.644821842666
900.644821842666
900.641249377373
900.641249377373
900.641249377373
900.6314060707059
900.6314060707059
900.5865072885182
900.5865072885182
900.5827519395519
900.5827519395519
900.5827519395519
900.5827519395519
900.5827519395519
900.5827519395519
900.5827519395519
900.5827519395519
900.5827519395519
1130.539324672195
1090.9852251826003
1034.781754175096
1025.7537772437126
980.3034683075155
980.3034683075155
974.5784414717921
974.5784414717921
974.5784414717921
950.0982554342128
950.0982554342128
950.0982554342128
950.0982554342128
950.0982554342128
950.0982554342128
938.114894540249
934.9633621250655
914.3892926370952
914.3892926370952
914.3892926370952
913.0682252497406
906.7948939606433
902.2522700765454
902.2522700765454
894.5076132631923
886.7210231920645
886.5952640811313
885.5582211773732
883.91980934539
880.6121682276206
879.537943320748
879.4712168606115
876.1151453749342
871.2649420877229
867.9473197030675
866.5780697559462
864.6345459091449
864.4123723841466
863.3192627733541
861.6552157498703
861.0312556934282
860.0984294730356
859.9218287382186
858.7046218914387
858.383703029871
857.6788122259535
857.4430717448793
857.3731570450428
857.0929803234142
857.0048760503875
856.6719736762691
856.6109277844924
856.5000796388904
856.5000796388904
856.5000796388904
856.2837308777672
856.1522642492073
856.1522642492073
856.1029920882524
856.1029920882524
856.0849868316994
856.0129846329937
856.0056990436011
856.0056990436011
855.9897375846859
855.9609926018674
855.8479075104407
855.8479075104407
855.8479075104407
855.8479075104407
855.8479075104407
855.8202684054621
855.8202684054621
855.8202684054621
855.8007289039471
855.8007289039471
855.8007289039471
855.8007289039471
855.8007289039471
855.8007289039471
855.7835072081449
855.7835072081449
855.7835072081449
855.7835072081449
855.7835072081449
855.7835072081449
855.7835072081449
855.7835072081449
855.7835072081449
1130.539324672195
1084.5323738275224
1040.4860077778058
1024.580503177981
1020.2115496176002
1008.7535666918059
987.5041123901307
987.5041123901307
987.5041123901307
974.1871003138813
974.1871003138813
974.1871003138813
967.0199642814314
962.9818313617052
949.5097325552383
949.225481071386
949.225481071386
938.2797535330938
926.1880710052187
922.9721309823932
918.6038565988213
918.5154055708554
915.4376762560491
915.4376762560491
906.9389459487772
890.421643104117
884.8881411740829
884.8881411740829
882.448881029298
875.454185209682
875.454185209682
872.5340023388295
869.0910666480013
864.4337514682163
863.870552579951
863.870552579951
861.9775159372139
861.643970291117
860.0298244760961
858.5975904733465
856.3820153811854
855.7897969881363
855.110041623039
854.0551556825102
853.1755739366773
853.1755739366773
853.1755739366773
852.589494388687
852.267072335352
852.1303641813658
852.0136044036036
851.8026101280616
851.4499739223655
851.4499739223655
851.4499739223655
851.3703073429848
851.3703073429848
851.2120674905494
851.152799762142
851.152799762142
851.0577131004723
851.0577131004723
851.0507843803337
851.0507843803337
850.9685998035684
850.914365557751
850.914365557751
850.914365557751
850.892922711535
850.8813948739635
850.8813948739635
850.8813948739635
850.8698624428442
850.8698624428442
850.8698624428442
850.8542821750544
850.8542821750544
850.8542821750544
850.8156124134698
850.8156124134698
850.8156124134698
850.8156124134698
850.8156124134698
850.8012013021938
850.8012013021938
850.8012013021938
850.8012013021938
850.8012013021938
850.8012013021938
850.8012013021938
850.8012013021938
850.8012013021938
1130.539324672195
1063.6331667093016
1056.0366920693573
1047.2028162150073
1019.2010777941275
1012.4300105859153
1012.4300105859153
1012.4300105859153
1012.4300105859153
1012.4300105859153
1008.2596875366996
1007.228707113454
1007.228707113454
1007.228707113454
963.4587131059255
