1043.6086515662937
1019.2517484864977
1016.2860592352808
1014.0781243391509
985.4621961537106
985.4621961537106
985.4621961537106
975.3922239269838
975.3922239269838
970.3150894744384
970.3150894744384
970.3150894744384
970.3150894744384
970.3150894744384
964.8751245049251
947.1503818906037
947.1503818906037
947.1503818906037
947.1503818906037
946.6870623961162
941.3479767469107
941.3479767469107
941.3479767469107
941.3087941754261
927.8199732987707
927.8199732987707
927.8199732987707
920.9994856796244
914.028558643987
908.8713947031162
905.4842404902455
892.9605798860251
892.9605798860251
892.9605798860251
872.0821536997746
868.4633110051266
868.4633110051266
868.4633110051266
867.309782366877
867.2497347707462
866.4759132735378
864.3734527879424
864.3734527879424
862.1583723287367
862.1583723287367
859.6879254195998
857.6264811402826
857.2407667324999
855.6665326981921
854.6591900503626
854.6591900503626
854.6591900503626
853.918426465845
853.5037610089112
853.0527431071224
852.7858773269244
852.7858773269244
851.6895093298339
851.3347877655949
850.9684182868518
850.9684182868518
850.5907612624861
849.3013037021088
849.3013037021088
849.3013037021088
849.0012014138307
848.8151476346948
848.673354321761
848.673354321761
848.5696903327295
848.3377681875688
848.233356479192
847.8982156936861
847.7790595578654
847.6409877619174
847.6409877619174
847.4602095210176
847.1979932588574
847.1979932588574
847.1979932588574
847.1578001757533
847.0695122600429
847.0131985006783
847.0131985006783
847.0131985006783
846.9723155454722
846.9723155454722
846.9723155454722
846.969043467951
846.9618521521138
846.9527075314107
846.9527075314107
846.9142909903313
846.9142909903313
846.9142909903313
846.9142909903313
846.878310022319
846.878310022319
846.878310022319
846.860431281058
846.860431281058
846.860431281058
846.8394292993834
846.8394292993834
846.8394292993834
846.8394292993834
846.8394292993834
846.8394292993834
846.8394292993834
846.8394292993834
846.8394292993834
1064.4754742140863
1048.5609929391637
1023.313187023988
999.7113574359822
950.7749476683979
950.7749476683979
950.7749476683979
950.7749476683979
950.7749476683979
941.0339553345311
936.5997532377914
936.5997532377914
935.4410656194384
935.4410656194384
922.5446482556855
915.87536386134
902.3436541126314
887.255690163138
882.8535121178354
873.162004116955
873.162004116955
870.6857915641255
870.5598657962171
868.8046519591707
867.083125560799
861.6580061223167
861.3161427116606
861.3161427116606
859.322536389222
852.7865693789955
850.983229952409
847.5535204164919
845.422936418464
845.422936418464
844.2341567495674
841.7120985515542
839.9949025836855
839.9949025836855
837.7024485255997
837.1411733878963
837.1411733878963
836.9199578216097
836.4781977469432
836.2682459289761
836.2682459289761
835.8383253255105
835.0101133576487
834.5415454631861
834.5325279022265
834.2941840461863
834.1066761054407
834.1066761054407
834.0540059251921
833.9162004020818
833.8109983853784
833.8109983853784
833.6757354596896
833.6714895333954
833.1792529621716
833.1792529621716
833.1792529621716
833.1444703639143
833.1420383804873
833.1188089596328
833.1188089596328
833.1188089596328
833.018728766908
832.9852995491339
832.9852995491339
832.9774338771628
832.9774338771628
832.9774338771628
832.9455784069683
832.9455784069683
832.9320824302413
832.9320824302413
832.9229938613302
832.9229938613302
832.9229938613302
832.9067674408454
832.9067674408454
832.9067674408454
832.9067674408454
832.9014117878314
832.9014117878314
832.9014117878314
832.9014117878314
832.9014117878314
832.9014117878314
832.9014117878314
832.9014117878314
832.9014117878314
1064.4754742140863
1036.6957562049631
994.6169760494498
994.6169760494498
994.6169760494498
994.6169760494498
994.6169760494498
994.6169760494498
955.0727761122688
955.0727761122688
954.2042714980382
954.2042714980382
950.2252432140323
935.8639134254929
933.0839921526903
933.0839921526903
933.0839921526903
930.5192080386953
927.6411615768254
924.2356528039536
919.5412063150388
915.3668713600391
912.8199758560245
910.4667159884496
909.1526701158961
903.8364549743728
901.3303522784424
901.3303522784424
900.6377336983977
900.6377336983977
900.145577366445
900.145577366445
898.8064269159571
897.4077527634898
896.9547359396117
896.9547359396117
896.3433413274969
896.0267485567165
894.5370259379519
893.0492716014337
892.768132869151
890.805041706038
890.6344047406865
890.4182979911965
890.0565470370772
889.2273296708923
888.6174140391987
888.6174140391987
888.6174140391987
888.2979720094162
888.1022055027186
887.9298602624382
887.768908073698
887.7263224723641
887.666381463814
887.666381463814
887.476293090371
887.3680838191983
887.2093593530709
887.1480317456525
887.0441978913223
887.0441978913223
886.9400529358172
886.9400529358172
886.9250232660884
886.9179791341858
886.8794430032077
886.8224657522956
886.8178865416517
886.7518902207645
886.7366745326099
886.7366745326099
886.7366745326099
886.6947984649041
886.6947984649041
886.6947984649041
886.6947984649041
886.6800572729106
886.6800572729106
886.6542139221174
886.6542139221174
886.6542139221174
886.6542139221174
886.6542139221174
886.6542139221174
886.6542139221174
886.6493378995195
886.6493378995195
886.6376485101669
886.6376485101669
886.6305162497217
886.6305162497217
886.6192681984528
886.6192681984528
886.6192681984528
886.6192681984528
886.6192681984528
886.6192681984528
886.6192681984528
886.6192681984528
886.6147858212644
886.6147858212644
886.6147858212644
886.6147858212644
886.6147858212644
886.6147858212644
886.6147858212644
886.6147858212644
886.6147858212644
1064.4754742140863
1064.4754742140863
1018.9777374485905
989.5781705106335
973.2347120276936
973.2347120276936
967.2002888902416
967.2002888902416
956.4556254671113
956.4556254671113
956.4556254671113
956.4556254671113
956.4556254671113
943.7810169889325
940.3061609130833
940.3061609130833
936.7681193491143
931.1087464414109
931.1087464414109
921.8776354819495
910.0404544803439
910.0404544803439
905.1889972586002
902.7823234732538
898.0638418284693
890.5105755117155
889.6689280048286
884.6318849372457
883.4827883800479
876.1904072321003
874.3165128692308
871.589011365608
870.381069461173
867.9946192119704
867.9496266116549
865.7820256246691
864.7654475826005
864.7654475826005
864.6410258820378
864.1699554118064
863.4808342993351
862.3104019799592
861.598466842321
861.0200359112998
860.8401256409715
860.0775645316685
860.0775645316685
860.0053484953613
859.7808700998322
859.7808700998322
859.6095583992299
859.5115747460752
859.3484783362114
859.3484783362114
859.1910848637586
859.0341287365343
859.0341287365343
859.0114712241424
858.9469824818591
858.9469824818591
858.8408973157178
858.8408973157178
858.8408973157178
858.8408973157178
858.8255515102134
858.8255515102134
858.7996127983977
858.7996127983977
858.7996127983977
858.7996127983977
858.7996127983977
858.7829565393015
858.7829565393015
858.7829565393015
858.7829565393015
858.7829565393015
858.7829565393015
858.7829565393015
858.7656241909606
858.7656241909606
858.7567390121217
858.7567390121217
858.7567390121217
858.7567390121217
858.7567390121217
858.7567390121217
858.7567390121217
858.7567390121217
858.7567390121217
1064.4754742140863
1064.4754742140863
1059.4340188558424
1003.5709294324965
1003.5709294324965
1003.5709294324965
975.8948793970509
975.8948793970509
975.8948793970509
975.8948793970509
975.8948793970509
970.372064327423
970.372064327423
943.5969897433823
943.5969897433823
923.5049672085544
921.4302095784335
912.0397094339559
906.0323802238712
906.0323802238712
899.4914553409485
880.4565995439071
880.109455293232
879.1638688910335
876.6867343263244
876.6867343263244
875.9749774076797
875.9749774076797
872.1416748109461
872.1416748109461
868.3368929833032
868.0847584406301
866.3224040198888
865.5154119328266
864.2791083822581
863.498856746665
862.0606006507076
861.5960814022399
861.4647805985139
860.8834753450986
860.8281972487391
860.8181625624095
860.8181625624095
860.5134409662797
860.0437057956933
860.0437057956933
860.0437057956933
859.7904099891956
859.6169863864711
859.507862676465
859.507862676465
859.4464204520256
859.2433154100869
859.229289400883
859.229289400883
859.1024394156543
859.0696381734755
859.0331989311522
859.0331989311522
858.9622971540585
858.9343723444185
858.9343723444185
858.9227202753152
858.8778668492681
858.8778668492681
858.8778668492681
858.8778668492681
858.8408644800608
858.8408644800608
858.8408644800608
858.8280987486224
858.8280987486224
858.811412611272
858.811412611272
858.8093857609175
858.8093857609175
858.8093857609175
858.8093857609175
858.798020087999
858.798020087999
858.798020087999
858.797155986199
858.797155986199
858.797155986199
858.7915080118617
858.7915080118617
858.7915080118617
858.7915080118617
858.7655295299647
858.7655295299647
858.7655295299647
858.7655295299647
858.7655295299647
858.7655295299647
858.7655295299647
858.7655295299647
858.7655295299647
1064.4754742140863
1055.8718875469365
995.7233322248233
988.717920948739
986.8227428462191
975.6887169446264
975.6887169446264
975.6887169446264
969.9260111748663
969.9260111748663
969.9260111748663
968.8442016505223
949.2821440347171
949.2821440347171
949.2821440347171
946.6627265121599
946.6627265121599
946.6627265121599
946.3493852915043
937.2180117323154
935.8571990500177
935.8571990500177
935.8571990500177
935.8571990500177
916.1162357544224
916.1162357544224
897.4446209431115
897.4446209431115
894.4986392348169
894.4986392348169
886.0868999707508
880.7472704268257
874.723313940022
871.8284067374051
870.2545924123285
868.3276279048316
867.4561684821574
867.4561684821574
864.952726061095
859.5234435975391
858.6355129204488
858.6355129204488
856.7446859655254
856.0566594891632
856.0566594891632
854.0393365505191
854.0393365505191
854.0393365505191
852.6127631479432
850.7132470134596
850.7132470134596
850.35597656304
850.1829342802758
849.356221214307
848.2166707998763
848.2166707998763
848.0703990949464
847.6938185297603
847.5182866328497
847.2919099041787
847.2919099041787
847.2919099041787
846.7934567242245
846.5494755553694
846.4284947450843
846.306585452608
846.2696150489534
846.219263662564
846.1993050596833
846.1993050596833
846.1700581676704
846.1380976867405
846.135841381943
846.1134773142248
846.0412005683776
846.0412005683776
846.0373902491377
846.0373902491377
846.0373902491377
846.0021827376108
845.912917415346
845.912917415346
845.912917415346
845.8941636375448
845.8941636375448
845.8941636375448
845.8941636375448
845.8941636375448
845.8899791094509
845.8899791094509
845.8677592426046
845.8677592426046
845.8468739331706
845.8468739331706
845.8468739331706
845.8468739331706
845.8468739331706
845.8468739331706
845.8468739331706
845.8468739331706
845.8468739331706
1064.4754742140863
1064.4754742140863
1037.7909185963917
979.3988226516719
979.3988226516719
963.6089539993225
963.6089539993225
963.6089539993225
963.6089539993225
956.9175069155953
955.9817562752669
955.9817562752669
955.9817562752669
931.6622461668825
931.6622461668825
924.1071262232836
924.1071262232836
924.1071262232836
910.6738763489545
899.8647419186098
891.9846378369824
891.9846378369824
885.7399931616453
878.827270328964
878.2246418844584
876.8163766028059
876.8163766028059
873.1505547203315
871.8835840810243
871.8835840810243
870.1788311188027
864.6623863871952
859.9149736132136
855.9198075711447
855.1825048233409
854.751271086801
854.751271086801
853.4788005950887
852.2350407019126
851.5716709771946
851.268053825275
850.8480633625984
849.8196516272243
849.3075217107488
848.9051303685492
848.9051303685492
848.5535750459496
848.1841718595887
848.0019451882199
847.7557225798223
847.7557225798223
847.7283003868406
847.4834460328788
847.2240265099676
847.1788009726622
847.1788009726622
847.1258099068615
847.1258099068615
847.1258099068615
847.0350094944381
846.9778580756233
846.9778580756233
846.9721547463463
846.9721547463463
846.931225411843
846.931225411843
846.8936997810827
846.8936997810827
846.8936997810827
846.8936997810827
846.8936997810827
846.8936997810827
846.8936997810827
846.8936997810827
846.8488545062316
846.8488545062316
846.8460626554714
846.8460626554714
846.8460626554714
846.8460626554714
846.8460626554714
846.8460626554714
846.8460626554714
846.8460626554714
846.8460626554714
1064.4754742140863
1046.7622950966133
1015.6247667392408
965.0687967964592
964.7849196823663
952.6707969469215
952.6707969469215
952.6707969469215
951.9278035565686
951.9278035565686
951.9278035565686
951.9278035565686
950.2257955008581
937.8115569268098
937.8115569268098
932.1039395654041
932.1039395654041
931.9011634489232
931.9011634489232
931.9011634489232
931.9011634489232
917.1115394817829
917.1115394817829
917.1115394817829
898.1567301845846
891.3340149740454
872.3807465711582
872.3807465711582
872.3807465711582
872.3807465711582
863.3630000231282
863.3630000231282
863.3630000231282
860.8558077864311
860.8558077864311
855.5390978808571
854.0625297729853
850.4838981127592
849.3427180183032
847.5755297301326
846.4267125940818
846.0622115448568
845.7757741529073
845.2457197726088
845.0041582935775
844.233144781839
843.9640902781243
843.9640902781243
843.5462693957757
843.4281481974944
843.4281481974944
843.4281481974944
843.316275943245
843.24417282624
843.166367020114
843.1211520029129
843.1167162691431
843.1167162691431
843.1028742504145
843.1028742504145
843.1028742504145
843.0984588160711
843.0279224095573
842.9806554323975
842.9047795666202
842.9047795666202
842.9047795666202
842.9047795666202
842.9047795666202
842.9041598067447
842.9041598067447
842.9041598067447
842.9041598067447
842.9041598067447
842.9041598067447
842.8635945546631
842.8635945546631
842.8635945546631
842.862644528878
842.862644528878
842.862644528878
842.8428189992815
842.8428189992815
842.8428189992815
842.8348574576539
842.8348574576539
842.8348574576539
842.8348574576539
842.8348574576539
842.8348574576539
842.8348574576539
842.8348574576539
842.8348574576539
1064.4754742140863
1026.6884153120886
1022.5814988753343
997.7896481097071
995.6013453734348
982.4654439963556
982.4654439963556
982.4654439963556
941.8067794756317
941.8067794756317
941.8067794756317
941.8067794756317
941.8067794756317
941.8067794756317
941.8067794756317
931.3157506231926
931.3157506231926
928.6037525734253
917.0162482492038
903.9955799993432
902.7078989717518
898.483756786837
898.483756786837
897.4505042902878
896.1391339979791
896.1391339979791
895.2046259961187
894.4909468835368
888.0735675988701
882.4437455571884
881.8704742183425
881.8704742183425
875.0140218744356
873.0556901329002
867.1654268428694
867.1654268428694
864.2236103536105
862.204118666681
861.2433430336968
860.3877446106188
857.0937804498769
856.7593011735132
856.7593011735132
855.4950820512868
855.4950820512868
854.3844189002727
854.2405704794295
854.2405704794295
853.7024525086717
853.2154925221804
853.0609473054419
852.9574917171415
852.8513583625846
852.6407097866706
852.465687028509
852.4306628349706
852.4132305993957
852.2597629814016
852.2597629814016
852.1390136188868
852.0885234097298
852.0618828836111
851.9709174125795
851.9709174125795
851.9423198561418
851.9423198561418
851.9392823491258
851.9392823491258
851.9326920960951
851.9052498501612
851.9052498501612
851.894735925888
851.894735925888
851.894735925888
851.8699184995626
851.8419157995125
851.8419157995125
851.8419157995125
851.8202582428034
851.8202582428034
851.8091498126718
851.8091498126718
851.8091498126718
851.8091498126718
851.8091498126718
851.8091498126718
851.8091498126718
851.8091498126718
851.8091498126718
851.8051027297819
851.8051027297819
851.8051027297819
851.8051027297819
851.8051027297819
851.8051027297819
851.7934926105667
851.7934926105667
851.7934926105667
851.7934926105667
851.7934926105667
851.7934926105667
851.7934926105667
851.7934926105667
851.7934926105667
1064.4754742140863
1023.4712684627958
1007.3546811796964
999.6280956835842
990.0972845707909
990.0972845707909
986.5651320299692
986.5651320299692
978.3112416843785
967.3447841944918
955.1167553195135
955.1167553195135
953.2861159038357
946.7582104724343
946.262604476472
931.3800178670676
924.060493224075
916.2746834396185
916.2746834396185
912.7479924637302
908.6517281206254
905.1239695255425
901.3400289128601
895.8437909492125
893.8014435553815
886.972453366468
879.9771617724675
876.7361098115057
870.2523364425821
865.9330617239116
861.2332084119315
860.7690250962239
860.7690250962239
860.7690250962239
859.5871550039642
857.8612230840869
856.8265093598193
856.3019594698645
855.9393913963983
855.5130934943862
855.5130934943862
854.8264258601654
854.8264258601654
854.8264258601654
854.3632730070765
854.0079949445117
853.662639200132
853.662639200132
853.5293245516489
853.4343771427084
853.2963964663288
853.2664023600446
853.1536995662752
853.0516819129508
853.0516819129508
853.0516819129508
853.0329270580922
853.0329270580922
853.0139563639357
853.0016839065556
852.9538547216445
852.9392194510443
852.9392194510443
852.9307868819187
852.9090982734348
852.8351015935175
852.8351015935175
852.8351015935175
852.8351015935175
852.8351015935175
852.8351015935175
852.8351015935175
852.8351015935175
852.8351015935175
1064.4754742140863
1064.4754742140863
1009.3681886520751
994.4018304751385
994.4018304751385
994.4018304751385
980.4847562411768
939.2373165901563
939.2373165901563
939.2373165901563
939.2373165901563
939.2373165901563
933.6503682906462
931.1113647576415
931.1113647576415
929.9839046285451
929.9839046285451
923.1646224251633
923.1265212873745
922.0305867541784
915.4645233528972
914.8384606459532
911.6035104455437
903.769277731149
902.2400170322696
896.7154790608859
892.9218003429902
888.5653276465262
882.682908373118
882.0280230163381
882.0280230163381
878.844850631909
877.8352830631691
877.8352830631691
875.9521132067474
875.0982449170747
873.913825296543
873.8659326266139
872.4530546392543
872.2446306844683
871.695973818636
870.9389381969837
870.2052264914402
869.3933202068829
868.8013588200182
867.9308443815526
