1065.050082250889
1055.6517550749102
999.7616093444991
999.7616093444991
999.7616093444991
982.4539851372315
978.5863902526678
978.5863902526678
978.5863902526678
978.5863902526678
961.7724119235177
961.7724119235177
961.7724119235177
959.4892114432491
948.1217977525016
948.1217977525016
947.1027716119861
941.9915515980472
941.0401035838692
923.5440538123003
919.1882244584334
913.5075874814478
903.7791795190378
898.6149559519072
898.4872618578788
897.2407141961072
897.2407141961072
897.1288130145629
881.4289032611435
881.4289032611435
878.8083076737726
878.8083076737726
876.2237656849462
876.2237656849462
870.0754148195665
870.0754148195665
869.0671192085424
867.356442304465
865.0672550583139
865.0672550583139
864.2797954805775
863.7737794530777
863.7629945087832
862.9200203567658
862.7417690038656
862.6554583921279
861.409082290534
860.8625985733867
860.3259099498565
859.5782223945063
858.7402810967642
858.7402810967642
858.7402810967642
858.2360593609052
857.982400208025
857.955725524811
857.7771481420167
857.6702172495544
857.6139796989647
857.4998648708548
857.4998648708548
857.3957924726302
857.3588582144127
857.2321233666617
857.1056630340322
857.1056630340322
857.1056630340322
857.1056630340322
856.974293872024
856.9247793783297
856.9247793783297
856.9173083835401
856.9173083835401
856.9156974914081
856.8637691356402
856.8637691356402
856.8637691356402
856.8567892773748
856.8567892773748
856.8567892773748
856.8567892773748
856.8347173317023
856.8347173317023
856.7878833766713
856.7878833766713
856.7878833766713
856.7752268085973
856.7752268085973
856.7752268085973
856.7549918885053
856.7549918885053
856.7549918885053
856.7549918885053
856.7549918885053
856.7549918885053
856.7549918885053
856.7549918885053
856.7549918885053
1113.1948028162408
1071.6209958916806
1036.7966955946183
957.7234426484146
957.7234426484146
957.7234426484146
957.7234426484146
957.7234426484146
957.7234426484146
957.7234426484146
957.7234426484146
952.2228813484122
947.7228090231279
947.7228090231279
941.2582630257448
941.2582630257448
926.9274995707049
926.9274995707049
917.9685437001957
911.3414235640514
911.3414235640514
908.3206547282705
908.3206547282705
904.309070621981
900.0906892015815
896.1729915454841
890.1629189651823
886.7102845620082
886.7102845620082
886.7102845620082
885.8565278306656
884.5793240081185
883.250006744922
881.9204625861639
881.6160522318545
880.8311020135698
880.8311020135698
880.5005262267101
879.5823264091257
878.5986112505237
878.5986112505237
878.48319581021
878.48319581021
878.4103373192211
878.0251225406479
877.966431790592
877.7563094702964
877.7336213705028
877.3523380785739
877.3523380785739
877.0408367689715
877.0408367689715
877.0272796926982
877.000882734317
876.8913304007433
876.8913304007433
876.8913304007433
876.7915782445112
876.7915782445112
876.7915782445112
876.7650855053716
876.7650855053716
876.753627586849
876.753627586849
876.7381840609871
876.7381840609871
876.7381840609871
876.7328617299054
876.7328617299054
876.728154179835
876.728154179835
876.728154179835
876.7233637823392
876.7233637823392
876.7233637823392
876.7233637823392
876.7233637823392
876.7145400452994
876.7145400452994
876.7027161205332
876.7027161205332
876.7027161205332
876.6774593217806
876.6774593217806
876.6774593217806
876.6774593217806
876.6774593217806
876.6774593217806
876.6774593217806
876.6774593217806
876.6774593217806
1113.1948028162408
1061.0616756951902
1026.1958197628487
1020.8060650733399
992.7323490227902
985.7361733748493
985.7361733748493
985.7361733748493
985.7361733748493
956.2073540412064
956.2073540412064
956.2073540412064
941.1761881121788
932.5795914127922
931.2123578717444
931.2123578717444
930.6119928470947
923.8725982286562
914.0159418827
914.0159418827
904.2825861827539
900.7680505872088
899.7649450651221
893.691756599131
892.6043256057405
889.0880731207591
888.7737170194604
888.7737170194604
887.2480451460573
881.9932050063431
881.9932050063431
879.4014226353286
879.0822905334588
878.6398865848751
877.2663088041463
877.2663088041463
874.9298128021358
874.9298128021358
872.9569605114798
870.9408693968245
870.3851617432364
870.1032939016728
870.1032939016728
869.357142878139
868.359725469812
867.8865508418338
867.1885417465234
866.9733659199643
866.4133306613135
866.097843852768
865.482159679975
865.3793755590018
865.3113371575487
865.249948155191
865.2471962029108
864.9848096647726
864.9848096647726
864.9275661477951
864.9221975733202
864.8987287627226
864.8234468652711
864.8234468652711
864.8234468652711
864.8234468652711
864.8234468652711
864.8234468652711
864.8234468652711
864.7953275421845
864.7953275421845
864.7953275421845
864.7953275421845
864.7663036678783
864.7663036678783
864.7663036678783
864.7561329941591
864.7561329941591
864.7558275034621
864.7558275034621
864.7558275034621
864.7558275034621
864.7558275034621
864.7558275034621
864.7558275034621
864.7558275034621
864.7337286894224
864.7337286894224
864.7337286894224
864.7337286894224
864.7337286894224
864.7337286894224
864.7337286894224
864.7337286894224
864.7337286894224
1113.1948028162408
1064.9976051774506
1025.1547568143271
995.9727580769112
989.600006613726
957.6156255557298
957.6156255557298
956.2066424230459
913.5749377850194
913.5749377850194
913.5749377850194
913.5749377850194
913.1278938839407
913.1278938839407
913.1278938839407
907.7149025776583
902.959156968592
902.2910456328011
902.2910456328011
896.2682812656891
887.2619413258985
883.7395684685459
883.6907001737807
882.408137126647
882.408137126647
878.3445193739287
876.3034517943172
870.9951500716663
870.6629101244296
868.7039944453011
867.6343208840518
866.8023061102358
866.2790277453045
862.2581727944421
858.4690031853952
858.4690031853952
857.303092044569
857.303092044569
857.303092044569
855.5669871368935
854.3820145911067
852.5386884422817
852.0321208908853
851.446120421378
850.7657139765349
850.4561148059626
850.4561148059626
850.3768092688688
850.3768092688688
849.8988888242379
849.7559768857628
849.637183002117
849.4315754394231
849.3034980967457
849.3034980967457
849.2757132246619
849.1949275119744
849.076669297976
849.076669297976
849.0478812473184
849.0478812473184
849.0478812473184
848.9821462869008
848.9607088822582
848.9472138086966
848.9472138086966
848.9356461705601
848.9356461705601
848.899152544858
848.899152544858
848.899152544858
848.899152544858
848.8505887011179
848.8505887011179
848.8415298345702
848.8415298345702
848.8415298345702
848.8415298345702
848.8358763107697
848.8358763107697
848.8358763107697
848.8073777929789
848.8073777929789
848.8073777929789
848.8073777929789
848.8073777929789
848.8073777929789
848.8073777929789
848.8073777929789
848.8073777929789
848.8011205827768
848.8011205827768
848.8011205827768
848.8011205827768
848.8011205827768
848.8011205827768
848.8011205827768
848.8011205827768
848.8011205827768
1113.1948028162408
1055.7883294905487
1020.3857794231169
1005.0174580118903
933.7480544780667
933.7480544780667
933.7480544780667
933.7480544780667
933.7480544780667
933.7480544780667
918.0160651519601
905.3610168089346
904.837050896684
904.837050896684
896.3263040068442
896.3263040068442
883.7398084688642
874.5192108918799
870.868927722313
868.4791005553336
868.4068882533355
866.3280708675665
863.1000624079418
861.0078312797973
861.0078312797973
857.5808666170769
852.6978387789521
852.0248420391351
851.8382806345744
851.8382806345744
850.9486667103909
850.6525950952905
849.7690300065266
849.0527816596016
848.9255451491415
848.9112754582412
848.3529501871894
848.3529501871894
848.3529501871894
846.7801580641864
846.2673129625241
846.2673129625241
846.0522359713216
845.6645082076807
845.0880449814811
844.8244066867018
844.8244066867018
844.5775809863975
844.5775809863975
844.5775809863975
844.5049571258542
844.2809609865001
844.1805521423214
844.1805521423214
844.1805521423214
844.1352655311389
844.0033861522247
844.0033861522247
843.9379994910857
843.9379994910857
843.9379994910857
843.9379994910857
843.9379994910857
843.9155293252314
843.9155293252314
843.8789869622386
843.8789869622386
843.878927803009
843.878927803009
843.8757003920658
843.8757003920658
843.8757003920658
843.8757003920658
843.8757003920658
843.8520210338694
843.8520210338694
843.8520210338694
843.8520210338694
843.8520210338694
843.8520210338694
843.8520210338694
843.8520210338694
843.8520210338694
1113.1948028162408
1049.2931165236491
1049.2931165236491
981.6009387254736
981.6009387254736
966.5275552470343
966.5275552470343
966.5275552470343
936.2216703710467
936.2216703710467
919.9278356887187
919.9278356887187
919.8533028243604
919.8533028243604
913.3644282123057
913.3644282123057
906.8220794312142
901.1456268455986
896.9402331989047
888.9943457704036
888.843720004111
867.0517311516747
867.0517311516747
865.0246725072827
863.4110347252326
862.425496396879
861.7824805837605
859.6935382229774
854.17536239299
851.3235096354854
850.7110318974801
848.9109658935315
847.6266180299252
847.2298926528371
847.2298926528371
845.3573661802981
844.3863816318677
844.0345839569362
842.7794603489637
841.4569164177219
840.8605156742404
840.8605156742404
840.6580644967682
840.4734324382723
839.8631522020248
839.8631522020248
839.8631522020248
839.6683586244036
839.5425134794718
839.5425134794718
839.3903635705886
839.3903635705886
839.3903635705886
839.3299987189678
839.202449318156
839.202449318156
839.1034766724348
839.0995023374296
839.0995023374296
839.0746243690157
839.0746243690157
839.042306332392
839.0320089558497
839.0320089558497
838.9510793526849
838.8866831422165
838.8866831422165
838.8866831422165
838.8866831422165
838.8866831422165
838.8831125365245
838.8831125365245
838.8831125365245
838.8831125365245
838.8831125365245
838.8831125365245
838.8831125365245
838.8831125365245
838.8785123781553
838.8785123781553
838.8785123781553
838.8785123781553
838.8785123781553
838.8785123781553
838.8566427095896
838.8566427095896
838.8566427095896
838.8566427095896
838.8566427095896
838.8566427095896
838.8566427095896
838.8566427095896
838.8566427095896
1113.1948028162408
1081.381056510531
1056.553827558734
1011.2018241998205
1001.3469104096187
991.7563213522538
987.6708516001213
977.0951104861496
977.0951104861496
977.0951104861496
910.9194344890968
910.9194344890968
910.9194344890968
910.9194344890968
910.9194344890968
903.3552519093543
903.3552519093543
903.3552519093543
900.2179421244732
894.1278500365638
881.9546945219342
878.5751176290016
878.5751176290016
878.5751176290016
870.6502758067475
867.9958195468564
864.3479010315259
862.5771545346623
862.5771545346623
857.439151263383
857.439151263383
855.147616128452
854.5384552571667
854.273323981353
853.0576649485021
850.7698498908533
850.5949714923756
849.5898428316717
847.7383150083061
847.45295489302
847.3944413285559
847.3944413285559
846.8312636800302
846.6649186977471
846.6649186977471
846.4445873961946
846.0328831780456
845.8645826917037
845.691714339468
845.6572417013649
845.6572417013649
845.5302180978774
845.4331765547435
845.4331765547435
845.3059162597192
845.3059162597192
845.2004179553073
845.1570436120254
845.1570436120254
845.0580160076183
845.0580160076183
845.0467245982267
845.0467245982267
845.0467245982267
844.9776979115957
844.9709802933509
844.898243492476
844.898243492476
844.898243492476
844.8807325157438
844.8787158930558
844.8787158930558
844.8787158930558
844.8643570536743
844.8643570536743
844.8643570536743
844.8406023522199
844.8406023522199
844.8406023522199
844.8406023522199
844.8406023522199
844.8255159646806
844.8255159646806
844.8255159646806
844.8255159646806
844.8255159646806
844.8255159646806
844.8255159646806
844.8255159646806
844.8255159646806
1131.6403607511265
1071.5887098466885
1071.5887098466885
1023.1157215845728
990.0950126257434
990.0950126257434
986.3966380533182
969.4345614958709
960.7946549453433
955.4305095025379
955.4305095025379
953.8417587140685
953.8417587140685
953.8417587140685
953.8417587140685
938.3259194999838
938.3259194999838
938.3259194999838
938.3259194999838
938.3259194999838
938.3259194999838
937.3648051700377
935.8753662032276
931.9221386007055
931.9221386007055
918.0685256529484
918.0685256529484
918.0685256529484
912.9251462665019
910.0793738024324
898.7527752569514
898.7527752569514
897.0188517841113
895.869364038827
895.869364038827
891.7256280519684
883.8571261762714
883.8571261762714
881.9305423687471
878.2421230944874
870.7854643560239
869.4242745642631
868.5271946840568
867.3890998426244
867.3890998426244
863.3876213038914
863.3876213038914
863.3876213038914
862.7757257721858
861.9896873585616
860.5335249719682
859.5354864843084
859.0316478656944
859.0316478656944
857.2181541687463
854.5825946341506
854.5825946341506
853.6937704547121
853.1430345107186
853.1430345107186
852.935579769995
852.8664599625723
852.8664599625723
852.5935050359346
852.4022122841178
852.2928113553886
852.176957647271
852.176957647271
852.176957647271
852.176957647271
852.0740886206972
852.0468297827422
852.0468297827422
851.9839228444189
851.9839228444189
851.9834148075374
851.9645198618861
851.9312373544574
851.9312373544574
851.8510887025737
851.8510887025737
851.8510887025737
851.8510887025737
851.8510887025737
851.8510887025737
851.8209627979646
851.8191683277086
851.8191683277086
851.8191683277086
851.8191683277086
851.8191683277086
851.8191683277086
851.8153067793596
851.8153067793596
851.8153067793596
851.8065797302157
851.8065797302157
851.8065797302157
851.8065797302157
851.8065797302157
851.8065797302157
851.8065797302157
851.8050112166037
851.8050112166037
851.8050112166037
851.8050112166037
851.8050112166037
851.8050112166037
851.7876985345233
851.7876985345233
851.7876985345233
851.7876985345233
851.7876985345233
851.7876985345233
851.787306939841
851.787306939841
851.7721839306502
851.7721839306502
851.7721839306502
851.7721839306502
851.7721839306502
851.7721839306502
851.7721839306502
851.7721839306502
851.7721839306502
1131.6403607511265
1094.4587994528622
1041.6522041782482
1029.528914486589
1009.5632774272302
1009.5632774272302
1009.5632774272302
999.8655357603532
999.8655357603532
999.8655357603532
999.4491735945974
995.8283735572053
980.1512638661665
978.729798068551
978.729798068551
978.729798068551
964.9547531522628
958.7825463053689
956.5969193680746
955.4817438695584
955.4817438695584
948.4902359033864
947.8352026657678
947.6629577922776
947.6629577922776
947.6629577922776
939.4324901808767
935.2785696258738
935.2785696258738
935.2785696258738
929.8120818320884
926.2263355338083
919.2385208064422
917.4854106641834
916.8302572552915
913.3754611363564
912.1525974466374
906.6386580119888
906.6386580119888
906.6283745070629
906.0530095506488
904.9596098100961
902.8329132098539
902.8329132098539
901.2353699912462
900.0831004632853
900.0831004632853
899.5470767629571
899.5470767629571
899.0736056946878
897.4056683228958
897.0854133927032
896.2291171854619
895.715763918949
895.2904709173011
895.0011301320803
894.8893225528768
894.863531720966
894.3540816660006
894.2503035069687
894.2503035069687
894.0080931091957
893.7157922856433
893.7157922856433
893.5390190422938
893.4856410024205
893.1167567152867
893.0443628714214
893.0443628714214
893.0443628714214
892.9672597876288
892.8772997608338
892.8772997608338
892.823032643669
892.7299188445336
892.7299188445336
892.7121962213345
892.7121962213345
892.6995487968131
892.6995487968131
892.6478620220613
892.6399378911526
892.6399378911526
892.6399378911526
892.628819762569
892.628819762569
892.6144759647353
892.6144759647353
892.6144759647353
892.5968224636401
892.5968224636401
892.5968224636401
892.5968224636401
892.5968224636401
892.5968224636401
892.5827868057066
892.5827868057066
892.5827868057066
892.5827868057066
892.5827868057066
892.5827868057066
892.5827868057066
892.5827868057066
892.5827868057066
1131.6403607511265
1125.1902933946233
1061.8629217383473
1037.1394099730462
1022.9953888016871
1022.9953888016871
1021.6119444003212
1021.6119444003212
1021.6119444003212
1002.3708916207468
984.397692475653
984.397692475653
984.397692475653
984.397692475653
984.397692475653
984.397692475653
977.6386529867907
970.7195676260393
970.7195676260393
965.89289027325
917.8822087530509
914.9862811936653
914.9862811936653
914.9862811936653
909.924708204075
903.3714299104329
893.923312541575
890.5553392127197
890.5553392127197
890.5553392127197
888.2682455579518
887.5188063753963
885.9140795639246
884.5810428262001
882.2806036055002
882.2806036055002
882.2806036055002
881.1888457707524
880.4893267791934
878.5597503235579
878.4263013710367
877.4965763263249
877.4860725560677
876.9587002826478
876.6725191838698
875.8003684605972
874.9677077874949
874.9677077874949
874.4997621013919
874.1235881592299
874.1235881592299
874.1235881592299
873.7905955528261
873.5766905117429
873.4005921780374
873.4005921780374
873.1884477101435
873.1427131742003
873.0156050161211
872.9157771806169
872.9157771806169
872.8672206852946
872.8672206852946
872.8672206852946
872.7783684345793
872.7783684345793
872.7484503413939
872.7484503413939
872.7484503413939
872.7484503413939
872.7484503413939
872.7484503413939
872.7484503413939
872.7484503413939
872.7365486752552
872.7141386441754
872.7141386441754
872.7141386441754
872.7141386441754
872.7141386441754
872.7141386441754
872.7141386441754
872.7141386441754
872.7141386441754
872.7013705010634
872.7013705010634
872.7013705010634
872.7013705010634
872.7013705010634
872.6967452618217
872.6967452618217
872.6967452618217
872.6967452618217
872.6921350616853
872.6921350616853
872.6921350616853
872.6921350616853
872.6872696371568
872.6872696371568
872.6872696371568
872.6872696371568
872.6872696371568
872.6872696371568
872.6872696371568
872.6872696371568
872.6872696371568
1131.6403607511265
1076.6529218671808
1042.8133777187618
1033.2370092002225
972.8320043587764
972.8320043587764
972.8320043587764
972.8320043587764
972.8320043587764
969.3063959942357
960.4628096737551
960.4628096737551
945.9063981229535
939.0864194010616
936.879350810864
928.4432541863989
928.4432541863989
915.6116399745177
915.6116399745177
