1056.020557778888
1019.7607882035859
998.0029369623855
976.7731922254643
975.4737638589156
975.4737638589156
975.4737638589156
959.971389952497
959.971389952497
959.971389952497
952.7644758448238
952.7644758448238
941.7627545621281
915.7723839696405
915.7723839696405
903.4630842467421
903.4630842467421
900.4862687447533
900.4862687447533
899.1412182507645
889.6874936646416
889.6874936646416
881.7224777539427
881.7224777539427
878.8330395964222
872.0229090749787
869.8247345302486
869.8247345302486
869.6223434304263
865.3565040632792
864.80967102972
864.80967102972
864.7926361532834
863.9808832387162
860.2385529776647
860.0837515338743
860.0837515338743
860.0837515338743
859.6021568718206
858.723621414461
858.4832201699511
858.3345058831618
857.3060094133132
857.0125008641298
856.701640676956
856.5314351273348
855.99343949172
855.9819913477479
855.587863407048
855.4722009655361
855.4013430038358
855.4013430038358
855.3359026154567
855.1660173208154
855.0642012549101
855.0268610204964
855.0268610204964
854.9291846614866
854.9291846614866
854.9291846614866
854.8820141898688
854.8558224697933
854.8558224697933
854.8422120550038
854.8422120550038
854.8422120550038
854.8422120550038
854.8014884460221
854.8014884460221
854.7963699227854
854.7963699227854
854.7963699227854
854.7963699227854
854.7963699227854
854.7963699227854
854.7962652861753
854.7962652861753
854.7809140998273
854.7809140998273
854.7809140998273
854.7809140998273
854.7809140998273
854.7809140998273
854.7809140998273
854.7809140998273
854.7809140998273
1121.7654253655744
1080.8042997351708
1018.9068811452413
1009.2157432484862
1009.2157432484862
1008.9593173067443
1008.9593173067443
985.4172738127987
981.6374922494366
972.2443897421801
972.2443897421801
970.0278602007437
970.0278602007437
963.7811649582367
963.7811649582367
963.7811649582367
963.7811649582367
958.964449168117
958.964449168117
949.7884931374372
949.4998018006345
944.6215859376293
944.6215859376293
926.8062954658315
926.8062954658315
919.2657100892422
919.2657100892422
915.4447787820965
909.8055587528651
908.1691785218188
907.5261657885272
906.620299895631
906.620299895631
903.8833421738022
902.6953934898153
898.7950247930085
895.3892988347061
895.2201382035435
895.2201382035435
891.1813026032174
889.668398533864
888.3399626307285
887.8029056904032
887.43778592026
886.3216725005256
885.9164627363832
884.8690620146455
884.2362152888414
882.6928010914623
880.9371932211864
880.9170472641753
880.5628811481124
879.9100725273145
879.3255541243539
878.8297984227947
878.2053497600681
877.9413037819158
877.9413037819158
877.8300199838261
877.6676918202934
877.3595022904648
877.2447472389912
877.2391227597585
877.2391227597585
877.0155203086488
877.0155203086488
877.0027653400405
877.0027653400405
876.9001426571707
876.8851169302627
876.8107930927482
876.8107930927482
876.8107930927482
876.8107930927482
876.8107930927482
876.8090746024973
876.7552338033461
876.7552338033461
876.7552338033461
876.7552338033461
876.728113664706
876.728113664706
876.7071076539077
876.7071076539077
876.7071076539077
876.7071076539077
876.7071076539077
876.7071076539077
876.7071076539077
876.7071076539077
876.7071076539077
1182.517010254965
1078.4821060487593
1036.450296197931
999.8265840717097
971.766873841698
971.766873841698
971.766873841698
954.7977202801989
954.7977202801989
954.7977202801989
953.9878095801812
953.9878095801812
945.9499641722028
928.8238775087804
928.8238775087804
926.947190680186
914.3096925674089
914.3096925674089
905.0648554577751
895.6129467230346
891.9368231613583
891.9368231613583
890.6257698126277
887.2268967504624
881.0170824647696
881.0170824647696
879.3009132500611
877.7108229526567
875.186332900078
873.2234728580513
873.0176409645818
872.5078550479177
871.5258448220959
869.0120937562339
868.8156265334212
868.4869387071255
868.3364650243875
866.0256724716164
866.0256724716164
865.8627634379499
865.5834118972622
865.5328073639973
865.3678167531463
865.2303736268232
865.1637677377048
865.1637677377048
864.763976582298
864.62016388737
864.62016388737
864.6086581318989
864.6086581318989
864.4134838224486
864.3567508054429
864.2740134591444
864.2057675178952
864.1424121297658
864.1424121297658
864.0724020500219
864.0724020500219
864.0145364850964
864.0145364850964
864.0008865650658
863.99613960832
863.99613960832
863.9938939351034
863.9938939351034
863.9757592251352
863.9757592251352
863.92621582181
863.92621582181
863.8818102639239
863.8356732289691
863.8356732289691
863.8085469983171
863.8085469983171
863.7717739857515
863.7717739857515
863.7717739857515
863.7625518316152
863.7625518316152
863.7625518316152
863.7625518316152
863.7625518316152
863.7625518316152
863.7625518316152
863.7625518316152
863.7625518316152
1182.517010254965
1067.7947160222993
1041.7557695737287
1041.7557695737287
1041.7557695737287
1026.480101104988
993.1146560272277
993.1146560272277
993.1146560272277
993.1146560272277
993.1146560272277
981.0471663031017
981.0471663031017
966.6969668143652
966.6969668143652
966.6969668143652
963.2335264404985
963.2335264404985
959.2895969698648
954.482174418393
948.8805831902628
943.4820850518197
938.7924464030766
933.65511221373
929.3209245915899
926.2728671907216
924.7129119264579
921.3445244730248
919.6702565518856
911.0491399685806
908.5839930489341
906.8039414347068
906.8039414347068
906.8039414347068
905.3616641701499
903.8839474256686
903.2706184500685
903.2706184500685
901.5939680704055
900.7394802579421
900.7394802579421
900.6992101635178
899.9732395355288
899.344119470911
899.2227505036738
899.1765834312081
899.1765834312081
898.7274638656742
898.3381988206169
898.056000624951
897.9721569975695
897.7805566687796
897.5916631842783
897.4442965586602
897.3569992574891
897.3569992574891
897.2554014367817
897.095684774134
897.095684774134
897.0428453152764
896.9329823018145
896.9329823018145
896.9329823018145
896.876987928817
896.876987928817
896.7765924151723
896.7395615653743
896.7395615653743
896.7159167073723
896.70421007329
896.70421007329
896.70421007329
896.6128109235641
896.6128109235641
896.6128109235641
896.6128109235641
896.6128109235641
896.6128109235641
896.6128109235641
896.5780056192287
896.5780056192287
896.5780056192287
896.5780056192287
896.5780056192287
896.5780056192287
896.5780056192287
896.5780056192287
896.5780056192287
1182.517010254965
1103.273460999505
1034.8280425521343
1012.0554126138884
1008.5842484762508
981.8146825605603
981.8146825605603
981.8146825605603
981.8146825605603
981.8146825605603
968.8642766658094
966.7384967739882
958.3401897910903
958.3401897910903
935.6330831580578
926.2212612806235
926.2212612806235
926.2212612806235
920.1377212932315
920.1377212932315
920.1377212932315
908.8075561977029
904.0450416364617
896.5641358819543
896.5641358819543
891.6550901964487
887.2519030092408
885.2619999473974
883.762093688498
873.517335139393
873.517335139393
872.7056361791513
868.3893902332272
867.7856445369662
867.7856445369662
864.3802660269364
864.13244752913
864.13244752913
863.137360904765
863.137360904765
861.9814322611152
861.2886022384516
861.0260169116586
859.8735542719111
858.0571384789005
857.9178355327874
857.9178355327874
857.7958025573915
857.7958025573915
857.7574199975105
857.6595862557148
855.7110363319007
855.7110363319007
855.6848344648045
855.6848344648045
855.5920121952513
854.859754918362
854.174856469723
853.9641387534916
853.8781230799611
853.7914497834523
853.7803874681626
853.6154245041511
853.2678326951392
853.247800264806
853.2389195689258
853.1157670790565
853.1157670790565
853.0325408878026
853.0325408878026
853.0325408878026
852.9289914738047
852.9289914738047
852.923407507545
852.923407507545
852.8981599368799
852.8981599368799
852.8981599368799
852.8728520221322
852.8728520221322
852.8728520221322
852.8728520221322
852.8728520221322
852.8483594007554
852.8483594007554
852.8483594007554
852.8483594007554
852.8483594007554
852.8416917091198
852.8416917091198
852.8416917091198
852.8416917091198
852.8339394691402
852.8339394691402
852.7930655713774
852.7930655713774
852.7930655713774
852.7910785117185
852.7910785117185
852.7910785117185
852.7910785117185
852.7910785117185
852.7910785117185
852.7910785117185
852.7910785117185
852.7910785117185
1197.9706246660985
1100.0667731324938
1058.9886764463827
1031.0705972767178
1031.0705972767178
1031.0705972767178
1031.0705972767178
1017.6577773122126
1017.6577773122126
1000.024365047211
1000.024365047211
1000.024365047211
1000.024365047211
1000.024365047211
1000.024365047211
991.118865064612
985.8460374790013
973.7113663798701
973.7113663798701
973.7113663798701
966.8955913703724
964.9350320743661
962.3370989107991
953.5706417458772
944.4960585242619
944.4960585242619
937.4087172327997
937.4087172327997
929.8814811359052
929.8814811359052
929.8814811359052
926.6912819448096
925.5772889789231
921.8570931823147
921.8570931823147
921.7487649085475
917.7980650841725
915.2338867323116
912.5042564106113
912.5042564106113
912.3636693250126
911.1882215094013
908.1051607923514
908.1051607923514
908.0473130449728
907.5162086922765
906.747543244957
906.747543244957
906.747543244957
906.3504465841065
906.0684625964916
905.8444609975625
905.3236024710278
904.5099738521717
904.2920603810768
904.0992677094785
903.8754339996705
903.6796864365901
903.2800034244015
902.9682457194695
902.6666492563317
902.1952249967992
901.974998227451
901.974998227451
901.974998227451
901.902501621918
901.8050287237895
901.7338007523659
901.6681718088395
901.6681718088395
901.6373605021444
901.6373605021444
901.6373605021444
901.6055595153032
901.6055595153032
901.5762912240712
901.5762912240712
901.5762912240712
901.5762912240712
901.5762912240712
901.5762912240712
901.5695897702376
901.5695897702376
901.5695897702376
901.5695897702376
901.5695897702376
901.5695897702376
901.5641732046577
901.5641732046577
901.5535454469432
901.5535454469432
901.5535454469432
901.5535454469432
901.5535454469432
901.5535454469432
901.5535454469432
901.5535454469432
901.5535454469432
1197.9706246660985
1081.6804797680802
1037.742145866397
1033.8781664918067
952.7962021391561
952.7962021391561
952.7962021391561
952.7962021391561
952.7962021391561
952.7962021391561
952.7962021391561
909.2128558773916
909.2128558773916
909.2128558773916
907.4936373869543
904.1967238060389
903.3934062624405
893.6032804281263
888.3369339087194
881.6062374323786
873.9496533037368
873.9496533037368
871.3067635639964
867.0572890296457
865.2642817835731
865.2642817835731
864.1489333428211
863.0135973134369
861.6238035406882
860.4144596835022
860.1539005322264
858.9848434959217
857.7658462285451
856.794234981089
856.5005404410758
855.782602151281
855.6418873996242
854.9528373763188
854.9528373763188
854.8864868365839
854.7300803679077
854.0928111711992
853.7842374136902
853.7102360650676
853.6939554449455
853.6939554449455
853.6774159641351
853.6547340433659
853.5371145691122
853.3175956229296
853.2047532729962
853.2047532729962
853.1039364639103
853.1039364639103
853.0184168322037
853.0184168322037
852.9482962394059
852.9134830419734
852.9134830419734
852.9134830419734
852.8981257573084
852.8981257573084
852.850773371829
852.850773371829
852.850773371829
852.8355836508564
852.8355836508564
852.8208088883939
852.8208088883939
852.8208088883939
852.8208088883939
852.8087018898248
852.8087018898248
852.8087018898248
852.8087018898248
852.8087018898248
852.8087018898248
852.8087018898248
852.7927709582272
852.7927709582272
852.7699215450784
852.7699215450784
852.7699215450784
852.7699215450784
852.7699215450784
852.7699215450784
852.7699215450784
852.7699215450784
852.7699215450784
1197.9706246660985
1084.0071333854994
1046.1445245727637
1021.3435141906649
1016.8625495210077
1016.8625495210077
1012.2871055496635
997.6551574256442
963.5655336849238
963.5655336849238
963.5655336849238
963.5655336849238
963.5655336849238
963.5655336849238
957.8085887952891
957.8085887952891
954.384384061629
954.384384061629
949.0439678644018
949.0439678644018
945.9047419596509
935.6046376341951
933.5040679220704
933.5040679220704
915.82333483111
915.82333483111
914.6605139399185
909.7009664653658
909.173440790417
908.1526771219307
892.9188279660611
881.9344645879409
880.0175763089359
880.0175763089359
880.0175763089359
877.7226640525978
874.2107565420406
874.2107565420406
873.2201740839344
873.2201740839344
868.7628496225011
864.975057424927
864.975057424927
864.7314376788335
863.1929640587443
862.4563559244275
861.0308831004708
861.0308831004708
860.7100313071616
860.094406364576
859.7786433908282
859.7786433908282
859.7786433908282
859.5023673489335
859.1477034312544
858.7845249211229
858.3866505482704
858.1620801079071
857.7505459016165
857.4998624418499
857.22416245685
857.2013356215193
857.0966283305797
857.0966283305797
857.076417261768
857.076417261768
857.0471924793355
857.0415762201364
857.0415762201364
857.0171367154131
857.0061260944425
857.0061260944425
856.9674054674149
856.9674054674149
856.9674054674149
856.8698522344499
856.8698522344499
856.814545896498
856.814545896498
856.814545896498
856.814545896498
856.7728751512392
856.7728751512392
856.7728751512392
856.7728751512392
856.7728751512392
856.7728751512392
856.7728751512392
856.7728751512392
856.7728751512392
1197.9706246660985
1027.8976524108546
1027.8976524108546
1018.3109687027679
1015.1875945591746
1015.1875945591746
1015.1875945591746
998.7992837348427
996.2076249509616
996.2076249509616
996.2076249509616
976.3446071864475
976.3446071864475
959.6488300654241
959.6488300654241
958.3842024781562
943.6177169819014
941.1688042969878
941.1688042969878
941.1688042969878
941.1688042969878
935.03066042595
928.5301390622949
926.1326661139051
923.8508090148946
917.5251024069038
917.5251024069038
915.6248578338826
915.6248578338826
914.4642817071802
913.1102828315774
913.0017269406198
911.5613247871829
910.3144661268275
909.2954262608757
908.6446918939472
907.2889154316432
907.2889154316432
907.0151494542781
905.461239073474
905.461239073474
905.0267078020507
905.0267078020507
904.6331508910655
904.3074620470859
904.3074620470859
904.2513087402183
903.8362421587117
903.5972379171328
903.5972379171328
903.5523967467258
903.3944662741029
903.1431911386975
902.989098330275
902.9343565789254
902.87250191836
902.8175052628562
902.8175052628562
902.8175052628562
902.7565053256213
902.7565053256213
902.743681669611
902.743681669611
902.6830124636992
902.6058249379572
902.6058249379572
902.6058249379572
902.6058249379572
902.6058249379572
902.6058249379572
902.6058249379572
902.6039525940566
902.596002828695
902.5725912566363
902.5725912566363
902.5418494237808
902.5418494237808
902.5418494237808
902.5418494237808
902.5418494237808
902.5418494237808
902.5418494237808
902.5418494237808
902.5418494237808
1197.9706246660985
1087.083686308618
1053.1924475395008
1038.3109058054306
1023.8523714874523
1023.8523714874523
1018.2800642803921
982.4470590341459
982.4470590341459
982.4470590341459
982.4470590341459
981.2661110510787
981.2661110510787
981.2661110510787
961.5614863692838
961.5614863692838
949.1116394581899
946.3568491117227
946.3568491117227
936.1862602132176
934.2721449646817
923.4884421572322
923.2876485039445
923.2876485039445
923.1893146456295
917.362746516711
914.4499769597688
912.203827378264
912.203827378264
910.9845513583637
910.9845513583637
909.8520632835064
908.5160619721671
906.9412835217777
906.7474114986653
906.3307562106086
905.2203967915543
905.0312488818594
904.6112758560206
904.2177225356565
903.8355409327398
903.5653343202399
901.540655942323
899.77161408488
898.3833212448959
896.5795492489758
895.0475759547239
893.5511537131423
891.9691825996102
890.9007677093231
890.1687780588293
889.8588396229958
888.3351795003891
887.840579142432
887.0696112698637
887.0132314073861
886.6126217350211
886.347328538482
886.1479169304964
885.7894827512895
885.5953140754059
885.4805255356233
885.4805255356233
885.3699401998265
885.3699401998265
885.3699401998265
885.2137959522779
885.1857782455397
885.1857782455397
885.0224539776625
884.9865486893477
884.9865486893477
884.9714030545346
884.9284528675898
884.8608137282624
884.8362646940166
884.8154918468255
884.8154918468255
884.742836051922
884.742836051922
884.742836051922
884.742836051922
884.742836051922
884.7181018859307
884.7181018859307
884.6945565265241
884.6945565265241
884.6945565265241
884.6945565265241
884.6862524802683
884.6862524802683
884.670814929378
884.670814929378
884.670814929378
884.670814929378
884.6614185963357
884.6614185963357
884.6614185963357
884.6482886978648
884.6482886978648
884.6472950074993
884.6472950074993
884.6472950074993
884.6472950074993
884.6472950074993
884.6472950074993
884.6472950074993
884.6472950074993
884.6472950074993
1197.9706246660985
1081.4642779309054
1069.6500737996491
1037.9281204228082
985.9863407085418
985.9863407085418
969.1831769806284
969.1831769806284
969.1831769806284
969.1831769806284
957.9865900417062
932.8011748416395
922.2006524339532
913.9466818073438
913.9466818073438
892.9979621010774
892.9979621010774
892.9979621010774
892.9979621010774
886.2900044924294
883.2660061809881
881.5158983202091
876.1317356723165
873.286910238664
872.1855121792836
872.1855121792836
870.0072014639045
869.4371220385458
866.2979028913159
865.5419246092397
863.9505271679515
863.3653949130463
862.6426980925564
862.3245601316952
861.8005464019676
861.5639355521629
861.4894161202161
861.1524258622762
860.6226949094904
860.4835620123087
860.4835620123087
860.3620548698028
860.2842618238192
860.2780340961389
860.1953314496645
860.1953314496645
860.0642981144636
860.0558065424282
860.0119934204137
859.9240683229931
859.9240683229931
859.9240683229931
859.8339953372637
859.8339953372637
859.8339953372637
859.8060864781838
859.7961327976682
859.7961327976682
859.7961327976682
859.7879458770344
859.7879458770344
859.7725490497139
859.7725490497139
859.7725490497139
859.7725490497139
859.7725490497139
859.7725490497139
859.7725490497139
859.7725490497139
859.7690783679699
859.7690783679699
859.7690783679699
859.7690783679699
