981.8578549532249
981.8578549532249
981.8578549532249
981.8578549532249
981.8578549532249
981.8578549532249
981.8578549532249
981.8578549532249
981.8578549532249
1107.127308823
1052.8660759129396
1042.8831439003766
1009.1911025675504
993.3364153207726
981.8529813330548
977.7552130959023
957.9161650046251
957.9161650046251
957.9161650046251
957.9161650046251
957.9161650046251
957.1967468808818
957.1967468808818
956.9373566572363
956.9373566572363
934.6055797699178
934.3600836785429
934.3600836785429
917.063247053553
917.063247053553
917.063247053553
912.3214553365385
910.0975121870854
909.9165014030933
909.9165014030933
904.9966023390563
897.7223667252408
894.163909937188
891.7243095090802
888.2777429335385
888.2777429335385
886.8984414979785
885.4914628110197
881.3863683490824
880.8386756004301
879.6649807074544
877.6863115147314
877.0168373079849
875.6701494590081
875.6701494590081
874.4470582402882
872.5682908867636
872.4494515256864
871.8575669639963
871.8575669639963
871.8575669639963
870.9232892788366
870.5560843807335
870.5560843807335
870.1803846608864
869.8502765626184
869.8502765626184
869.7028830481262
869.3097300068374
869.3097300068374
869.2939083669024
869.1189755960187
869.0450245600716
869.0193543907611
869.0193543907611
868.9892852095434
868.9648276372875
868.841739805698
868.841739805698
868.841739805698
868.841739805698
868.8349648648302
868.8349648648302
868.8349648648302
868.8349648648302
868.8349648648302
868.7967165781353
868.7967165781353
868.727651214601
868.727651214601
868.7194866187145
868.7194866187145
868.7194866187145
868.7194866187145
868.7194866187145
868.7194866187145
868.7194866187145
868.7194866187145
868.7194866187145
1107.127308823
1096.6633513437728
1049.5670042959553
1017.3088381133791
1004.3931820171281
985.5375822163331
985.5375822163331
956.998021240723
956.998021240723
943.9639669316718
943.9639669316718
943.9639669316718
943.9639669316718
943.2844290837373
943.2844290837373
943.2844290837373
930.0203628057742
925.1905427469898
925.1905427469898
911.2622415182175
905.750896067682
901.3360220096091
894.0708809130397
887.737183234014
884.9765173142241
882.4249967873103
878.9759338148158
877.9577625218207
876.5994753768261
874.120100818507
873.9155381481077
869.5133730317373
867.4956104835821
866.4789550394077
866.4789550394077
866.4789550394077
865.9716125483656
865.2169342801141
865.2169342801141
865.2169342801141
863.9301023213641
863.2884108761906
863.2884108761906
862.934167138021
862.934167138021
862.6561984626766
862.6561984626766
862.5882130343542
862.3562381802785
862.244293286384
862.244293286384
862.22919591339
862.135383520756
862.135383520756
862.066321166023
861.9906949370942
861.9148752489452
861.9148752489452
861.9148752489452
861.8806605092547
861.8806605092547
861.8530540863263
861.8161912103426
861.8161912103426
861.8161912103426
861.8161912103426
861.8161912103426
861.8099864763611
861.8099864763611
861.8011136557429
861.8011136557429
861.8011136557429
861.7850650832683
861.7850650832683
861.7850650832683
861.7736035533403
861.7736035533403
861.7736035533403
861.7736035533403
861.7697857293102
861.7697857293102
861.7344719350954
861.7344719350954
861.7344719350954
861.7344719350954
861.7344719350954
861.7258020154887
861.7258020154887
861.7258020154887
861.7258020154887
861.7258020154887
861.7258020154887
861.7258020154887
861.7258020154887
861.7258020154887
1107.127308823
1060.8734292287681
1019.151006239617
1002.6705229418337
993.9227826937207
993.9227826937207
993.9227826937207
993.9227826937207
990.3213210890798
988.0838131068731
971.7033769294984
971.7033769294984
971.7033769294984
969.4360016676283
969.4360016676283
969.4360016676283
963.7929561385602
951.6499260301205
943.2536390699936
943.2536390699936
933.8369352368871
924.5724587563658
924.5724587563658
924.5724587563658
917.0031993682771
909.2251467310848
909.167130199546
909.167130199546
908.7985663872499
903.2240047888705
893.8905229599977
892.0552895760526
889.3881788923156
887.4527022960709
883.748963560286
880.6431871720273
878.2488908238022
877.8566766629758
877.8566766629758
876.483283369085
875.8900842599713
875.4364310220615
875.4364310220615
874.4868711120287
872.6005025872093
871.5929433799337
869.6603527638373
869.3876489544747
869.238186250083
868.5909974620383
867.4865097299646
867.0765472923025
866.7318942678788
866.4279724419904
866.4279724419904
866.4279724419904
866.096684735617
865.7659219861321
865.4237823466015
865.2202522572754
865.1294638605855
865.0124539106539
864.9772096729122
864.9772096729122
864.9264421536461
864.8883451036806
864.8883451036806
864.8323435595815
864.8323435595815
864.8131930115032
864.8131930115032
864.8131930115032
864.8131930115032
864.7833235297555
864.7833235297555
864.7833235297555
864.7833235297555
864.7833235297555
864.7656135089874
864.7656135089874
864.7596098017812
864.7596098017812
864.7525975153821
864.7525975153821
864.7525975153821
864.7525975153821
864.7525975153821
864.7525975153821
864.7525975153821
864.7525975153821
864.7525975153821
1107.127308823
1036.4364932713652
1035.4830114615647
992.5569911378227
992.5569911378227
992.5569911378227
992.5569911378227
990.8301037657313
969.1864980890792
969.1864980890792
969.1864980890792
969.1864980890792
969.1864980890792
969.1864980890792
959.5594723126786
959.5594723126786
938.2285634507433
938.2285634507433
938.2285634507433
935.0210263962163
931.3347483843371
931.3347483843371
922.5244478472047
922.5244478472047
920.313224243336
918.2686060637589
915.6329788456359
913.2119526144634
911.7820992791408
911.7820992791408
911.552661478585
905.2108665545603
905.2108665545603
905.2108665545603
904.2921356549914
902.1409667525788
901.2382208374172
899.62886339583
899.62886339583
897.5162861699172
894.6006986141389
894.6006986141389
893.4474715820902
893.4474715820902
892.4094762928526
892.4094762928526
892.0771418988743
890.1822844438647
889.8613966302917
889.2037419710589
889.143940524746
889.143940524746
888.870424383314
888.4817724530271
888.3165460049023
888.2351476801929
888.1257677408756
888.0465011142919
888.0465011142919
887.8896356668872
887.8896356668872
887.8498026286138
887.8498026286138
887.78462141022
887.745808038966
887.745808038966
887.7295925154856
887.71281166013
887.71281166013
887.71281166013
887.7061730460999
887.6617246404033
887.6617246404033
887.6617246404033
887.6617246404033
887.6284398927542
887.6284398927542
887.6284398927542
887.6214163230286
887.6214163230286
887.6214163230286
887.6214163230286
887.6214163230286
887.6214163230286
887.6214163230286
887.6214163230286
887.6214163230286
1145.371780303265
1090.6568681575295
1029.6736124967194
1024.5229586680568
1001.2908981622675
1001.2908981622675
977.9585935221103
977.9585935221103
977.9585935221103
977.9585935221103
971.6939259159539
971.6939259159539
971.6939259159539
928.8216718039198
928.8216718039198
928.8216718039198
928.8216718039198
928.8216718039198
924.6983629563763
924.6983629563763
921.4167774229679
917.2869816440998
916.6951067239436
916.6951067239436
913.104206624159
910.0672136779874
908.0766171710947
908.0766171710947
902.5502925034242
898.4354033112878
898.4354033112878
891.0751656490588
888.5417293892685
888.5417293892685
886.2940420267928
886.2940420267928
885.4535554509679
884.2091208618269
884.0570381329311
883.5680014336862
882.2090961906841
882.2090961906841
881.9277369383466
880.850110480902
880.850110480902
880.6344166408675
880.6344166408675
880.2818133818461
880.0577936227294
879.9360238847299
879.6169940953806
879.3632204387586
879.3310786605985
879.2255812717069
879.2255812717069
879.1854631103317
879.032079499337
879.032079499337
878.9088027920068
878.9088027920068
878.9088027920068
878.8469135913438
878.8402010712089
878.8402010712089
878.7956239678157
878.7956239678157
878.7956239678157
878.7812452968398
878.7812452968398
878.7669285004813
878.7517043233888
878.7517043233888
878.7399377962829
878.7399377962829
878.7399377962829
878.7399377962829
878.7073707548539
878.7073707548539
878.7040280391931
878.7040280391931
878.7040280391931
878.7040280391931
878.7019651276522
878.7019651276522
878.6699252737285
878.6699252737285
878.6699252737285
878.6699252737285
878.6699252737285
878.6699252737285
878.6699252737285
878.6699252737285
878.6699252737285
1145.371780303265
1059.9061363851324
1034.9164090562251
1034.528457619653
1019.6644068557241
1014.2822008744578
996.4320237523751
990.2971826642105
990.2971826642105
974.7477414037551
974.7477414037551
974.7477414037551
961.2838007763248
961.2838007763248
955.4764156093743
955.4764156093743
938.0544981093045
938.0544981093045
937.5862715738888
937.5862715738888
930.0679676065259
930.0679676065259
923.2582035495856
908.6972155662477
908.6972155662477
899.426108470619
895.6915498378168
887.8919027425693
884.5917929647303
880.8896587312861
875.7509093182869
875.7509093182869
875.7509093182869
873.0108218568599
870.7176896767945
867.8319951434324
866.5110694667198
866.2988886229753
865.2841833011815
864.8214818299745
864.5227427346925
862.9205027191853
862.4968111301486
862.2200644373241
860.804927943936
860.4739673301034
860.4739673301034
859.8260995935833
859.6062955091697
859.6062955091697
859.5708556018557
859.5708556018557
859.1392758268194
859.1392758268194
859.0518558840329
858.751165052485
858.5617437951049
858.2834118064612
858.2834118064612
858.2834118064612
858.207937477911
858.207937477911
858.192185613169
858.192185613169
858.1330694834371
858.131111256114
858.1037294205321
858.1037294205321
858.0019407472741
857.9660399302977
857.9341121693454
857.9341121693454
857.8105048108926
857.8105048108926
857.8105048108926
857.8105048108926
857.8105048108926
857.7971216633657
857.773035614387
857.773035614387
857.773035614387
857.773035614387
857.773035614387
857.773035614387
857.773035614387
857.773035614387
857.773035614387
1145.371780303265
1055.6021670203454
1013.4643311184232
1013.4643311184232
963.6192317373647
963.6192317373647
963.6192317373647
963.6192317373647
963.6192317373647
963.6192317373647
963.6192317373647
941.8238897252068
941.8238897252068
941.8238897252068
930.5105479986548
930.5105479986548
930.5105479986548
929.074334178162
927.5360693506811
924.3969122401269
919.2826403045982
919.0366638128612
916.8862019838018
912.2311955003415
912.2311955003415
912.2311955003415
911.3383393438108
909.2121210428627
905.8416214652018
905.6083130725943
904.6263717217437
903.2591219910719
903.2591219910719
902.8476977820711
901.3125028397312
900.8738104958275
900.8738104958275
900.3442048020372
899.6285984320567
899.4706530242827
899.2026889758149
898.6721840587333
898.2246064995638
898.0449819193639
898.0449819193639
897.3457378780157
897.1477851640709
896.9922189053013
896.9922189053013
896.8102002786512
896.4187881699593
896.2930066098494
896.183939151949
896.1331980703428
896.0631931200942
895.9443910815443
895.916039554494
895.8566462197591
895.8506937046595
895.7097362794098
895.7097362794098
895.7097362794098
895.7097362794098
895.7097362794098
895.6556973765844
895.5997130746131
895.5997130746131
895.5997130746131
895.5997130746131
895.5997130746131
895.5997130746131
895.5997130746131
895.5997130746131
895.5997130746131
1147.4743813514117
1125.0376871801218
1044.3597124918226
1000.7722686437148
1000.7722686437148
1000.7722686437148
970.2002905415164
970.2002905415164
964.9125864291897
964.9125864291897
962.6354216892048
946.6816958989674
946.6816958989674
946.6816958989674
941.9624785758402
941.9624785758402
917.4183309504056
917.4183309504056
917.4183309504056
917.4183309504056
910.5422523090062
909.652759375953
904.8096150375379
899.6304653797984
897.9769871560665
893.0678687537619
893.0678687537619
886.4610863406995
885.3828691737044
884.9805685333613
881.5508283362449
879.2548292090876
879.2548292090876
875.6378802678324
872.8722750647603
870.5324029992323
869.2760617928012
868.1213922302729
867.4665818147769
867.2218689306533
867.004405280469
866.3566857867906
865.8598981376433
865.6659462721694
865.3733066388874
865.3733066388874
864.835175944282
864.2527917531802
863.7545019041269
863.4894979132818
863.4894979132818
863.4346810138038
863.3773090115312
862.807729988893
862.6721386377617
862.5311996108366
862.3972004974904
862.3624804409175
862.3624804409175
862.319247989475
862.1659337636723
862.108324641891
862.1020585245498
862.0270848826824
862.0270848826824
861.8137097929535
861.8099802609219
861.8099802609219
861.8099802609219
861.794353790642
861.794353790642
861.794353790642
861.794353790642
861.7859659246187
861.769460311424
861.769460311424
861.769460311424
861.769460311424
861.7656775506182
861.7656775506182
861.7656775506182
861.7656775506182
861.7551860993906
861.7551860993906
861.7551860993906
861.7551860993906
861.7551860993906
861.7551860993906
861.7551860993906
861.7551860993906
861.7406442907214
861.7406442907214
861.739104966568
861.739104966568
861.739104966568
861.739104966568
861.739104966568
861.739104966568
861.739104966568
861.739104966568
861.739104966568
1147.4743813514117
1059.9488449060123
1051.2972261387265
1022.6828631171315
1009.5052619178906
979.4818248782624
979.4818248782624
979.4818248782624
979.4818248782624
979.3280333123809
977.0683947894408
977.0683947894408
977.0683947894408
961.8683809831568
961.8683809831568
961.8683809831568
958.0589661244991
952.4896330069873
949.8010615515266
931.8819091858898
931.8819091858898
931.8819091858898
929.807187975995
929.807187975995
926.1785314211977
926.1785314211977
926.1785314211977
920.6874164610257
916.8433977334663
911.9242759914141
906.9045651146707
902.2553080546388
898.3638037887333
895.647592357205
893.5312293146142
890.1229422181808
890.1229422181808
888.5141673262169
887.8206147543998
885.9368913121236
885.0393431071699
883.7748730009203
883.7748730009203
882.3179855041644
880.205740806013
879.5927794960851
879.3108643325248
879.3108643325248
878.7112896709118
877.6403204014039
877.0216620931267
876.9134159842785
876.8701931897257
876.8127951530114
876.5908527790065
876.5908527790065
876.4809572067621
876.2992372011564
876.2992372011564
876.191512595015
876.1002001593554
876.0473646086535
876.0473646086535
875.9860731332257
875.9483756988659
875.8622648495427
875.8622648495427
875.7910567234418
875.7910567234418
875.7749641261355
875.7749641261355
875.7487646695762
875.7487646695762
875.7487646695762
875.7487646695762
875.7487646695762
875.7487646695762
875.7487646695762
875.7487646695762
875.7487646695762
1147.4743813514117
1078.6474453406543
1069.6371976626
1011.6160845085166
1009.0038203828884
1009.0038203828884
1006.5226545855368
1006.5226545855368
994.2739961326713
968.820491566127
968.820491566127
968.820491566127
968.820491566127
968.820491566127
967.6236724029523
961.6215041019043
955.3679355465741
955.3679355465741
934.3527188598796
934.3527188598796
923.1791003929211
922.7774994804224
922.7774994804224
920.0754271150049
920.0754271150049
916.8785603878099
913.4833237490517
909.9747100822466
909.9747100822466
905.1140231730601
904.7843807580999
904.7843807580999
897.7967657429934
897.7967657429934
888.4515709349162
883.9224204251417
883.9224204251417
877.2567461495267
877.2567461495267
874.2329133666548
873.8499110850756
871.8953526994125
871.8953526994125
870.3651286543275
870.0337297249571
869.4251484516421
868.6065145622526
868.6065145622526
867.8458311185856
867.1450289733549
866.3833638335608
866.0771523784234
865.3308354711519
863.9223892293849
863.8847394079828
862.7996007427079
862.088469652596
862.088469652596
862.088469652596
861.6998503132015
861.650380863708
861.650380863708
861.5517419984005
861.2935100955077
861.1411691182516
861.1411691182516
860.9528672136734
860.9528672136734
860.9528672136734
860.9265358740836
860.9265358740836
860.9265358740836
860.8686047197172
860.8686047197172
860.8686047197172
860.8317000309493
860.8317000309493
860.8099060246151
860.8007115736897
860.8007115736897
860.8007115736897
860.7937435586717
860.7937435586717
860.7937435586717
860.7791966441519
860.7791966441519
860.7711122525452
860.7711122525452
860.7711122525452
860.7711122525452
860.7711122525452
860.7711122525452
860.7711122525452
860.7711122525452
860.7711122525452
1147.4743813514117
1084.2735942543661
1060.559897042535
1023.8743161038121
992.7742927306058
992.7742927306058
992.7742927306058
992.7742927306058
992.7742927306058
992.7742927306058
986.3755355443342
977.1129838386581
977.1129838386581
965.1807859507173
961.8447788286427
958.1761376273975
958.1761376273975
958.1761376273975
943.4034687577675
943.4034687577675
943.4034687577675
932.920520073514
926.2474688381351
916.733845772703
902.5352189102996
901.0934088492968
899.4960489945564
897.29250029182
892.6652286533163
892.6652286533163
889.4708596223288
888.9684074076733
886.1448233789276
885.7568997664644
884.6579280804949
883.8375935644954
882.5359302105757
882.4878379510253
882.2622781846474
882.2622781846474
881.8098900850548
881.8098900850548
881.8098900850548
881.5727209011782
881.5727209011782
881.4605878837789
881.2997969469966
881.1248412196221
880.9928454269125
880.9732706249853
880.889010692296
880.889010692296
880.8820857589325
880.8515054195301
880.7752201761441
880.737780864536
880.737780864536
880.737780864536
880.7117381381516
880.7049680271504
880.7049680271504
880.7049680271504
880.7049680271504
880.6804205209075
880.6804205209075
880.6804205209075
880.6760170371001
880.6760170371001
880.6760170371001
880.6563006779124
880.6563006779124
880.6563006779124
880.6550668778498
880.6550668778498
880.642243711865
880.642243711865
880.641237022333
880.641237022333
880.641237022333
880.641237022333
880.641237022333
880.641237022333
880.641237022333
880.641237022333
880.641237022333
1147.4743813514117
1087.0404620085308
1053.7567464839453
1029.901155517701
994.7871035685955
994.7871035685955
994.7871035685955
986.9324553854827
978.8101935558161
973.528859617822
973.528859617822
960.2127141457315
952.5511057467927
947.0224498385893
947.0224498385893
935.8691701227816
935.8691701227816
906.8914295501606
900.2094503116604
