1101.461186488245
1047.425149748597
1047.425149748597
1043.567286791563
1023.9775618949038
1001.2625594455884
995.3635351818523
995.3635351818523
995.3635351818523
995.3635351818523
984.7498373107082
984.7498373107082
981.5350288894856
981.5350288894856
981.5350288894856
981.5350288894856
981.533577679851
981.533577679851
956.2599796437173
956.2599796437173
956.2599796437173
948.7193582218113
946.5929305159505
946.5929305159505
944.7899093846245
941.631969129809
938.4288420196895
936.3311907752575
930.060397693978
922.8040438191828
920.808542680747
918.9158389609876
916.1920092779815
914.3182831445345
910.731690363436
908.7321729993027
899.963314018169
893.3142164290688
891.1806807700095
890.4164241669462
889.1795050403193
888.1123218527953
886.9779086395004
885.6907377533382
884.0641723976371
884.0641723976371
883.2444010039321
883.0352686866116
882.2918874972465
882.1380660295152
882.0307517678491
881.1821638236471
881.080061763876
881.080061763876
880.570925261373
880.568815616653
880.3153295569941
879.7257468830796
879.464536270002
879.464536270002
879.464536270002
879.4613317325664
879.2443322376314
879.1902684314496
879.1845980415239
878.9750035707277
878.973950776564
878.973950776564
878.973950776564
878.9407402552154
878.9294742090009
878.8864523715905
878.8506009424858
878.8506009424858
878.8506009424858
878.8166045998823
878.8166045998823
878.7594329546348
878.7594329546348
878.7254197832589
878.7254197832589
878.7254197832589
878.7254197832589
878.7254197832589
878.7254197832589
878.6808043660674
878.6808043660674
878.6808043660674
878.6808043660674
878.6808043660674
878.6768417019883
878.6768417019883
878.6729482952276
878.6729482952276
878.6729482952276
878.6729482952276
878.6729482952276
878.6729482952276
878.6729482952276
878.6729482952276
878.6660109068123
878.6660109068123
878.6660109068123
878.6660109068123
878.6660109068123
878.6660109068123
878.6637526860288
878.6637526860288
878.6637526860288
878.6637526860288
878.6637526860288
878.6637526860288
878.6637526860288
878.6637526860288
878.6637526860288
1102.2541227754434
1068.7339696321733
1028.5906668899386
1028.5906668899386
1028.5906668899386
1015.3519552708748
1015.3519552708748
1015.3519552708748
993.5189784338062
966.3110025119418
962.2767757631245
962.2767757631245
955.7028460334448
955.7028460334448
955.7028460334448
950.6125336706007
946.3247778830199
938.7774884556334
938.1506804930591
931.3032418357834
930.9681894845252
930.9681894845252
925.3491422044408
923.9619229881931
919.8447775730674
919.8447775730674
915.1203716795002
912.3373517913797
910.1333777257441
908.9988379480649
907.7291066548901
906.8029939426096
904.7712680347815
902.8187905395075
900.9740337114051
899.6460379073346
899.6460379073346
899.3104306433818
898.7045746995261
898.7045746995261
898.2343482613184
897.7719142922529
897.7719142922529
897.5169827904953
897.5169827904953
897.4170940077776
897.1798104595582
896.8899603311055
896.8899603311055
896.8568925407064
896.8568925407064
896.7887691681859
896.7887691681859
896.6973531619298
896.6973531619298
896.6973531619298
896.6506383597737
896.6506383597737
896.6506383597737
896.599437133394
896.599437133394
896.5761176064962
896.5761176064962
896.5761176064962
896.5761176064962
896.5761176064962
896.5761176064962
896.5761176064962
896.5761176064962
896.5761176064962
1102.2541227754434
1061.9000759553276
1057.1652897668882
1027.1994151014412
1021.1399790725206
1009.6580735650396
1009.6580735650396
973.7012790626759
973.7012790626759
973.7012790626759
967.009145235409
967.009145235409
967.009145235409
958.4561710244564
951.8297045516888
951.4477577282388
951.4477577282388
934.28704114369
930.4020536562159
923.5071562597637
923.5071562597637
923.5071562597637
914.6003929405204
908.4495419549705
906.588773428324
904.4212969557501
900.1126264671389
900.1126264671389
899.8574087055486
898.4125255795547
898.238274271215
894.6027613089948
893.1314769168717
893.1314769168717
893.0731512801303
892.0124553941632
892.0124553941632
890.6730137567744
888.6511002433385
887.7616355950611
886.2449812117455
886.2449812117455
885.5958070631417
885.5958070631417
885.5958070631417
885.0311134085408
884.5850223065586
884.4915196318716
884.2503056951228
883.8444930332141
883.7334695611921
883.7334695611921
883.1319841209497
882.4519773405985
882.1629075254916
882.1629075254916
882.1629075254916
882.1536092707505
882.0746974097563
882.0586160318765
882.002049438218
881.9775207142709
881.8775518354898
881.8263487644125
881.8160281173093
881.8084693826031
881.8084693826031
881.7851567283035
881.7851567283035
881.7542775811092
881.7542775811092
881.7542775811092
881.7095609611209
881.7095609611209
881.6988510257517
881.6988510257517
881.6988510257517
881.6784042158349
881.6784042158349
881.6758745002977
881.6758745002977
881.6758745002977
881.6758745002977
881.6738776268614
881.6738776268614
881.6738776268614
881.6738776268614
881.6738776268614
881.6738776268614
881.6738776268614
881.6738776268614
881.6738776268614
881.6629328523646
881.6629328523646
881.6629328523646
881.631403132626
881.631403132626
881.631403132626
881.631403132626
881.631403132626
881.631403132626
881.631403132626
881.631403132626
881.631403132626
1102.2541227754434
1045.5373233728715
1045.5373233728715
1041.641419068359
1014.9051331171626
1014.9051331171626
1014.9051331171626
1014.9051331171626
1004.0999857695033
995.1567216478818
982.4215899154508
982.4215899154508
982.4215899154508
982.4215899154508
982.4215899154508
973.1277807326101
973.1277807326101
973.1277807326101
973.1277807326101
956.6761016416427
956.6761016416427
956.6761016416427
953.2271137238588
938.9024322973363
938.9024322973363
938.9024322973363
926.1483506559507
924.1317368002874
924.1317368002874
924.1317368002874
918.7159833428896
912.239342420856
907.6997217515249
904.5538665051023
897.8773186314261
896.8932906213315
896.8932906213315
894.6413601408556
894.6413601408556
894.2316977023537
892.7660966036761
890.2217874678647
886.5493683272036
886.5493683272036
884.9752768535457
884.9752768535457
884.971916820155
884.2687418184581
882.8443413078658
881.8279763452598
880.634047799661
880.073603331139
879.8268036972913
879.3365322497333
878.8844847178008
878.4262218100096
878.300167347734
877.9566695518952
877.8395622361196
877.4592957444005
877.3058528122699
877.2764332621725
877.0673236361152
876.8995495248196
876.8431663913047
876.3552119822434
876.25520443941
876.2497120871535
876.1440851960417
876.0329407281556
876.0329407281556
875.9536028260652
875.9169067449443
875.8411612362436
875.8411612362436
875.8411612362436
875.8411612362436
875.8065873204988
875.8065018543873
875.7705099679993
875.719090241178
875.719090241178
875.7105653008662
875.7105653008662
875.7105653008662
875.7105653008662
875.7105653008662
875.7105653008662
875.7105653008662
875.7105653008662
875.7105653008662
1102.2541227754434
1101.461186488245
1066.6101961780905
1028.9399315897097
1028.9399315897097
1014.2645773739719
1003.8323347421654
1003.8323347421654
1001.6614900731305
997.4702633375967
993.447194281666
993.447194281666
993.447194281666
987.4542371155183
986.8692562662741
979.3589984769173
979.0782728781686
967.4416167791101
962.9448373509175
959.1489315138436
954.5350276884101
954.5350276884101
954.5350276884101
947.0059625005745
944.3325253221914
940.0161626689351
940.0161626689351
932.6481541260551
932.0472762874253
928.4412813040927
926.4309541544905
926.4309541544905
925.0281375175831
924.330906264373
921.8578733236376
920.1662639161166
919.8866554101471
919.5113110447002
917.608380703248
916.3850857995559
916.3850857995559
916.0966312182506
915.1072960466536
914.1500013010838
914.1500013010838
913.5904330266242
913.315997838171
912.8661998630055
912.8620012843073
912.5509771460303
912.4574713321601
912.3449364350491
912.1852805318047
912.0021984687481
911.8826667107829
911.8826667107829
911.8618331040689
911.759137033111
911.6480252139575
911.6480252139575
911.6003938602728
911.6003938602728
911.5715052658392
911.5715052658392
911.5588008192093
911.5588008192093
911.4979195504375
911.4979195504375
911.4979195504375
911.4979195504375
911.4979195504375
911.4979195504375
911.4979195504375
911.4979195504375
911.4979195504375
1102.2541227754434
1057.3443868598777
1057.0950390194596
1029.1833350663915
1016.5727815063321
1016.5727815063321
1016.5727815063321
1015.6401055403212
1014.6231825221597
1014.6231825221597
989.8784878522519
989.8784878522519
989.8784878522519
984.8882686244573
965.5753947056713
965.5753947056713
956.2392147324722
935.3612839350881
935.3612839350881
934.1754225372895
934.1754225372895
928.323123833045
922.8619132855408
921.5435711531677
920.3524550850285
920.3524550850285
917.4666570447368
915.6640257383405
914.5684644916901
912.4493354570454
909.8960377156164
909.8526161534868
909.4310123502157
909.06841256254
905.0471798386822
904.8400867237187
903.9078895371562
903.9078895371562
903.4891334369905
902.4945275600866
902.3208133367673
902.0855436030688
901.7738751033526
900.938690445305
900.8819519986
900.4873274369612
900.2646948587335
899.8313882764628
899.7086717232448
899.7086717232448
899.470054105105
899.0912979905115
899.0440347304467
898.9070603408014
898.9070603408014
898.8897707473034
898.8482225112253
898.8482225112253
898.7921035339623
898.7921035339623
898.703723633039
898.6928432727284
898.6928432727284
898.6851819571426
898.6588971741255
898.6588971741255
898.6588971741255
898.6351580461302
898.627428315069
898.627428315069
898.6196735087154
898.6196735087154
898.6196735087154
898.6196735087154
898.6177535239896
898.6177535239896
898.6082478405845
898.5904300047018
898.5904300047018
898.5773733422527
898.5773733422527
898.5773733422527
898.5773733422527
898.5539935584089
898.5539935584089
898.5539935584089
898.5539935584089
898.5539935584089
898.5539935584089
898.5539935584089
898.5539935584089
898.5539935584089
1102.2541227754434
1099.946111233689
1042.850914373703
1042.850914373703
1042.850914373703
1017.6310772630493
1017.6310772630493
1017.6310772630493
1017.6310772630493
1015.563008005575
1010.1172846718177
1000.6097650919808
998.2579870990868
998.2579870990868
998.1205807176732
998.1205807176732
985.626214467379
985.626214467379
985.626214467379
985.626214467379
985.626214467379
985.626214467379
983.9503385417925
983.9503385417925
979.8959136047406
979.8959136047406
978.4456349066471
966.1111440529749
961.7885227836096
960.8311139627054
959.0232503345599
952.8350726732884
952.0529023110787
952.0529023110787
947.8397581513532
930.6545958888855
930.6545958888855
928.165346433633
928.165346433633
921.0545812302477
917.6829436349742
911.9386720110508
906.5966858737072
900.8189233564129
900.1103194770819
900.1103194770819
898.3787760434789
894.666634933866
894.4617461093419
894.4617461093419
893.3763823133506
892.8806287047785
889.574033264045
888.0326429159384
887.536147890737
887.536147890737
886.8087890953781
886.2088083830062
886.022395529408
885.1618368799799
884.6743794636255
883.201759571914
883.201759571914
882.8731646037212
882.8248537933763
882.5358681905717
882.5358681905717
882.246777691012
882.1036677391834
881.7536408342252
881.7192569438544
881.2485652368125
881.2485652368125
881.2162493314704
881.1835042326319
881.009931450548
880.9739610879795
880.9739610879795
880.8436016149117
880.8290027227717
880.8290027227717
880.8261796619097
880.8188954771442
880.8188954771442
880.8163419725569
880.7642099644154
880.7642099644154
880.7297672014173
880.7297672014173
880.7194416340319
880.7194416340319
880.7194416340319
880.6872014795803
880.6872014795803
880.6872014795803
880.6872014795803
880.6872014795803
880.6872014795803
880.6872014795803
880.6872014795803
880.6872014795803
1102.2541227754434
1094.189542450537
1048.4934241125836
1032.9321217993886
995.3187740203407
995.3187740203407
995.3187740203407
995.3187740203407
995.1642464081098
995.1642464081098
972.5757119247246
957.4566398315975
957.4566398315975
957.4566398315975
957.4566398315975
944.2946220620944
941.8959124862799
939.7655103613838
934.6041959668091
933.4151662347058
928.8632108887646
923.6191899952927
922.5189700925454
921.025270040689
913.8837413982612
905.4009632238597
900.7867651865902
896.6313991524053
896.1336785354946
896.1336785354946
887.9114308438876
884.1530789884847
884.1530789884847
882.3513299294827
879.5118945761301
878.0160288277845
876.7249552429189
873.1132488729211
869.9372913732259
869.6056075719398
869.6056075719398
869.6056075719398
867.9076025650751
867.6025216799045
865.6824183487385
865.6824183487385
864.6590177761923
864.4215480774917
864.2337119511749
863.6517122390605
863.251718392805
863.2151351539177
862.6354150387135
862.5671677525454
862.3583855476785
861.653116901651
861.653116901651
861.5235811351859
861.2969014714796
861.1180079823027
861.1180079823027
861.1180079823027
861.046543564258
860.9861280080058
860.9734785142546
860.9734785142546
860.9275500539103
860.9275500539103
860.8976571768277
860.8976571768277
860.8526009515676
860.8526009515676
860.8523370072595
860.8523370072595
860.8413677510546
860.8413677510546
860.811211810894
860.811211810894
860.811211810894
860.811211810894
860.8055233536705
860.8055233536705
860.7968169896969
860.7968169896969
860.7873270176234
860.7873270176234
860.7873270176234
860.7873270176234
860.7873270176234
860.7873270176234
860.7873270176234
860.7873270176234
860.7616490559385
860.7616490559385
860.7616490559385
860.7616490559385
860.7616490559385
860.7616490559385
860.7616490559385
860.7574006621433
860.7574006621433
860.7574006621433
860.7574006621433
860.7574006621433
860.7574006621433
860.7574006621433
860.7574006621433
860.7574006621433
1102.2541227754434
1101.461186488245
1064.0517491774779
1036.2148619860945
1025.5810811467368
1018.186452451437
1005.6881484406803
1000.9026930683523
1000.9026930683523
1000.9026930683523
997.7332692105844
997.7332692105844
995.380438560508
966.4639936623374
966.4639936623374
966.4639936623374
966.4639936623374
951.6868260160336
948.3769757160942
945.4048055107477
942.5932839613266
942.5932839613266
938.7143278811678
936.624276177107
935.558572393981
933.4406624758409
926.1694219565011
926.1694219565011
925.1812513899515
920.0616716883428
918.9128385180246
916.9789570776356
915.4649156311984
914.1179558115883
911.116193815524
908.9475655797652
908.0388534347245
906.312968401495
904.8584073567029
904.3000805309805
904.2613578761398
903.7084270120104
902.3252699075739
901.4723877305041
900.4456548784118
900.4456548784118
900.3719610913549
900.1908167957102
899.9651881604892
899.5372939676752
899.5372939676752
899.3515008409848
899.3353867178371
899.3067837549388
899.1933418993137
899.1568742404262
899.1568742404262
898.945094061499
898.945094061499
898.945094061499
898.7851049044743
898.7745730389472
898.7097308773074
898.7097308773074
898.7038137957011
898.7038137957011
898.6266674433208
898.6266674433208
898.6266674433208
898.5870928132731
898.5870928132731
898.5870928132731
898.5870928132731
898.5870928132731
898.5870928132731
898.5870928132731
898.5870928132731
898.5806078036446
898.5806078036446
898.5806078036446
898.5806078036446
898.5806078036446
898.5806078036446
898.5779746243816
898.5779746243816
898.5686980932227
898.5686980932227
898.5686980932227
898.5686980932227
898.5686980932227
898.5686980932227
898.5686980932227
898.5686980932227
898.5686980932227
1102.2541227754434
1100.5030297888063
1062.800523158344
1033.071522483843
1015.8838276876646
1013.2535442133521
1013.2535442133521
1013.2535442133521
991.6381346817624
991.6381346817624
991.6381346817624
978.4133685039042
978.4133685039042
971.7183633661504
971.7183633661504
971.7183633661504
971.7183633661504
950.5613740499693
947.5991681726161
947.5991681726161
941.3827508202448
929.0326231434963
928.0053012432002
928.0053012432002
916.5498668413007
916.5498668413007
916.5498668413007
914.2665300136417
908.5656675118689
902.6483166529532
901.6633056433717
898.4585168424009
897.2147386530379
896.152721585971
895.5764782386406
894.5298661189544
893.9967922197837
893.9967922197837
893.4966984857657
892.3691917502118
892.148787257409
892.148787257409
891.3051337873259
891.3051337873259
890.9805612611963
890.2575447706192
890.2575447706192
889.7554856764383
889.618968312058
889.618968312058
889.5852568148874
889.5852568148874
889.4455464892969
889.3331799951527
889.3331799951527
889.1746217260327
889.0709661137851
889.0709661137851
889.0355858489546
888.8413707543034
888.8413707543034
888.8073216117275
888.7449442237953
888.7449442237953
888.7449442237953
888.7449442237953
888.7449442237953
888.7371150111053
888.7371150111053
888.6844522931929
888.6844522931929
888.6667233189332
888.6667233189332
888.6572295816359
888.639544293062
888.639544293062
888.639544293062
888.639544293062
888.639544293062
888.639544293062
888.639544293062
888.639544293062
888.639544293062
888.6392279390475
888.6392279390475
888.6392279390475
888.632464318702
888.632464318702
888.6289873399732
888.6289873399732
888.6289873399732
888.6289873399732
888.6289873399732
888.6289873399732
888.6289873399732
888.6289873399732
888.6289873399732
888.6189240806045
888.6189240806045
888.6189240806045
888.6189240806045
888.6189240806045
888.6189240806045
888.6189240806045
888.6189240806045
888.6189240806045
1102.2541227754434
1101.461186488245
1062.3502208630528
1050.7948910741713
1023.7927189764523
984.2084898805545
984.2084898805545
984.2084898805545
984.2084898805545
984.2084898805545
983.4520132802757
971.329148004017
971.329148004017
971.1451052252887
945.9384458951735
938.2804367566326
938.2804367566326
938.2804367566326
919.4762257183395
918.3318371297491
913.253432725805
913.253432725805
906.1647904139281
902.5320389993732
899.5007399506204
899.5007399506204
898.2383601128477
894.3011997850678
890.1530372381833
888.02569078763
888.02569078763
883.3315546941999
883.086185213837
881.1147050873126
880.3805972570315
879.5510465834723
879.388082700629
878.9821714705503
878.9821714705503
878.6518307719305
877.9465678489689
876.0435164246894
875.094867664079
875.092655882292
875.092655882292
