1033.5066078082268
1033.5066078082268
1013.9912089685018
1013.9912089685018
983.8424590886276
967.3018622927817
929.4089331659803
929.4089331659803
929.4089331659803
929.4089331659803
929.4089331659803
929.4089331659803
929.4089331659803
929.4089331659803
926.5726432096329
909.5082790616733
894.4361642021369
893.3996174659985
893.3996174659985
881.6052082159085
881.6052082159085
880.1712274953549
873.1506317172147
873.1506317172147
869.0569546766
866.6599193336366
866.5565847746492
862.8273413231082
860.0426434831181
858.5925617625594
856.6191856192503
856.2700751995086
855.6923607908287
855.6923607908287
855.1007386706394
854.9198828922617
852.9264610999084
852.44255634799
851.9928739058897
851.8056689723498
851.0208203681382
851.0208203681382
850.6903446848257
850.0376140536619
850.0376140536619
850.0376140536619
849.7444716820819
849.6696383280208
849.5259395454601
849.3328572577511
849.1273465383993
849.1273465383993
849.1213501757308
849.0156067700705
849.0156067700705
848.979457719409
848.9582809661847
848.9582809661847
848.9298124967161
848.9009869272767
848.8873980871924
848.8724625152988
848.8724625152988
848.8529308064265
848.8529308064265
848.8457385409538
848.8457385409538
848.8457385409538
848.8457385409538
848.8457385409538
848.8364495839842
848.8341669015798
848.8341669015798
848.8341669015798
848.8341669015798
848.8341669015798
848.8341669015798
848.8341669015798
848.8341669015798
848.8076403701247
848.7965439083274
848.7965439083274
848.7965439083274
848.7965439083274
848.7965439083274
848.7965439083274
848.7965439083274
848.7965439083274
848.7965439083274
1103.7768305820414
1061.3956592753857
1024.313038847273
1024.313038847273
994.9606205474049
994.9606205474049
994.9606205474049
994.9606205474049
994.9606205474049
994.9606205474049
994.9606205474049
994.9606205474049
994.9606205474049
975.4641106824272
975.4641106824272
975.4641106824272
970.2830371892306
967.3385380484467
955.4677866697286
944.9635953076304
944.9635953076304
938.2674941283972
937.6466372319073
935.4811555918332
928.9813872471148
922.8860658013504
920.0902895141727
919.2438527531832
919.2438527531832
915.9904326443161
912.403845926736
912.0530892869621
909.1428517705615
907.0321643798172
901.481295383497
900.5439610606143
900.5439610606143
898.0459151403666
897.6815001979448
897.5368480447245
896.8511540036927
896.8511540036927
896.1342887523746
895.7772621258235
894.6547735344859
894.0505483335432
894.0505483335432
894.0505483335432
893.6835332378341
893.3454537161805
892.9684423012058
892.9545369608034
892.9239313793246
892.8640326515394
892.4841528189434
892.4841528189434
892.4732271630792
892.3344282459122
892.0966610721807
892.0966610721807
892.0966610721807
891.9722361741838
891.9722361741838
891.933556200211
891.9309035186267
891.9309035186267
891.9309035186267
891.8379152543971
891.8379152543971
891.8170029329256
891.8170029329256
891.8170029329256
891.7400683903295
891.7400683903295
891.7299582877408
891.7299582877408
891.6810286116347
891.6810286116347
891.6542900623703
891.6542900623703
891.6542900623703
891.6437304826119
891.6437304826119
891.6437304826119
891.6412148283774
891.6412148283774
891.6376470022088
891.6376470022088
891.6376470022088
891.6333399728604
891.6333399728604
891.6333399728604
891.6333399728604
891.6333399728604
891.6333399728604
891.5942871423565
891.5942871423565
891.5942871423565
891.5942871423565
891.5942871423565
891.5942871423565
891.5942871423565
891.5942871423565
891.5942871423565
1103.7768305820414
1096.2745046839505
1044.4318004576185
996.8440471457282
996.8440471457282
996.8440471457282
996.8440471457282
996.8440471457282
996.8440471457282
989.3010164899016
989.3010164899016
977.502360034392
969.4424573486496
968.5377087446823
964.924143541022
964.924143541022
964.924143541022
959.485093485733
939.7727145555475
932.5174352132783
932.5174352132783
928.3607114285901
925.1946977854559
916.9730163224558
907.4149836028907
907.4149836028907
907.3949124820488
907.3949124820488
905.6978186256031
900.8141025487295
900.8141025487295
899.9524148527823
898.048873183631
896.9390512019521
896.0233113300208
895.6422674145853
895.1004289470596
894.7861287580176
894.0355952587115
893.6285944989571
893.4943987332817
893.4943987332817
891.7289351668396
890.7278709332095
889.9411683504565
889.268035945644
889.2000517399232
889.0695108509397
887.7167901534654
887.7167901534654
887.6995760969515
887.517055820794
887.517055820794
887.005017998964
887.005017998964
887.005017998964
887.0016549365175
886.7135333421857
886.5966253499348
886.503553499459
886.4450283237861
886.4450283237861
886.311161307041
886.311161307041
886.1834915057856
886.1834915057856
886.1239494407561
886.1094023323006
885.9905055839524
885.9730601489384
885.861039219226
885.861039219226
885.8080341414593
885.8080341414593
885.7727561448977
885.7727561448977
885.7727561448977
885.7430123135689
885.6985434331662
885.6985434331662
885.6985434331662
885.6985434331662
885.6985434331662
885.6747461753189
885.6747461753189
885.6692301909064
885.6692301909064
885.6481597687358
885.6481597687358
885.6481597687358
885.6312699199747
885.6312699199747
885.6312699199747
885.6312699199747
885.6312699199747
885.6312699199747
885.6312699199747
885.6312699199747
885.6312699199747
1103.7768305820414
1090.6594379723488
1059.591017486143
1008.5009369172532
1008.5009369172532
991.5208953149073
991.5208953149073
991.5208953149073
972.3926960602812
972.3926960602812
972.3926960602812
970.3178588165008
970.3178588165008
970.3178588165008
960.8695598744811
960.8695598744811
960.8695598744811
943.6577054879881
937.7045849223579
933.4871053079788
929.941391334207
927.0874615448163
927.0874615448163
922.3879040255679
918.3205764728972
911.706311328446
911.0377702397702
911.0377702397702
909.8121243191636
909.1986256224054
906.7429330638824
898.6611457780073
897.971341526096
897.971341526096
891.3456481708766
890.6318819438866
888.1934489126971
887.9295166673294
884.8295632227104
882.3045072715422
878.1463248504353
877.6570788798304
877.6570788798304
877.422554420767
876.4566700746569
876.2168897254544
875.9102906892394
874.4651175183419
873.4300678602374
872.9212614898211
872.694888277714
872.5195318163428
872.5195318163428
872.4892709811857
872.0174352834082
871.8564140219395
871.6668309826829
871.6320412629216
871.631740174831
871.4315219323989
871.4315219323989
871.356606711684
871.356606711684
871.2844537754094
871.2844537754094
871.2844537754094
871.1955972043434
871.0667122053736
871.0501813403748
871.0501813403748
870.9261687054981
870.9261687054981
870.9261687054981
870.9261687054981
870.8693417057154
870.8331041313589
870.7992288542905
870.7788843289253
870.7788843289253
870.7641179892954
870.7641179892954
870.7187472356889
870.7187472356889
870.7187472356889
870.7187472356889
870.7187472356889
870.7171212996842
870.7171212996842
870.702785884162
870.702785884162
870.702785884162
870.702785884162
870.702785884162
870.702785884162
870.7003397773894
870.7003397773894
870.7003397773894
870.6924719501897
870.6924719501897
870.6924719501897
870.6915071818547
870.6915071818547
870.6915071818547
870.6915071818547
870.6915071818547
870.6915071818547
870.6915071818547
870.6915071818547
870.6915071818547
1103.7768305820414
1044.4002760236626
1044.4002760236626
1019.5422087720358
987.2338584368229
961.0086889272325
961.0086889272325
961.0086889272325
961.0086889272325
961.0086889272325
949.6907214553175
942.2523854588494
942.1631237960069
927.1457682635215
927.1457682635215
917.9237969971166
917.9237969971166
915.1357365708544
915.1357365708544
910.2446709843556
909.0302004798988
904.064071132069
903.1925525223407
896.1408914802521
893.9408070006957
892.9141827763253
885.8139688192737
882.6868926890807
882.371651287209
879.2777807620325
875.1392347560433
875.1392347560433
873.1274876948446
871.1554039973929
869.670812072305
869.670812072305
869.2425588511373
868.6950335091607
867.7585465414497
867.7585465414497
867.7585465414497
866.5117148245341
866.2163149904281
866.0582785986129
865.8664990365397
865.4920202378844
865.2278269800731
864.6619305122967
864.6619305122967
864.5855087042548
864.4976743819402
864.4976743819402
864.4507385217489
864.1190153766632
864.1190153766632
864.0897327803772
863.9716667848109
863.9160642126533
863.9160642126533
863.882621728006
863.882621728006
863.864023212416
863.8228179962406
863.8228179962406
863.795430660205
863.795430660205
863.7757067393927
863.7757067393927
863.7748805914918
863.7748805914918
863.7748805914918
863.7566916832567
863.7566916832567
863.7389192921655
863.7389192921655
863.7389192921655
863.7389192921655
863.7389192921655
863.7389192921655
863.7350025752982
863.7350025752982
863.7350025752982
863.7350025752982
863.7350025752982
863.7350025752982
863.7350025752982
863.7345535914161
863.7345535914161
863.7345535914161
863.7345535914161
863.7246761703312
863.7246761703312
863.7246761703312
863.7246761703312
863.7246761703312
863.7246761703312
863.7246761703312
863.7246761703312
863.7246761703312
1103.7768305820414
1050.1805867153744
1027.2895437545099
1006.2773769056821
944.171028959261
944.171028959261
944.171028959261
944.171028959261
944.171028959261
944.171028959261
944.171028959261
943.1824603701738
943.1824603701738
939.8099617642143
937.9201381452352
927.2424753938318
922.5366197349151
918.7194550409158
918.7194550409158
906.0407311828797
906.0407311828797
899.3589561691132
890.3176215485024
886.0340421415237
885.032017485149
885.032017485149
881.3662478576873
880.7296375439472
880.7296375439472
879.327353866693
874.0253231040755
867.700047167483
862.5342540271271
860.4150869405587
860.4150869405587
858.9058672234635
858.7181081535351
857.0603299544367
857.0326451073096
857.0326451073096
855.3559995704189
855.0784067457007
854.1365276192613
853.8691948495954
853.5163835885122
852.2094914772571
851.0629021568078
850.6086534195462
849.5156367265052
848.0688264486944
847.4000819048047
846.1978875123192
846.0982970927776
846.0756663434134
845.7708102162682
845.526183827817
845.2528443006812
844.9451568440627
844.5035445336985
844.4550849048046
844.4472936652195
844.3357141725681
844.1427865570057
844.0526627418819
844.0526627418819
844.0496770204877
844.0496770204877
844.0400632074351
843.9915542588997
843.9915542588997
843.9913966009782
843.9913966009782
843.9615206768758
843.9615206768758
843.9253417694415
843.9253417694415
843.9163600782539
843.9163600782539
843.8829680185869
843.8829680185869
843.8829680185869
843.8829680185869
843.8829680185869
843.8829680185869
843.8805446879014
843.8417076318002
843.8417076318002
843.8417076318002
843.8417076318002
843.8417076318002
843.8417076318002
843.8417076318002
843.8417076318002
843.8417076318002
1103.7768305820414
1019.0799204552758
981.7830544757305
957.0886802434999
957.0886802434999
957.0886802434999
957.0886802434999
957.0886802434999
957.0886802434999
946.6039591939123
946.6039591939123
945.2933806577379
944.3515955965719
942.7615850679038
927.1723063043944
919.4926695020811
919.4926695020811
916.5871922383329
916.5871922383329
916.5871922383329
909.6233532263225
909.2323963858113
908.8230795600497
900.6258300983316
900.6258300983316
900.2503353464297
895.0317528552137
892.1295433171795
886.032130069385
876.9118027738157
876.9118027738157
875.9722614042562
874.9993088940249
874.2485204259328
873.1423833006156
873.1423833006156
871.9086989748969
871.3954825945752
871.3954825945752
869.9304861154617
869.9304861154617
869.4483722901559
868.4810981142288
868.1722914047825
867.9675618808274
867.9130926583459
867.5104615900952
867.5104615900952
867.5104615900952
867.1621285594706
867.0867752051764
866.7789745908261
866.7055877194571
866.5182552553983
866.5182552553983
866.3280587883958
866.2207995089237
866.0960883254345
866.0705871966107
866.0326526325745
865.9195436608632
865.9195436608632
865.9175795742219
865.897307735275
865.897307735275
865.8443093398782
865.8443093398782
865.8164972337477
865.8164972337477
865.7616529391955
865.7616529391955
865.7616529391955
865.7616529391955
865.7616529391955
865.7533470417693
865.7533470417693
865.7533470417693
865.7533470417693
865.7533470417693
865.7533470417693
865.7533470417693
865.7533470417693
865.7533470417693
865.7508574746832
865.7508574746832
865.7508574746832
865.7508574746832
865.7435483991843
865.7422250368958
865.7422250368958
865.7422250368958
865.7422250368958
865.7422250368958
865.7422250368958
865.7422250368958
865.7422250368958
865.7422250368958
1103.7768305820414
1068.8026385596756
1024.990329695671
996.6230871206164
981.3966353195198
981.3966353195198
980.4464725871278
980.4464725871278
970.1857943148167
970.1857943148167
970.1857943148167
966.7019622958578
966.7019622958578
966.7019622958578
961.2954796686463
961.2544943248681
960.9206135177411
960.9206135177411
953.6680908208966
950.1232412669015
948.0643437742808
948.0643437742808
935.6363302872962
925.2427538452126
925.2427538452126
924.8490471561439
922.8310935656016
922.2897174236346
920.6628055450071
915.0117643698794
915.0117643698794
913.8185076169269
909.5248134102164
908.3654894405886
908.3654894405886
905.6997626493854
902.7361842133041
901.7686772405201
895.4681418310902
891.0541311757903
890.2837255342447
890.2837255342447
888.8715556411942
886.3794945187512
882.9553871817994
879.6882007108882
877.4269169587445
874.8930596589936
873.2217924627851
871.9530561124845
871.1487355339463
870.4761271613094
870.1754407504438
870.1754407504438
869.694424990055
869.3405167586516
869.051084354847
868.8341026429162
868.5901519834122
868.5901519834122
868.4978067334504
868.3622463128611
868.1803914420193
868.1475663691758
868.0838107038927
868.0308174920003
868.0308174920003
868.0044313972722
867.9655135503925
867.9248388487101
867.882940191765
867.882940191765
867.872174493061
867.872174493061
867.8162950557218
867.8162950557218
867.8162950557218
867.8162950557218
867.8162950557218
867.8162950557218
867.7967009798581
867.7967009798581
867.767257199699
867.767257199699
867.767257199699
867.7506722691905
867.7506722691905
867.7506722691905
867.7303038400273
867.7303038400273
867.7212539324041
867.7212539324041
867.7212539324041
867.7212539324041
867.7212539324041
867.7212539324041
867.7164597649096
867.7164597649096
867.7164597649096
867.7164597649096
867.7164597649096
867.7164597649096
867.7164597649096
867.7164597649096
867.7164597649096
1103.7768305820414
1082.7280254060997
1023.6775481260493
995.6433036641549
995.6433036641549
995.6433036641549
985.1314137814029
985.1314137814029
985.1314137814029
985.1314137814029
985.1314137814029
965.8092794472054
959.3154178530201
959.3154178530201
959.3154178530201
959.3154178530201
959.3154178530201
959.3154178530201
959.3154178530201
959.3154178530201
929.3157297362611
929.3157297362611
913.4750386250781
913.4750386250781
913.4750386250781
896.4837028178252
896.4837028178252
896.4837028178252
890.6000763816446
884.866563598294
884.866563598294
881.5864579914847
881.5864579914847
881.0645224080763
881.0645224080763
879.2411226072268
876.7357879569144
875.7348662162816
874.8491961791301
874.8491961791301
874.7297059667048
873.987840563276
873.34674903815
872.9561823120407
872.5977589002068
871.525377560934
871.525377560934
871.285222715298
871.285222715298
870.9436946153018
870.9286610560113
870.9286610560113
870.7341915622459
870.2087726516837
870.1268479302539
869.8559135564548
869.7373460004344
869.6598577892664
869.5582912774474
869.0750804826331
869.0750804826331
869.0520404869864
869.0156428070525
868.9718279383993
868.9718279383993
868.8881288400792
868.8881288400792
868.8881288400792
868.8881288400792
868.8404214488322
868.8404214488322
868.8389106594525
868.8389106594525
868.8226300665514
868.8197176955223
868.7982111052945
868.7982111052945
868.7982111052945
868.7982111052945
868.7982111052945
868.7982111052945
868.7524538203678
868.7524538203678
868.7524538203678
868.7500025140688
868.7475520455437
868.7475520455437
868.7431477594893
868.7431477594893
868.7431477594893
868.7431477594893
868.7431477594893
868.7431477594893
868.7431477594893
868.739129050736
868.7379394079693
868.7379394079693
868.7379394079693
868.7379394079693
868.7360155635818
868.7360155635818
868.7233227082054
868.7233227082054
868.7233227082054
868.7199491767798
868.7199491767798
868.713808027682
868.713808027682
868.713808027682
868.713808027682
868.713808027682
868.713808027682
868.713808027682
868.713808027682
868.713808027682
1103.7768305820414
1065.8245286205054
1024.364762735509
1024.364762735509
993.7215821423276
979.0095533960005
979.0095533960005
959.4587691726176
920.2827611475254
920.2827611475254
920.2827611475254
920.2827611475254
920.2827611475254
920.2827611475254
920.2827611475254
920.2827611475254
920.2827611475254
914.7959747371926
914.7959747371926
914.7959747371926
914.7959747371926
910.6812569101709
907.7695376632412
905.9136706442108
900.0877798536924
890.7208239634384
890.7208239634384
884.8441958376882
879.0687185215247
877.9201081310234
877.817521058052
875.2721157952097
873.5806522488856
872.5816122570611
872.5816122570611
871.8407468662195
869.4508245899226
868.6120823986095
867.6672310543029
866.5774587936322
865.3255076830213
864.7086453314433
864.1534052657789
864.0101152689496
862.9913193500697
860.4936440313427
860.4936440313427
860.4936440313427
860.4936440313427
859.9259027056056
859.9259027056056
859.9259027056056
859.8165521484287
859.7015444977186
859.695028710032
859.4967797794113
859.336530550434
859.2623709697223
859.1873997508404
859.1383957458199
859.1175647066221
859.0967303183215
859.0905523747721
859.0905523747721
859.0188511898808
859.0188511898808
858.9789949185962
858.9789949185962
858.9273369811929
858.9238940217238
858.9238940217238
858.9238940217238
858.9076552484757
858.8952719263914
858.8952719263914
858.8781729943781
858.8312112665151
858.8312112665151
858.8312112665151
858.8312112665151
858.8312112665151
858.8312112665151
858.8177708615567
858.8177708615567
858.8177708615567
858.8089370723343
858.8089370723343
858.8089370723343
858.7856612522382
858.7856612522382
