1075.5551832358838
1050.5110581459487
1017.7599001108125
1003.5368762352027
1002.269727192742
1002.269727192742
992.2799336347425
977.5530863577314
977.5530863577314
977.5530863577314
972.2522161080212
972.2522161080212
936.8290332138747
936.8290332138747
936.8290332138747
936.8290332138747
926.5348603435958
911.4671599562759
911.4671599562759
907.1618458916669
905.3798674877327
905.3798674877327
902.5790251960238
893.2344230344066
891.978720955527
888.7703896201548
888.7703896201548
888.7703896201548
886.8606456978057
886.8606456978057
884.3558272215861
882.3350528088249
881.1385949793166
881.1385949793166
881.1105294857075
880.2143422606039
880.1370133618515
879.5828944243862
879.5828944243862
879.0369794032679
878.7246808983183
877.8541474081201
876.9967868333792
876.7373431591916
876.7373431591916
876.569296069547
876.569296069547
876.2858255413591
875.9420424037964
875.9420424037964
875.7544287014842
875.746305279046
875.695180483517
875.3588856161874
875.2674394881789
875.1602928619507
875.1602928619507
875.1408556637242
874.9466896592123
874.9466896592123
874.9466896592123
874.9200539400551
874.9200539400551
874.8611790219304
874.8611790219304
874.8270582098039
874.8136883189918
874.8033660831245
874.8033660831245
874.7416684374025
874.7416684374025
874.7416684374025
874.7416684374025
874.7262912266914
874.7262912266914
874.7262912266914
874.7262912266914
874.7262912266914
874.7262912266914
874.7107638016212
874.7107638016212
874.7069511593014
874.7069511593014
874.6951198899502
874.6951198899502
874.6951198899502
874.6951198899502
874.6951198899502
874.6951198899502
874.6951198899502
874.6951198899502
874.688722723412
874.688722723412
874.688722723412
874.688722723412
874.688722723412
874.688310949902
874.688310949902
874.688310949902
874.688310949902
874.688310949902
874.688310949902
874.688310949902
874.6824892750017
874.6824892750017
874.6824892750017
874.6824892750017
874.6824892750017
874.6824892750017
874.6824892750017
874.6824892750017
874.6790500651534
874.6790500651534
874.6790500651534
874.6790500651534
874.6790500651534
874.6790500651534
874.6790500651534
874.6790500651534
874.6790500651534
1143.8229587307292
1085.7608537785463
1018.481941214706
1018.481941214706
1009.5257476099977
999.2176428906873
999.2176428906873
999.2176428906873
999.2176428906873
998.8890450922635
998.8890450922635
992.5550715598333
992.5550715598333
992.5550715598333
992.5550715598333
989.6599241344317
989.6599241344317
975.8855988453266
968.8199630813967
962.0994184049122
954.5452956758621
954.5452956758621
954.5452956758621
948.1008038932966
943.289961084278
937.4741986290027
933.0726226013712
931.2670971710444
929.8052578129084
921.2188223299333
921.2188223299333
920.5101670349007
915.5134599417814
915.5134599417814
903.3732441839454
903.3732441839454
902.3493915673473
897.7826455245917
893.483781542218
892.897915854745
890.000405977984
888.2179376312383
886.3479381112027
886.3479381112027
883.650709910004
883.0172543378195
883.0172543378195
881.8190411484759
881.8190411484759
879.7704420759871
879.7704420759871
879.5354350238757
877.0160179556634
875.8571678618483
875.8190295799682
875.3616357366026
875.3616357366026
875.3616357366026
874.7966464558342
874.7752196747668
874.4915978903326
874.1995359395514
873.8868846162183
873.8868846162183
873.6575733352565
873.6575733352565
873.6127708912171
873.489081527483
873.1468929102197
873.1047105809475
873.1047105809475
873.0299837143789
872.964079178833
872.8931141738321
872.8931141738321
872.8500845851837
872.8500845851837
872.8500845851837
872.7636632596268
872.7552012625736
872.7552012625736
872.7552012625736
872.7552012625736
872.7552012625736
872.7552012625736
872.7305435766554
872.7305435766554
872.7305435766554
872.7305435766554
872.7164187265157
872.7164187265157
872.6911321712919
872.6911321712919
872.6911321712919
872.6911321712919
872.6911321712919
872.6911321712919
872.6911321712919
872.6911321712919
872.6911321712919
1143.8229587307292
1089.544494295932
1044.224796371538
1035.605118590812
1035.605118590812
1032.1179123060415
1016.9791134661476
1008.0304468699884
980.4213650008847
980.4213650008847
980.4213650008847
980.4213650008847
980.4213650008847
966.1705782284846
966.1705782284846
943.0799264749689
932.7033040595095
932.7033040595095
929.0921468916002
929.0921468916002
929.0921468916002
929.0921468916002
916.2283542991563
914.7191506576933
911.8456188457001
906.1861341748321
906.1861341748321
896.8696030429999
893.8590409106962
893.8590409106962
892.670370035106
888.9968084968526
885.4507556405596
883.6632408297595
882.0816429762856
880.2240660953046
879.7150013806379
877.3484604144242
876.0212415220251
876.0212415220251
875.0824855702815
874.3129973043104
873.8044943395847
873.439587257489
872.1895949576467
872.0532007275064
871.3471135661616
871.0840157026662
870.703529608592
869.6181506636522
868.6347994911893
867.0042374984398
866.1813013679048
865.8510456168623
865.8510456168623
864.7743074265945
864.169499776102
863.901797723787
863.5911216308369
863.1940898972521
862.8905455536773
862.3215086039586
862.1857199636551
862.1054603615744
861.8702736856045
861.6661048214634
861.5465680007097
861.4433277642611
861.34310510885
861.34310510885
861.2780558133743
861.1604281759265
861.0681125413274
861.0681125413274
861.0286235080298
861.0286235080298
860.9540643327823
860.9540643327823
860.9149501629034
860.9149501629034
860.8635459686333
860.8148683298901
860.8148683298901
860.8053147810162
860.7857640247375
860.7857640247375
860.7857640247375
860.7857640247375
860.7857640247375
860.7857640247375
860.7857640247375
860.7857640247375
860.7683522440618
860.7683522440618
860.7683522440618
860.7683522440618
860.7683522440618
860.7683522440618
860.7683522440618
860.7683522440618
860.7683522440618
1143.8229587307292
1098.0174878225757
1067.3652554924588
1018.2012572711478
1008.5303766814503
988.9448560337354
988.9448560337354
988.9448560337354
988.9448560337354
988.9448560337354
978.5773179199844
978.5773179199844
975.531694595366
973.2482556008267
973.2482556008267
964.6995203054389
962.7505161001538
955.7739120563879
951.0692278335557
948.6358900286622
947.9369159898944
941.7496759579325
941.7385435174905
936.2705431090276
932.9705963855683
920.1348717271574
916.6116038042355
916.6116038042355
915.4018404215711
910.5926506245569
908.2522891971153
907.4815022577707
907.4815022577707
901.2685673827884
898.2684653912904
897.0583246159393
896.8754213490847
894.4023729735727
893.7390338430163
892.3840167250104
892.115704603756
891.7499295047021
890.4527215751755
890.3928173614349
889.7318068077752
889.5180508478235
888.16412005258
888.16412005258
888.16412005258
887.8392180015402
887.2570526724483
886.978563457331
886.978563457331
886.7281323406344
886.665736748932
886.665736748932
886.5047798897417
886.2662732792465
886.2662732792465
886.2662732792465
886.1569105991156
886.1569105991156
886.0626709524264
885.9875105360792
885.9875105360792
885.8592418275331
885.8592418275331
885.8153204896063
885.799018187023
885.7548963612371
885.7548963612371
885.7493786357818
885.7493786357818
885.7006465719185
885.6972868341065
885.6972868341065
885.6787872962439
885.6787872962439
885.6787872962439
885.6745619768743
885.6745619768743
885.6745619768743
885.6582237489172
885.6582237489172
885.6582237489172
885.6582237489172
885.6582237489172
885.6582237489172
885.6582237489172
885.6582237489172
885.6582237489172
885.6534610794063
885.6534610794063
885.6353952315609
885.6353952315609
885.6353952315609
885.6353952315609
885.6353952315609
885.6353952315609
885.6353952315609
885.6353952315609
885.6353952315609
1143.8229587307292
1061.3513681646696
1013.0807107526489
1013.0807107526489
1013.0807107526489
1013.0807107526489
998.886069665371
998.886069665371
960.9024241907694
960.9024241907694
952.7594585596634
952.7594585596634
940.0819502181712
940.0819502181712
937.281974385128
924.8880989562957
924.8880989562957
923.7402793683992
921.077867258991
917.0509669337766
911.0107922148868
911.0107922148868
908.4628714773803
894.7269587896319
894.5898282264594
886.1224093779596
886.1224093779596
878.5143620811687
878.5143620811687
876.2636321861296
873.8337160281646
873.8337160281646
871.7521721502785
871.7521721502785
871.6052348515932
871.1810617391035
869.8444923257523
869.6103524447853
868.8483936157995
867.5482692934413
867.2479405125275
866.0556694811522
865.5567720696047
865.2914679456479
864.4256594300615
863.619816215209
863.4996615255042
862.4485983466
861.9800147652019
861.9800147652019
861.9800147652019
861.8115208840161
861.5928231265558
861.5641831188185
861.3918301960591
861.2565929590442
861.1874153740337
861.1651593579861
861.1179122148069
861.1179122148069
861.0750076960547
861.0261484111044
860.958857958019
860.958857958019
860.92192610842
860.92192610842
860.9026780103127
860.8874481746127
860.8874481746127
860.8738675465535
860.839743639188
860.839743639188
860.839743639188
860.8366297402682
860.8108761271922
860.8108761271922
860.7923848122978
860.7923848122978
860.7923848122978
860.7923848122978
860.7923848122978
860.7923848122978
860.7561402826798
860.7561402826798
860.7525739578068
860.7525739578068
860.7525739578068
860.7525739578068
860.7525739578068
860.7525739578068
860.7476658366407
860.7476658366407
860.7476658366407
860.7476658366407
860.7476658366407
860.7476658366407
860.7476658366407
860.7476658366407
860.7476658366407
1143.8229587307292
1064.880628950712
1046.1632826411173
1004.188881678711
1000.8796679458761
1000.8796679458761
976.7997041611825
976.7997041611825
976.7997041611825
960.5025451310665
953.2269116971047
944.5061805298222
934.7455902529196
934.7455902529196
930.5347573151156
930.5347573151156
930.5347573151156
912.9619458440775
910.5901144695754
909.98344264721
909.98344264721
902.1165657910302
893.4507776066529
893.4507776066529
886.2630839810739
879.0910457095678
878.6301964352763
878.6301964352763
874.7746675056006
873.1404040647901
870.534721427536
867.7729760015882
866.4984278586649
866.4984278586649
865.1761392003671
863.7929897322875
863.1751609426636
863.1751609426636
862.0879452858634
861.6499186357087
860.7292471956157
860.5045787187228
860.1579038286025
859.5741673501545
859.4403700268514
859.0798209669432
859.0798209669432
858.9124387089065
858.523625696008
858.2654316702105
858.2267527744231
858.2267527744231
858.2267527744231
858.0693192244191
858.0693192244191
857.9819524249423
857.9819524249423
857.9819524249423
857.8788536090816
857.8788536090816
857.8788536090816
857.8751653137551
857.8751653137551
857.8437763136778
857.8437763136778
857.8402088986793
857.8402088986793
857.8144549938166
857.8144549938166
857.8144549938166
857.8144549938166
857.8144549938166
857.7862035017546
857.7862035017546
857.7862035017546
857.7862035017546
857.7862035017546
857.7862035017546
857.7862035017546
857.7862035017546
857.7862035017546
1143.8229587307292
1078.6712317720862
1045.2304589995413
1020.0944234411124
979.0383370924378
979.0383370924378
977.6317186051842
976.1541616486049
976.1541616486049
975.2671007643969
973.1456825813905
957.8430686673914
957.8430686673914
957.8430686673914
957.8430686673914
950.7756863636621
946.8837314048646
929.5582253063529
927.5751322502588
919.6694107919392
914.1343023352464
914.1343023352464
913.9315515561583
901.8829124654943
901.4307240893704
901.4307240893704
895.3011579203342
893.9895351334262
891.4058270587235
886.9370267028404
886.6901979116617
885.3553551785643
885.1319938732861
881.0832777704446
880.3861139464101
880.3545043897736
880.3545043897736
876.5602886065351
875.2575724340006
874.8680919066844
873.3791664163316
872.8436454357521
872.3185797202204
872.1709917446135
871.8946989458633
870.2158105962965
869.71427442106
869.5509559765837
869.1526887399536
869.031157802358
868.4754000371578
868.4593821042959
868.2223610013625
867.799027555014
867.7896418461021
867.7801120164752
867.552094220764
867.5090814716525
867.5090814716525
867.3793275327037
867.2730214946298
867.081148107628
867.0541253458355
867.0541253458355
867.0541253458355
866.9709833601494
866.8944297830486
866.8944297830486
866.8944297830486
866.8640977613469
866.8253668496659
866.8253668496659
866.7975718736922
866.7975718736922
866.7975718736922
866.7641201254501
866.7641201254501
866.7442240358106
866.7442240358106
866.7442240358106
866.7442240358106
866.7442240358106
866.7442240358106
866.7442240358106
866.7442240358106
866.7442240358106
1143.8229587307292
1056.2055556445566
1021.4866149378931
1010.4952036443988
988.4544038185525
972.9657144826
971.9517437741508
971.9517437741508
971.9517437741508
971.9517437741508
968.8807707251273
967.3677076990698
956.7542449436974
951.4438742620575
951.4438742620575
946.4875236463934
943.7188270560403
922.6562405141543
922.6562405141543
916.9549087414193
913.124661185213
913.124661185213
910.9833618495238
910.9833618495238
903.5898258042853
898.4050695350525
896.7186225399915
896.7186225399915
896.7186225399915
884.1711084723867
881.2317457340959
878.670714497482
876.7397244727132
875.7087549501751
869.4453862477426
869.4453862477426
869.1889341483275
868.1860569525097
865.5430212093137
861.4855861051233
857.403075317047
857.1929366072849
855.5760448065554
854.260371859427
852.7286159349128
851.9784489828157
851.3400289917176
851.1729342600472
850.838402538492
850.6376483957497
850.5950678793338
850.5067303943528
850.5067303943528
850.376802753101
850.376802753101
850.287949513644
850.2356779001685
850.1596060172348
850.1095689247067
850.1095689247067
849.9698153266835
849.900384046266
849.900384046266
849.8937208605912
849.8937208605912
849.8937208605912
849.8729905028785
849.8729905028785
849.8729905028785
849.8706602786178
849.8402822916812
849.8402822916812
849.8402822916812
849.8402822916812
849.8402822916812
849.8293218362506
849.8293218362506
849.8063404023933
849.8063404023933
849.8063404023933
849.8063404023933
849.8063404023933
849.8063404023933
849.8063404023933
849.8063404023933
849.8063404023933
849.8003387983437
849.8003387983437
849.7999499754768
849.7999499754768
849.7999499754768
849.7999499754768
849.7999499754768
849.7999499754768
849.7999499754768
849.7999499754768
849.7999499754768
1143.8229587307292
1074.8839765013233
1074.8839765013233
1052.9206589695098
1013.2904778440413
1013.2904778440413
1003.9356930670319
993.9320533855441
993.9320533855441
993.9320533855441
993.9320533855441
986.4601762574098
983.3680765332308
978.370742982288
978.370742982288
967.2494645667196
967.2494645667196
967.2494645667196
960.7389086018205
957.0303758066292
957.0303758066292
957.0303758066292
957.0303758066292
953.6954626654503
948.115414103659
943.8377306314801
941.6981022761132
940.8130995407772
921.6481117909823
921.6481117909823
920.268366152374
918.8772821802796
918.1753277650234
918.1753277650234
906.2762501652479
898.8245085629934
889.3395256477556
886.4974257571536
884.2248067269088
884.2248067269088
884.2248067269088
884.2248067269088
883.1143780713107
882.4863169017063
882.2969101352064
882.2969101352064
881.9079763625423
881.1828275762507
880.2577033586533
880.0890924928174
880.0890924928174
879.7775624226823
879.5947789847935
879.5947789847935
879.5947789847935
879.3878891255185
879.1447171047525
879.0279329037521
878.973912058405
878.9724396262054
878.9121598151029
878.8810013578834
878.8729773440609
878.8413849078058
878.8413849078058
878.7879307330154
878.7879307330154
878.7818531336072
878.7818531336072
878.737373758789
878.737373758789
878.7221310218977
878.7221310218977
878.7173844256592
878.7173844256592
878.6888867029139
878.6807249788671
878.6807249788671
878.6807249788671
878.669008611977
878.669008611977
878.6684490686494
878.6684490686494
878.6684490686494
878.6577811227421
878.6577811227421
878.6577811227421
878.6577811227421
878.6577811227421
878.6573722191451
878.6573722191451
878.6573722191451
878.6573722191451
878.6573722191451
878.6573722191451
878.6573722191451
878.6573722191451
878.6573722191451
1143.8229587307292
1062.054929508426
1029.206250846557
1029.206250846557
1003.6805365054698
1003.6805365054698
973.6113439479761
973.6113439479761
973.6113439479761
973.6113439479761
973.6113439479761
973.6113439479761
972.2373048681319
972.2373048681319
944.730305139302
944.730305139302
944.730305139302
944.730305139302
944.6000243473479
944.6000243473479
944.6000243473479
930.2627535848264
929.3348497054402
929.3348497054402
928.3847338611213
928.3847338611213
921.9528392330765
910.4336050140272
902.1366287719183
902.1366287719183
901.8961866792647
898.525790530387
898.525790530387
895.8365337637878
892.4627060510749
892.4627060510749
892.4627060510749
889.3200246424749
888.4012573190025
885.1637855819926
883.3499844556887
880.5245366184189
879.6699068932894
878.0320711732778
878.0320711732778
876.2452396349856
876.2452396349856
874.6187952120682
874.0382844457731
872.4109639040969
871.4158159354129
869.7889772375327
866.7617134137985
864.2128730139331
863.8840015289493
862.6391489838885
860.838304711265
858.870660660552
857.3588416146763
855.2135139206381
854.3640058684235
853.5569615224622
853.5569615224622
852.8360215022542
852.6367290116325
852.0205521727621
851.690078140913
851.5141582985699
850.8676119546215
850.1952980022166
849.82925085747
849.7455385253578
849.6055510673584
849.6055510673584
849.5879275479317
849.3226535515576
848.684604435455
848.5891964957707
848.5891964957707
848.4307712848238
848.3142783632076
848.2213211107048
848.1760417304803
848.1760417304803
848.1258720354723
848.1258720354723
848.1258720354723
848.1077078938945
848.0704278096606
847.9080124945082
847.9080124945082
847.9080124945082
847.9080124945082
847.8963014585821
847.8963014585821
847.8963014585821
847.8963014585821
847.8853759570044
847.8853759570044
847.8815861958888
847.8721372835083
847.8721372835083
847.8721372835083
847.870522595775
847.870522595775
847.8700349485831
847.857075129321
847.8544928690443
847.8544928690443
847.8544928690443
847.846922165991
847.846922165991
847.846922165991
847.8272123496599
847.8272123496599
847.814729132655
847.814729132655
