1117.9298143967521
1043.999582265942
996.4053127597742
996.387249686953
996.387249686953
996.387249686953
988.4995928941172
988.4995928941172
988.4995928941172
988.4995928941172
987.5655982205085
984.14317405364
965.8539954938034
965.8539954938034
965.8539954938034
965.8539954938034
965.8539954938034
965.8539954938034
954.5340312168405
954.5340312168405
954.5340312168405
954.5340312168405
954.5340312168405
954.5340312168405
954.5340312168405
930.6654951562363
930.6654951562363
926.8041128523864
926.8041128523864
923.6591108888178
916.1713074922934
912.979624132817
912.979624132817
910.5591930916503
902.5028992873295
900.7555786593714
900.1840690835357
897.0220035076487
892.4569832000795
890.0909676469123
889.1063241156729
883.232716564196
883.232716564196
881.2016654659095
880.978122363573
880.978122363573
879.2186693905138
876.1239555787454
875.2954776294778
875.2038562189604
874.809300402222
874.5514392974493
873.9449574029525
873.8753579512572
873.265191071925
872.8585980074653
872.8585980074653
872.6960514557798
872.5569097599255
872.5569097599255
872.1871276923481
872.1871276923481
872.0588042679992
872.0414265934927
872.0414265934927
872.005806096339
871.9417177215624
871.9417177215624
871.8648595485289
871.8648595485289
871.8516762400509
871.8516762400509
871.8516762400509
871.8417428433645
871.8146659300263
871.8146659300263
871.7896392947068
871.7896392947068
871.7896392947068
871.7896392947068
871.7828376452609
871.7415895561043
871.7415895561043
871.7207065593058
871.7207065593058
871.7207065593058
871.7207065593058
871.7207065593058
871.7207065593058
871.7207065593058
871.7207065593058
871.7207065593058
1134.1418369631108
1065.4064631699878
1039.391507829976
1010.9170953369537
994.9517528796332
994.9517528796332
994.9517528796332
983.1968935844709
983.1968935844709
983.1968935844709
976.1781535014712
976.1781535014712
976.1781535014712
976.1781535014712
974.364258635866
971.5745082373968
958.2267597661192
954.9068708008344
954.9068708008344
954.9068708008344
954.9068708008344
953.0416154977041
953.0416154977041
953.0416154977041
953.0416154977041
950.3626367574901
943.0886535094426
943.0886535094426
937.553119897221
914.5959301083732
914.5959301083732
913.1829437730227
913.1829437730227
911.2228927146678
903.8397888243869
902.2609423455983
898.8720759824103
893.7788274188293
893.7788274188293
893.7788274188293
887.3829360720982
886.0139967908519
886.0139967908519
884.6409819145658
881.5418586438925
881.5418586438925
878.7319994651335
877.593634513677
876.5564182138563
873.9562438761808
872.0401882198253
870.5171480438188
867.4685457989583
866.6956715659381
865.0381933308354
864.428907748285
864.2101408095843
863.3316166201204
862.39377729254
862.100418837554
861.9198386078399
861.604407416093
861.2485905949675
861.060793487245
861.060793487245
860.7079209539767
860.7079209539767
860.4221859680252
860.1556833571533
860.1556833571533
860.1556833571533
860.1556833571533
860.1502451342183
860.1290111486719
860.1290111486719
859.9659168947845
859.9659168947845
859.9659168947845
859.8886768863032
859.8886768863032
859.8228313149096
859.8023959637507
859.8023959637507
859.8023959637507
859.8023959637507
859.8023959637507
859.8023959637507
859.8023959637507
859.8023959637507
859.8023959637507
859.7754872855993
859.7754872855993
859.7754872855993
859.7754083882479
859.7754083882479
859.7754083882479
859.7754083882479
859.7754083882479
859.7754083882479
859.7754083882479
859.7754083882479
859.7671284921431
859.7671284921431
859.7671284921431
859.7671284921431
859.7548575621053
859.7548575621053
859.7548575621053
859.7548575621053
859.7548575621053
859.7548575621053
859.7548575621053
859.7548575621053
859.7548575621053
1134.1418369631108
1080.3679458412148
1036.6500225287614
995.6716580021595
995.6716580021595
948.9560815689333
948.9560815689333
944.5889816175336
944.5889816175336
944.5889816175336
937.6951898234424
932.9367569613789
932.9367569613789
916.0944660344089
903.6975751142166
903.6975751142166
903.6975751142166
894.9096568050795
894.9096568050795
894.9096568050795
892.1553705933026
891.3261671715491
888.8938848831403
885.8164605448897
881.8867900460264
879.935930119379
873.4655028949426
866.950344244393
861.685710608024
854.0594058350908
850.412114326705
850.1480681366443
850.1480681366443
845.2777679012943
842.5862895502322
842.2527324891674
840.1903917773374
838.3464615355688
836.621899875234
836.4208802003359
835.7800631167507
835.2208782154589
835.213111888463
834.6105632505811
832.4808905564374
832.131210175073
831.9801302758627
831.5449070169722
831.1495291634592
830.4828093397576
830.3453872892936
829.9733113428972
829.6769844172317
829.6769844172317
829.5825509200964
829.5377065698156
829.3917423298657
829.23496492462
829.2101297812742
829.2101297812742
829.1760826070255
829.1760826070255
829.1760826070255
829.149378686521
829.1233465307492
829.0642054297543
829.0642054297543
829.0622350363509
829.0376617928603
829.0011797960451
828.9221550880735
828.9221550880735
828.9221550880735
828.9221550880735
828.9221550880735
828.9221550880735
828.9221550880735
828.9221550880735
828.9221550880735
828.9134307572449
828.9134307572449
828.9134307572449
828.9134307572449
828.9134307572449
828.9134307572449
828.9134307572449
828.9134307572449
828.9134307572449
1134.1418369631108
1042.6771520643354
1022.9731807829572
1015.0098894278656
1010.9252318624667
996.6916348675481
996.6916348675481
994.9337282623243
985.3401354582536
979.4362999254093
978.6068614978237
978.6068614978237
971.215864864279
971.215864864279
963.2802723505267
963.2802723505267
961.0469150542174
961.0469150542174
959.7912513985732
930.4271328680995
919.8095412048384
919.8095412048384
909.9366449739352
898.5310521471604
895.3674268607206
888.8418662261098
888.8418662261098
888.8418662261098
885.1014534695269
883.1067081291914
876.2677201905941
875.6213491807048
875.6213491807048
870.8993508843328
870.5887261604381
866.3396957597274
866.3396957597274
864.8688193075404
864.8688193075404
861.6670494913805
861.6670494913805
860.9203327181127
859.1114455576125
858.4576172759671
856.716801588079
856.716801588079
856.4011665124815
856.0637125395324
856.0608076917567
855.519908520218
855.0720689476243
855.0501735962
855.0501735962
854.4002857061034
854.4002857061034
854.4002857061034
854.4002857061034
854.2541181698235
854.1696988826391
854.1460544389327
854.1361470639666
854.1221462197755
854.0356532624515
854.0138511907185
854.0104329779281
854.0104329779281
853.9392279695999
853.9392279695999
853.9312660045169
853.8622512898846
853.8622512898846
853.8622512898846
853.8622512898846
853.8184725738722
853.8184725738722
853.8184725738722
853.8184725738722
853.8184725738722
853.8184725738722
853.8184725738722
853.8184725738722
853.8184725738722
1134.1418369631108
1062.4070885735368
1021.9519388532599
1004.477945608666
1002.3240082955542
994.0506810183206
987.0380511455926
986.4768927547483
986.4768927547483
965.7247024642244
965.7247024642244
965.7247024642244
965.7247024642244
932.0076830348478
932.0076830348478
932.0076830348478
932.0076830348478
924.841763893721
924.841763893721
924.6961712059432
915.4597553238084
915.4597553238084
911.5762600138892
898.4700934324188
898.4700934324188
889.8281644742483
889.8281644742483
880.9635380998118
880.9635380998118
878.2926002291808
870.0620816805767
870.0620816805767
868.588994623345
867.3586513864091
864.5120223416902
863.2580006429016
861.9941197280598
861.6222783536693
860.297633650482
860.0718453468039
858.7122535675261
858.2062119829391
858.2062119829391
857.4140930546208
857.2070681169706
857.0043336005276
856.6590233334326
856.0236295057117
855.3117335602111
855.2469076832768
854.6339953586514
854.1577693670392
853.9565784943259
853.3998109843421
853.3998109843421
853.21695594693
853.150914798101
853.1076761127458
853.1043822057095
853.0756737409286
853.0756737409286
853.0756737409286
853.0132329024804
853.0132329024804
853.0132329024804
852.9256063234899
852.9256063234899
852.8910663703679
852.8910663703679
852.8910663703679
852.8910663703679
852.8907575405123
852.8907575405123
852.8907575405123
852.842994000223
852.8127099851959
852.8127099851959
852.8127099851959
852.8127099851959
852.8127099851959
852.8127099851959
852.8127099851959
852.8127099851959
852.8127099851959
1137.9084665483658
1100.767772848528
1049.2356335043369
1006.1422281580351
1006.1422281580351
990.4389899401735
974.1734957629142
961.8734435932403
961.8734435932403
961.8734435932403
961.8734435932403
959.7617395691499
948.0937089676627
948.0937089676627
918.0561913816204
908.6859567685771
908.6859567685771
906.0351508181986
888.5517976233409
888.5517976233409
881.1218589597993
881.1218589597993
878.2088491171235
874.9562730977254
868.3169130792351
864.615895176794
863.5495952285315
862.6369697310555
862.6369697310555
862.6369697310555
856.9001874964192
856.3637750411494
856.3637750411494
854.8127098377828
854.2020978772715
853.5677491399958
851.7129510324459
849.7266843789819
848.6032981767434
845.8038199563016
845.1189163120443
844.8209485047563
844.5659794101052
844.2573218116041
843.874587476065
843.826116917678
843.568532440017
843.4119166373025
842.9236812532072
842.3916720781419
842.1320961884745
841.6655682757817
841.5162069947795
841.2852304374877
841.2456928950662
841.2456928950662
841.2456928950662
841.2456928950662
841.1577907048746
841.1206994222634
841.1206994222634
840.9991713178089
840.9860972374672
840.9746049959125
840.963747278157
840.9150256758658
840.9150256758658
840.9150256758658
840.9150256758658
840.8840089487377
840.8840089487377
840.8840089487377
840.8840089487377
840.8840089487377
840.8840089487377
840.8738984831178
840.8738984831178
840.8645408579288
840.8642257490096
840.8642257490096
840.8642257490096
840.8642257490096
840.8642257490096
840.8642257490096
840.8642257490096
840.8642257490096
840.8642257490096
840.8597114393172
840.8597114393172
840.8597114393172
840.8597114393172
840.8597114393172
840.8597114393172
840.8407960860033
840.8407960860033
840.8407960860033
840.8407960860033
840.8407960860033
840.8407960860033
840.8407960860033
840.8387323802053
840.8387323802053
840.8387323802053
840.8387323802053
840.8387323802053
840.8387323802053
840.8387323802053
840.8387323802053
840.8387323802053
1137.9084665483658
1102.66438540164
1041.5876612363809
1011.3467850448695
1010.0696643083122
990.0829918962199
984.8811760073277
984.8811760073277
984.8811760073277
984.8811760073277
984.8811760073277
967.9299624288277
967.9299624288277
967.9299624288277
967.9299624288277
967.9299624288277
967.9299624288277
966.1891887159118
952.2596692603098
952.2596692603098
939.8402087898519
939.8402087898519
922.6644005727177
922.6644005727177
922.6644005727177
920.5141569974602
911.0644594897569
911.0644594897569
910.2031158492925
908.55243219678
903.3720586248741
896.4151023010454
896.4151023010454
894.6264835709542
892.5166016357568
891.4187667182784
888.4059868225014
885.3286700220796
884.536297728405
884.536297728405
884.0509180687895
882.4738797442908
881.130446736604
880.0634347547257
879.5568330288688
878.943393166213
877.6070208186586
877.2773848118502
875.7524003068324
872.7516702848092
872.7516702848092
872.389768438965
872.3239210192098
872.0996569896038
872.0565579585777
872.0214711400411
871.7561280045782
871.7561280045782
871.7280039715074
871.3024540515864
870.9976062655039
870.8978892514514
870.8978892514514
870.8978892514514
870.6334328690209
870.2671730758575
870.233451931444
870.0204137568246
870.0204137568246
870.0204137568246
869.9820490431134
869.9820490431134
869.9434524676404
869.9366287422475
869.9366287422475
869.8512913691192
869.8512913691192
869.826270116373
869.826270116373
869.8037243025834
869.8037243025834
869.7894787448598
869.772101440414
869.7599322394426
869.7599322394426
869.7599322394426
869.7599322394426
869.7599322394426
869.7250214904212
869.7250214904212
869.7250214904212
869.7243269045259
869.7243269045259
869.7243269045259
869.7243269045259
869.7243269045259
869.7243269045259
869.7045488795302
869.7045488795302
869.7045488795302
869.7045488795302
869.7045488795302
869.7045488795302
869.7045488795302
869.7045488795302
869.7045488795302
1137.9084665483658
1060.717117331869
1023.7310215629611
1023.7310215629611
1007.2446230540552
1007.2446230540552
986.7765783615548
986.7765783615548
986.7765783615548
974.0147495099319
974.0147495099319
974.0147495099319
961.5787729893832
952.819437116832
952.819437116832
952.819437116832
942.8837798153005
929.9447955996409
919.3924411169852
917.1222827510218
907.730348991115
907.730348991115
907.730348991115
900.7141663115357
898.937173368962
898.937173368962
898.1908268132681
892.9234426599655
892.1026224456849
883.0462397372603
880.4092017609123
880.4092017609123
878.6126612904761
878.1277645103362
876.1914655390931
875.8229122349667
874.4912476097221
872.2500885145802
871.6906895225751
870.966693719141
870.1087857320755
869.9555595189669
869.6529674933889
869.356695015572
869.0036364654472
868.7822724710039
868.7805393388882
868.568847472443
868.5628552652095
868.2170751399642
868.2170751399642
868.1750680595333
868.1329136314826
867.9899781026137
867.9899781026137
867.9899781026137
867.9634434390131
867.8950490735824
867.830302268448
867.830302268448
867.830302268448
867.830302268448
867.830302268448
867.81769218792
867.8130003993721
867.8130003993721
867.8082608489509
867.8082608489509
867.7870933911166
867.7870933911166
867.7870933911166
867.7654222551993
867.7654222551993
867.7654222551993
867.7654222551993
867.7579609827001
867.7579609827001
867.7579609827001
867.7579609827001
867.7564744851179
867.7564744851179
867.7238093683912
867.7238093683912
867.7238093683912
867.7238093683912
867.7238093683912
867.7238093683912
867.7238093683912
867.7208189490375
867.7208189490375
867.7208189490375
867.7208189490375
867.7208189490375
867.7208189490375
867.7208189490375
867.7208189490375
867.7208189490375
1137.9084665483658
1075.9138374310098
1029.647155782907
1023.4815402254244
1013.1556064300516
1011.2174713157269
986.6610853588825
986.6610853588825
986.6610853588825
984.4683699409067
984.4683699409067
984.4683699409067
984.4683699409067
980.448053172079
980.448053172079
962.8742893842905
962.8742893842905
960.1186788397085
955.3141856622818
955.3141856622818
925.1956014093087
925.1956014093087
925.1956014093087
922.5517543741423
920.161772948978
918.1530382667021
913.2801283946231
913.2801283946231
907.3522097638291
901.5608862049304
901.5608862049304
898.248157222677
898.248157222677
894.6731260961071
892.9941577028935
892.9941577028935
891.0697783813848
889.1376687827092
887.8153862139773
887.8153862139773
885.470172450434
882.3293889647482
882.3293889647482
881.9010364850348
881.6765370916982
881.2569878352047
879.809163749102
878.9162655715672
878.9162655715672
878.8910115688932
878.5142242888271
878.1086682632567
877.725628459007
877.725628459007
877.5616074699133
876.5823557284518
876.4212491368271
876.2465440457349
876.2465440457349
875.8521183889223
875.402311625132
875.1062635751223
875.1062635751223
874.7189341232826
874.6339634013541
874.5346131016827
874.4869406573331
874.4451688277466
874.3754551886072
874.2254876868345
874.2254876868345
874.124233582719
874.1210997808187
874.0132404653173
873.9407131794947
873.8651314291803
873.8651314291803
873.8099210263152
873.757311212183
873.757311212183
873.757311212183
873.7461489836821
873.7461489836821
873.7031346877094
873.7031346877094
873.7031346877094
873.7031346877094
873.7031346877094
873.7031346877094
873.7031346877094
873.7031346877094
873.7031346877094
873.6940408683062
873.6940408683062
873.6940408683062
873.6940408683062
873.6940408683062
873.6940408683062
873.6940408683062
873.6940408683062
873.6940408683062
1137.9084665483658
999.9161587511829
999.9161587511829
999.9161587511829
999.9161587511829
999.9161587511829
999.9161587511829
999.9161587511829
983.6004292312816
983.6004292312816
983.6004292312816
974.2187206972059
971.5308696769941
961.5207104039303
961.5207104039303
956.7589915317894
956.7589915317894
952.9917172850519
952.9917172850519
952.9917172850519
950.4529033625861
944.5207162226066
936.5683904874172
935.0103783250039
929.5061888377434
928.1161802736858
928.1161802736858
922.7459612185139
917.8365569220215
915.3029619973347
911.1052213426249
911.1052213426249
910.4835526824018
905.6052016577713
904.8005133995969
904.8005133995969
900.2378845354066
900.2378845354066
900.2378845354066
899.8865150653886
899.3784295334405
898.4220031844507
898.175718292302
898.0657731226048
897.0956493606711
897.0110338818464
896.2934284811531
896.0999386529246
895.8449557942345
895.6383347830127
895.4055693642044
895.4033334426606
895.1402732546405
894.9268965731524
894.7496076284688
894.7496076284688
894.5700570461177
894.4718778169674
894.3720468596946
894.2281628359281
894.0236320349443
894.0100970827508
893.9764175022012
893.9620720862706
893.9620720862706
893.7872411798731
893.7872411798731
893.74835395831
893.74835395831
893.7338629624905
893.7048759272134
893.7048759272134
893.6705108711574
893.6690378089545
893.6597940131211
893.6549523119099
893.6549523119099
893.6549523119099
893.6409583202491
893.6409583202491
893.6409583202491
893.6409583202491
893.6281501190672
893.6281501190672
893.6281501190672
893.6281501190672
893.6281501190672
893.606396652564
893.606396652564
893.606396652564
893.606396652564
893.5812381950398
893.5812381950398
893.5812381950398
893.5812381950398
893.5812381950398
893.5812381950398
893.5812381950398
893.5812381950398
893.5812381950398
893.5672070337702
893.5672070337702
893.5672070337702
893.5672070337702
893.5672070337702
893.5672070337702
893.5672070337702
893.5672070337702
893.5672070337702
1137.9084665483658
1081.4184739393882
1035.2059498702665
1019.152526893176
1006.2721616057081
968.1826490343126
968.1826490343126
961.197243131168
961.197243131168
941.9281494367162
941.9281494367162
941.9281494367162
932.2404006599503
932.2404006599503
927.0131541082835
927.0131541082835
925.7588798684254
907.2838748671385
907.2838748671385
