1032.4827376850901
1016.2155919735638
968.1481150023654
968.1481150023654
968.1481150023654
962.7801946081856
962.7801946081856
962.7801946081856
962.7801946081856
934.6440533046624
934.6440533046624
934.6440533046624
934.6440533046624
926.8310472361046
923.5511013336757
916.1200550895489
916.1200550895489
914.0759656582597
906.7767646353369
903.1772459519923
903.1772459519923
900.797699108624
894.6965820683329
894.6965820683329
893.0003348419835
893.0003348419835
891.1545027714868
887.6274718520016
880.091931330132
875.9769298133882
872.5324941821407
871.7137256264282
870.8660145553301
869.5762689186505
867.8021916388618
865.2190508929921
865.06344924983
865.06344924983
864.2320392495209
864.2320392495209
862.9096204203987
862.7286583416269
862.7286583416269
862.4354859504831
862.2630168477925
862.14708473491
862.0494554572856
861.4598624433552
860.8263921545159
860.8263921545159
860.4575155162561
860.3953004195758
860.327993305777
860.327993305777
860.2552552607968
859.9339171218335
859.9339171218335
859.7384374415101
859.725597658039
859.6543749725363
859.6543749725363
859.5018021475647
859.186999459908
859.1618870517798
859.112857254917
859.112857254917
858.9974975848824
858.9355399901685
858.9355399901685
858.9355399901685
858.8681771709064
858.8681771709064
858.8681771709064
858.8194761201122
858.8194761201122
858.8194761201122
858.8141176502968
858.8141176502968
858.8106619286453
858.8042128830878
858.8042128830878
858.7834331000523
858.7834331000523
858.7751218014823
858.7751218014823
858.7751218014823
858.7751218014823
858.7751218014823
858.7728891015266
858.7728891015266
858.7728891015266
858.7728891015266
858.760209495891
858.760209495891
858.760209495891
858.7468013039767
858.7468013039767
858.7468013039767
858.7468013039767
858.7468013039767
858.7468013039767
858.7468013039767
858.7468013039767
858.7468013039767
1101.3751855907926
1050.5303158938464
1009.3704231005331
1001.5965402027186
1001.5965402027186
1001.5965402027186
1001.5965402027186
1001.5965402027186
1001.5965402027186
983.8933642128139
983.8933642128139
983.8933642128139
983.8933642128139
983.8933642128139
983.8933642128139
970.3734122383287
955.7660688167714
951.7886834770597
951.7886834770597
951.7191966047086
951.7191966047086
948.7059564520977
948.7059564520977
946.7443279115996
939.537289184683
939.537289184683
938.2414729257885
931.2843307335804
930.9168385620226
930.9168385620226
922.0012163151505
913.4263671356234
913.4263671356234
909.2493123007948
907.6028805885283
907.5757276310354
907.5757276310354
905.656780729792
903.3898894146903
903.1302729406781
903.1302729406781
902.147875249105
901.1248055108922
899.7904747240019
898.2246487345635
897.8366915948168
897.7208442153891
896.9700124129474
896.2247710477004
896.1115836916495
896.0209977650057
895.6096617778162
895.3449688269029
895.1203033449262
895.1203033449262
894.7827880430411
894.7785226985139
894.6194890550483
894.6194890550483
894.5822917809033
894.5568790808812
894.5289150467368
894.2521389634333
894.2521389634333
894.2464968056881
894.2464968056881
894.1211586164984
894.0352389013283
893.9758195129143
893.9758195129143
893.9403717846952
893.9403717846952
893.9403717846952
893.8756777489726
893.8756777489726
893.7759626245323
893.7759626245323
893.7594987155227
893.7594987155227
893.7084833552167
893.7084833552167
893.7015932115046
893.7015932115046
893.6679899047076
893.6679899047076
893.6679899047076
893.6662806597625
893.6662806597625
893.6229769699117
893.6229769699117
893.6229769699117
893.6229769699117
893.6229769699117
893.6229769699117
893.6229769699117
893.6229769699117
893.6157436201563
893.6157436201563
893.6157436201563
893.6157436201563
893.6157436201563
893.6157436201563
893.615270652067
893.615270652067
893.615270652067
893.615270652067
893.615270652067
893.615270652067
893.615270652067
893.615270652067
893.615270652067
1101.3751855907926
1059.2094257199758
1019.8144871198838
978.1653440170697
978.1653440170697
978.1653440170697
978.1653440170697
978.1653440170697
975.3504126570394
960.7685948182789
960.7685948182789
947.6055998284392
945.0425807398985
934.5962633601692
934.5962633601692
913.4809546959594
913.4809546959594
912.9220900887582
902.5335161833232
898.2743221542271
898.2743221542271
893.2185110491152
888.924488688387
888.924488688387
888.924488688387
885.6959486389541
884.7206006507424
883.7501022054041
880.0481097098208
876.2713713462132
875.5334408830374
874.4722631303011
873.2131711663469
871.4470903724898
867.3739027848274
864.1126878599871
863.3791240583585
863.3791240583585
862.4643110402257
861.0707268655137
859.9709280379975
859.8059489738124
859.5139453272682
859.3334180674578
858.8730500744
858.4167506208868
858.2316763422562
858.2316763422562
858.1838442095037
858.0330124563976
857.922175037025
857.8325606853499
857.7069715992675
857.6501441288846
857.6501441288846
857.4177951906053
857.4177951906053
857.3535040394011
857.3055628900072
857.1862748939212
857.1769336684131
857.099606537984
857.0286483274224
857.0286483274224
857.0286483274224
856.9549675823525
856.9073865377484
856.9073865377484
856.9001233763701
856.8740849487541
856.8740849487541
856.8740849487541
856.8583023227549
856.8564404457763
856.8564404457763
856.8564404457763
856.8257524036992
856.8257524036992
856.8257524036992
856.8186988278723
856.8186988278723
856.8186988278723
856.8186988278723
856.8156565755522
856.8156565755522
856.8008404981988
856.8008404981988
856.7982283114542
856.7982283114542
856.7982283114542
856.7982283114542
856.7982283114542
856.794124240231
856.794124240231
856.794124240231
856.794124240231
856.794124240231
856.794124240231
856.7923550630442
856.7923550630442
856.7876339769018
856.7876339769018
856.7876339769018
856.7876339769018
856.7689847334435
856.7689847334435
856.7689847334435
856.7689847334435
856.7689847334435
856.7689847334435
856.7689847334435
856.7689847334435
856.7689847334435
1101.3751855907926
1053.225902250088
1044.2159271818862
1017.0341113485424
1011.0910088534772
1005.713614209342
1000.5223988740596
1000.5223988740596
983.8822015448802
983.8822015448802
983.8822015448802
975.5072843133869
963.5687313856334
961.4893312441499
957.7790776640397
956.5384342109782
956.5384342109782
956.5384342109782
954.004174796379
926.1711067131184
903.859809642316
903.859809642316
899.5947016868314
893.4940503933278
892.2299065239408
891.4012148084305
888.5586758531368
888.4408608490176
886.0695632605897
886.0695632605897
883.2460285843439
881.6876143779282
881.2817391996787
881.0925354738495
881.0925354738495
879.8640900668161
879.1734268652856
878.0800862653463
877.7452151450173
875.4567601084967
875.4567601084967
875.4452887672187
875.3637203188975
875.3637203188975
873.7661925060843
873.7661925060843
873.7661925060843
872.7489264558876
872.3145165625572
872.3145165625572
871.9148742348088
871.8387850400464
871.7489278554326
871.6687106198783
871.547921405428
871.547921405428
871.4006904173351
871.3452663837805
871.282192113589
871.2417909375093
871.1598018547613
871.1598018547613
871.0190079090121
871.0190079090121
871.0190079090121
870.9334603531947
870.88986801709
870.88986801709
870.8485620377655
870.8485620377655
870.8062238240475
870.8062238240475
870.7896693834638
870.7896693834638
870.7876331321598
870.7876331321598
870.7758552261922
870.7758552261922
870.7285202850585
870.7203503936016
870.7203503936016
870.7203503936016
870.7203503936016
870.7188724300471
870.7188724300471
870.7130196920175
870.7130196920175
870.7130196920175
870.7130196920175
870.7130196920175
870.7130196920175
870.7108294409284
870.7108294409284
870.7108294409284
870.7108294409284
870.6860925393986
870.6860925393986
870.6860925393986
870.6860925393986
870.6860925393986
870.6860925393986
870.6860925393986
870.6860925393986
870.6860925393986
1101.3751855907926
1054.532763587175
1007.0805605851087
1007.0805605851087
1007.0805605851087
1007.0805605851087
1007.0805605851087
1007.0805605851087
1006.4380309585428
993.1446172023404
987.6218837280908
987.6218837280908
987.6218837280908
987.6218837280908
963.5890183167227
952.0900560917037
937.1648122609956
937.1648122609956
937.1648122609956
932.2605746293907
932.2605746293907
912.8932685034673
908.8891479360037
895.7217981749162
895.7217981749162
895.7217981749162
895.7217981749162
895.7217981749162
889.7490644598752
889.6289919763135
887.493402523108
883.6039202426635
883.6039202426635
882.0253435979625
881.3067748002823
881.0935010252342
879.347059707887
877.4359121843578
877.4359121843578
876.8544140481379
874.3120376953289
872.8851569390642
872.2357919161766
870.5103199198568
870.4360517282623
870.4360517282623
869.7622436305305
869.0718133399295
868.8686857212482
868.8686857212482
868.2983018559496
868.1766814038675
867.3473699829765
866.9611575110175
866.8097214949815
866.6548571224025
866.4545473558389
866.1412403421413
865.8812753156728
865.8523710375898
865.6860434192174
865.2341031603029
865.2341031603029
865.0507006510526
864.9066348923661
864.9066348923661
864.9066348923661
864.8996517199419
864.8777932973286
864.8777932973286
864.8416869326107
864.8416869326107
864.8290744763259
864.8269434334222
864.8269434334222
864.8269434334222
864.8269434334222
864.7984803375641
864.7984803375641
864.7984803375641
864.7984803375641
864.7916568180437
864.7916568180437
864.7841467091864
864.7841467091864
864.7841467091864
864.7841467091864
864.7749211975047
864.7749211975047
864.7749211975047
864.7714747396353
864.7714747396353
864.7714747396353
864.7358436469075
864.7358436469075
864.7358436469075
864.7358436469075
864.7358436469075
864.7358436469075
864.7357368335919
864.7357368335919
864.7357368335919
864.7357368335919
864.7357368335919
864.7357368335919
864.7357368335919
864.7357368335919
864.7357368335919
1101.3751855907926
1048.8839207328165
1047.9024169767758
999.7326546343842
979.5406420956003
979.5406420956003
979.5406420956003
975.3789164664558
975.3789164664558
972.816779976377
965.3435844689426
965.3435844689426
965.3435844689426
965.3435844689426
965.3435844689426
965.3435844689426
965.3435844689426
964.089452274702
964.089452274702
954.6631393799349
921.9454377955317
921.9454377955317
921.9454377955317
912.5162285571774
905.4121396306441
900.3593758361657
900.3593758361657
900.3593758361657
900.3593758361657
900.2375357981111
893.7934802776634
892.1859959441989
890.7731929229315
890.7731929229315
888.1302359465566
880.8888462211099
879.8089965049911
878.8559340593513
877.4268462334267
875.9410545257953
874.9414913137912
874.2107505003804
873.428542050568
871.6740957184134
869.6516111854478
868.3318306228247
867.2882260358831
865.0379322836444
865.0379322836444
864.1674186400727
863.5015928812069
863.306488959128
863.1660125590795
862.8996491303031
862.7103311325774
862.421546086622
862.2906065714297
862.1612012189363
861.9857585565641
861.9857585565641
861.9857585565641
861.7796762730862
861.6788999893594
861.6788999893594
861.5135778849698
861.261074249247
861.261074249247
861.261074249247
861.2256945662991
861.1464543275731
861.1333844488407
861.112755558351
861.0758058594204
861.0547839929633
861.0125462510546
861.0125462510546
860.8861703162638
860.8861703162638
860.8861703162638
860.881965202211
860.881965202211
860.8521255907282
860.8521255907282
860.837383534953
860.837383534953
860.8080913393896
860.8080913393896
860.8080913393896
860.8017841113725
860.8017841113725
860.8017841113725
860.7757706272586
860.7757706272586
860.7757706272586
860.7757706272586
860.7757706272586
860.7757706272586
860.7757706272586
860.7575136391632
860.7575136391632
860.7575136391632
860.7575136391632
860.7575136391632
860.7575136391632
860.7575136391632
860.7575136391632
860.7575136391632
1101.3751855907926
1008.2226873607193
1008.2226873607193
1008.2226873607193
1008.2226873607193
986.9059299219882
986.9059299219882
986.9059299219882
986.9059299219882
970.4474323817674
970.4474323817674
970.4474323817674
969.2859476785869
965.8801801415942
936.9986701441195
928.8021156415763
918.9704973041132
915.3775417938972
910.4029021714974
909.3433662537998
903.8253672074758
903.8253672074758
895.4523276307239
895.4523276307239
894.4324368072884
892.6335820014763
891.9492957554248
891.9492957554248
890.3654626038332
890.3654626038332
886.8053072199675
886.8053072199675
886.8053072199675
886.4998363064542
885.5292699003522
884.3644831723225
883.4898818608408
883.2671125707341
883.2671125707341
882.5710193398241
882.2281709764172
881.992768536637
881.6312449816141
881.470571745282
881.1732171481541
880.9116106264644
880.1329427723409
879.5068131962221
879.302073667458
879.0840975965424
879.0840975965424
879.0840975965424
879.0116499559051
879.0116499559051
878.9561619736236
878.8757650489324
878.871277077774
878.8686448568448
878.8686448568448
878.8112963690132
878.806521879493
878.806521879493
878.7811857861069
878.7811857861069
878.7811857861069
878.7811857861069
878.7674861829477
878.7375623792333
878.7375623792333
878.7017404950726
878.7017404950726
878.6790923728445
878.6790923728445
878.6790923728445
878.6790923728445
878.6790923728445
878.6790923728445
878.6556633139438
878.6556633139438
878.6556633139438
878.6556633139438
878.6556633139438
878.6556633139438
878.6556633139438
878.6556633139438
878.6556633139438
1101.3751855907926
1046.5856209780202
1046.5856209780202
1032.6518294955144
975.5079409509933
975.5079409509933
975.5079409509933
975.5079409509933
957.156392772876
957.156392772876
955.1488415848635
951.8376061070275
951.8376061070275
936.0684524617079
936.0684524617079
924.8255845050919
908.9454443188976
908.9454443188976
898.3791991208276
889.5699984497832
882.2044617099012
882.2044617099012
880.2971291628431
880.2971291628431
878.9068541649228
878.9068541649228
877.1651045663083
875.0723137866371
872.8891047364003
870.1102655162564
870.1102655162564
869.6088101161271
867.6399763942395
867.6399763942395
867.1805285320313
866.6366180225904
864.9846299203515
864.9846299203515
864.9846299203515
864.7751148866627
864.6021813847682
864.415568772651
864.3074831421168
864.1215644041821
863.8731158818862
863.6302022595299
863.2454257855389
862.9897087106087
862.9897087106087
862.6178871729675
862.4430735218922
862.3584403555769
862.3006555983437
862.2041866660846
862.0820950080479
862.0347174045689
862.001676319014
861.9876585752562
861.9115268437585
861.8759818990776
861.8759818990776
861.8759818990776
861.8539663807045
861.8539663807045
861.7741204052862
861.7741204052862
861.7741204052862
861.7741204052862
861.7654500107634
861.7654500107634
861.7654500107634
861.7654500107634
861.7654500107634
861.7654500107634
861.7654500107634
861.7654500107634
861.7443231400083
861.7443231400083
861.7443231400083
861.7388862457491
861.7388862457491
861.7388862457491
861.7388862457491
861.7388862457491
861.7388862457491
861.7388862457491
861.7322026244021
861.7322026244021
861.7322026244021
861.7322026244021
861.7322026244021
861.7322026244021
861.7322026244021
861.7322026244021
861.7322026244021
1101.3751855907926
1084.2826220188726
1004.9598564281108
978.2040556799111
978.2040556799111
978.2040556799111
978.2040556799111
968.2813617823829
968.2813617823829
968.2813617823829
946.3370365833125
946.3370365833125
942.278073590801
938.9918410690923
918.0351127628958
918.0351127628958
918.0351127628958
915.2370561771538
915.2370561771538
914.4690088859661
907.0630411820682
903.2755447562269
899.6124211212081
898.5086083437016
897.4727164322715
891.989480304295
890.3379285367863
886.2595732675483
885.22644626879
883.0129062863899
881.9734205463152
879.253557415176
874.5836843319024
874.5836843319024
874.5836843319024
874.4604219771992
873.8416591696036
873.3083522905299
873.3083522905299
870.8072058647925
869.5053851599777
868.2786309252059
868.2767763812622
868.1023610458576
867.8245459757431
867.7383800781585
867.544441894806
867.544441894806
867.3579510865754
867.3579510865754
867.3579510865754
867.0882641484836
867.0549876659783
867.0115890074939
867.0115890074939
866.9754006653146
866.9036328318534
866.8949433530447
866.8866313855449
866.8592620014311
866.8592620014311
866.8176480168459
866.8176480168459
866.8176480168459
866.8176480168459
866.795744272903
866.795744272903
866.7802953927926
866.7802953927926
866.7802953927926
866.7482763380542
866.7482763380542
866.7482763380542
866.7482763380542
866.7380150666017
866.7380150666017
866.7380150666017
866.7206791456903
866.7206791456903
866.7206791456903
866.7206791456903
866.7206791456903
866.7206791456903
866.7206791456903
866.7206791456903
866.7206791456903
1101.3751855907926
1081.489740063054
1009.1767665148141
1006.2996579908529
1006.2996579908529
992.7612055673162
972.3742206784981
972.3742206784981
972.3742206784981
955.0016172977661
955.0016172977661
955.0016172977661
955.0016172977661
952.4303154649272
945.5215353406645
945.5215353406645
939.1648106523141
932.6356928924274
932.6356928924274
918.5791056118729
918.5791056118729
913.8425374204672
913.8425374204672
902.0010572398255
898.136827574117
898.136827574117
893.3617143970362
891.8560695788221
890.0864690555006
886.0662463399148
885.760792900434
883.4715707733651
879.9614493448327
878.5590006984925
878.5590006984925
876.4981490012325
876.4981490012325
876.0953114546558
875.5664338314116
875.1720542779926
874.9096155006434
874.3382059190518
873.7780343818918
873.7780343818918
873.3983119357081
873.0262309582123
872.7836103799829
872.7296400329046
872.5231189927333
872.4322572446771
872.4204158415604
872.3806285949115
872.2686533222203
872.2686533222203
872.1712399870341
872.1396307349606
871.9253255997256
871.9253255997256
871.9253255997256
871.8977223958898
871.8977223958898
871.8910002776598
871.8187247811229
871.8187247811229
871.8060372308977
871.8060372308977
871.7543250582548
871.7543250582548
871.7543250582548
871.7424736423848
871.7424736423848
871.7424736423848
871.7424736423848
871.7319867115566
871.7319867115566
871.7319867115566
871.7263003829247
871.7263003829247
871.7241882106683
871.7241882106683
871.7241882106683
871.7241882106683
871.7241882106683
871.7241882106683
871.7241882106683
871.7241882106683
871.7241882106683
