1033.2982439321959
1007.4112260093317
1007.4112260093317
1007.4112260093317
1006.9402341077864
996.2049789022403
996.2049789022403
996.2049789022403
996.2049789022403
996.2049789022403
988.3200412947232
970.4987512082593
970.4987512082593
964.5283283606153
964.5283283606153
964.5283283606153
964.5283283606153
964.5283283606153
964.5283283606153
964.5283283606153
956.4599452946572
956.4599452946572
956.4599452946572
951.147251383329
951.147251383329
940.8361926827445
940.8361926827445
940.8361926827445
931.3599267100286
931.3599267100286
925.178681116994
912.6279516582647
912.6279516582647
906.1846134783267
906.1846134783267
898.2322052440172
895.0939137218816
895.0939137218816
894.6647449252904
893.5881341154359
891.1463088972839
889.2060037016319
882.6049503616059
879.9936104951415
878.2281600439129
875.7937462400712
874.3219212868183
872.9843655247017
871.4923420190518
871.2090156124777
870.2611221693761
870.2611221693761
869.658148715157
868.3968035625489
868.3968035625489
868.043407859743
867.8291748191141
867.8240786093268
866.8450752567747
866.8450752567747
866.2777507418863
866.2777507418863
865.3636154938803
865.3636154938803
865.3315405766366
865.1395761350774
864.9234507115791
864.8792325662437
864.8792325662437
864.6962168145086
864.6962168145086
864.4890154526148
864.3830445007629
864.2770916699503
864.2770916699503
864.2770916699503
864.1488874650398
864.0673178700852
864.0673178700852
864.0673178700852
863.9690045403281
863.8876332341655
863.8876332341655
863.8699994634482
863.8699994634482
863.8146088856016
863.8146088856016
863.8146088856016
863.8110150740489
863.8110150740489
863.8110150740489
863.8110150740489
863.8110150740489
863.7913649409927
863.7836168969018
863.7836168969018
863.7642039978108
863.7642039978108
863.7533347461973
863.7533347461973
863.7533347461973
863.7533347461973
863.7533347461973
863.7405510581377
863.7405510581377
863.737061565813
863.737061565813
863.737061565813
863.737061565813
863.737061565813
863.737061565813
863.737061565813
863.737061565813
863.737061565813
1111.8111322168725
1040.8804631473524
1029.299638876431
1029.299638876431
1029.299638876431
1029.299638876431
1029.299638876431
1024.4733485095646
1024.4733485095646
1018.04287298552
1018.04287298552
1018.04287298552
1007.6516871699431
1005.3693142386702
1005.3693142386702
1005.3693142386702
1000.6251337103711
1000.6251337103711
1000.6251337103711
985.7870754677294
985.7870754677294
938.3512535063239
938.3512535063239
938.3512535063239
938.3512535063239
934.6824806255191
929.3878176122352
929.3878176122352
929.3878176122352
925.5746917255508
914.9047986940918
914.9047986940918
904.952893583541
904.952893583541
899.6042842264591
893.2079121884807
891.9271316545862
888.7486157644817
888.7486157644817
885.2851350304829
885.2851350304829
882.0813529550214
881.3982859124058
881.3982859124058
878.348142139162
876.9188892192342
876.9188892192342
876.6064357559677
875.9005867620458
875.4389655204983
875.4389655204983
874.8752871326416
874.7255890950252
874.5536704628075
874.3675303692567
873.8550419155448
873.8550419155448
873.7443634155231
873.3382571055919
873.1463693392382
873.1463693392382
872.8085471092297
872.6520015260032
872.6398052821885
872.6398052821885
872.4957761031004
872.4781019970146
872.4614824490213
872.4226122663824
872.3123323720263
872.2239386532897
872.2239386532897
872.1680586245699
872.1326715086997
872.0850415512334
872.0042334358214
871.9800390209004
871.9343170906443
871.9001707168051
871.9001707168051
871.8743757698342
871.8668510427499
871.8668510427499
871.8147851539911
871.8147851539911
871.8138634748738
871.7819767356275
871.7819767356275
871.7819767356275
871.7296094783289
871.7296094783289
871.724055867264
871.724055867264
871.724055867264
871.724055867264
871.724055867264
871.724055867264
871.7237984575007
871.7237984575007
871.7237984575007
871.7237984575007
871.7237984575007
871.7237984575007
871.7237984575007
871.7035736433018
871.7035736433018
871.7035736433018
871.7035736433018
871.7033149244767
871.7033149244767
871.7033149244767
871.7033149244767
871.6932682570371
871.6932682570371
871.6932682570371
871.6932682570371
871.6932682570371
871.6932682570371
871.6932682570371
871.6932682570371
871.6932682570371
1111.8111322168725
1014.6509472720071
1014.6509472720071
1014.6509472720071
1014.6509472720071
1013.1145829859124
1013.1145829859124
1013.1145829859124
999.3229678927567
994.7456071883439
994.7456071883439
984.844197230667
984.844197230667
984.844197230667
980.2481744658505
979.1852693668922
979.1852693668922
961.7357637381148
961.7357637381148
961.7357637381148
960.2999311473574
951.8541335352966
948.1599514172925
940.2393426635965
929.9584049682392
929.9584049682392
929.9584049682392
925.4907070465463
922.8199450787647
920.8826503393095
919.6356050884706
917.6958592644007
915.1076084124945
912.0252929151555
905.7982946938081
905.7982946938081
905.2650572061859
901.7101192657717
901.2891261893855
900.488299885285
900.3135352270867
898.5559463801483
897.9552475708149
894.7313910751561
893.8101422277094
893.2054171344461
893.0660631801844
893.0660631801844
892.7514239332064
892.1442510986052
891.4447375104085
891.4447375104085
891.1995816995676
891.1995816995676
890.9054275117176
890.6577219286739
890.4574539886431
890.2372718347746
890.2372718347746
890.2372718347746
889.8105050265764
889.7544638060804
889.6110585268137
889.6110585268137
889.2216594798886
889.2216594798886
889.104624728931
889.0399951144914
889.0399951144914
888.9259794076236
888.9259794076236
888.8075642195415
888.8075642195415
888.8075642195415
888.8075642195415
888.7615723526421
888.7430648739696
888.7430648739696
888.7277515408405
888.6932135445488
888.6932135445488
888.6314035013199
888.6314035013199
888.6296189735037
888.6296189735037
888.6296189735037
888.6296189735037
888.6296189735037
888.6296189735037
888.6296189735037
888.6296189735037
888.6296189735037
1111.8111322168725
1067.0509496801928
1033.2691273249322
995.5997023015187
995.5997023015187
991.2599280889839
991.2599280889839
987.2152859497767
978.2610202750916
978.2610202750916
978.2610202750916
978.2610202750916
978.2610202750916
974.9872590032658
974.9872590032658
968.0538704935166
955.9486814838677
955.7357956642838
951.1535643253177
932.7636586460125
932.7636586460125
932.7636586460125
924.396497356081
918.5538613703935
917.5587497505265
911.6779011170169
911.6779011170169
909.2745796275008
907.0580223265046
903.9398730925129
903.9398730925129
902.4217712103969
901.8944788743152
901.3261497390208
897.5853665992356
895.5901897172089
891.7584746675194
889.1593681973502
885.1393546997922
885.1393546997922
885.1393546997922
884.227684572621
883.4024372191591
883.2327811091036
880.2828422970487
880.2828422970487
879.7357900206432
878.9683039172345
877.7296824037679
877.1168418750694
877.1168418750694
875.9670581175939
875.9670581175939
875.4895556509342
875.4895556509342
874.8369125825473
874.737127798302
874.737127798302
874.3230121553499
874.3230121553499
874.3230121553499
874.1711006481084
874.0690485918509
874.0690485918509
873.9254411281738
873.8214125339639
873.8214125339639
873.8214125339639
873.8046915899605
873.7654616500806
873.7654616500806
873.7654616500806
873.7654616500806
873.7640282738168
873.758743055641
873.7525802499963
873.7525802499963
873.7525802499963
873.7424741750553
873.7424741750553
873.739010747151
873.739010747151
873.739010747151
873.739010747151
873.7004504516611
873.7004504516611
873.7004504516611
873.7004504516611
873.7004504516611
873.7004504516611
873.7004504516611
873.7004504516611
873.6906647173602
873.6906647173602
873.6906647173602
873.6906647173602
873.6906647173602
873.6906647173602
873.6906647173602
873.6906647173602
873.6906647173602
1132.055938577094
1061.2135282526237
1049.8791102747841
1004.9485568641709
1004.9485568641709
1004.9485568641709
1004.9485568641709
1002.6916549814072
985.0630639843246
985.0630639843246
985.0630639843246
971.6654911371478
971.6654911371478
954.9041384376047
954.9041384376047
954.4925442432286
952.5127000906674
952.5127000906674
936.6686832951672
936.6686832951672
936.6686832951672
914.0397948580476
899.2740329553947
893.8812483045688
891.2529076922266
883.9461017477771
883.9461017477771
883.9461017477771
883.9461017477771
879.1759650692297
877.9729243398868
877.3890940943462
875.3139250335688
871.2988975710654
870.8477170063135
868.6760197388588
866.6076813237796
865.7883926446092
864.098045931887
862.2823404072853
861.2853316844697
859.0943069116884
859.0943069116884
858.6361738749135
857.7247627419156
856.4748621160621
856.4748621160621
856.2717064890543
855.5487201651797
855.4784922410615
855.4784922410615
855.4118458243079
855.3473320682488
855.2200391237209
855.1195967647278
855.0710289340059
855.042059901191
854.9968654936017
854.9845089711567
854.9845089711567
854.9845089711567
854.9845089711567
854.8780941248858
854.8780941248858
854.8780941248858
854.8780941248858
854.8780941248858
854.8026574481622
854.8026574481622
854.8026574481622
854.7773265642267
854.7773265642267
854.7773265642267
854.7773265642267
854.7773265642267
854.7773265642267
854.7773265642267
854.7773265642267
854.7773265642267
854.7762391274878
854.7762391274878
854.7762391274878
854.7749578847338
854.7714271722108
854.7714271722108
854.7714271722108
854.7714271722108
854.7714271722108
854.7714271722108
854.7714271722108
854.7714271722108
854.7714271722108
1132.055938577094
1047.1136842095718
1017.963126137271
1017.963126137271
1017.963126137271
1017.963126137271
1015.2226001808017
1015.2226001808017
985.186204052154
985.186204052154
980.5639176842348
980.5639176842348
951.4477952434897
951.4477952434897
951.4477952434897
934.7051704057175
928.5984476469771
928.5984476469771
923.5829948569141
920.2060814104216
920.2060814104216
919.8483349424368
912.5331822293765
905.9539363949334
901.5111635102891
900.0293270914756
896.3133878237967
895.083650569925
893.8496766440609
890.1584534480437
888.9969458323292
886.9885386649706
883.9991508941042
880.3127244458713
876.9809013941996
875.6853011478164
875.6853011478164
871.9310511307818
871.287884344877
871.287884344877
869.8886784388383
869.4000145648206
868.7924304306256
868.1919620554012
867.8260664173762
866.6702697014728
865.1126777435372
864.671840905333
862.626132181437
861.3453445678537
860.5619239147547
860.3819642723955
860.3819642723955
860.3819642723955
860.2340624683347
860.0304272362757
860.0216057573266
859.735011202046
859.735011202046
859.7298759120787
859.7298759120787
859.5550179668533
859.348625514469
859.1280660746482
859.1280660746482
859.0766303013204
859.0484176517365
859.0484176517365
858.9710749210238
858.9280590190053
858.9280590190053
858.9065918482578
858.8807395067577
858.8807395067577
858.8686783620533
858.8686783620533
858.841547902154
858.841547902154
858.841547902154
858.8008703168031
858.8008703168031
858.790789395719
858.790789395719
858.752641643377
858.752641643377
858.752641643377
858.752641643377
858.752641643377
858.752641643377
858.752641643377
858.752641643377
858.752641643377
1132.055938577094
1087.199877765321
1027.01867856173
1013.8470222538272
997.0058889880661
986.5294540151398
981.3993078299723
981.3993078299723
981.3993078299723
979.7163347600758
979.7163347600758
977.2284185596666
961.4508616990233
961.4508616990233
940.721519037054
940.721519037054
940.721519037054
933.8007664364256
933.8007664364256
912.2368681043198
912.2368681043198
912.2368681043198
907.3811000480576
907.3811000480576
905.9173473778031
905.5798005587441
902.0898330198531
895.7747973836726
895.6871482993782
895.6871482993782
890.3323180270066
886.7318820320792
886.7318820320792
886.7318820320792
885.735154614454
885.735154614454
885.1978018823208
884.8013879323728
879.9385256342134
877.7286905667229
877.7286905667229
875.1869097913906
872.9446641058433
870.8279682036526
870.1369874605555
870.1369874605555
868.3838261897611
867.3491867327739
867.3491867327739
866.3859169320182
866.15949399791
865.5880207454327
865.4669680870791
864.8725285595933
864.8231467948568
864.779593037046
864.779593037046
863.3709051297053
862.9904479332541
861.2023943036561
861.0090902001508
860.0608998145631
859.8762819511345
859.6547965209592
859.5761827306758
859.2014764617093
859.1731731905081
858.9148950754578
858.9148950754578
858.767674478194
858.7017671921747
858.7017671921747
858.5487504532915
858.4849916654915
858.3732711249386
858.3030397615676
858.2175029460294
858.1922077142993
858.1799257420222
858.0404927182847
858.0099532501641
857.9940551980441
857.9796529357059
857.9392809572859
857.9392809572859
857.8751178354862
857.8751178354862
857.8751178354862
857.8170372951583
857.8170372951583
857.8170372951583
857.7842498163466
857.7842498163466
857.7842498163466
857.7842498163466
857.7842498163466
857.7842498163466
857.7842498163466
857.778926310325
857.778926310325
857.778926310325
857.7732150601418
857.7732150601418
857.7732150601418
857.7732150601418
857.7732150601418
857.7732150601418
857.7732150601418
857.7732150601418
857.7732150601418
1132.055938577094
1072.2905286275861
1024.5753406404974
998.3669526213353
981.8005411008662
981.8005411008662
981.4939142336426
981.4939142336426
981.4939142336426
981.4939142336426
981.4939142336426
973.5459237681406
973.5459237681406
973.5459237681406
960.8830186122199
960.8830186122199
960.8830186122199
944.1794719075015
940.7353046958009
940.7353046958009
936.4598078870674
930.2873268176938
925.1416634050316
924.5883147071758
924.5883147071758
922.3002293496919
917.2963162301502
917.2963162301502
912.2633139774836
906.1728119152305
906.1728119152305
904.2555015332748
901.9136098798401
901.1944614921175
899.4973046094876
899.4797435737407
899.4797435737407
896.3806344761056
895.5227575215122
895.5227575215122
894.2984795521418
892.3610300268949
890.4706959667899
887.1446031554095
885.5895350665036
885.5895350665036
883.9691671324446
883.9691671324446
882.3290674745076
882.3290674745076
882.3290674745076
882.2372618868302
882.1250833961051
882.0230943135732
881.962328132102
881.7555929042094
881.6849861115223
881.4041877594227
881.2803568911153
881.2364899998979
881.0032490021079
881.0032490021079
880.9560594109041
880.8701099764123
880.8399220188229
880.818833576339
880.8084876141553
880.8084876141553
880.729451472704
880.729451472704
880.729451472704
880.7163203141791
880.7163203141791
880.7120712892702
880.7120712892702
880.7120712892702
880.6819720368245
880.6819720368245
880.6819720368245
880.6819720368245
880.6819720368245
880.6819720368245
880.6774050729251
880.6774050729251
880.6621268263086
880.6621268263086
880.6621268263086
880.6621268263086
880.6621268263086
880.6621268263086
880.6621268263086
880.6621268263086
880.6621268263086
1132.055938577094
1051.7911280999842
1016.8215307164057
1016.8215307164057
1010.8261459817935
1010.8261459817935
996.612473480388
996.612473480388
996.612473480388
996.532034931229
968.4280665827564
968.3175150037196
968.3175150037196
962.3588676725487
959.1871823122406
959.1871823122406
952.9684562137766
948.0702663145573
948.0702663145573
939.2996869254625
939.2996869254625
931.9453949557552
931.5459934939231
931.5459934939231
928.4889606695899
928.4355646318234
926.5322472152136
921.5320273965816
915.5082956410555
915.5082956410555
915.5082956410555
914.1752798742433
913.4041587593298
912.0778148997438
911.889674614971
911.5049934953979
909.693917449481
909.693917449481
908.8155067928533
908.254820190112
907.9316065070931
907.8441451887439
907.4221143324658
906.8272090733565
906.3591261627225
905.5788157549159
905.1584288709173
904.7737777255736
904.5230231067292
904.2940127686808
904.2787874164666
904.1771167274444
903.9232270280582
903.8147828891414
903.8147828891414
903.8147828891414
903.7645925311675
903.7645925311675
903.7645925311675
903.7400655631249
903.6931149820599
903.6931149820599
903.674251129128
903.674251129128
903.6694850830496
903.6694850830496
903.604964950173
903.604964950173
903.604964950173
903.604964950173
903.604964950173
903.5922910189674
903.5922910189674
903.5865174677524
903.5865174677524
903.5799597914971
903.5799597914971
903.5752511133655
903.5752511133655
903.5666485089242
903.5666485089242
903.5666485089242
903.5666485089242
903.5666485089242
903.5666485089242
903.5641292420546
903.5641292420546
903.5641292420546
903.5641292420546
903.5641292420546
903.5641292420546
903.5641292420546
903.5641292420546
903.5641292420546
1132.055938577094
1046.3044712449107
1016.1146457876987
982.8158283990927
982.8158283990927
971.6155738008943
971.6155738008943
971.6155738008943
971.6155738008943
970.8481458076569
970.8481458076569
964.1423768171287
964.1423768171287
961.0361614381251
961.0361614381251
961.0361614381251
960.1448922348573
960.1448922348573
960.1448922348573
938.8313854411315
928.1373282777972
928.1373282777972
924.7279643631725
916.9615596646426
914.4867324066981
914.4867324066981
902.5892842812179
902.5892842812179
893.462772482892
893.462772482892
888.0361833645879
888.0361833645879
888.0361833645879
886.9457149985623
883.8920773757916
880.5119355570523
878.6698317811378
877.2441641250157
876.721816008466
871.9442646007034
871.9442646007034
866.9821185540673
866.9821185540673
863.5758723456369
863.5758723456369
863.5758723456369
863.5758723456369
860.5687870046283
857.0184984282181
856.15974817059
856.0533998429032
856.0533998429032
856.0533998429032
854.0604715563727
853.1735963178492
853.1268103128792
852.3760010118461
851.5131039499361
851.5131039499361
851.5131039499361
851.2593463165134
850.8578180451946
850.2776572619948
849.5711438386155
849.191212545393
848.9506296543711
848.8002165840574
848.7305868533108
848.3428264174644
848.3314107200865
848.1643005795605
848.1057804915883
848.1057804915883
848.0315329465283
848.0089668756208
847.9676065262299
847.9676065262299
847.9386387602151
847.9386387602151
847.9386387602151
847.8767047205495
847.8767047205495
847.8767047205495
847.8663695041353
847.8663695041353
847.8598246990825
847.8598246990825
847.8598246990825
847.8598246990825
847.8598246990825
847.8598246990825
847.8487663793985
