11081.083154023145
9665.753929292432
7952.550367975482
7529.221481367982
6833.933097282584
6434.559103069003
6071.3378849493565
5707.7104525440645
5445.619020242362
5160.697369367663
4944.986389650483
4773.299094643744
4630.693343324516
4496.216362573564
4395.7207438001915
4302.830554727772
4202.851010506977
4155.031345096605
4106.145395583061
4039.2497274322277
3956.6782964307195
3843.907435751649
3843.907435751649
3801.2135281960727
3796.955728354765
3745.8131849022116
3734.3882469813007
3734.3882469813007
3726.927072625964
3706.3231058649408
3691.813945645253
3668.7588441495486
3659.507674040303
3651.006337593136
3642.7669867469585
3629.0802019423263
3610.9460932497914
3569.360007017243
3548.101000719049
3523.941807719263
3474.682799801667
3421.494026629032
3375.4831314203675
3323.829114244859
3261.9511041615274
3213.900336464826
3171.182486635022
3166.0586774483686
3154.5242060603255
3129.2382462412
3126.6860510595748
3119.9979400337743
3109.1639545162534
3101.2014629675714
3091.279671120068
3070.7490963595183
3056.767778429044
3046.2385366326644
3037.054631779629
3030.06817106331
3016.997903511303
3015.872828090413
3006.755988629945
2998.433075257109
2981.9592677895885
2976.0093497372686
2966.869917216787
2964.35623451279
2957.850308888514
2956.5402186008137
2955.690826712049
2952.8304966390524
2951.1652437469816
2948.9518373995274
2941.466950309996
2941.466950309996
2940.313178329584
2940.313178329584
2936.4772984062256
2934.114328298242
2933.4410819731515
2933.4410819731515
2930.6648509357788
2930.6648509357788
2925.790449956734
2923.78239928382
2923.78239928382
2923.78239928382
2923.0954479306565
2923.0954479306565
2923.0954479306565
2923.0954479306565
2923.0954479306565
2920.4136983412627
2916.779993647909
2916.2182280081443
2916.2182280081443
2916.2182280081443
2916.2182280081443
2914.6360174004762
2914.6360174004762
2914.6360174004762
2914.6360174004762
2914.6360174004762
2914.6360174004762
2912.0540653933413
2912.0540653933413
2912.0540653933413
2912.0540653933413
2912.0540653933413
2912.0540653933413
2912.0540653933413
2912.0540653933413
2912.0540653933413
15163.62165306331
13964.593040915337
9609.917673641543
7046.38557919845
6241.050326258315
5491.101626459675
5142.356204858304
4711.807824836029
4480.072135712578
4286.186387782864
4147.840260366033
4034.879181773639
3912.581826610966
3847.837855513715
3698.199443267864
3650.4316851804697
3569.163874753771
3465.1394437768836
3422.033101458981
3369.997016054755
3348.830281720588
3348.830281720588
3348.830281720588
3266.8175626928537
3220.1857148151735
3215.2943942199618
3151.053631966886
3118.458476953897
3118.458476953897
3100.553229903275
3100.553229903275
3091.3289052599785
3091.3289052599785
3073.7525512690218
3058.4948048737633
3056.263083009874
3042.381186270817
3042.381186270817
3039.962034475957
3000.786023618162
2992.6901326858488
2992.6901326858488
2982.172620105279
2973.652766526491
2971.746742499816
2971.746742499816
2970.805369790379
2964.0173883898196
2963.7120535616477
2963.7120535616477
2959.9626873470174
2959.8641840678247
2952.6793557345813
2946.477449128125
2946.477449128125
2946.477449128125
2942.4817717326296
2942.4817717326296
2936.9014742092213
2936.9014742092213
2934.8742828795157
2932.9334728729877
2932.9334728729877
2928.3430238075634
2928.3430238075634
2928.3430238075634
2928.070569599093
2927.8304000904864
2927.8082125462347
2927.8082125462347
2921.506016683996
2921.506016683996
2919.429074508386
2919.429074508386
2919.429074508386
2919.3609168336397
2919.3609168336397
2919.3609168336397
2916.0524023316843
2916.0524023316843
2916.0524023316843
2914.903759776314
2914.903759776314
2914.903759776314
2914.903759776314
2914.893864581573
2914.893864581573
2912.721992646827
2912.721992646827
2912.721992646827
2912.721992646827
2912.721992646827
2910.8458854029977
2910.8458854029977
2910.8458854029977
2910.8458854029977
2910.8458854029977
2910.8458854029977
2910.8458854029977
2910.8458854029977
2910.8458854029977
15163.62165306331
15149.941963258854
10593.68438722723
8707.586541911827
6369.43096319434
5382.576468328163
4837.206887087166
4495.636638207512
4352.966936258144
4267.017458694741
4116.992780328535
4050.8961421542776
3859.9384020629695
3830.9544133666086
3747.4240586007427
3739.5301131512306
3728.4246320902616
3642.6650836197787
3634.268366872084
3602.6861906098197
3512.46420842152
3467.4711306622507
3425.4694729365483
3393.1386404020586
3389.9139226116704
3374.6919729727183
3353.168555975175
3310.7443060727983
3249.0580624979207
3210.3477922887023
3193.2986243285286
3173.8531087988003
3169.795374536154
3169.795374536154
3164.320582851703
3156.8134359149894
3142.1437361640974
3116.0845054531683
3086.049488286053
3056.8902502900232
3056.268912449284
3047.2930628233353
3039.128728159422
3027.8414895074307
3026.8514540015926
3026.442288754862
3018.5112495528438
3007.884494358029
2999.1766203631355
2998.222459570614
2995.0684429028715
2993.3840580599285
2984.2449868647054
2977.9785060333943
2974.8078189586495
2968.0246456967843
2963.204676747134
2955.6704055553428
2954.8750460603524
2953.4629663887827
2953.4629663887827
2951.1407274819535
2946.3377774708893
2946.3377774708893
2946.3377774708893
2941.166513801086
2939.3790375622953
2937.302925691043
2936.7694592062894
2933.647472834409
2932.8166284928084
2932.0133335975097
2930.535370031079
2930.535370031079
2930.535370031079
2928.584419064077
2928.3038831392555
2928.3038831392555
2922.1702292341365
2922.1702292341365
2921.0686753821747
2921.0686753821747
2919.1225649476164
2919.1225649476164
2916.2167900576696
2916.2167900576696
2916.2167900576696
2916.2167900576696
2916.2167900576696
2916.2167900576696
2916.2167900576696
2916.2167900576696
2916.2167900576696
15163.62165306331
13114.789743112542
10760.990655745782
8826.899313302203
7871.181819943787
7598.219866825914
7151.786441182539
6717.756929803109
6383.665795876791
5780.054524767029
5421.182158946616
5102.969072348978
4697.92257985713
4455.7271351952395
4263.424108987325
4089.504061592275
4002.714631168058
3915.6661947678094
3874.132400344872
3783.947076948738
3744.323266666067
3744.323266666067
3710.571830032105
3664.258620793803
3654.6620123725406
3624.4589113585307
3609.3656174444995
3600.0213240489416
3587.7896361658104
3577.1728595521513
3560.0046167218325
3556.979364007052
3524.908106967696
3515.811989122192
3479.2436012059406
3454.199100801349
3431.694921455644
3377.046421585013
3343.9647967595265
3277.246252032275
3260.742160989956
3232.504755313721
3214.6860245328385
3195.989904443745
3185.668959676904
3160.4845984693275
3154.6473720589183
3138.140726266748
3129.1204542593596
3110.148174049437
3107.4864472241484
3103.411697357939
3094.8367603478246
3094.8367603478246
3087.8223686974166
3087.8223686974166
3084.37982236763
3073.795278356627
3067.730666041197
3059.697963087242
3047.176426209529
3032.2533452488515
3017.852228862163
3012.694152428939
3001.794272926946
2992.587053490937
2981.0876766501315
2973.6578632861197
2967.500765705022
2961.9946827827307
2956.4254326242617
2954.4083406703653
2954.3596223462955
2949.6066570695257
2947.965737947127
2941.311739294829
2939.6887397619435
2937.778731799308
2933.949643899495
2933.949643899495
2930.6775374793606
2930.6775374793606
2927.2651380088932
2925.1285345356064
2925.1285345356064
2922.2004727057792
2922.2004727057792
2919.7159746243137
2919.7159746243137
2919.519262861366
2919.519262861366
2918.899000899197
2918.899000899197
2914.2029277303727
2913.0982560573602
2913.0982560573602
2913.0982560573602
2913.0982560573602
2913.0982560573602
2913.0982560573602
2913.0982560573602
2913.0982560573602
2913.0982560573602
15163.62165306331
13541.864098346996
10584.238275340305
8913.215930096456
7742.686716688303
7053.9140014696795
6304.234769265233
5700.0451140035475
5192.683002205589
4848.919622462024
4507.828055518965
4285.165117551348
4144.0858386508535
3989.788793702476
3888.7122208320925
3775.132854119401
3700.8890581277337
3688.167831112837
3665.750675766466
3638.323977842408
3619.1651031770525
3601.596261725732
3564.369008492086
3555.074795175532
3544.4357390280247
3492.9262522725703
3479.05436465836
3458.280310159709
3433.2201978321787
3406.2804313354486
3397.2512539136674
3352.1124278508364
3335.0126859573343
3314.1313145907234
3303.452175163334
3278.9266746550597
3262.9169867630994
3239.6573566179122
3185.77992135574
3151.6883918866843
3129.065171117478
3104.428790624287
3093.1152482725156
3084.4340596926118
3073.4379084604516
3059.507560176955
3053.8502179283064
3050.9958348954096
3041.0941987417314
3029.7806819703687
3024.8572430064874
3013.669260741673
3007.079408832845
2994.679265522277
2985.2688042030118
2980.039870921039
2970.2850276515
2965.054001354689
2959.2082319540878
2955.8713241285313
2953.2429247299015
2950.8200599048473
2948.8786739037087
2947.567235213721
2941.84140643667
2939.176721087288
2939.176721087288
2938.166939880049
2936.7801172968852
2936.7801172968852
2934.4641296221016
2933.3561616225165
2931.987741050195
2931.987741050195
2930.109403745022
2930.109403745022
2929.485168347489
2920.7948805672177
2919.710589726614
2916.085407405252
2916.085407405252
2916.085407405252
2916.085407405252
2916.085407405252
2916.0669598076397
2916.0669598076397
2915.4749842505475
2915.4749842505475
2912.502290837893
2912.502290837893
2912.502290837893
2912.502290837893
2912.502290837893
2912.502290837893
2912.502290837893
2912.502290837893
2912.502290837893
15163.62165306331
13402.12867739075
11020.24633348338
8795.394514143582
7031.857706600585
6143.770238259195
5922.506178655374
5516.837600112902
4873.249806178415
4694.527238109399
4470.073494201926
4369.014882162274
4246.426962187922
4148.765421558924
4071.035671159172
3941.2932572978643
3839.549941050108
3816.310272499689
3761.0401606726105
3673.2141293308323
3670.40086971822
3670.40086971822
3645.3524075671776
3627.000446666525
3599.8841351891306
3581.5787027484303
3553.20733061219
3519.1011025630028
3453.05326626312
3394.2323126319434
3321.913207862543
3278.305919948054
3273.271703201429
3273.271703201429
3271.9452034901983
3267.6933500992054
3235.9506595282223
3223.2604625515182
3220.5330553334434
3194.940691321192
3193.902670965994
3185.7830774687777
3147.195444382156
3147.195444382156
3097.2776117641474
3093.704127218076
3059.713715878815
3059.713715878815
3050.774649341988
3028.438172323101
3018.057780789427
3013.755141638433
3005.7247552123745
3002.6030148089153
3002.6030148089153
2995.853120317232
2992.6547035417693
2982.2237966070816
2979.4749866761967
2978.719794096995
2972.726819376543
2971.045043851916
2962.780827145536
2961.7674863245875
2961.4594756086567
2956.7594048941164
2949.4444571992935
2949.4444571992935
2949.1892503192353
2946.80000723643
2941.0458439010827
2939.725674069051
2938.9539932058315
2937.846662033808
2934.362939012978
2932.3426180764054
2931.0975258291146
2931.0975258291146
2927.275795519878
2927.275795519878
2927.275795519878
2927.275795519878
2924.011042383597
2924.011042383597
2923.288237155009
2923.288237155009
2923.288237155009
2920.7370910447353
2920.7370910447353
2920.4993994474034
2920.4993994474034
2920.4993994474034
2920.4993994474034
2920.4993994474034
2918.7911379302955
2918.7911379302955
2918.720905531234
2918.720905531234
2918.55581894736
2918.55581894736
2916.5181100106915
2916.5181100106915
2916.5181100106915
2916.5181100106915
2915.6534773293524
2915.6534773293524
2915.6534773293524
2914.5047247195334
2914.5047247195334
2914.5047247195334
2914.286150797968
2914.286150797968
2914.286150797968
2914.286150797968
2914.286150797968
2913.4856010841045
2913.4856010841045
2913.4856010841045
2913.3459432891136
2913.3459432891136
2911.872066703245
2911.872066703245
2911.872066703245
2911.872066703245
2911.872066703245
2911.563658531914
2911.563658531914
2911.563658531914
2911.563658531914
2911.563658531914
2911.563658531914
2911.563658531914
2911.563658531914
2911.563658531914
15163.62165306331
15163.62165306331
12488.780602649886
10453.29658378706
9326.826062295619
8707.130654001965
8294.428324263725
7926.865980862987
7382.005073436621
6693.71368559129
6116.967034353723
5645.025861364924
5365.932327318528
5210.700358799462
5058.95600277089
4942.85910080024
4720.288145537103
4594.853320962991
4378.991484207777
4314.306199965073
4259.66398052124
4204.006311410918
4129.401827878266
3948.783126520547
3884.3851459530997
3882.897857283162
3785.363200308345
3750.0424385606766
3748.5829447891065
3748.5829447891065
3720.2625155283004
3710.4303132040286
3693.8941504310574
3667.2983584831836
3646.9409757494195
3635.0900802000274
3602.7427802124757
3564.7669532207515
3536.872485860761
3489.3667288495735
3419.517630842908
3381.264379043587
3353.674750837022
3307.3743016633325
3269.109644790447
3232.223786894166
3227.2802889416344
3205.1958302458124
3205.1958302458124
3178.2249043415854
3168.4540860750444
3149.5829045838154
3127.39554432672
3115.273942141876
3097.558989873536
3087.1317920312194
3078.484288977406
3073.915667836827
3055.9662600399033
3054.09302989505
3048.4740891622
3031.987610906507
3024.871181932086
3020.4305601090723
3014.0939081330253
3004.287047210049
3001.5542384700675
2989.094464941168
2987.63740068041
2986.7577644073435
2985.1902662752163
2978.5970715980234
2973.5947536576014
2969.6586346211607
2965.667278206879
2965.667278206879
2962.2154188161676
2957.101540823567
2957.101540823567
2950.0815138432367
2945.3884175342346
2942.566895233033
2942.566895233033
2939.275457284002
2939.275457284002
2938.543876223305
2937.0180452878076
2933.9399555806
2932.0806113429767
2932.0806113429767
2931.366370003222
2930.3385214494565
2924.9331043683687
2924.404434227855
2924.404434227855
2922.087844033832
2922.087844033832
2922.087844033832
2921.071059995386
2919.970725818015
2919.970725818015
2919.970725818015
2915.8324382038604
2914.8231305569325
2914.8231305569325
2914.1184513126595
2914.1184513126595
2914.1184513126595
2914.1184513126595
2914.1184513126595
2914.1184513126595
2914.1184513126595
2912.5505245112236
2912.5505245112236
2912.5505245112236
2912.5505245112236
2912.5505245112236
2908.9127854947947
2908.9127854947947
2908.9127854947947
2908.9127854947947
2908.9127854947947
2908.9127854947947
2908.9127854947947
2908.9127854947947
2908.9127854947947
15163.62165306331
14796.038555741568
10767.45906798514
8484.249051562034
7442.181454017765
6536.058598702652
5755.314890028059
5334.245281495187
4923.556640256858
4644.219309423358
4474.915198625458
4427.589913708295
4339.230853666504
4238.677382754727
4112.062360621576
3982.629603585414
3906.7536054032557
3814.9475280816214
3786.641467698748
3705.5580200706618
3594.411156901705
3477.9143607041206
3459.834291798158
3409.5818028470403
3343.73521157761
3314.280217059759
3299.364138168082
3288.110774586858
3249.940447617594
3224.0178086789065
3224.0178086789065
3200.465938264263
3192.5727462986347
3176.2068815105567
3149.7153804464065
3146.249808797898
3146.249808797898
3142.0582289562685
3125.9853045968835
3107.3715409263336
3107.3715409263336
3094.7474409664173
3076.6408633849014
3076.6408633849014
3076.6408633849014
3076.360535421936
3065.202229243211
3062.774485890974
3058.937793616172
3056.1132174909085
3051.8032091553855
3048.3214523328124
3041.487616841051
3039.42653762648
3032.810541151475
3030.6940195073403
3022.59559946633
3013.883573185957
3003.026429283314
2997.484301284721
2997.484301284721
2985.1339735971505
2984.0064768665284
2970.759157510599
2967.4854481458196
2961.9560423652047
2953.9466578254105
2950.4354196236195
2944.958060342835
2943.1054268649527
2938.238641125812
2938.238641125812
2936.5805125859583
2936.5805125859583
2932.1513414307233
2932.1513414307233
2931.382984066911
2931.219988254268
2930.627855706594
2930.627855706594
2926.5481543192072
2926.5481543192072
2924.172244655322
2924.172244655322
2924.172244655322
2920.318316866776
2920.318316866776
2919.628664142172
2919.628664142172
2916.0195158468605
2916.0195158468605
2916.0195158468605
2916.0195158468605
2914.500991232167
2914.500991232167
2914.500991232167
2914.500991232167
2914.500991232167
2914.500991232167
2913.4318023688493
2913.4318023688493
2913.4318023688493
2913.4318023688493
2913.4318023688493
2913.4318023688493
2913.4318023688493
2913.4318023688493
2913.4318023688493
15163.62165306331
13993.918507141874
11322.936928694353
9169.495342951213
8219.022698228473
7695.962771115492
6994.412069889786
6717.130412698617
6385.138813361713
6080.846209564257
5666.686386912452
5367.508862136252
4996.478427079592
4779.9104933949975
4560.466986329976
4344.526180813239
4222.231753033505
4127.534081022388
4000.5506088132747
3925.7733576809765
3870.03934677426
3837.0794398379962
3799.325501283831
3772.810534426866
3701.61506471849
3660.914428390108
3614.2753030728513
3595.7392766640965
3570.7817245060573
3547.120603576082
3529.9865131179376
3511.3607924131547
3497.2061585677907
3485.724080945581
3461.3069638055244
3436.8543837562815
3416.0692135088293
3394.602219056256
3362.9202611920796
3337.482877565627
3287.343444424687
3250.951016103924
3227.845851553264
3223.3790298442855
3213.995719094599
3206.508695388707
3190.6702301290566
3178.892995425403
3167.2335838187305
3159.073885777105
3149.807932676529
3143.4066329586412
3138.310310479324
3128.340304509152
3120.0483481822844
3109.922576836531
3099.7220253853206
3092.3619051935234
3081.57169437784
3069.973975564353
3054.565976890342
3033.734940942321
3017.765458735459
3002.965149698452
2991.289212183591
2984.043389459776
2977.888309918953
2970.7745351397234
2964.8578276033686
2960.2271406293876
2958.318461013879
2954.5324937483683
2947.3613990510057
2946.1238126366593
2943.8600159237176
2940.937217859972
2940.937217859972
2939.7744723482983
2935.6151035497005
2930.567358298557
2930.567358298557
2930.126504170519
2930.126504170519
2927.363112859949
2926.1220104629
2926.1220104629
2922.932527554987
2922.932527554987
2921.3533914336813
2921.3533914336813
2917.8830943919675
2917.8830943919675
2917.4991641414917
2917.4991641414917
2916.3762165063276
2915.6880530831722
2915.6880530831722
2915.6880530831722
2915.113886758847
2915.113886758847
2915.113886758847
2915.113886758847
2915.113886758847
2911.6488522222094
2911.6488522222094
2911.6488522222094
2911.6488522222094
2911.6488522222094
2911.6488522222094
2911.6488522222094
2911.6488522222094
2911.6488522222094
15163.62165306331
13556.248885942263
10059.020697018726
8958.183469341151
7516.684727421179
6300.274199651982
5559.617292705122
5072.493921302549
4881.157064589785
4740.905476704634
4551.098027578475
4486.899947639753
4406.495518635706
