10086.071745765956
7942.625530628791
7631.2670205087
6625.178793314246
6018.126684807739
5499.614369825025
5197.1967413776365
5028.57990932505
4842.3056478883245
4597.002949501463
4413.1870701619755
4270.8273973776995
4179.141145084462
4053.2786404309604
3997.952970317071
3937.201999103066
3900.2261169593476
3864.203250121039
3838.0587296407703
3785.085490099058
3751.3714239803953
3740.1289313934367
3716.199769803741
3686.4897666990005
3663.6741958848324
3631.2568976962853
3595.927037482861
3550.718467240123
3503.7516821354134
3468.16931988511
3436.702507816134
3417.9811709614632
3408.747696880673
3397.3130386171306
3387.9885135127092
3378.574835778856
3372.13436630432
3367.6215989311995
3356.996702753268
3345.4558558991553
3336.6580890014284
3330.4744655768
3322.849820829283
3312.1185122353527
3300.4553970534776
3290.0115027015977
3280.6070422609478
3267.790808332417
3257.973066860818
3246.5232145797054
3232.7599936732618
3214.113290458213
3201.7608493745524
3189.094557096841
3174.8301440066643
3162.2542034003245
3153.783173437867
3146.048613472547
3138.943055689545
3132.076624868145
3127.426466715023
3121.120706688712
3115.150751921338
3109.2654912336234
3103.565090792923
3098.81092901851
3092.6114707686806
3084.077537579254
3076.64572761057
3067.5736632270937
3061.6590046005617
3055.401923463407
3048.8062102500635
3043.654859021486
3038.423131698253
3032.37950535613
3025.962550174102
3020.4739646810526
3012.779873716217
3004.729906493062
2996.5184323918133
2988.0396927735264
2980.7768191891987
2975.018721637096
2966.541675344825
2961.2662631256917
2955.7229510873203
2952.6071969153522
2940.3564829130173
2939.9736373518076
2935.0828499382746
2933.524967114068
2930.121780589744
2924.3792497345307
2924.3792497345307
2924.3792497345307
2924.3792497345307
2923.0383922105707
2923.0383922105707
2922.031083493338
2920.5806758861236
2920.5806758861236
2920.5806758861236
2920.5806758861236
2920.5806758861236
2918.209356406814
2918.209356406814
2918.209356406814
2916.2517757237515
2912.8555828100884
2912.8555828100884
2912.8555828100884
2912.530084653896
2912.530084653896
2912.530084653896
2912.530084653896
2912.530084653896
2912.530084653896
2912.530084653896
2912.530084653896
2912.530084653896
12788.38233323036
9648.95516555618
8292.023141145037
7578.567068680563
6420.374797579013
5993.4548084941425
5338.430708661091
5039.619912560667
4826.602031744109
4662.645252102513
4400.404380598809
4226.076049112893
4032.3062300505035
3950.430728091005
3859.3718585260913
3784.7220729180217
3699.896407815854
3650.7038074317898
3650.2630426824317
3593.0324367893663
3593.0324367893663
3564.7600246137804
3534.5018287773355
3520.8374701313332
3520.8374701313332
3513.40398630832
3489.466693861789
3477.746899764565
3452.12088860377
3442.9158226432105
3442.9158226432105
3432.0667213669894
3425.025556248029
3410.362247683621
3395.266912702221
3382.952851037247
3351.100271740301
3336.0390139384576
3320.3778189113036
3301.5798057067223
3289.0104292989013
3272.819769371994
3258.7569368882773
3233.8793318449625
3226.911556780955
3204.451698875595
3181.9196010595474
3164.2441420316222
3146.4543460279788
3125.768694378781
3119.6450385271764
3108.8213008491352
3098.122057821173
3075.618256918154
3068.8499341655997
3046.098719264735
3040.0479561493758
3027.6873770823504
3020.7110360011093
3019.393401862373
3017.7704057860087
3016.111161318192
3009.7189455182165
3009.7189455182165
3006.141583260921
3004.2123279507673
2999.410055345801
2990.420154727484
2982.411809873537
2974.155117215507
2966.63971275342
2966.63971275342
2961.788510672013
2957.6466108740483
2956.4869386806163
2951.309738566398
2950.970430540317
2950.970430540317
2948.774613677738
2944.2772890206084
2944.2772890206084
2941.3030746428194
2937.004208348798
2937.004208348798
2936.9592650669683
2936.8578282211856
2932.8398074112333
2932.8398074112333
2932.349511149279
2932.349511149279
2931.2869620918505
2931.2869620918505
2930.3794809368164
2926.8727014467936
2926.8727014467936
2923.5004989874487
2923.5004989874487
2922.547285862364
2921.904849658389
2921.904849658389
2921.904849658389
2921.904849658389
2918.990716766207
2918.990716766207
2917.955309710275
2917.955309710275
2917.955309710275
2917.955309710275
2917.1073962718638
2917.1073962718638
2917.1073962718638
2917.1073962718638
2916.316929785808
2916.316929785808
2912.1074806087936
2912.1074806087936
2912.1074806087936
2912.1074806087936
2912.1074806087936
2912.1074806087936
2912.1074806087936
2912.1074806087936
2912.1074806087936
12788.38233323036
10960.480235325384
8371.182142380621
7768.296227884572
7041.473619075556
6359.5588310320045
5890.4042378791055
5392.165431522095
5104.444231407644
4972.1946239316385
4799.011518011519
4536.175495936656
4405.214858816317
4241.079144668633
4084.5126178256533
4024.271323313545
4011.0797970026524
3922.1294997661344
3898.2762109683204
3853.2008060439384
3811.17936851129
3716.360783949632
3673.914738341935
3673.914738341935
3661.294953799977
3602.123980791972
3580.3244340137153
3535.686333486292
3530.755438298689
3504.2088047504926
3485.7456728091315
3468.029986888414
3466.534255742357
3433.962031929453
3421.106055542887
3400.6816541584694
3379.176173177642
3359.2271913412224
3306.7978145902944
3281.5681995051655
3263.3666881471454
3248.78249317883
3233.777611686996
3211.2112735946985
3204.040204357337
3177.4191402356673
3160.403364004653
3156.233662898456
3143.4861901370823
3109.992765277718
3081.3689237112494
3081.3689237112494
3071.3819001465617
3056.886993617348
3051.7525078392455
3045.854138910463
3035.991604242746
3032.6160103824404
3027.9923927421223
3024.9576561407293
3023.0891681589837
3013.594263468556
3004.7413200560172
2997.732566162855
2986.5997292006778
2979.9094274793806
2973.0328322205755
2971.1528340078858
2963.95927163512
2962.9239566478204
2958.943364802779
2955.236512648167
2952.394356815798
2950.023920525546
2950.023920525546
2947.2732813942503
2943.3608517164967
2943.3608517164967
2940.435130190257
2937.706158776665
2937.0450924598144
2936.7348590162405
2936.7348590162405
2931.6667320459824
2927.7835093561903
2925.4533664965074
2925.4533664965074
2924.8877552324057
2924.6729946389673
2924.6729946389673
2922.0368625700653
2922.0368625700653
2920.540777758382
2920.540777758382
2920.540777758382
2919.2543281747885
2919.2543281747885
2918.24100946811
2918.24100946811
2917.394961857397
2917.394961857397
2917.394961857397
2917.394961857397
2916.6618790596913
2916.6618790596913
2916.6618790596913
2914.9435714418332
2914.9435714418332
2914.7781084510066
2913.0701315504607
2913.0701315504607
2913.0701315504607
2913.0701315504607
2913.0701315504607
2912.542052600351
2912.542052600351
2912.542052600351
2912.542052600351
2912.1603808782957
2912.1603808782957
2912.1603808782957
2912.1603808782957
2912.1603808782957
2912.1603808782957
2912.1603808782957
2912.1603808782957
2912.1603808782957
12788.38233323036
9853.343550531568
9449.543719444508
8540.716613407409
8269.802735850368
7658.710112109749
7016.615477435197
6488.4619339468045
6218.281243113674
5884.222189739927
5566.436627510471
5321.205177278282
5078.396961299948
4923.197333695385
4777.060333603042
4574.9063892326085
4472.110957979421
4385.800235697203
4346.478283579476
4323.573901807752
4274.874955076768
4271.614345393331
4250.677518648299
4226.668979910532
4206.333996355593
4169.101378983723
4128.266580380561
4085.1045022121293
4068.677793754119
4049.923910312974
4010.624378215969
3968.8691200059875
3937.2410887075334
3898.0087207589013
3892.5448375984056
3888.547310276092
3854.819711206733
3842.8398874805475
3830.4447795558754
3818.423716264633
3797.9512987466737
3788.9329703687113
3772.010726281401
3746.052569237234
3725.3880957236543
3686.050448436732
3646.6052254659853
3596.6527117805113
3557.197411477946
3511.846728444701
3457.9539447574653
3386.645518139067
3306.709558262699
3243.9383421557027
3227.0843151640647
3214.508699176665
3190.9902350338916
3166.293613626577
3144.692948904441
3122.8246369984668
3111.765632744099
3096.1635183723374
3081.030817937277
3067.3978513394222
3052.9799895114147
3044.2657581444414
3036.48642432833
3025.6432632628384
3018.336450164893
3013.5486239638985
3007.7730328323505
3003.441539371492
2997.6705294716544
2994.2428247095695
2980.130798081839
2971.649928353019
2960.9004934935924
2952.5174436975376
2948.54854986215
2942.544199487923
2937.696288037036
2937.696288037036
2936.396488342864
2934.6998789259674
2934.6396361773304
2934.6396361773304
2930.378422609177
2929.6597946578104
2929.6597946578104
2929.6597946578104
2923.2847796386122
2923.2847796386122
2922.729063854718
2921.4617161320352
2921.4617161320352
2921.4617161320352
2921.1335419038137
2915.5098437453507
2915.5098437453507
2915.5098437453507
2915.5098437453507
2914.3732018747924
2914.3732018747924
2914.3732018747924
2914.3732018747924
2914.3732018747924
2914.3732018747924
2914.3732018747924
2914.3732018747924
2914.3732018747924
12788.38233323036
9401.85226853814
8244.616343230533
7293.662510192242
6468.562905344921
6118.225119918543
5588.066630205621
5220.496128509349
5035.199528908752
4805.563564581883
4674.248390722592
4380.292361830686
4243.532565506132
4209.4163576988585
4182.0988694640055
4126.416284895347
4045.6530595542954
4003.6381156346024
3956.956839764164
3909.173379915128
3865.007380685601
3805.6371597039806
3751.3108620677067
3714.9019691744543
3672.872239630108
3643.958280481881
3613.3782115473955
3584.140545120399
3564.787015984575
3554.0382852795155
3545.95335187304
3534.9897397878444
3522.2935689560672
3507.241010411898
3493.3261206992697
3474.859193320157
3454.428823128483
3425.0435474520445
3401.135307263746
3363.198145873349
3347.0096394401276
3345.391624750475
3342.273771021786
3329.2625992689073
3318.4605117392475
3305.9934253427673
3297.5606093232927
3279.9051671684697
3268.971887918627
3246.6906983475983
3229.387501482123
3217.4691345896226
3210.496332109178
3204.3867461235864
3197.895393091586
3191.1920967424053
3184.7569358448854
3176.164086537981
3167.149696130884
3153.796034396642
3138.5765535457667
3125.012485413848
3110.9532816041337
3100.42448825229
3085.40530960286
3078.091950215187
3063.1805868499555
3054.756815187055
3039.477291345903
3029.714321214544
3020.4764173212207
3015.1226440328023
3008.2923422048007
3000.8841943483935
2990.665145825914
2979.1571028944895
2972.5386346425007
2965.554984782285
2958.573630905914
2949.922595230885
2945.3551236997405
2939.0152567280597
2936.631340992331
2933.4316163728827
2931.24375680425
2931.24375680425
2925.7243211628543
2925.3460569058216
2925.092328165752
2925.057925065541
2924.9474318244656
2924.9474318244656
2922.3780311466007
2922.3780311466007
2922.3780311466007
2920.3620234125397
2919.50188825741
2919.50188825741
2917.640283251414
2917.640283251414
2917.1600874204414
2917.1600874204414
2917.1600874204414
2916.2049883123473
2916.2049883123473
2915.826666422306
2915.826666422306
2914.015949908766
2914.015949908766
2914.015949908766
2914.015949908766
2914.015949908766
2914.015949908766
2914.015949908766
2914.015949908766
2913.69262674722
2913.69262674722
2913.69262674722
2912.865732760087
2912.865732760087
2912.865732760087
2912.865732760087
2912.865732760087
2912.711990882551
2912.711990882551
2911.6768039579547
2911.6768039579547
2911.6768039579547
2911.6768039579547
2911.6768039579547
2911.6768039579547
2911.6768039579547
2911.6768039579547
2911.6768039579547
12788.38233323036
9207.113884440158
8424.728592157458
7590.445184949518
6413.710071393554
5877.5952587659785
5511.578238395761
5327.0166665568795
5021.963648880199
4719.180283372178
4580.0582989539
4456.677258947075
4249.72558435081
4087.6659007031876
4061.015817769336
3791.040717170368
3632.9632767834946
3632.9632767834946
3620.0112938286547
3601.952283309209
3568.9585830001424
3535.085270832712
3499.2791816023146
3471.7001645454384
3465.2129231778713
3458.0370285344525
3416.9794760554014
3399.7854033688877
3397.1538441262733
3337.28601897027
3303.131181352226
3287.0741911091304
3258.45407710389
3241.157852506041
3233.029993295692
3214.9556416927517
3208.3777384519617
3172.833419058178
3166.502636132358
3146.478020599495
3144.9213674809243
3123.6465809072242
3123.6465809072242
3114.6011769963543
3100.6762405132313
3098.2984720134546
3084.443955229194
3082.045661196963
3074.9787272108474
3074.948785432917
3067.0599818276078
3063.317637973134
3054.8552937474465
3036.4972353658577
3029.8100733096157
3011.974879796018
2997.116434289853
2989.872083645213
2983.5815602394896
2976.369179867537
2973.0549774750802
2968.3207256320766
2966.484952157747
2965.6049025461175
2957.990770324058
2953.7940024577088
2949.0100365516564
2946.0640744887583
2942.934380111723
2939.2489761467914
2935.487795404325
2935.487795404325
2935.295618909386
2933.501711318391
2932.0198534568517
2931.0819882893356
2931.0819882893356
2931.0819882893356
2927.3131960361625
2923.3484951450914
2923.3484951450914
2923.3484951450914
2921.0998891935733
2917.9041969518807
2917.9041969518807
2917.9041969518807
2917.9041969518807
2915.9588718058376
2915.9588718058376
2915.928215479771
2915.928215479771
2915.928215479771
2915.928215479771
2915.928215479771
2915.808488954991
2915.808488954991
2914.018694634392
2914.018694634392
2914.018694634392
2914.018694634392
2914.018694634392
2914.018694634392
2913.472172698709
2913.472172698709
2913.472172698709
2913.472172698709
2913.472172698709
2913.472172698709
2913.472172698709
2913.472172698709
2913.472172698709
12788.38233323036
9791.304194778884
7836.408575191629
7228.660520094128
6497.5802966754845
5778.330472158934
5319.679364559037
5084.625606670408
4774.632681978743
4625.832151998728
4428.2075698135
4283.693760855431
4136.331505785051
4034.017713820617
3960.3097333904543
3865.012130514773
3767.3191794878076
3686.631578735215
3596.7094809233186
3596.7094809233186
3501.3724170215446
3416.7089218287183
3378.612531191367
3313.1982489581465
3277.895896485384
3261.482221612605
3223.335672917469
3198.263640402149
3184.6090041171506
3143.81416974654
3125.3460181963264
3117.6330723025967
3106.7831194103946
3086.4642502877846
3086.4642502877846
3062.4688902968146
3040.878386791841
3040.0858689365505
3030.07102125225
3027.5425126756663
3022.550074025578
3013.0052462949784
3013.0052462949784
3010.188806270436
3007.6087805649604
3004.8805903529465
3002.1028066945996
2993.766703316903
2991.865249085771
2989.0952638675526
2984.564508148519
2979.050572366348
2970.347958984113
2970.1304196366195
2969.592418978638
2969.592418978638
2966.4295528021503
2961.41953281835
2953.181634074819
2951.274923177868
2951.274923177868
2948.7982071364313
2948.497056268115
2943.011438486869
2943.011438486869
2939.425543195689
2939.425543195689
2938.4550092233935
2933.8230382060765
2933.8230382060765
2927.218728411925
2927.218728411925
2927.218728411925
2924.2635700847845
2924.2635700847845
2924.2635700847845
2924.2635700847845
2920.7546199722356
2917.93183149375
2917.93183149375
2914.5437062332394
2914.5437062332394
2914.5437062332394
2914.5437062332394
2914.5437062332394
2914.5437062332394
2913.9005404810155
2913.9005404810155
2913.9005404810155
2913.446500793161
2913.446500793161
2913.446500793161
2913.446500793161
2913.446500793161
2912.98628558749
2912.98628558749
2912.98628558749
2912.98628558749
2912.98628558749
2912.98628558749
2912.98628558749
2910.8727359269246
2910.8727359269246
2910.8727359269246
2910.8727359269246
2910.8727359269246
2910.8727359269246
2910.8727359269246
2910.8727359269246
2910.8727359269246
12788.38233323036
10124.384821258926
8705.144872412979
7384.269281634806
6376.731778632988
5862.260164390082
5321.521776773508
5177.390277585655
5022.562575258358
4938.485885331298
4643.884362321901
4378.047826731922
4257.946128554744
4159.500106387638
4088.6405985806496
3929.539581972781
3847.829257641599
3810.388790948289
3718.924017142511
3682.8190857007794
3621.455689403787
3587.2891947537464
3570.8195724083516
3560.2810098557957
3559.43217372538
3557.7169212259414
3543.5250244891204
3523.8371784603614
3509.910786239011
3508.3954753744433
3494.9613958971336
3483.2975687756234
3468.9670089962274
3458.512288641911
3445.443177778954
3410.9082036883083
3389.599711931667
3353.6507897276224
3306.2621495746457
3271.3552113551177
3190.4211656881203
3102.8500121144634
3100.3611332913365
3097.3304407149594
3079.9451245545624
3060.959983124621
3044.076412325355
3028.4627886641983
3021.881511032462
3017.14131572085
3011.6952905038215
2998.643061887484
2989.9497193069924
2985.2135694203407
2982.0000037762743
2977.172182462047
2974.0524615059117
2966.0237149625273
2961.374943014368
2959.3461417008366
2954.9631876206113
2953.3055694997815
2946.3919950000086
2942.1144471353177
2940.830020979706
2940.6402854848175
2939.3380876620367
2930.442115703386
2930.442115703386
2930.442115703386
2929.2108285811837
2929.2108285811837
2925.4056955355827
2925.4056955355827
2924.690771853672
2922.8123993065246
2922.8123993065246
2919.024605363864
2919.024605363864
2918.312910696717
2915.0688667252366
2915.0688667252366
2915.0688667252366
2915.0688667252366
2915.0688667252366
2915.0688667252366
2915.0688667252366
2915.0688667252366
2915.0688667252366
12788.38233323036
9735.842042041928
8721.802929677888
7327.724630064562
6438.223092638639
5542.249187386738
5178.142554400605
4902.968299141756
4713.847878130033
4391.576654553972
4233.164583597062
4094.326719431805
3873.426941672881
3804.8688093860146
3763.6917772586276
3666.8253570860797
3650.1010812276973
3574.0741695154
3517.2926045511
3479.9798974279793
3449.546113106573
3418.6095250870203
3412.54315959351
3391.7026079812135
3387.355278288512
3387.355278288512
3387.355278288512
3317.0100060931873
3258.977857740964
3224.979668047904
3224.979668047904
3169.265344503219
3159.6518457421307
3155.510683465913
3139.1313896215647
3131.8376775229763
3131.8376775229763
3101.445885339778
3100.7994906397284
3090.612027916536
3087.091892141269
3062.644891284203
3054.9421871183276
3043.6085530456967
3039.962256605387
3034.1283878932627
3029.6590687376192
3021.809529884785
3018.747900133368
3017.913227666367
3007.33568367382
3005.0464114018523
2997.4342512797566
2994.5538468325926
2987.863153907585
2987.1265230342483
2986.977934040731
2986.977934040731
2967.6579177908206
2967.6579177908206
2967.6579177908206
2954.402826324599
2953.7167652394155
2951.261023950675
2950.732990773392
2949.018908422752
2945.392203990422
2945.001385645388
2941.037460138794
2941.037460138794
2938.754007633327
2935.2969378167404
2934.586143101696
2934.309534698882
2931.158209146329
2924.5885856772616
