10795.31840346572
8865.05703371328
6657.315984084795
5753.242778739066
5442.370962653078
5015.618227957
4848.113913370655
4668.029276599782
4514.359326764806
4369.734149627445
4251.991710835736
4115.009147724976
4049.8525141262708
3988.173513748152
3931.7002582895734
3803.3966152327503
3743.7417417196957
3692.9294888217437
3648.371266333901
3606.712376097994
3547.9373300092
3486.44296481835
3460.9577740575055
3443.233638641467
3432.241601777578
3391.8055096743437
3379.4852071520686
3379.4852071520686
3373.468907778302
3354.734060834653
3354.734060834653
3354.734060834653
3348.918726200709
3328.152409640443
3312.972023153597
3287.939543997503
3272.575182136301
3256.129895836168
3248.1343448915673
3239.194369566226
3236.6514536777704
3236.2108643922766
3232.8801684081363
3228.9361815419543
3224.4552454386117
3221.3992183618366
3216.290488874613
3212.573763720106
3209.095509307512
3203.680105313871
3199.7692756956912
3194.547880797662
3193.4095883740765
3187.8607368470516
3184.798123928738
3180.2449713077135
3178.0560843611847
3173.462709809277
3168.5863843649845
3165.5536811194843
3160.2078229073177
3157.240296820358
3154.2019379758913
3150.892784554466
3145.3132298796477
3139.787396264639
3134.2260551356876
3127.372317716537
3121.4650118091977
3113.422109920143
3108.333419422881
3104.3577304353985
3099.6960015408563
3096.024401207981
3091.885287266357
3088.406300986457
3084.922605285235
3082.7737194679107
3080.8469690187835
3078.9357325566816
3076.923857223656
3074.713529849492
3072.622840967303
3070.4838860497434
3068.233311205562
3066.3054566193086
3064.56675471341
3062.7904053900525
3061.0450973574007
3059.440392184254
3057.8939976791917
3056.594318092768
3054.9156944625797
3053.375053049915
3051.5373580218575
3050.2739564605677
3048.891961110046
3047.8937356509614
3046.16458665756
3044.952473940663
3042.849097061525
3041.340699666516
3039.14690427969
3037.0607235389
3035.035402867305
3033.2919200437864
3031.387186358623
3030.1152685535426
3028.6487746715197
3026.844840912118
3024.962895866385
3023.2936797917014
3021.4890800124635
3019.941876996799
3018.9715651185124
3017.8906796814767
3017.0807691165364
3014.774144156904
3013.2146849570886
3011.3852870725627
3009.854510463637
3008.3555270555526
3006.366018288336
3005.352447970442
3005.277771887949
3004.853536500791
3004.7209303399068
3004.272677228144
3003.9784067744267
3003.937580343121
3003.440828054925
3003.440828054925
3003.440828054925
3002.7124350008953
3002.5709669094426
3002.5709669094426
3002.4582181479664
3002.221192189307
3002.221192189307
3002.173780575821
3002.173780575821
3001.9384588283706
3001.9384588283706
3001.914523600921
3001.914523600921
3001.541129191431
3001.541129191431
3001.541129191431
3001.380330657378
3001.380330657378
3001.380330657378
3001.380330657378
3001.380330657378
3001.380330657378
3001.380330657378
3001.380330657378
3001.380330657378
3001.302271291225
3001.302271291225
3001.302271291225
3001.302271291225
3001.302271291225
3001.302271291225
3001.302271291225
3001.302271291225
3001.302271291225
12502.423956877665
10111.250177318321
8365.676044363354
6847.330377051091
6055.989745117398
5512.644766583759
4863.159920058518
4318.608770244499
4124.642291230102
3973.619154730699
3832.0746448828295
3745.5383689907767
3637.265835353953
3637.265835353953
3620.2903843916247
3603.005411967991
3568.9115572711557
3536.0858965596735
3496.3340955863587
3478.168191552156
3461.5538938462073
3437.3334467078953
3419.33741778243
3384.933649026565
3371.9665287056628
3362.5109027858457
3354.8062527679954
3349.806509865476
3345.536170897395
3340.2789919359784
3330.858320212461
3327.16674922228
3325.1962522640324
3319.9908196478577
3312.0008592976837
3308.1735289603903
3302.6015490206364
3298.32766343796
3291.6208635694607
3287.3923805342365
3276.855855165744
3270.82554585999
3259.449884001255
3250.1678590629213
3239.7870566803927
3231.180586436025
3222.3072249274082
3214.4866865861586
3205.9569172312367
3196.2523230078264
3186.016650077989
3176.3958585767195
3165.2244573902844
3152.3824151660147
3141.405195698793
3138.298397626545
3135.8014906058643
3133.9528185354343
3132.369004202279
3129.5603602119027
3127.7189490171622
3123.0239182272912
3118.854234817967
3115.759981421521
3112.2872130953324
3109.960864021954
3107.9856855441753
3106.2790923375323
3104.428198311231
3102.075481127307
3099.9423457085395
3097.034545474778
3094.051842224011
3090.232343508681
3087.413380906947
3084.671869545865
3082.862222177007
3080.7607415337948
3078.6767134704487
3076.9606250532256
3075.608337077333
3073.9168111483996
3072.0191736720208
3070.1834777408267
3068.362641884788
3066.211776997763
3064.39407401735
3062.6009850200435
3060.913594059618
3059.1380099308153
3056.77001755494
3054.4306067664106
3051.696297763683
3048.7326860828703
3046.465341857375
3044.8100788211977
3043.2882226036945
3041.8034277224797
3040.05349166755
3038.936236190375
3037.9014147105245
3036.567288322676
3034.813849189607
3033.2571496117425
3031.569862550434
3029.6748143678296
3027.949059126456
3026.1122244086973
3024.0380845482186
3021.76139855704
3019.480714671813
3017.2874141480465
3015.777102821167
3013.9684910469045
3012.779238578218
3011.729564872422
3010.660802910777
3009.6918261048745
3008.9070228007085
3007.938910210556
3006.8632352260056
3005.556702177417
3005.3324735279302
3004.6774810440543
3004.3165074653325
3004.114065945055
3003.7484098493187
3002.8048280249864
3002.794905838428
3002.794905838428
3002.381507369282
3002.381507369282
3002.323681610648
3002.323681610648
3002.0861380233155
3002.0861380233155
3002.0861380233155
3001.869348772755
3001.869348772755
3001.707153035014
3001.707153035014
3001.707153035014
3001.707153035014
3001.707153035014
3001.660980499033
3001.660980499033
3001.660980499033
3001.512236713978
3001.512236713978
3001.512236713978
3001.512236713978
3001.512236713978
3001.512236713978
3001.512236713978
3001.512236713978
3001.512236713978
12502.423956877665
10824.642342873467
8754.648673874379
7047.5976859243065
6128.7775784564965
5054.560396983987
4751.931040831141
4260.082261703695
4078.9007808805254
3941.2112499252653
3785.0578884800125
3689.8322252939965
3636.263286059534
3437.9141278975503
3384.0749580740885
3337.9591229268476
3327.6701479871595
3296.5161935449405
3268.7840227222496
3239.961494907502
3224.2978698195575
3208.2453283037084
3208.2453283037084
3206.303717298244
3165.6797907732075
3165.6797907732075
3142.6926017636824
3122.688517176164
3103.870640418069
3102.7176601353067
3095.952356059344
3094.1671943672513
3087.308987430281
3076.8591851707147
3076.8591851707147
3073.8353428385767
3069.8347309125706
3068.7362527498617
3067.632572079133
3064.8943611438885
3061.9000796959685
3055.3665403753193
3053.793538292476
3048.6496008340914
3047.01907591457
3040.46263406588
3038.733653046374
3036.5001739475433
3033.766388951585
3031.608762196209
3024.949549176745
3024.949549176745
3022.5403213352242
3018.125921051551
3018.125921051551
3017.2653380007073
3017.2653380007073
3015.6067724639147
3013.2185819359397
3010.052693132194
3009.442245814624
3008.1911053744197
3008.1911053744197
3006.934168648014
3006.934168648014
3006.934168648014
3005.8235081423477
3004.0463954660054
3003.9366199823903
3003.9366199823903
3003.9366199823903
3003.4491098510152
3003.4491098510152
3002.910732738372
3002.910732738372
3002.682792229087
3002.574156591228
3002.574156591228
3002.50823300593
3002.50823300593
3002.327874882845
3002.327874882845
3002.160929185069
3002.160929185069
3002.098486466409
3001.9797481255077
3001.9797481255077
3001.796331097934
3001.796331097934
3001.796331097934
3001.598796477239
3001.598796477239
3001.457433651043
3001.457433651043
3001.457433651043
3001.457433651043
3001.457433651043
3001.457433651043
3001.457433651043
3001.457433651043
3001.4510537137235
3001.4510537137235
3001.4510537137235
3001.4510537137235
3001.4510537137235
3001.4510537137235
3001.4510537137235
3001.4510537137235
3001.4510537137235
12502.423956877665
10252.148144310835
8700.822682660015
7454.343668019473
6587.401270152623
5893.46444195424
5475.3937816327125
4858.602617818467
4585.64590964768
4294.467665677095
4210.706010822035
4138.497238449998
3944.9773323755553
3861.343568940861
3795.0783356809116
3754.4854975121334
3684.044219740671
3673.172036943388
3647.210276259125
3617.596456900098
3592.857830770402
3575.1115443915583
3557.552359119339
3528.925335523751
3508.9004958905334
3479.1432337085166
3473.4029016600475
3463.5428570715894
3461.315672644254
3453.610298470314
3451.294274660373
3446.293799221903
3442.8592874766305
3439.5729841974
3435.2491656741377
3430.3526178917114
3423.5805446927207
3422.757767524079
3420.981781646385
3418.8092213515924
3412.737787510054
3410.7591083946486
3408.3265032825943
3407.363881447939
3405.323280858266
3403.7273771706564
3402.3891444628907
3400.384791829138
3398.825306945756
3396.3853688584695
3394.589626053209
3393.2447798023877
3392.582318964908
3391.8165534882755
3391.190183594572
3390.420810233881
3389.6346453775427
3389.0069449963585
3387.929022890089
3386.8128357327196
3385.8810944502666
3384.904466515724
3384.0966921445347
3383.44159974816
3382.8781522625386
3382.272700023079
3381.7201211453857
3381.342406105273
3380.9755065145446
3380.6413263502873
3380.3384303717257
3379.962893294997
3379.573850659453
3379.2077805498857
3378.7061811029675
3378.3291589410305
3377.9355883549338
3377.4741239976756
3377.067811580618
3376.7471042278785
3376.280443284276
3375.911941035519
3375.4886629832404
3375.0759339687465
3374.7497556201174
3374.527217715453
3374.165975744466
3373.884732498109
3373.4641654745624
3373.162158415949
3372.860184813691
3372.5971210262887
3372.205307779176
3371.857692169863
3371.4875315765535
3371.1853385748204
3370.882181463581
3370.5623081016392
3370.326105033279
3370.094354940092
3369.8736069234315
3369.6972250927515
3369.4253731523236
3369.211287486603
3368.8744510599117
3368.5437579422737
3368.265363163408
3368.0308190968553
3367.8019775129114
3367.5730397505263
3367.2899795639323
3366.9751396141523
3366.710767298248
3366.4443219068066
3366.1328354127545
3365.8905765361787
3365.497968529076
3365.303885296651
3365.120438032081
3364.988881037432
3364.824014674128
3364.610969705533
3364.307563143506
3364.0002252878317
3363.6531487076754
3363.376687826907
3363.0374350820603
3362.7701978135365
3362.5825365025885
3362.408495641048
3362.135310202249
3361.931475184173
3361.694875361036
3361.5334214873337
3361.3144807380168
3361.126332482344
3360.8860308630215
3360.6499169064527
3360.3939800327885
3360.180568126932
3359.889320932769
3359.719107895533
3359.5613588086176
3359.3135086760076
3359.1769445910368
3358.9771747176674
3358.8475786013714
3358.679153677237
3358.54916979092
3358.3788471970697
3358.26889062994
3358.11090351875
3357.98587644419
3357.798989606591
3357.7209134322393
3357.5869918440903
3357.373417445673
3357.195927505265
3357.0137259200333
3356.7792284042553
3356.6390468669524
3356.5046851158922
3356.420191589955
3356.197472793834
3356.061869099743
3355.901173525119
3355.685244765494
3355.531564911159
3355.3316555573774
3355.207085007017
3355.0093613924028
3354.915879298098
3354.770828416349
3354.6891207941494
3354.557180640036
3354.4495462779278
3354.3620203454393
3354.279229752394
3354.186988761268
3354.1273115445297
3354.0745036384433
3354.032735177958
3353.9710924247847
3353.9542912486027
3353.935867784565
3353.8531115490186
3353.820161711608
3353.804392745058
3353.7310562929256
3353.6769665782094
3353.6769665782094
3353.633672863769
3353.601163660935
3353.573511675225
3353.558430930902
3353.5447919855824
3353.534921167734
3353.534921167734
3353.534921167734
3353.5290498450167
3353.5290498450167
3353.508728188818
3353.5038772985627
3353.5038772985627
3353.4836887636066
3353.4836887636066
3353.4605268611595
3353.4605268611595
3353.4605268611595
3353.4605268611595
3353.4605268611595
3353.4537752086885
3353.4537752086885
3353.422551369619
3353.422551369619
3353.422551369619
3353.417337769987
3353.417337769987
3353.417337769987
3353.417337769987
3353.412951732391
3353.412951732391
3353.412951732391
3353.412951732391
3353.412951732391
3353.412951732391
3353.412951732391
3353.412951732391
3353.412951732391
3353.410904189173
3353.410904189173
3353.406240518082
3353.406240518082
3353.3872922673354
3353.3872922673354
3353.3872922673354
3353.3872922673354
3353.3860379817843
3353.3860379817843
3353.3860379817843
3353.3860379817843
3353.3860379817843
3353.3860379817843
3353.3860379817843
3353.3712253070307
3353.3712253070307
3353.3712253070307
3353.3712253070307
3353.3712253070307
3353.3712253070307
3353.3712253070307
3353.3712253070307
3353.3712253070307
13341.75658013907
12954.475279771135
11151.715241066355
10377.420842027906
9889.909399898319
9481.754935651934
9220.119856730773
9002.32370613901
8700.299598247886
8378.222811060625
7866.047269458637
7404.813402357896
7296.6766131389
6622.733941791737
6262.1488929386705
6053.779324814282
5930.421766384855
5706.278679143428
5550.25272096437
5206.857340812128
4912.502513425375
4621.258154593132
4406.302535289291
4309.381171029461
4247.839636426564
4178.502431033766
4116.422729499696
4062.2758112346023
4047.4563875151343
4011.408543065048
3979.6691871804824
3970.8387037752573
3947.131511604044
3928.4022130332073
3909.665783926739
3888.1629446695647
3855.568216906579
3843.1332150108547
3821.3083923348095
3804.124811538618
3793.5701863393583
3775.2355024918224
3760.5206538206157
3747.483744168945
3710.873780234062
3690.85542566084
3659.7756018050814
3609.507151646924
3572.5666230119105
3513.7474671333825
3478.9959896235596
3455.5448598545477
3440.1905470299166
3423.4448267207727
3408.552964768454
3394.526202760711
3382.7526941174565
3374.091308316373
3362.9153204846134
3356.3140575957464
3346.258080818961
3337.3579522716077
3329.9511873195333
3322.142000318165
3317.132915933673
3310.525546952542
3304.6098569907813
3301.835982802502
3300.508773424105
3297.356380873672
3294.5611297030673
3291.660163035793
3289.130710100204
3287.095468477548
3285.000241356156
3283.218979474219
3281.2761131368547
3278.858059395084
3276.94807936737
3274.2686554716333
3272.003536476939
3269.8878393794444
3268.1723282991643
3266.0043292927526
3263.9180712110115
3261.5848983720102
3259.8546492129153
3258.022501618186
3256.618861109446
3255.1430323706563
3253.446895740915
3251.939147305372
3250.430107450703
3248.8583992137287
3247.2303525079597
3245.655474604991
3244.0662151789634
3242.4293246517277
3240.6310851899475
3238.9061959433907
3237.2601137159863
3234.802418595459
3233.0537533403244
3230.725286798697
3228.477378525069
3226.464532358623
3224.3915005675753
3222.9490482434894
3221.5086115444897
3219.7748597099767
3217.8447325542793
3215.660465735558
3213.6967647114843
3211.7687197173427
3209.9273510354346
3208.0235941547076
3206.310987536396
3203.7172656406574
3201.8650151622787
3200.0371076199535
3198.057987948884
3196.013946724298
3194.1126563832895
3191.990710246439
3189.896005424298
3187.3659961357357
3185.3008105699355
3182.7836186867416
3181.2058076042626
3179.2401058455785
3177.3433931939007
3175.2550215109927
3172.3818404766125
3170.0979951976315
3168.074980087182
3166.23987983737
3164.4159762501745
3162.4921097068764
3160.6969432915266
3158.686330942296
3156.7758965008916
3155.020191304773
3153.134039496793
3151.4980029470967
3149.7242853448743
3147.8584572215245
3145.767653802375
3143.4822184996897
3141.1644945305225
3138.700114435622
3136.425486638076
3134.406903923913
3133.423916477872
3131.814281245693
3129.0977510474677
3127.123542105472
3124.7254541631605
3122.154725007707
3119.0600144834743
3116.455538302207
3114.561166620156
3111.7475985219116
3109.483900418813
3106.460169342803
3104.140375983672
3102.847012009014
3101.5652168274437
3099.702297652457
3097.461968497548
3094.390300676481
3092.773442004136
3090.3579683562803
3088.390167946049
3086.4466441971285
3083.719241709594
3080.829831623705
3077.0165779002546
3074.7458670439974
3071.8820327029816
3069.6955619063406
3066.5316795422727
3064.425213727821
3061.9989683197155
3060.3343759962027
3058.227206649113
3056.1136888474202
3053.809827612075
3051.210806300116
3048.787024521984
3046.222223842635
3044.7551471187144
3042.4440142206204
3040.4346719660707
3038.8433917671937
3037.7054407146506
3036.3662150036143
3035.099910154533
3033.659674896211
3032.377112294098
3030.9568140701767
3029.355791039899
3027.6344328874466
3026.121118873033
3024.4932862198925
3023.328254517903
3021.4866781275628
3019.9193599750984
3018.4540388336127
3016.6797568015554
3015.1639430579576
3014.251138115732
3013.8416438933245
3012.4155783533706
3011.7549800290317
3010.9460648560635
3009.612934289061
3008.7108153998706
3007.692753694469
3007.4970421707626
3006.9114686737407
3006.7384291860158
3006.576823612237
3005.2187628602055
3004.9561621907983
3004.8816976994
3004.6993328487106
3004.5421181740367
3003.7224223470967
3003.7224223470967
3003.4600865541925
3003.1360705008938
3003.1360705008938
3002.9295858436963
3002.754294970698
3002.754294970698
3001.8874029475273
3001.8874029475273
3001.8874029475273
3001.8874029475273
3001.7050303967785
3001.7050303967785
3001.7050303967785
3001.6444347289107
3001.6443331558553
3001.6443331558553
3001.6443331558553
3001.435438944595
3001.435438944595
3001.435438944595
3001.435438944595
3001.435438944595
3001.435438944595
3001.1613388694313
3001.1613388694313
3001.1613388694313
3001.1613388694313
3001.1613388694313
3001.1613388694313
3001.1613388694313
3001.1613388694313
3001.1613388694313
13341.75658013907
11945.362299158794
10045.425491462753
9630.603280226838
8539.634643187594
7901.843043269458
7164.956313827567
6671.151829243536
6157.795014122205
5990.899485297887
5737.152618124574
5548.0083155564525
5332.254691870884
5079.8819097300175
4923.35368142247
4754.9280772982665
4616.101450832729
4532.477376552258
4438.182255960631
4384.527558171208
4336.163243372128
4303.838196584857
4261.557325578068
4195.551182764958
4095.05170764967
4003.9891737469734
3907.090107665156
3821.6010693584076
3777.902862820695
3747.17248994344
3696.2062267804135
3653.3237615132075
3618.6096660985922
3590.4182430383967
3567.673828063046
3558.4620258794216
3551.79359370048
3544.3477005284894
3538.2291781281883
3532.1650793657523
3523.8020691075203
3515.5465467190006
3508.388740674972
3504.0388010161123
3500.1427630896133
3493.420936862505
3488.681793272844
3486.0610221571924
3480.8628782415785
3473.6671484094763
3465.7113303933643
3459.584612186192
3452.0859251614597
3446.960084863838
3442.031403930121
3438.141574514763
