11193.514787111566
8484.89917763303
7144.863812483181
6115.067365663073
5854.274914204341
5615.365168070675
5291.940695754673
5064.372270739052
4865.046950729099
4722.161375050955
4513.484878601097
4409.781433717951
4282.512402056311
4151.732888485043
4097.921131092795
4071.927669005754
3999.014606822321
3972.826642531804
3938.038707249876
3930.144533586035
3920.1332768039897
3897.105116002929
3886.540089972349
3876.003220644266
3869.5270617618785
3852.843480446053
3846.0338826622437
3843.52948819442
3812.824689042055
3790.794564253633
3770.586283672366
3750.960134141577
3724.2528076052085
3699.440357255023
3689.704950666165
3678.6421984837298
3663.7764598079393
3655.505810314544
3650.4058535064705
3637.2360238408946
3621.685089566936
3608.236474427254
3590.2834023673654
3564.048221548273
3529.0858464573494
3489.365202619715
3447.4769456589356
3375.854433523969
3317.827154262618
3257.480354206962
3252.3258769877
3248.8017423020374
3240.3202553256892
3234.416892821675
3227.400309922217
3218.9828970273006
3208.2244763095287
3200.463935942401
3191.887072790315
3182.415967893396
3170.1828203518744
3158.019200669076
3146.1252113388864
3132.179012786305
3110.5617244104756
3090.8229240493038
3072.960414307148
3056.379093553401
3048.757601687019
3034.674951502092
3025.652816066836
3016.8787889265664
3008.9397318330834
3002.7002388001138
2997.7667669768625
2993.0821890326683
2987.0514274847046
2983.115019595956
2979.7079717917113
2972.365134907841
2968.063229825371
2960.6773053220872
2956.948338790928
2949.5218065477943
2948.1691910064774
2944.515260290516
2941.6939859462937
2940.4238631035882
2940.4238631035882
2935.29101977302
2933.7341074249503
2933.7341074249503
2930.8914493983416
2927.535588038706
2927.535588038706
2926.0849008113223
2921.8126826949124
2921.0892674934257
2921.0892674934257
2921.0892674934257
2920.183831099225
2920.183831099225
2917.8421405274134
2917.8421405274134
2917.4652182241816
2917.4652182241816
2916.4795129822037
2913.874381739676
2913.874381739676
2913.874381739676
2913.874381739676
2913.874381739676
2913.874381739676
2913.874381739676
2913.874381739676
2913.874381739676
13121.471291223226
11424.735731501145
7924.392600308044
6738.375592107207
6096.198565294366
5522.470552346826
5369.965173061981
5118.731243279927
4961.3245357420965
4815.371223892644
4662.317555141086
4521.926355040433
4436.271035944222
4329.052467069615
4201.959105204599
4119.124554250308
3968.671597558785
3918.91793935327
3835.4455657732483
3796.472799776442
3752.4079975548175
3706.0901411503914
3662.6723779966014
3637.8512014267667
3602.844475051811
3480.683846568303
3468.365161451908
3468.365161451908
3468.365161451908
3435.299784613101
3398.6841567100337
3398.6841567100337
3365.831566051862
3299.860762269549
3242.8036561814174
3197.032462375483
3194.1785658967738
3161.8722135443522
3119.898159732735
3119.898159732735
3114.8587292500665
3099.4619244782994
3099.4619244782994
3088.327028283267
3082.8683845775417
3075.813415248329
3074.0792447870685
3066.6416627599547
3059.6932977984256
3052.3598460468143
3036.480696995471
3006.640386766288
3004.4891276721455
3002.3280138174596
2997.586416297437
2990.2896000914684
2979.028508010694
2965.522290110356
2962.5333706586207
2959.154134629037
2954.8130473182982
2954.8130473182982
2952.185860756962
2946.6777540092435
2946.6777540092435
2942.6946767526356
2942.253098517058
2942.253098517058
2941.6191169950653
2938.102228517267
2938.102228517267
2935.4164042050897
2935.3854113325697
2935.3854113325697
2935.3854113325697
2931.2125475659723
2930.1895357859894
2929.623067580599
2929.623067580599
2925.4049746961764
2924.50879888105
2924.50879888105
2923.4193139109143
2923.4193139109143
2919.6900413787776
2919.6900413787776
2919.6900413787776
2919.6900413787776
2919.6900413787776
2918.2992805015188
2918.2992805015188
2915.759234586015
2915.759234586015
2915.729277556242
2915.729277556242
2915.729277556242
2913.4187332365523
2913.4187332365523
2913.4187332365523
2910.0701934259537
2910.0701934259537
2910.0701934259537
2910.0701934259537
2910.0701934259537
2910.0701934259537
2910.0701934259537
2910.0701934259537
2910.0701934259537
13121.471291223226
11025.490041977355
7642.353614067296
7012.466091292978
6372.426578544988
5967.686321548079
5557.608248014694
5090.706181474092
4731.169968566208
4447.0410611517345
4263.189569283036
4180.152799157579
4160.529120318122
4073.835187909435
4013.506196487596
3968.175836418207
3900.4880581224006
3824.194484048854
3757.3492117575915
3712.0333779004823
3646.022238407468
3642.178602684042
3584.4742348639274
3503.700737980779
3457.847560257529
3435.8741928645686
3433.9872932108296
3414.371177436886
3395.535044635909
3369.9567821135383
3340.169214053469
3327.0195047784
3306.173918909678
3298.230711139187
3283.0597555939416
3249.7593360846995
3232.8502072775473
3193.820460942283
3192.4485582311845
3181.5704593723303
3180.8565041434094
3175.238298722159
3164.6084484947787
3164.6084484947787
3150.0169180695952
3123.2961188072204
3114.5347844827675
3097.089273775421
3089.594933068134
3080.8398416046293
3067.3755798962507
3046.3065398441104
3026.832159743541
3003.2126934180205
3003.2126934180205
3002.7512348016453
2990.4922150431553
2987.615406301219
2982.0830468728495
2973.7845211491094
2969.826279528243
2962.6426223441067
2960.5142247163103
2952.0441521432585
2945.081721227949
2945.081721227949
2940.9552369149114
2936.497770091857
2934.939243715678
2933.741116807465
2933.741116807465
2932.416732238148
2929.8604063883445
2929.8604063883445
2929.8604063883445
2927.8444834223687
2926.3539939066113
2925.9605505138397
2925.063672987477
2925.063672987477
2923.9544331434186
2918.0876605746043
2918.0876605746043
2917.6576343488905
2917.6576343488905
2916.7884776865253
2916.7884776865253
2916.7884776865253
2915.3230370856536
2915.3230370856536
2915.3230370856536
2914.7896045467764
2914.7896045467764
2914.7896045467764
2914.7896045467764
2914.7896045467764
2914.7896045467764
2914.7896045467764
2914.7896045467764
2914.7896045467764
2911.476478281193
2911.476478281193
2911.476478281193
2911.476478281193
2911.476478281193
2911.476478281193
2911.476478281193
2911.476478281193
2911.476478281193
13121.471291223226
11756.991393576956
6947.308492552076
6842.769331963884
6095.33469822298
5462.983879904508
5230.962214361465
4931.6994230963555
4824.674541411288
4480.264177922112
4454.434347655426
4360.077939709988
4285.611444276888
4167.843069065434
4105.1641243368385
3912.514719822646
3830.5934913837755
3830.5934913837755
3809.509674815154
3748.921768327195
3660.68850415032
3564.7411298276966
3540.4231531041382
3460.2854822424883
3410.6025003630475
3351.099247337443
3333.3667140295274
3303.156987237734
3292.803041210417
3265.496781441858
3262.5826140085965
3256.295084621734
3251.9554491968292
3236.075911769938
3225.016629627664
3216.604212911819
3198.087377847813
3158.944444957029
3133.7946042814574
3129.905131006069
3125.3794370217825
3096.3063729758555
3089.980883115479
3074.3228806548022
3060.3014948786918
3047.572717316832
3032.5833272469
3023.9725797426445
3023.9725797426445
3012.8743983334098
2993.8918830697876
2991.4150894822683
2984.3210441542114
2971.935920347779
2964.453705444608
2962.1289392312474
2958.799933212512
2958.35611210319
2956.28966994804
2956.28966994804
2956.1625464843646
2952.623754374398
2951.875332194836
2947.34699435841
2944.022456005747
2944.022456005747
2942.104768255869
2942.104768255869
2940.935283064666
2940.935283064666
2938.720606911648
2938.720606911648
2938.5125746774625
2935.9053220826063
2935.3414004236593
2934.347054900323
2925.9139454421993
2924.523860015678
2924.523860015678
2923.1142576879893
2923.1142576879893
2923.1142576879893
2922.432761672582
2922.432761672582
2920.03304466295
2920.03304466295
2920.03304466295
2920.03304466295
2919.480881656743
2919.480881656743
2917.2919507041534
2917.2919507041534
2916.739702218266
2916.739702218266
2916.739702218266
2915.946043783124
2915.946043783124
2915.217571509069
2915.217571509069
2915.217571509069
2915.217571509069
2915.217571509069
2914.9517340047482
2914.9517340047482
2914.9517340047482
2914.9517340047482
2914.9517340047482
2914.9517340047482
2914.9517340047482
2914.9517340047482
2914.6188118358486
2914.6188118358486
2914.6188118358486
2913.3893295073553
2913.3893295073553
2913.3893295073553
2913.3893295073553
2913.3893295073553
2913.3893295073553
2913.3893295073553
2913.3893295073553
2913.3893295073553
13121.471291223226
11717.679908274678
7552.849158906817
7040.938932720176
5841.954334250688
5452.682871434356
5118.706171931686
4766.696683050839
4598.558805758732
4433.910812048083
4196.701168926243
4178.906807883526
4065.8907218052154
3896.86855638622
3789.7400908547324
3740.207995046497
3661.7493463218607
3651.7551125594523
3623.9639371570192
3561.8588830273775
3546.08741494891
3546.08741494891
3492.956415833032
3492.956415833032
3461.6049545632077
3437.8242201008948
3423.1828223786433
3400.8857761640984
3377.832420917581
3377.832420917581
3348.969542886577
3321.16379991415
3308.254357226073
3274.544671417833
3274.544671417833
3254.5397053914967
3242.008532112381
3212.004451624327
3199.5321924829373
3179.807118014251
3177.9238012919222
3172.083406608219
3167.753686058757
3156.99807885889
3149.4608873544744
3139.723041083577
3132.8781349265632
3126.4999235212426
3117.0531709909037
3109.996926997075
3092.820283054922
3074.007070134051
3056.017387803704
3030.504228878382
3017.053811668567
3003.8557612069103
3001.3562490301956
2999.166356714259
2990.7891697432356
2985.481469946011
2978.865796451756
2972.654288003403
2969.182044800821
2969.182044800821
2963.0663340532224
2956.4145927620675
2949.9524419085046
2947.374300737721
2947.374300737721
2946.2492417195026
2941.3298581370764
2939.4495520376067
2937.944787734811
2936.4427997842567
2934.938814340826
2930.9045951946027
2930.9045951946027
2927.5141805654066
2927.5141805654066
2927.334991010889
2926.0828215766364
2926.0828215766364
2924.7136760674853
2924.094634431158
2924.094634431158
2924.094634431158
2921.986855648433
2921.986855648433
2921.986855648433
2917.938623396056
2917.938623396056
2917.938623396056
2917.938623396056
2915.733141370087
2915.733141370087
2913.213179146375
2913.213179146375
2913.213179146375
2913.213179146375
2913.213179146375
2913.213179146375
2913.213179146375
2913.213179146375
2913.213179146375
13121.471291223226
11117.653134532313
7388.012378754653
6747.449262940333
5871.221325759005
5665.0970319712615
5211.989004648642
4868.880203709437
4610.3200557122955
4407.21849771174
4318.346302078265
3974.6840181823745
3889.089712134543
3807.990648649112
3700.175193745882
3515.4385553231427
3511.098842474353
3454.965615882858
3429.1582481180317
3429.1582481180317
3401.406105284547
3337.5603299681293
3326.549201589443
3326.549201589443
3304.8652964168286
3237.1671371203224
3228.8602008561006
3223.1073472987905
3213.541683522962
3198.4205475084545
3151.6682635690754
3144.275578123711
3118.864584689699
3106.3771977575507
3106.3771977575507
3101.6253190446105
3081.636839928026
3064.158775035499
3044.630764851188
3035.319944500581
3024.8784301326427
3009.325045783463
3002.305742382051
2996.045872457108
2982.0767307306473
2975.318758545536
2975.318758545536
2975.318758545536
2962.2478030359966
2957.381229572424
2952.329117868006
2947.7259585714232
2944.1062638558815
2942.0895126907235
2939.427665528585
2938.273930249678
2937.923166413613
2935.2997617431283
2935.2327601146644
2933.581689924251
2933.581689924251
2932.4991131854986
2927.8346881156476
2927.8346881156476
2923.864952784879
2923.864952784879
2923.864952784879
2922.611768693437
2922.611768693437
2922.611768693437
2922.0997207065393
2921.7829195080494
2921.7829195080494
2919.8303180066487
2919.8303180066487
2919.8303180066487
2918.910053584141
2918.910053584141
2918.910053584141
2917.1803287433795
2917.1803287433795
2917.1803287433795
2915.2266495437966
2915.2266495437966
2914.5594153059405
2914.5594153059405
2913.943302682493
2913.943302682493
2913.943302682493
2913.943302682493
2913.837125527961
2913.837125527961
2913.7555696244563
2913.7555696244563
2913.7555696244563
2913.7555696244563
2913.7555696244563
2913.7555696244563
2913.7555696244563
2913.7555696244563
2913.7555696244563
13121.471291223226
11749.100936218787
6994.049938389658
6690.432534566202
6220.9933682032715
5685.640578276204
5521.336711534481
5049.949526964225
4747.534895439303
4504.691711965356
4222.701131207334
4064.7747603176063
3880.0161289273155
3719.4120823766616
3661.0292880476336
3621.148542486059
3579.3230858252687
3503.4660323529083
3503.4096610724946
3494.1130910909205
3487.5201574959287
3463.7293607539914
3463.7293607539914
3436.991144063346
3417.9711001930555
3408.086372127818
3408.086372127818
3389.355333947035
3380.7475912631417
3372.59059209937
3368.6306561950514
3368.6306561950514
3365.0305422789415
3356.7871883973703
3333.3216844319513
3275.640800282154
3230.0755367554348
3217.038830358372
3192.85019803492
3172.00206386454
3127.371835314328
3088.277528506474
3077.5363355626246
3057.256664634203
3047.448686461754
3026.7563983105474
3025.862284151003
3015.097555969467
3008.7690113484155
3006.1673902029274
2998.679696694945
2991.5622484441283
2982.5229677831417
2979.5257760643567
2972.5707672190806
2971.06486343354
2966.767031856688
2961.893503014009
2961.289287022223
2954.9103164770872
2954.9103164770872
2953.7575401954923
2952.229973078328
2950.2542341775525
2948.3963807148248
2943.5030909318275
2942.632609110789
2942.632609110789
2941.5893222498257
2936.272578043329
2936.272578043329
2935.8592299647858
2934.6914609475593
2930.86692442189
2930.86692442189
2927.8430187406234
2926.4260765061645
2926.4260765061645
2923.9043444922345
2923.660374098828
2923.660374098828
2921.128090000645
2919.2066576872003
2919.2066576872003
2917.867517521101
2917.867517521101
2917.473317138839
2917.473317138839
2917.473317138839
2913.833546348763
2913.833546348763
2913.833546348763
2913.833546348763
2913.833546348763
2913.833546348763
2913.833546348763
2912.579725198809
2912.579725198809
2912.579725198809
2912.579725198809
2912.579725198809
2912.579725198809
2912.579725198809
2912.579725198809
2912.579725198809
2911.9283542994353
2911.9283542994353
2911.9283542994353
2911.9283542994353
2911.9283542994353
2911.9283542994353
2911.3927558831497
2911.3927558831497
2911.3927558831497
2911.3927558831497
2911.3927558831497
2911.3927558831497
2911.3927558831497
2911.3927558831497
2911.3927558831497
13121.471291223226
11480.916102130672
7189.464683686498
6778.162670989477
6616.262835430791
5782.87007747135
5168.614624696014
4810.372059149455
4624.220809708018
4419.300542505225
4262.2240113716925
4137.125455179741
3926.2944721771137
3816.7472507858647
3772.3857889577193
3735.1508781654666
3700.900667628599
3681.5363442218377
3679.745303042954
3633.1784136139613
3606.958027993686
3606.958027993686
3590.930595726468
3544.7079106323745
3523.830354146133
3499.0684833408577
3482.786806051407
3482.786806051407
3471.911922528228
3460.219710726252
3459.9929416370287
3459.9929416370287
3440.463136526627
3438.8359206464784
3434.236920521388
3420.1337880169176
3417.822633547005
3406.7687465079607
3405.6662542222593
3405.6662542222593
3397.048622643371
3391.11020989356
3385.1587142004782
3372.345372231335
3372.345372231335
3365.459479264897
3359.873669059203
3356.3106699061113
3355.5402483081893
3349.515515852414
3346.0236492418444
3331.8613094369102
3302.3479912824173
3281.1593154609054
3247.930711766094
3214.339431188905
3179.098131160425
3155.5596330711774
3120.170821659319
3105.9987061404054
3091.2357194475335
3067.7132857001425
3061.0898684847134
3050.8836620344982
3032.1509130488917
3019.068992325716
3019.068992325716
3012.736911828779
2999.565451315913
2999.565451315913
2996.726963562618
2996.726963562618
2992.234922833215
2985.796965970975
2983.1686072935463
2965.3177259910663
2956.744727060355
2948.7968862673715
2939.897280742644
2939.897280742644
2939.897280742644
2938.858648287929
2935.3560021391595
2932.3565412327907
2931.7317134397167
2927.2141480926616
2927.2141480926616
2927.2141480926616
2924.216999541556
2923.227726756567
2923.227726756567
2923.227726756567
2923.227726756567
2921.5810117553183
2920.285477145296
2919.071574281372
2919.071574281372
2919.071574281372
2919.071574281372
2918.196878205082
2918.196878205082
2918.196878205082
2913.605085356652
2913.605085356652
2913.605085356652
2913.605085356652
2913.605085356652
2913.605085356652
2913.605085356652
2913.605085356652
2913.605085356652
13121.471291223226
11187.230677808899
9245.616929902146
7705.491076519477
7013.278786173355
6079.772887202256
5665.887340197544
5223.73316648625
5032.147745687397
4910.329342951853
4698.909914859989
4581.138385482495
4464.867441112146
4400.783217679774
4293.834630506319
4238.810384857493
4114.7510144431735
4042.8607036721087
3959.01958654954
3804.155503465652
3583.068695092681
3497.795117596571
3412.839338342079
3352.2626404038483
3344.798031715403
3337.4440554509565
3238.2366418525253
3222.8349198472897
3208.6253461189394
3194.879944154699
3180.089293841021
3165.561231166052
3161.203294622935
3148.607478792095
3146.7388637005397
3146.7388637005397
3135.197523474599
3127.299039060026
3118.4238429761153
3106.934691079717
3092.003185867255
3089.520640094289
3083.4917038504755
3070.575891389819
3062.440064078904
3051.8966795776555
3040.185188344645
3024.638811461188
2999.443632390458
2989.888504574915
2982.909163310473
2976.9847720091293
2971.8569229574664
2969.378774640556
2962.922495820947
2960.0096007558714
2956.0602138057066
2949.950887817875
2949.108481234393
2947.212023659209
2944.9569970370394
2940.1644620454435
2939.1345617032102
2938.277919678646
2935.8737880446324
2932.2571481026966
2929.5008183878567
2929.5008183878567
2927.1546522425397
2927.1546522425397
2927.1546522425397
2926.1512841833005
2925.1646424804803
2925.1646424804803
2922.3982810973853
2921.8187395564855
2921.5602725085682
2921.5602725085682
2917.4823577595253
2917.4823577595253
2915.692036351768
2915.692036351768
2915.692036351768
2915.692036351768
2915.692036351768
2915.692036351768
2915.692036351768
2915.692036351768
2915.692036351768
2915.6092684420755
2915.289600163248
2915.289600163248
2915.289600163248
2915.289600163248
2915.289600163248
2913.4484384732314
2913.4484384732314
2913.4484384732314
2912.7948503387647
2912.7948503387647
2912.7948503387647
2912.7948503387647
2912.7948503387647
2912.7948503387647
2911.7813889346085
2911.7813889346085
2911.7813889346085
2911.7813889346085
2911.7813889346085
2911.7813889346085
