12598.05356947868
9285.706811580207
8852.669043565435
8572.873083140534
7973.858854145892
7605.069899356114
7209.741768764817
6831.503753346604
6456.254974093916
6126.040176781331
5782.276875540623
5562.432136802118
5336.408224414881
5152.838048498806
4951.483585850918
4848.24719669076
4692.749697053307
4567.701820819178
4493.865904693007
4459.228963672735
4363.993710739323
4303.869001810439
4264.88342443438
4252.957841069496
4197.732879704092
4161.951426708289
4131.042264383185
4111.946346108748
4077.4696361644856
4055.095225401919
4023.6105466802483
4003.681198769709
3994.5060736795244
3982.874076515833
3966.502930679502
3946.2911156220416
3903.730898873275
3868.3589056373694
3823.747443536693
3795.323391072675
3762.950836172866
3726.274964577048
3678.1797398487147
3632.458873135043
3580.9910839925783
3531.433732912807
3520.1708657725085
3510.2692151945084
3500.579390763057
3489.071022558957
3477.6315347399577
3466.240442629468
3453.6848166785126
3438.7199933059537
3422.60947956014
3407.1797583288817
3393.2121235934346
3374.0217486615893
3358.2247603518827
3336.4310839563173
3318.385010960862
3300.7212060219035
3284.730680533557
3271.5949206344876
3263.7950803995363
3258.6011126381104
3251.8645870438136
3245.6084068217324
3236.1766112825785
3228.6084384320934
3218.6765548152553
3207.060126417719
3192.923536133614
3181.104843548908
3169.5185942810444
3158.44002893051
3146.4734534389863
3136.2524054359774
3127.6244422407644
3118.265142375693
3112.110021976822
3100.382840110865
3092.3308483519822
3084.4984564626084
3075.402436330093
3068.299034065693
3057.2127366790332
3047.7784617760635
3035.526805240951
3022.6471727705202
3016.0266194116207
3009.900418754221
3005.115753315063
2999.695763757928
2992.3063011247787
2985.775961407602
2979.9970013084567
2974.965407691921
2967.6707663671687
2961.649867989257
2954.832714963599
2948.788691583946
2946.313197276071
2944.7620187698653
2939.743235849216
2936.7216042374243
2934.136213800109
2933.3823944570795
2933.3823944570795
2928.8940056804054
2928.8940056804054
2927.3742402984367
2927.3742402984367
2927.3742402984367
2926.831197154629
2926.831197154629
2925.38487684145
2925.38487684145
2925.3408990685584
2925.3408990685584
2925.3408990685584
2922.5492688919257
2922.5492688919257
2916.920806329659
2916.920806329659
2916.920806329659
2916.920806329659
2916.920806329659
2916.920806329659
2916.920806329659
2916.3773832202455
2916.3773832202455
2916.3773832202455
2916.3773832202455
2916.3773832202455
2916.3773832202455
2915.706013685387
2915.706013685387
2914.802690890402
2914.802690890402
2914.802690890402
2914.802690890402
2914.802690890402
2914.802690890402
2914.802690890402
2914.802690890402
2914.802690890402
16971.09864852499
12814.788673056359
9634.782527644498
8133.587187144047
7337.413372282953
6537.225851571446
6041.268825972309
5588.302677427468
5334.144517105349
5132.207136821531
4978.872373136437
4857.561155892216
4764.514566795343
4612.846627806495
4536.347815257147
4440.8449859281545
4377.366926782407
4308.908211463709
4269.653606649707
4217.312124207807
4137.767708107208
4081.053242191757
4024.5177122781174
3952.181363915261
3909.1738597779004
3868.835255775327
3842.3078105709237
3824.7523047307573
3812.340277354542
3802.129172644116
3788.862933880695
3770.9339281138537
3751.4808029178057
3734.9899684622083
3715.8648970985805
3692.4052485978846
3668.9596227535994
3618.897466186112
3560.0543745745563
3519.919794319069
3494.987923988899
3476.345961396243
3460.7807788822365
3449.5925734164452
3431.1277990522303
3420.7277215191025
3407.6081974545546
3398.9816962821105
3389.1137853164655
3382.20639213696
3373.732064314004
3365.6118283300257
3355.3435622901325
3344.785047286693
3328.30611293339
3310.4427109932426
3289.132549360539
3254.5600987731177
3210.2922716338476
3156.11296515331
3134.5660959882584
3112.245448173652
3096.8752135003883
3082.9864819822715
3068.678490044501
3056.126275226299
3049.169906879508
3041.2436212106422
3031.912791462696
3023.7919249089064
3015.0157191595854
3006.5358393012534
2998.7112402816438
2991.632647416388
2986.5111255788247
2983.2281436456933
2977.4079678426947
2970.40070298513
2963.9236412995974
2955.37299077961
2948.799012786257
2944.4366924697965
2941.2167911691236
2939.4828391851597
2937.4519362260858
2936.0737420625032
2932.8029462656787
2931.294902511312
2927.206345334119
2927.206345334119
2925.757921178082
2925.757921178082
2923.426803775874
2918.568262875904
2918.568262875904
2915.756038058057
2915.756038058057
2915.292277949256
2915.292277949256
2915.292277949256
2915.292277949256
2915.292277949256
2915.292277949256
2915.292277949256
2915.292277949256
2915.292277949256
16971.09864852499
11112.112357817572
9595.459532399054
7776.268038001234
6882.707626619151
6074.625132289337
5771.526217008469
5330.544152440236
5066.616864113177
4892.026857377945
4676.875032514366
4556.156670544575
4408.8167773553705
4320.50046655414
4258.713707167147
4161.972021884656
4050.4391216059275
3950.3767251263043
3900.3129594282373
3893.7639967321793
3876.1951836214475
3837.4724129713068
3816.4216528194756
3774.1117981292246
3720.4107351860766
3653.532004716946
3620.3495792102926
3559.140399094875
3531.631348629477
3489.082148986434
3454.3451549863285
3419.3555796032606
3397.5957297507907
3356.136665731606
3325.4884320227966
3276.2902652677813
3250.9576422558175
3245.0610926310337
3229.811388493592
3208.522385743633
3197.472724226772
3170.903071554562
3154.468922853281
3129.5610777077663
3105.915579501239
3086.2233292620144
3075.726879024236
3064.66917534108
3063.8488591284613
3058.721815089004
3046.6220826332687
3043.827138605441
3036.045058182164
3026.9193743884152
3018.220534986467
3010.315957736177
3002.6319293135152
2994.6936481891876
2986.0736411601442
2973.775946752505
2972.16362152787
2967.9126239408924
2967.328694773432
2963.7788194659097
2960.768196698622
2959.5659645616593
2959.5659645616593
2954.198631930925
2954.198631930925
2952.3977779810843
2951.304288061607
2949.505399046062
2945.1443964214764
2943.995335902877
2939.855976195258
2938.909193892563
2938.909193892563
2937.5661158298835
2929.583689491422
2927.5591708490715
2927.5591708490715
2925.750906198379
2922.360156872247
2922.360156872247
2922.1456604280343
2920.3940499602672
2916.5627712025944
2916.5627712025944
2915.330863649888
2915.330863649888
2915.330863649888
2914.8903354097024
2914.8903354097024
2914.8903354097024
2914.8903354097024
2914.8903354097024
2914.8903354097024
2914.8903354097024
2914.8903354097024
2914.8903354097024
2911.870160919382
2911.870160919382
2911.870160919382
2911.2899049724797
2911.2899049724797
2911.2899049724797
2911.2899049724797
2911.2899049724797
2911.2899049724797
2911.2899049724797
2911.2899049724797
2911.2899049724797
16971.09864852499
12454.779398775509
9490.818115520744
7913.4140155927735
7092.342324202213
6344.251208833844
5871.106708731944
5389.252140356478
5007.773477826694
4795.820859107418
4535.600217956277
4402.648206464597
4234.2236685037215
4156.887772228139
4091.9262632373902
4049.0199607866684
3988.4777667902076
3909.8479918577323
3826.2301123221127
3765.8141007788813
3734.2282887187566
3696.1991405172353
3675.393200026705
3635.091131324916
3607.249377570999
3574.3711825370365
3534.471674662153
3519.1666026133043
3494.4722895577033
3465.676326738655
3444.2389061811473
3419.2301899285753
3399.314993644509
3372.6596163472327
3344.0204247398087
3321.336481897819
3300.7856079185094
3270.52120035005
3244.2460283508326
3220.0196558711973
3190.518600905505
3164.64728963462
3149.5159095108097
3130.5282267794646
3122.1105102008014
3112.8916472920696
3104.9373400517725
3100.3765160905023
3089.604604985094
3084.5047486147705
3073.348565118216
3065.296198778755
3052.77484845841
3041.929538245689
3033.1561821026557
3022.0035304971516
3014.1512152861583
3004.896573495726
2996.5226004013043
2989.0959957574055
2981.522986274325
2972.706636745613
2967.0714946892326
2961.293280543622
2956.313240848509
2947.837629851363
2943.9793383737297
2936.8839582577507
2934.6919071907396
2933.0054179181593
2930.843024053663
2930.6055437346263
2926.7079069884157
2926.7079069884157
2922.111455740447
2922.111455740447
2922.111455740447
2921.7276951126055
2915.0872212721492
2915.0872212721492
2915.0872212721492
2915.0872212721492
2915.0872212721492
2915.0872212721492
2914.589154742244
2914.589154742244
2914.589154742244
2914.589154742244
2914.589154742244
2914.589154742244
2914.589154742244
2914.589154742244
2914.589154742244
16971.09864852499
11856.744003704503
9411.741077382638
8921.882855517011
8317.807353964357
8039.2885778954915
7737.88388665196
7277.067368822668
6723.671404437137
6129.3383562939425
5745.64894239371
5406.481759830366
5135.475867446646
4833.419958644288
4547.148087647991
4361.396290971843
4271.833386340575
4164.17222278331
4078.669390423905
4021.6373137138003
3972.7739407831455
3885.852856363619
3761.5372698428237
3753.0088874203084
3726.6894503576546
3683.0012313764632
3677.566274153468
3644.3801728149147
3583.8555639009
3556.91926316701
3548.434683416427
3537.137130237423
3518.588729471473
3518.588729471473
3499.264963800741
3499.264963800741
3485.37438074134
3479.247584729799
3474.916953672583
3470.7607824841193
3466.9427483946756
3465.10499978471
3459.5436320679873
3449.103378215518
3448.161114039731
3439.2794547736285
3433.912289085295
3427.3400189126587
3415.398851654317
3406.1599429362122
3392.32196805136
3375.45340276834
3356.153307752736
3338.5761458862003
3306.804541443552
3282.4555299721487
3236.7633861089116
3201.9774401671516
3163.1242954062545
3129.7039429268107
3103.227803241683
3081.4215985580117
3048.6417642598763
3043.5089313626577
3029.613148652307
3022.415006844252
3011.094080550729
3006.661039679726
3001.0784077567027
2988.0751064129527
2981.6952579199824
2977.1337381820317
2973.069512684705
2967.1350023467517
2960.6437970903025
2956.168143180401
2951.686198124856
2949.911541953078
2946.4617945658924
2941.722252676447
2941.0658726409238
2937.6751086423023
2933.091478823174
2930.1366058023546
2930.1366058023546
2930.1366058023546
2927.2835044213434
2926.680962421792
2926.680962421792
2924.185337904031
2924.185337904031
2922.6317805759145
2922.6317805759145
2920.9429438521306
2920.9429438521306
2920.2638799618826
2920.2638799618826
2920.2638799618826
2920.2638799618826
2920.2638799618826
2916.37590253694
2916.37590253694
2916.059462001618
2916.059462001618
2916.059462001618
2916.059462001618
2916.059462001618
2916.059462001618
2916.059462001618
2916.059462001618
2916.059462001618
16971.09864852499
11956.065366862591
9716.659243350075
7408.164105953334
7005.592821019947
6378.819120914584
5668.907148659089
5363.1568847221515
5159.727726500409
5016.955059232046
4677.660756523874
4433.20513879013
4296.359709124265
4253.486142584542
4179.008164646035
4098.4000618571445
4033.194271128671
3984.2025513441686
3916.9990081089327
3844.2622870371024
3807.2812409863336
3725.303753121628
3653.175390622024
3628.511475912864
3600.9227875965666
3590.044897057164
3551.606078393433
3523.900994473288
3487.27160939529
3452.155274524393
3431.2242373157096
3389.9147609674565
3366.470422290622
3346.6027992192567
3302.1826189565263
3282.3420408347447
3253.0022588009297
3198.8688509231633
3198.141204854163
3197.138466535656
3183.0274344637783
3170.778365006296
3169.2673055887776
3156.169423923066
3144.788938616112
3137.502734917867
3131.0402309480687
3117.6937762835405
3106.6063435685883
3098.3147316637223
3094.2308942726368
3072.2084678672113
3055.454901037864
3044.0513289954656
3042.121696119166
3026.81899652259
3011.128744801796
3001.7160545205898
2994.6014983251134
2993.337144168566
2989.7198480646543
2981.13225018392
2974.4352763175602
2966.219005055178
2963.0629189079286
2962.0733954686275
2962.0733954686275
2959.6708529895113
2951.7878901237223
2951.7878901237223
2950.6202683559495
2949.2810212913773
2949.2810212913773
2943.353194465343
2942.814370043706
2942.814370043706
2936.5992624055184
2932.9196285703133
2932.3164772546215
2931.773570674218
2931.773570674218
2931.773570674218
2926.18977358872
2926.18977358872
2926.16697070047
2920.132134780165
2920.132134780165
2920.132134780165
2918.668451194393
2918.668451194393
2914.533355085498
2914.533355085498
2914.533355085498
2914.533355085498
2913.7959223852317
2913.0518595615868
2913.0518595615868
2911.429769681172
2911.429769681172
2911.429769681172
2911.429769681172
2911.429769681172
2911.429769681172
2911.429769681172
2911.429769681172
2911.429769681172
16971.09864852499
11699.38740478794
9098.070678254588
7296.898979327953
6682.0555625734305
6126.733473006999
5743.592423533928
5506.633671192329
5097.543754408043
4670.5189435352095
4340.613270514841
4264.191723826906
4087.7446735826347
4070.491686720882
4060.013409766062
3953.0169523480827
3953.0169523480827
3834.8344626622247
3820.918686890017
3740.6634250949683
3686.155903259276
3626.6829204016913
3619.44507863281
3556.047347583409
3506.6102029309754
3471.183980252104
3417.3479666037347
3336.8813115396365
3324.2232717281527
3311.6920568158116
3289.369483341868
3284.9401357196093
3242.590183067611
3225.2710906468806
3168.1704339027997
3145.222816369525
3145.222816369525
3140.1633939629214
3136.2712177999656
3127.48553762641
3124.2644878220117
3109.2476874705903
3084.004542960135
3074.112668838321
3054.262474182209
3050.322961697539
3046.3856571696388
3046.3856571696388
3039.667083452297
3032.204690399292
3025.140064804261
3018.348565810337
3000.3621946633707
2993.736870853777
2988.0482676074157
2975.2518757767853
2975.2518757767853
2973.96444254186
2973.96444254186
2973.96444254186
2971.2887641043435
2965.1519457835984
2964.462348397332
2960.719038283737
2953.274331685977
2949.835377346693
2943.9072893427124
2938.7303099990822
2938.7303099990822
2935.700735869647
2932.1011730971923
2932.1011730971923
2931.3779847575197
2931.3779847575197
2928.1259447292223
2928.1259447292223
2925.082663441011
2922.6330386365876
2920.8289581486074
2920.2724868053865
2920.2724868053865
2920.2724868053865
2920.2724868053865
2918.623009723374
2913.160633871318
2913.160633871318
2912.796344922738
2912.796344922738
2912.796344922738
2912.796344922738
2912.796344922738
2912.796344922738
2912.796344922738
2912.796344922738
2912.796344922738
16971.09864852499
11989.526718021618
9031.033198023535
7701.50532212791
6995.217208338421
6299.565388559983
6019.404826374928
5502.579532279198
5250.1885687990225
5012.546521345623
4789.183740198479
4671.057776409294
4522.30988428159
4382.098314089824
4266.607218901869
4127.287125316925
4099.883215910959
4029.7384304759225
3953.305509673179
3858.272797633029
3776.138433898199
3699.3873984749207
3649.6388904915602
3589.3898907384964
3562.0417224075118
3523.0270638463962
3491.7080026191265
3479.458264781485
3468.0794654244637
3439.3259587573793
3433.142480673686
3424.246338703017
3403.228843599162
3372.6432382408293
3372.6432382408293
3345.4838951467214
3305.4171911468584
3277.5197979210125
3248.8232859954624
3216.693167726878
3192.8883805999712
3165.7357643877967
3144.797364014492
3127.373647503702
3110.1641162787114
3108.2391113116673
3104.5087231889656
3102.9709985849777
3077.2290903019302
3059.915321653876
3056.2164615822962
3056.2164615822962
3045.826794631751
3040.10236359863
3022.721957889038
3006.520105797313
3005.872607104162
3004.6016461393106
2995.350384556093
2994.5930090822358
2978.1679493447145
2974.197114282312
2966.0839677732693
2966.0839677732693
2966.0839677732693
2963.153924555154
2960.4879446070113
2956.9661951544786
2956.9661951544786
2947.9661516187457
2942.6844854470937
2940.134151060387
2936.4329752422386
2936.4329752422386
2935.273032625998
2932.1840052594584
2932.1840052594584
2932.1840052594584
2931.0236390046493
2931.0236390046493
2925.561812889387
2925.039903052318
2925.039903052318
2922.1625334783034
2922.1625334783034
2918.704569660291
2918.704569660291
2911.9514060918414
2911.9514060918414
2911.9514060918414
2910.7580700980857
2910.7580700980857
2910.7580700980857
2910.7580700980857
2910.7580700980857
2910.7580700980857
2910.7580700980857
2910.7580700980857
2910.7580700980857
16971.09864852499
11954.65851095581
9004.79484025541
8125.130303943563
7637.948649338602
7039.430454640932
6552.095755572871
6144.293289213747
5599.1444777463
5293.867221710482
4968.339598488919
4847.046715193283
4721.520459913922
4539.774911069535
4375.033192176301
4183.421589490784
4078.5556324915415
3983.107999759192
3944.7290289064567
3907.020064449381
3865.68626490293
3833.425798321226
3818.4993031065287
3762.428410591505
3730.5184914626484
3712.106424272094
3695.36742811399
3669.0693815559343
3650.8767616330824
3641.684655675961
3605.8214288629956
3584.643761300923
3551.0820415811268
3546.835400409053
3541.706756470904
3510.646388442302
3485.291585336717
3474.811643963983
3455.863907562151
3437.3976450587866
3393.0807760714433
3391.986046968489
3377.9599533232094
3353.0712472875607
3342.4783288611775
3342.4783288611775
3314.2146476111575
3286.7938665716138
3275.679686380328
3194.6626721600337
3194.6626721600337
3194.6626721600337
3180.0786846801966
3153.66702365049
3137.1262472982244
3126.140465008898
3126.140465008898
3119.0356365049174
3096.99626519268
3094.8298754538546
3094.8298754538546
3090.3888661494957
3073.5712093754264
3060.9473455516345
3060.233171522451
3042.109252203137
3037.2612193055547
3025.665967023257
3015.0353164911153
3006.018439748237
3006.018439748237
3002.3270689638075
2994.4461577560487
2991.152845686639
2991.152845686639
2991.152845686639
2988.3557486417
2981.2479157374437
2963.424636930903
2960.191692881193
2960.191692881193
2958.894006979975
2956.1114952767075
2951.732359572878
2947.6665561566347
2944.5801610893864
2941.4589749806264
2938.7207703605113
2938.7207703605113
2930.7959318214453
2930.7959318214453
2930.7959318214453
2929.6805267402033
2928.624453968994
2923.1187430922587
2920.7843823251937
2920.7843823251937
2920.7843823251937
2919.8267989094875
2919.8267989094875
2919.635339032837
2917.6625290770185
2917.606152376416
2917.606152376416
2917.606152376416
2916.142002597208
2916.142002597208
2916.142002597208
2916.142002597208
2916.142002597208
2916.142002597208
2916.142002597208
2916.142002597208
2914.9648436302255
2914.9648436302255
2914.9648436302255
2914.9648436302255
2914.9648436302255
2914.9648436302255
2914.438455296523
2914.438455296523
2913.5854869115956
2913.5854869115956
2912.7338867012622
2912.7338867012622
2912.7338867012622
2912.7338867012622
2912.563761924461
2912.563761924461
2912.563761924461
2912.563761924461
2912.563761924461
