9258.436315435743
8144.510659662037
7387.885536855689
6948.577389352188
6462.325127103779
6300.420603593493
6060.76124944561
5730.068485980848
5534.5244118657
5160.161102733085
4908.689370602625
4501.900546066547
4285.473515384407
4174.624631836383
4070.489933150302
4007.486004855564
3914.795739488372
3865.57439735428
3812.895192471076
3779.393298270077
3738.5904710757127
3712.2093286930817
3692.249226577842
3671.54837840435
3650.022357990755
3633.221943180517
3604.123936853182
3583.933022617418
3562.2515354395136
3527.272391425375
3496.0202538199565
3473.921290070853
3435.7783459300535
3396.9092142595705
3359.7985877478923
3340.2741408062325
3336.4035666364534
3332.5918693019694
3324.791874496702
3317.940741436905
3307.333030760455
3302.40852298666
3297.0559187259732
3292.5000966312455
3288.90668609143
3282.8926571181682
3279.075708045832
3272.67919943127
3268.846640071043
3265.486327092194
3261.225329502494
3258.2082068716973
3255.270530360409
3251.9911837402797
3247.434948658124
3243.8808201872166
3240.669911350551
3236.8262591583043
3232.8202110107372
3228.620666756855
3223.9355405506126
3220.300182461961
3216.2768140517996
3211.639766024532
3208.191777453502
3204.969764811809
3202.2046061471483
3198.8342381497314
3196.1674032068368
3193.2906778270367
3190.277143792919
3187.08992283357
3183.5728908385677
3179.927300730061
3175.9155667128975
3172.262755823162
3169.3570199908067
3166.4164472614775
3162.5966049545914
3160.0680963221344
3157.146610497369
3154.3689552229876
3152.5261166094497
3150.1331045472384
3148.0452515117818
3146.1665041300894
3143.7853790882996
3141.784524199258
3139.258819287745
3135.681905943883
3131.8297432111476
3128.6637637074473
3124.4961779138
3120.54388617875
3117.8375931607306
3115.3291231213934
3113.367943605451
3111.2533008040377
3108.9559151169174
3105.745623027424
3101.9036054256203
3099.1848212589703
3096.9595198689326
3094.2079020777082
3091.5044338051844
3089.0970060558375
3086.428438127069
3083.938142212194
3082.066786741778
3078.552715513296
3076.343367711536
3074.0370634755523
3072.023481317015
3069.6635884802113
3067.2403904821385
3065.239427196603
3062.859293181384
3060.797382081979
3058.2132601589583
3056.174169111836
3053.6380993890693
3051.1069576701184
3048.5517188116696
3045.890446138988
3042.709468717699
3039.845598666579
3036.7297614145173
3034.2696866608712
3031.4536463071736
3029.0579789882113
3026.6201535826713
3025.0447163071444
3022.991466856156
3020.858966739034
3019.054031173986
3017.3046030936457
3015.6644337339635
3014.1953440072284
3013.0380392802062
3012.2654399436415
3010.908146194784
3009.999535796171
3009.2792112166635
3008.4011511525227
3007.7513545503657
3006.9650160698643
3006.2131355443994
3005.1311163967325
3004.673106419854
3004.3655158435677
3004.1802997311133
3003.605713597608
3003.1298183906342
3003.0581418949205
3002.98932767795
3002.98932767795
3002.905764658542
3002.5453019112165
3002.5453019112165
3002.5453019112165
3002.437687607797
3002.437687607797
3002.3735536846298
3002.3735536846298
3002.3735536846298
3002.2240717169398
3002.2240717169398
3002.0014663567326
3002.0014663567326
3002.0014663567326
3002.0014663567326
3001.5354783081475
3001.5354783081475
3001.526384531431
3001.526384531431
3001.526384531431
3001.493096093755
3001.493096093755
3001.493096093755
3001.493096093755
3001.493096093755
3001.472709474327
3001.472709474327
3001.472709474327
3001.472709474327
3001.472709474327
3001.472709474327
3001.263449338334
3001.263449338334
3001.263449338334
3001.263449338334
3001.263449338334
3001.263449338334
3001.263449338334
3001.263449338334
3001.263449338334
14621.995784671364
9643.283567932827
8844.633066141218
8221.232572363924
7638.965568928149
7077.9989479537035
6473.799023022761
6042.556622542343
5762.948002678393
5511.417570076404
5328.441394796969
5145.532475936666
5056.541872789312
4884.513122322247
4762.891784356463
4642.3696919781705
4520.034462024844
4424.67235806181
4345.894322663049
4258.406520014834
4202.322302290227
4177.292027664651
4149.719167228706
4089.79041579398
4060.9715647680887
4023.042108287804
3969.6786886484283
3937.429904898734
3900.6354060165195
3878.768013777293
3862.9210443297306
3846.7242875661877
3827.422948535929
3802.265161693311
3773.7314600027266
3751.651355365564
3729.659515832503
3704.696352085862
3674.1732748710765
3635.1506577482746
3599.596718880373
3541.15015575256
3485.35624766453
3434.5960953719277
3414.502670017311
3408.598773027772
3398.4863443663353
3388.9224880409624
3380.0469171069662
3368.5200523520034
3357.2118324459884
3340.37692242636
3323.758314940951
3306.9907050146435
3285.138811987108
3259.2873951109086
3236.2529341510653
3223.007172005602
3205.872466306613
3200.892602280683
3189.3946537338334
3180.6356252830924
3171.335080749509
3153.854305977333
3136.7733920963337
3116.386081021856
3101.3358085671703
3091.837663402739
3086.052920744299
3080.999461139674
3073.5436469671654
3066.492312413398
3063.554190287346
3058.45843289908
3053.1212154659215
3042.3333112845967
3037.0141931575613
3026.20948525832
3019.060015855978
3013.3716125695205
3003.703602371856
2997.8931237430684
2992.7054095218837
2988.979109394579
2984.3675475642854
2981.4002450453067
2975.2260200754054
2971.4815005599885
2964.374654413662
2959.480182426131
2954.5375987672032
2951.628585977297
2951.628585977297
2948.483380473126
2943.1433066493037
2943.1333973311416
2940.9225548514396
2938.7675899137466
2933.222294198928
2933.0146831231104
2933.0146831231104
2927.965075167601
2927.965075167601
2927.965075167601
2926.8506510066823
2926.8506510066823
2924.5200479764158
2923.9214125580843
2923.9214125580843
2920.0994484475004
2920.0994484475004
2919.113330544719
2919.113330544719
2919.113330544719
2918.3926916620553
2918.3926916620553
2918.3926916620553
2917.973542307252
2917.973542307252
2916.5855056406704
2916.5855056406704
2916.5855056406704
2916.5855056406704
2914.7909695850562
2914.7909695850562
2914.7909695850562
2914.7909695850562
2914.7909695850562
2914.7909695850562
2914.7909695850562
2914.3599811757545
2914.3599811757545
2914.3599811757545
2914.3599811757545
2914.3599811757545
2914.3599811757545
2914.3599811757545
2914.3599811757545
2914.3599811757545
14621.995784671364
10039.731653366693
9044.249739286584
7810.583977559094
7087.515868920752
6822.27476989192
6634.953248997748
6362.289786854575
6061.996511739306
5836.443497172617
5495.964403132776
5314.797323630035
4891.253726444192
4678.53900756996
4535.545338031732
4398.137408807674
4253.023992042108
4150.951870312393
4049.383575840674
3997.864723565663
3917.707247642191
3878.1933877852844
3829.0207406028585
3799.200047673888
3763.3074878968246
3740.4024168290107
3727.250959007605
3717.409401690101
3710.120944920477
3703.5223607753505
3689.3840482300047
3674.513353007591
3663.379016884671
3651.1800843949613
3639.2395177134485
3623.6923148549467
3609.4938225452793
3591.360173960503
3577.027103169224
3565.4308832828297
3552.6984204355476
3545.8765628566653
3535.5938199400607
3524.109759783741
3514.4360821490422
3505.420869732388
3498.583327340432
3487.088692945163
3477.601501614964
3464.721822433676
3454.7188892660038
3443.9810514938263
3430.400737049863
3411.0375261074178
3398.786166142264
3386.63066484483
3381.9003757232467
3375.453727100881
3368.1100290291033
3360.8803790536676
3349.0441067679267
3340.2997895976387
3333.9059333579644
3326.3893734141666
3318.356069547778
3309.2995842152272
3300.0319505695365
3291.1992517639173
3282.8920918943236
3275.3406518029483
3269.1604768456314
3260.8503309486696
3252.8353790077535
3244.875921165325
3233.9310616866974
3223.9948599969634
3211.7671708958833
3201.3531246650587
3187.150733929223
3178.1128909277522
3167.970665033794
3157.646752002898
3150.108042522358
3142.313790609817
3133.0701885877293
3124.093543078838
3116.6993070611343
3107.869576998678
3098.2816186089
3088.8349971541547
3080.4979693375903
3071.523967362573
3062.3534120037048
3050.8508536114605
3040.9223221752027
3029.037199451285
3019.103761058918
3011.4131866025227
3004.5248123207134
2997.580285287066
2991.4152012657682
2982.8688768348875
2978.2998259015026
2972.828830039844
2967.8472279580265
2962.220697946752
2957.8866734671406
2952.700896389075
2949.984110016922
2948.0014133673894
2947.534351841047
2942.6795833321758
2938.564072044469
2938.564072044469
2937.4339189786465
2932.9486518450763
2932.9486518450763
2931.388634755972
2931.388634755972
2928.8922433566154
2928.8922433566154
2925.8287088458737
2922.7070755926843
2919.1013471849838
2919.1013471849838
2919.1013471849838
2919.1013471849838
2919.1013471849838
2918.6864654978613
2918.6864654978613
2918.6864654978613
2917.722733146352
2915.3019229476836
2915.3019229476836
2915.3019229476836
2915.3019229476836
2915.3019229476836
2915.3019229476836
2914.4672117232826
2914.4672117232826
2914.4020738751815
2914.4020738751815
2913.7441279010554
2913.7441279010554
2913.7441279010554
2913.7441279010554
2913.7441279010554
2913.7441279010554
2913.7441279010554
2913.7441279010554
2913.7002107687613
2913.7002107687613
2913.162423986043
2913.162423986043
2913.162423986043
2913.162423986043
2913.162423986043
2913.162423986043
2913.0094133845137
2913.0094133845137
2913.0094133845137
2911.885857276183
2911.885857276183
2911.885857276183
2911.885857276183
2911.83738659798
2911.83738659798
2911.83738659798
2911.83738659798
2911.83738659798
2911.83738659798
2911.83738659798
2911.83738659798
2911.83738659798
14621.995784671364
10518.133481266867
8753.804204271531
8171.46127697304
7472.105101463366
7086.9242368374
6830.664545036207
6714.981024585592
6474.90938984089
6204.034915482911
6021.072326733498
5829.368530292624
5603.691171783807
5437.043106336316
5164.794574508175
5009.159623367246
4769.989708325604
4538.526205670577
4385.842945052037
4267.0558276384045
4160.508202597486
4073.1668193879527
3954.327850907619
3872.2618117923034
3791.1461537499354
3729.304431389116
3690.5751505045373
3642.511401268561
3600.962996023869
3565.798016531109
3533.2491121461844
3505.266703122788
3484.5506437500862
3457.934032798646
3441.7547795815967
3419.671021058704
3403.594628658021
3387.3398250744062
3378.859316755348
3367.089065767614
3349.444739476555
3333.3519181272636
3320.413043438338
3309.533785973662
3297.979889528054
3288.909981271209
3279.9724746359534
3271.8400192748422
3262.807341259841
3248.836154664942
3243.6881017803375
3239.6366204623146
3237.420894283972
3232.2862910163044
3225.0410461814004
3218.099517518726
3212.00573805754
3206.46003286528
3203.243739825593
3200.499149791793
3197.5180791375196
3194.0791151336834
3190.341254839163
3185.0486675288475
3179.756853107945
3173.0892607997253
3165.161819509658
3157.787700615584
3151.0091070303615
3145.596052769997
3140.3720293516794
3136.408910236013
3133.5039838470557
3128.9292754315147
3124.841197533406
3120.579662860274
3116.782048178729
3112.9514147072764
3109.0836331820083
3106.0044035078395
3102.4826039188765
3099.494029641367
3095.8057101630093
3093.6117026701554
3090.1331763523685
3087.1823803517677
3083.475930503981
3080.7621213360835
3076.850168619071
3073.341370807603
3070.1020797060346
3067.4070098994694
3065.485528066538
3063.4639024951703
3061.72332636222
3059.3953561556154
3057.670189387424
3055.3000281834316
3053.6899090825605
3052.202209018245
3050.7542636794033
3049.1578460228225
3047.2000268215875
3045.279547275623
3043.3104999730713
3041.3691191943285
3038.6910038759765
3037.05568504861
3034.3936785874894
3030.842018032303
3027.8591331140383
3025.2206101606935
3022.350581375908
3019.2650213135757
3017.747412871132
3016.9819664296633
3015.4649803130105
3013.9639867237534
3012.67383700512
3012.031608835462
3011.2557855635177
3010.0013948710152
3008.763470418293
3007.033293228378
3006.2384653423715
3005.523651959649
3005.0271784763163
3004.8900808265707
3004.005265552638
3003.125262729128
3003.125262729128
3003.125262729128
3002.951292815483
3002.951292815483
3002.5017432634
3002.2078312573694
3002.185380549271
3002.185380549271
3002.185380549271
3002.022011088328
3001.989319535285
3001.989319535285
3001.5473791202967
3001.5473791202967
3001.5473791202967
3001.5473791202967
3001.5473791202967
3001.5473791202967
3001.5473791202967
3001.5473791202967
3001.5473791202967
14621.995784671364
9842.186871857914
8552.548708596672
7700.39103986783
7074.164887421878
6673.945737008747
6409.708698511922
6002.725567088965
5635.580094809456
5419.382052777826
5080.999737587055
4912.129670383505
4778.228820674023
4688.188436263321
4516.829842201624
4377.758868258074
4285.703047721001
4238.600301254228
4182.356077502626
4163.680751665739
4080.004115539504
4067.3673741306534
3977.7223328196196
3927.8538702674396
3864.371572188944
3832.9270327153845
3780.862253436315
3758.16055257464
3716.5704044863705
3685.2942996958072
3666.619147757695
3651.987860882531
3609.060276574552
3574.4946890472593
3532.1949273988694
3467.4124585860422
3386.7982690259373
3296.5842411584817
3271.9146209390356
3257.798913673573
3244.751830642509
3214.533154472797
3205.567255750305
3190.2713286724947
3184.900901196766
3163.6943109687213
3155.832282651033
3149.496956782694
3134.220179114537
3121.4221589172766
3114.1214334275746
3110.78308194189
3106.6756140926573
3100.462689304997
3066.609763586523
3030.8783660251006
3030.8783660251006
3007.6688583401706
2999.0005065044797
2991.399475847171
2990.505932637613
2982.3425036155872
2976.4257536426758
2976.4257536426758
2973.4647682416967
2967.832131593474
2964.7453085269754
2960.548613834948
2959.822474307681
2955.9575494783135
2953.481751311786
2951.649495812313
2946.1527370834156
2944.390450696996
2943.859389593338
2943.859389593338
2939.44611469637
2938.5527074223132
2937.575214209756
2937.575214209756
2933.177741630687
2933.177741630687
2931.233117721876
2931.233117721876
2929.367058293458
2926.6584091983514
2926.6584091983514
2926.183715479197
2923.499199051973
2923.499199051973
2923.499199051973
2923.499199051973
2920.9745394068486
2920.9745394068486
2918.668465146068
2917.602925549431
2917.602925549431
2917.602925549431
2917.602925549431
2917.0942150794226
2917.0942150794226
2916.7252822131704
2916.7252822131704
2916.7252822131704
2916.7252822131704
2916.7252822131704
2916.7252822131704
2916.310097539061
2916.220883225021
2916.220883225021
2915.500627258737
2912.8865994799294
2912.8865994799294
2912.8865994799294
2912.8865994799294
2912.8865994799294
2912.8865994799294
2912.8865994799294
2912.8865994799294
2912.8865994799294
14621.995784671364
9378.492763259757
9254.278686954262
7890.844715776876
7393.375160444003
7113.584804776872
6642.260649045569
6492.99357035199
6169.979473372337
5703.257747883441
5482.791909110615
5237.537287742774
5071.399351928971
4866.328476235177
4682.976442723549
4522.0858981509355
4440.4464519546145
4295.804972210639
4217.546046182654
4148.564600568914
4067.007870886759
4029.4491139243382
3971.34564839841
3919.2629030415146
3871.150325256258
3838.621278498636
3789.428275208036
3740.8762493223703
3683.1647610115706
3643.7518571527503
3601.856668583429
3561.6943173373766
3531.6808025826513
3498.083226469323
3469.3708250580194
3443.8959804078786
3423.1518142326254
3402.7123044407404
3384.765991878802
3367.0865261582267
3351.0606234762477
3330.3518277716807
3309.4932294879745
3289.055943372403
3270.722939085231
3252.9129813838654
3235.3297158421956
3216.43947015183
3198.2139611672183
3179.9843190957954
3173.4076450496414
3166.741427674029
3160.512170618034
3154.8697984675364
3150.7936208643578
3145.3431517449844
3137.834020101489
3130.5857732340673
3124.515743811494
3115.2368807095236
3104.818010903937
3097.773456442569
3086.0588891111656
3076.791219024858
3061.190899796786
3048.0875472030384
3037.882310758637
3025.9678049705785
3012.426053016339
3005.8680573080637
3000.6721665625964
2990.4638939339866
2984.123693610356
2975.687912748107
2964.4218103326693
2960.9880125041777
2957.7052184245485
2952.7106886192178
2949.126302472122
2945.812906333192
2943.1767617962078
2942.467777707111
2942.222842841283
2939.423646202887
2939.137872854317
2938.5507407603923
2936.6714995129582
2936.349817786988
2936.349817786988
2931.0482193156995
2929.579062739205
2929.579062739205
2924.8857875214976
2923.4180454074294
2923.4180454074294
2923.4180454074294
2920.8409053535393
2920.8409053535393
2920.8409053535393
2920.2197154071396
2915.4140688174207
2915.4140688174207
2915.071366079181
2915.071366079181
2915.071366079181
2915.071366079181
2915.071366079181
2914.1818936789914
2914.1818936789914
2912.5019500689773
2910.5448918329876
2910.5448918329876
2910.5448918329876
2910.5448918329876
2910.5448918329876
2910.5448918329876
2910.5448918329876
2910.5448918329876
2909.227883452872
2909.227883452872
2909.227883452872
2909.227883452872
2909.227883452872
2909.227883452872
2909.227883452872
2909.227883452872
2909.227883452872
14621.995784671364
9797.818169730444
8801.615187819682
7018.983384250216
6946.273004431386
6518.642552709507
5956.842983825103
5727.64612288384
5474.640476058545
5261.940169703106
5072.880389075571
4650.141807768224
4390.296341215412
4269.834494842418
4156.791593739785
4067.721992013772
3988.3385619899937
3933.5760017869757
3859.037615032311
3763.5848807254742
3702.2488162941854
3662.787001322682
3608.060669411853
3560.6357010193324
3517.6720208232487
3492.106209880104
3465.5505680063125
3438.586310321378
3408.424168187264
3380.249188330651
3363.2271327544445
3325.4566563264566
3296.1226537677308
3271.624532380757
3246.1510254078307
3238.9834110041547
3235.275522553483
3207.7176701065537
3195.417759663285
3186.2612865711467
3172.7177063127347
3132.3391552486305
3131.578991793068
3122.0883689063066
3096.69711728481
3082.5277893307943
3052.455861166926
3046.758120820086
3046.758120820086
3034.3767056505426
3015.6893450160046
3014.4089297093483
3007.7898457935844
3003.519241238431
2996.1366311859856
2990.4905721593286
2977.008032563388
2976.0612694452198
2976.0612694452198
2971.4111273706835
2969.9379004176894
2966.4548943270493
2963.7066147841474
2961.2100951018824
2958.111295710222
2953.4825614552024
2953.4825614552024
2946.559711983319
2946.5086875668585
2945.2901571322996
2945.2901571322996
2940.0833578922297
2939.57636581257
2935.200459312828
2935.200459312828
2930.2826977599866
2930.2826977599866
2929.0533405890283
2929.0533405890283
2927.058032145034
2923.282264525837
2923.282264525837
2923.282264525837
2923.282264525837
2918.8905277144977
2918.8905277144977
2918.8905277144977
2915.9921881733185
2915.9921881733185
2915.825242845428
2915.825242845428
2915.825242845428
2915.1560803421153
2915.1560803421153
