12697.811918900128
8903.458130623081
7610.847863846969
7383.55500473949
6642.355101765008
6218.179503535399
5692.502254771377
5299.048494245694
4845.313276461401
4480.939678672349
4270.137690635924
4099.241367433095
4002.9749646536907
3951.396898650848
3932.732913886349
3905.4537337560287
3863.8909864816214
3778.4390933274417
3698.4320067858644
3654.123591077266
3605.9650045796207
3593.19897998641
3542.5818001689545
3514.4545784852166
3491.3503949299584
3463.317767734161
3438.5544189968386
3391.5871694972207
3356.6491489288965
3344.8843345354435
3330.517486903291
3323.4078821667995
3311.069240082747
3301.686182809242
3293.5797277993283
3288.8194784852994
3285.1195993741703
3281.4884045915487
3277.699799713565
3273.081852135565
3269.1879482645236
3264.7488713049265
3260.2898757422354
3255.4640098438467
3250.6427923321553
3243.8097659356745
3238.9523794232446
3233.4241014542613
3228.5081498962663
3226.651242578739
3222.230922884349
3218.402115146518
3215.2841940792514
3211.9517058521374
3208.4479349276053
3205.250015337706
3201.5123230756117
3197.0809735008916
3193.143337749517
3189.5833240674187
3185.43871315076
3182.331644264008
3178.863548578815
3176.690701261012
3173.856451050115
3171.3329831844685
3168.228408240199
3165.3519644075304
3161.878332965355
3159.350102759703
3156.588121260029
3153.7774932027623
3151.193627886893
3147.7907674495627
3144.2711830060457
3142.0400192113098
3139.5435555941262
3137.362981727424
3134.524887738525
3131.33114525897
3128.5306371168144
3125.8523322967108
3123.9019661518896
3122.556537668226
3120.481586587056
3118.351384597751
3115.9463667586015
3113.2754789608825
3110.804115231178
3107.504380115722
3103.8433961188525
3099.153773545643
3093.5713994067264
3088.840025722254
3086.321968883105
3085.1568585462
3083.7119968523743
3081.381756480431
3079.7571720032265
3077.0470703402857
3075.0073750193174
3071.5877012857163
3068.3815187300797
3064.040930717975
3060.495124487584
3057.831296511783
3056.2918637990488
3054.0828963279264
3052.035775345449
3049.5104213358304
3047.9359094926
3045.6399368423554
3043.652249660376
3041.278000611991
3039.162686669456
3037.410690303073
3035.5367902737794
3033.5949638006614
3031.920163847709
3029.841924405221
3028.038348706454
3026.614628661107
3024.9774512101803
3023.271697483835
3021.4758739268655
3019.93553222629
3018.3626349971637
3016.529694855099
3015.394091073662
3013.93890593527
3012.851234948481
3011.8481774297466
3011.2184375333545
3010.371812544797
3009.9911127589858
3009.3437511643533
3008.6561942853123
3008.034872746454
3007.1389619308325
3006.2898408816827
3005.6240267277335
3004.60900760291
3004.2253753098457
3003.3151169245225
3003.18085128431
3003.18085128431
3002.7788886414014
3002.7253041830622
3002.656319013182
3002.656319013182
3002.3673042091095
3002.3673042091095
3002.3673042091095
3002.3297621745032
3002.3297621745032
3002.3297621745032
3002.1987950834855
3002.1987950834855
3001.9738766813352
3001.9738766813352
3001.9738766813352
3001.7612818595844
3001.7612818595844
3001.7612818595844
3001.7006150282314
3001.7006150282314
3001.609710121773
3001.609710121773
3001.573668148707
3001.573668148707
3001.489969453401
3001.489969453401
3001.489969453401
3001.489969453401
3001.489969453401
3001.489969453401
3001.489969453401
3001.489969453401
3001.489969453401
15021.58026418865
12264.06845658785
10258.420698011905
7586.833404407441
7476.793906355542
6851.649652992563
6310.908053858109
6122.06549644068
6016.2308466609975
5706.781719108393
5487.082692295286
5221.232553771753
4982.975304455878
4778.848173731021
4668.3764077207825
4458.987139824465
4293.864303913924
4166.089595419357
4023.31892697357
3920.3945445228615
3840.0412760953277
3804.906537496695
3744.889390711889
3722.6999017735134
3698.4264998160465
3685.8434970219128
3629.13263194197
3512.5306356807932
3443.0467015177087
3392.3618136315285
3372.186192115014
3333.383216225019
3301.851683714233
3299.2920623312802
3293.8014182606858
3271.493769046309
3233.723412303124
3219.12179054858
3211.8598801211133
3200.9035843923716
3198.922945313865
3186.3765927861473
3173.1003077471214
3160.1083360132093
3146.2791232771497
3139.547621953503
3134.3735889898676
3127.4719074569775
3122.5823483303393
3115.3881889581858
3108.3591438981134
3094.1150764813956
3084.1913075417606
3073.601074244842
3059.44436936717
3053.2570563814456
3051.1130037522908
3047.4541815503567
3045.2438420745148
3042.865459939814
3039.6086792338674
3037.106313627152
3036.5185407634767
3034.590465144739
3032.8323731625087
3030.7526492503057
3029.2065152262808
3026.296744147712
3024.9293185672436
3023.027919490988
3021.0066121290256
3017.714864925806
3015.908864048432
3013.7534819722528
3012.566563959523
3011.26094435601
3010.0535781028657
3009.574873474916
3009.496693489253
3008.624352286105
3007.9587762798947
3007.5488721825227
3007.182155337079
3007.182155337079
3006.4141875310193
3005.2664814548903
3005.2664814548903
3005.0713098593883
3004.6483433734347
3004.1079092244227
3003.828441154398
3003.828441154398
3003.7739751174786
3003.261746365608
3003.155979903111
3002.9089625645533
3002.5143573894647
3002.458855226524
3002.458855226524
3002.458855226524
3002.458855226524
3002.278092106437
3002.163548400619
3002.163548400619
3002.0908428858806
3002.0908428858806
3002.0679729758463
3002.0679729758463
3001.906288168777
3001.906288168777
3001.906288168777
3001.906288168777
3001.892607495501
3001.7273024388282
3001.7273024388282
3001.7273024388282
3001.7273024388282
3001.573621208582
3001.573621208582
3001.573621208582
3001.573621208582
3001.573621208582
3001.573621208582
3001.573621208582
3001.573621208582
3001.573621208582
3001.4561270631107
3001.4561270631107
3001.4561270631107
3001.4561270631107
3001.4561270631107
3001.4561270631107
3001.4561270631107
3001.4561270631107
3001.4561270631107
15021.58026418865
12979.899733746668
9376.351242676097
7955.674209773168
7442.823526622999
6537.920194651728
6116.387316594495
5906.750446689733
5607.741023774602
5359.284727706947
5062.927887706668
4862.919005660953
4603.307887528399
4361.387511376868
4110.3227980040965
3918.1738286058026
3817.5390940947627
3728.8510418212877
3640.4496246478666
3564.7285060521053
3502.679223916865
3442.6503022749343
3423.64657984108
3398.47193405504
3387.0124671855674
3376.752454253677
3354.174605644471
3335.71363966375
3312.8988009770837
3295.154998374309
3280.1697619170827
3269.250799829256
3255.0423569110303
3243.6231535618067
3232.2553419590413
3222.951336706293
3212.6962462944202
3206.0109877437612
3198.5515935292065
3192.2231700901775
3182.796989636561
3174.9079652897162
3167.1331316293654
3160.7414915837276
3153.655036973409
3147.433287325133
3141.4220704588197
3137.4727306501263
3134.308775309305
3129.597596016331
3126.8580260953795
3123.238528224213
3120.2844033330884
3117.8244882653216
3114.89745434562
3112.2974520343355
3109.5718590399947
3106.5674452516555
3103.7419235434145
3101.280934327665
3098.051348536247
3095.0828588485447
3092.267513737334
3089.2113057899733
3086.200284777743
3083.7591441562727
3080.8697235278823
3078.657551704859
3076.9077924325493
3074.977594200231
3073.067674766569
3071.155514418757
3069.082112501208
3066.7111890897404
3064.6556046605347
3062.229403436712
3059.818446928618
3057.6076780360704
3055.020465205533
3052.4457734592133
3050.6190665526738
3048.2822268664086
3046.545722718078
3044.9473200164857
3043.318269541838
3042.0163620219055
3040.6470589325017
3039.244423011804
3037.057362230941
3035.604840222516
3034.034085038143
3032.7052850740088
3031.1283780258113
3028.765096228215
3027.178385966296
3024.9451105557473
3023.316323956623
3021.959183258341
3020.2640518372805
3019.0059344708643
3017.675972221356
3016.6278222160736
3015.5025099061663
3014.5755736155243
3013.7124222996185
3012.887879012396
3012.048415581632
3011.2833835272336
3010.3682677503975
3009.5394321710805
3008.245353552277
3007.404866163557
3006.4631741730145
3005.5800518433603
3004.97516892566
3004.5190096834813
3004.102200239278
3003.82340349293
3003.724272840256
3003.724272840256
3003.2725710379827
3003.260236398882
3003.14040131588
3002.974072222026
3002.974072222026
3002.4649552572528
3002.4649552572528
3002.2846407097395
3002.2846407097395
3002.2846407097395
3002.2846407097395
3002.2846407097395
3002.1092120402354
3002.1092120402354
3002.1092120402354
3002.0752941135556
3002.0752941135556
3001.341150285236
3001.341150285236
3001.341150285236
3001.341150285236
3001.341150285236
3001.341150285236
3001.341150285236
3001.341150285236
3001.341150285236
15021.58026418865
13312.792184711172
10771.809367928574
9351.367768771775
8491.604014523971
7620.380623349471
7203.78044193967
6670.605793151748
6423.29835217711
6157.128688799066
6031.347798601613
5883.823721811697
5612.540432077154
5486.385876187689
5322.458638972443
5149.820024845498
5001.6752595083035
4819.770490270192
4702.584283510883
4545.687611028261
4470.531437383914
4395.189718348584
4359.134003149338
4293.723462184909
4252.054835237585
4206.608750632984
4157.0559518417085
4136.1471777156985
4118.503145954895
4089.785024629341
4051.91602259109
3983.6468129972327
3931.6311285122692
3897.694405582457
3858.5730640687416
3827.392367173345
3803.277809121434
3790.6105781920905
3773.720581890694
3762.3709562830445
3751.985108685433
3738.482797562574
3728.3830357753786
3706.1140221400456
3693.269504203131
3685.3926713319597
3678.0524112826843
3670.0701559986587
3663.6472309255523
3657.3243285915437
3647.1571470330346
3640.8094527748235
3633.046014363291
3625.5647261900986
3618.4489242230366
3607.5466240969254
3598.2596854583594
3590.103202928331
3581.6246218067377
3575.762046411047
3569.142130381398
3564.145444995392
3557.5846057015224
3549.663868629281
3543.4328597451604
3536.51176279063
3530.2330187418984
3523.750559397231
3515.5011834359675
3508.58364231859
3502.8487505383737
3499.401679466404
3495.3010057539414
3491.5122512033126
3488.137838120091
3484.3727347583153
3481.3818941064533
3477.655762519815
3473.5757407423525
3470.2310765253296
3466.193291655051
3461.6647552823933
3457.7349830441
3453.507643966717
3449.8373659232902
3446.7179375608757
3443.648423086061
3440.9458567057604
3437.4446917595565
3434.1035463734615
3430.393295462047
3425.0426924977733
3421.8479335756206
3417.9950838701566
3414.4946925545214
3410.215686985144
3405.2730502779086
3399.4277661186716
3395.4208074290837
3391.2099432582454
3387.227008019384
3383.233186037519
3380.2761700112433
3376.598861110524
3373.962960696224
3370.0487316532876
3366.418154501982
3363.200610079527
3360.677203461598
3358.519847015676
3356.082085633395
3353.81479473536
3350.818733220243
3347.9466969455816
3344.271569396026
3341.344208451916
3338.1538465734825
3333.2126538362845
3327.2071323654995
3317.6035503779385
3308.187463786321
3297.111949869006
3290.6529412614855
3286.290595335468
3282.9679105574005
3279.450579287436
3276.87391775029
3273.84541484137
3271.021644290753
3268.0696364437654
3265.222251814199
3262.0461347543073
3259.3235416650027
3256.8068918020535
3254.1980677958077
3250.980296558103
3247.773836091542
3244.1099892813227
3239.9664503161293
3236.71618767319
3233.20858512845
3229.7811413280047
3226.410500199483
3223.2102527413763
3220.020943710333
3215.6905454063085
3211.3600539409313
3208.441236663173
3205.762706115802
3203.4485425846187
3201.013488183105
3198.5527228002456
3195.6919732329116
3192.8619018692207
3188.8343270487394
3185.9557255525215
3183.617136598933
3181.590797054911
3179.020960050191
3176.902445113153
3174.404465754739
3172.312317931918
3169.010981488896
3166.707067398352
3164.229100873177
3161.000728764352
3158.0514120509224
3153.996332587611
3150.7308571592694
3147.453916625839
3144.8628947599673
3142.9937354250055
3141.7070022027383
3139.930787625324
3137.9025588971767
3135.6105269184054
3132.9746706269207
3129.970479804424
3126.6881873103566
3123.5670405769047
3120.773431206275
3118.5750868190416
3117.059556656599
3114.7750463505586
3112.1934143689523
3109.668352939544
3106.4399236137197
3103.8946898296394
3101.7957552991033
3099.4273525774674
3097.190687139155
3094.7950218020846
3091.0885039699087
3088.411920251511
3085.3852774116385
3083.0938447756143
3081.09337774007
3079.4408606936554
3077.4067603388685
3075.248446993854
3072.8270864283045
3070.482183659328
3068.3829265118807
3066.3821193930758
3063.869274397806
3061.2935205638273
3059.018006607007
3056.008837734402
3053.5988673233946
3051.159250836681
3049.419761643581
3047.236077011834
3045.6671237333253
3043.7935366488496
3042.281682876153
3040.9810531263633
3039.499351138249
3037.995140762582
3036.7885511142927
3035.804693282919
3034.1975289521656
3033.0447950106986
3031.3796829926087
3030.0863714611555
3028.9752741400844
3027.7900396328578
3026.5775440216207
3025.0944226776123
3022.776487359163
3020.7701530752483
3018.991743228857
3017.142980033264
3015.376513339989
3014.0953861563125
3013.0786125162804
3012.0665837432043
3011.144186718863
3010.1218055143045
3009.675598840056
3008.8875311134534
3008.109300249168
3007.5248725079055
3006.869459694356
3006.7491527131538
3005.4507407586743
3005.4507407586743
3004.5445821594853
3003.8209203021265
3003.8209203021265
3003.265918710842
3002.937197668818
3002.8656981019653
3002.6975084268247
3002.6975084268247
3002.111448434351
3002.111448434351
3001.9988422284596
3001.9988422284596
3001.9988422284596
3001.9988422284596
3001.720298825592
3001.720298825592
3001.720298825592
3001.720298825592
3001.720298825592
3001.720298825592
3001.720298825592
3001.6294102886036
3001.6294102886036
3001.6294102886036
3001.6294102886036
3001.6294102886036
3001.6294102886036
3001.6294102886036
3001.6294102886036
3001.6294102886036
15021.58026418865
12204.090087740855
10472.198389727988
7023.164475978673
6878.507706874401
6427.9572324083365
5797.400732527951
5528.041206947217
5170.199817896941
4801.454364796409
4579.09162492008
4434.394735494876
4288.888106289169
4102.0966535071675
4016.4601445782073
3898.751984243243
3857.3725194892413
3799.1368166065295
3710.7182909143094
3639.173249245385
3599.1126407761626
3564.0231487725414
3538.4966076761702
3508.834497899984
3468.99445303074
3438.735889350107
3417.18782580712
3394.6607388103935
3387.867306142547
3381.859640578251
3369.267246269739
3358.305910900456
3343.6431200243755
3336.7189132832873
3332.9589960243857
3327.6925638272596
3320.550868663897
3313.601264990732
3306.521694020201
3301.139104813646
3295.247868426015
3290.9708121507283
3285.059410278742
3281.8371001339215
3277.535418529883
3273.66079955448
3269.1630221667106
3261.094523901965
3252.4438132271052
3242.9274160894847
3232.9936836519537
3224.1978322224572
3216.7200586231747
3213.160906513613
3210.844310544018
3208.160932462201
3205.4738029215787
3203.053586640871
3200.670465469169
3198.0186307461504
3195.793812173513
3192.4717552214934
3190.388248464399
3188.201702510143
3185.792093788188
3183.27211884014
3179.931728356968
3176.9733745288404
3175.5431765973667
3173.6932349230074
3171.858420827577
3169.883774702521
3168.4951243531277
3166.7095528575624
3164.6069856897716
3162.341244585846
3158.5425212012574
3153.7874337160474
3147.349637757581
3139.367770308794
3127.1342950340777
3113.9688187320126
3105.64159595341
3101.5526815001435
3099.263303427305
3095.8595309487728
3093.4378041937034
3090.236535167212
3087.475826328725
3085.252350841382
3082.556075704971
3079.697298645825
3077.3599190949
3074.3618369591372
3072.050603652262
3069.0625231908602
3066.063980548381
3063.185545598919
3060.8121766776276
3058.7205946524286
3055.853880213638
3052.39983520359
3049.900686264695
3047.085268332438
3045.1336415925302
3043.8356383382734
3042.2640682898855
3040.745116525226
3039.396996559917
3037.900027512689
3035.89671203767
3034.1147143595404
3032.533051048871
3031.127185136185
3029.283060458455
3028.238903049551
3027.0374528071075
3025.8430577576178
3024.6388912148127
3023.319361068379
3021.9721147328446
3020.220061797307
3019.11982394625
3017.861193269493
3016.8668668698842
3015.7171441163027
3015.0880766346954
3014.0209302114963
3013.4370454015057
3012.3821913240226
3011.0215528465387
3009.9674825199677
3009.024095318073
3008.093728087832
3007.5452749867045
3006.8287308778035
3006.0499074101854
3005.4737205466618
3004.6805189068577
3004.0319543755327
3003.9885851024883
3003.718320556669
3003.476376890829
3003.476376890829
3003.011683850046
3003.011683850046
3003.011683850046
3002.2688966465616
3002.2688966465616
3002.2636167867768
3002.2636167867768
3002.1374111742884
3002.1374111742884
3002.1374111742884
3002.1374111742884
3002.1374111742884
3002.1374111742884
3002.055330341987
3002.055330341987
3002.055330341987
3001.9111486683955
3001.9111486683955
3001.7208938038566
3001.7208938038566
3001.7208938038566
3001.7208938038566
3001.7208938038566
3001.7208938038566
3001.7208938038566
3001.7208938038566
3001.6282178468605
3001.6282178468605
3001.6282178468605
3001.6282178468605
3001.6282178468605
3001.6282178468605
3001.521391870938
3001.521391870938
3001.521391870938
3001.521391870938
3001.521391870938
3001.521391870938
3001.521391870938
3001.521391870938
3001.521391870938
15021.58026418865
12444.919958733739
9907.748492173763
8185.518340285399
7247.652954487664
6776.484412452313
5973.214253374028
5554.211288592496
5151.02605789422
4915.242299774816
4717.034754741247
4499.054537647323
4279.0136778899205
4043.098777266518
3891.247552076312
3783.2960893139452
3655.776647512157
3552.99584819149
3523.797942055224
3518.086894708725
3480.9023106897525
3449.695249995319
3429.5030367935537
3408.751554206732
3370.309956771445
3356.4861345454688
3353.9694751498614
3344.776116238404
3323.692515409705
3303.676513823642
3294.424961584916
3289.3249706376046
3285.4025364281383
3279.29985256097
3274.4022194730082
3271.832027128874
3270.973497106301
3266.030858290764
3260.963209095705
3259.2982651285474
3256.3436715138373
3252.9302922044203
3250.476382091445
3249.427058568741
3246.6778887144906
3243.1399789232123
3240.614928137666
3237.700968362613
3235.1092460390464
3232.1524527742013
3229.5685832801714
3227.3544921853277
3225.0864397775567
3222.98354983795
3219.743744609041
3217.0120305123855
3210.8434468414334
3205.649394901885
3197.938121137602
3189.1624240347055
3181.508569987074
3171.9926657066967
3164.8686736803297
3164.008014723301
3161.199256783855
3159.068043151186
3154.825190296942
3152.262041677624
3148.9046361750793
3144.061873419105
3140.2284977145655
3137.885102202111
3131.511735293206
3128.541750712156
3124.899489021812
3120.774418949625
3118.033171790169
3114.589139222914
3111.8970813871033
3109.0995034778025
