12897.89312892623
9599.4206824049
7992.678896171497
6577.14607965832
6045.397294936378
5627.523346897886
5347.330433037471
5047.482024462879
4779.415534012572
4577.679074421081
4508.799079056423
4336.56380661957
4245.259405786511
4116.547630732643
3961.533078625809
3922.712933787148
3878.558966761814
3769.673150247905
3653.1585608227274
3571.850007494042
3525.4672397794743
3454.7125943470555
3395.8038994143794
3395.8038994143794
3341.2997720590197
3341.2997720590197
3266.9676094341703
3266.9676094341703
3264.6267543357785
3250.222546910987
3250.222546910987
3227.5007007241243
3227.5007007241243
3227.5007007241243
3207.463554119949
3198.113009084393
3185.2738280738063
3163.3961106397346
3158.317392760312
3155.511482918164
3155.511482918164
3143.9340663833227
3134.8972770228306
3121.0659768263185
3101.738361410532
3089.25355035973
3073.7501375251545
3056.453695211645
3045.4352272920332
3024.763674548171
3018.542855742138
3017.5421068900287
3013.9572221008675
3007.5825210832436
2999.4274056486156
2995.512316736657
2989.099625207229
2984.0929244601707
2977.789695608484
2968.743389660612
2963.36568217388
2959.118399414441
2952.0803044122595
2950.9613019779063
2944.974724975758
2943.2040663574044
2940.3572213846073
2936.404212591374
2935.449244201215
2935.094280971638
2935.094280971638
2932.3051549034262
2931.618528463583
2931.618528463583
2930.091691803068
2925.580737059184
2925.580737059184
2923.2550089785486
2921.110860121164
2917.799584427997
2917.799584427997
2917.799584427997
2917.799584427997
2917.799584427997
2913.385058188801
2913.385058188801
2913.385058188801
2913.385058188801
2913.385058188801
2913.385058188801
2913.385058188801
2913.385058188801
2912.7483442767834
2912.7483442767834
2912.7483442767834
2912.7483442767834
2912.7483442767834
2912.7483442767834
2912.7483442767834
2912.7483442767834
2912.7483442767834
17925.800047587854
13023.355235335333
11057.135807614388
9981.259675744828
7904.46817364116
7173.89411423719
6819.541564923486
6395.186775025633
5848.50010237867
5456.076395931106
5061.418693012132
4826.360155094505
4580.581522873737
4463.461193616556
4305.733297757826
4159.067804578716
4039.650698981236
4010.659309452301
3985.271951563076
3938.9487526044322
3878.995564203413
3833.6292641168916
3785.3516241697944
3727.2552389732605
3690.249783712842
3654.014338128176
3617.429650232556
3595.0627447496986
3551.2142200393323
3518.825677805409
3478.7973694092593
3451.6235812338605
3417.503684161744
3357.677394197206
3347.983016801828
3308.425515301324
3273.34062234841
3263.528670434481
3226.4504715781222
3226.4504715781222
3217.957093441856
3217.957093441856
3217.957093441856
3212.3377727347674
3206.102176503023
3206.102176503023
3203.2712887504013
3195.096268831201
3183.7754692363287
3174.473724600286
3165.6766780687544
3153.7824083361634
3142.2515304469152
3128.595754841966
3104.138665233028
3083.0670476554124
3057.485186771636
3027.4041629921
3017.2338115457865
3009.4009303514226
2996.9400984049
2990.505441718073
2978.162119736414
2972.0012996793153
2968.2308410244837
2964.448664797495
2960.03681120479
2957.6959352330555
2953.7483218947277
2950.472494933572
2949.4667559794757
2943.00045473509
2937.290669128074
2937.290669128074
2935.0064023940295
2932.8869295810496
2931.591963166204
2928.666464212496
2926.7734427885234
2926.7734427885234
2921.6893236434416
2921.6893236434416
2921.6893236434416
2919.4760723249537
2919.4760723249537
2919.4760723249537
2919.426098222366
2919.426098222366
2918.6616504108415
2918.6616504108415
2917.1092825674045
2917.1092825674045
2917.1092825674045
2917.1092825674045
2917.1092825674045
2915.063253697959
2915.063253697959
2915.063253697959
2915.063253697959
2914.9745857882317
2914.9745857882317
2914.9745857882317
2914.9745857882317
2912.323467377642
2912.323467377642
2912.323467377642
2912.323467377642
2912.323467377642
2912.323467377642
2912.323467377642
2912.323467377642
2912.323467377642
2911.405368928976
2911.405368928976
2911.405368928976
2911.405368928976
2911.405368928976
2911.405368928976
2911.405368928976
2911.405368928976
2911.405368928976
17925.800047587854
13172.467451151018
10613.044108376514
8303.917744359926
7615.285433210012
7038.047178074447
6867.6653054885555
6504.983155044082
6400.807841712218
6163.730299625824
6017.945682376823
5824.188794739544
5680.3828328775135
5551.735490527727
5443.49511712134
5382.697876509919
5315.906107176118
5234.60725949536
5031.319735523344
4831.891857382018
4671.766385512727
4529.259422644158
4430.4253747382145
4320.531592741498
4288.509788464364
4232.843638772003
4191.08307212666
4120.715440753087
4056.451995212732
4023.819779649609
3992.343884446792
3967.483653221302
3934.0281606342724
3904.3375852604618
3891.1143893561866
3857.1334406157275
3841.4281586590128
3818.8597578584504
3782.4054607706794
3762.115420901159
3743.8850542518917
3722.4434973923644
3678.9303992670993
3643.5975793301864
3620.0781117949823
3583.7177827868886
3549.9535269880075
3523.5752043002785
3507.8122007838588
3486.301947169874
3463.647145584653
3441.518958217456
3430.5884169983037
3420.2233984862123
3411.524764098456
3403.2773824422725
3394.9157295702244
3383.820866784198
3377.8626029746174
3364.5938996209425
3352.0541840117535
3333.6721005838294
3302.004646069562
3260.8456736917406
3219.3661553051197
3168.8177765191667
3123.8819883036745
3102.865746656535
3097.8489153344512
3088.5499690397864
3081.2329424704344
3070.4423352698404
3062.377256338677
3055.768388858104
3050.007912212786
3043.3187109531746
3036.0517169374066
3029.002450120056
3019.2405985063897
3008.6800826162475
2997.1273038306945
2989.6985178556415
2978.0168407474453
2970.2538997392703
2965.655954571127
2962.0083688770837
2957.3842085895535
2951.6119542314464
2948.001954533549
2943.1047032561332
2939.606060417707
2937.619141257631
2937.619141257631
2934.2046647991842
2930.694292363387
2930.162453161334
2925.393949251603
2924.6087900654484
2924.6087900654484
2923.569088698137
2923.13652051727
2923.13652051727
2920.030311657226
2920.030311657226
2920.030311657226
2918.720738050934
2918.720738050934
2918.720738050934
2918.720738050934
2916.2928170986493
2916.2928170986493
2916.2928170986493
2916.2928170986493
2915.816253524362
2915.816253524362
2915.206248120624
2915.206248120624
2914.026087194035
2914.026087194035
2914.026087194035
2913.5120606198243
2913.5120606198243
2913.5120606198243
2913.5120606198243
2911.8232113582203
2911.8232113582203
2911.8232113582203
2911.215030023044
2911.215030023044
2911.215030023044
2911.215030023044
2911.215030023044
2911.215030023044
2911.215030023044
2911.215030023044
2907.952970478428
2907.952970478428
2907.952970478428
2907.952970478428
2907.952970478428
2907.952970478428
2907.952970478428
2907.952970478428
2907.952970478428
17925.800047587854
13049.039120559673
11139.128368058686
9198.234778206024
8307.804853001042
7528.30317679491
6913.533509011797
6247.3130747862215
5772.782275825863
5518.774487357223
5370.967793836317
5264.8338602328295
5061.857485537665
4791.40045203423
4584.224666184921
4505.306737811793
4357.865124940203
4149.298755018183
4041.2182001259416
3867.797826170682
3811.246428534343
3761.4592842211027
3635.532259982724
3509.67580247805
3433.184333008596
3432.4636348714425
3408.3877635107056
3378.1196324676666
3362.882803436404
3362.882803436404
3327.6071879567153
3323.892879605359
3284.836129490584
3262.0494797172496
3262.0494797172496
3262.0494797172496
3232.958342889623
3217.551769713597
3204.8683444253734
3185.4816391144664
3159.560797533425
3155.762549469509
3148.3574104820195
3148.3574104820195
3103.1204698750203
3095.289701756777
3095.289701756777
3095.289701756777
3088.4472740439396
3071.9365938113124
3066.8276485838933
3057.432433589569
3057.432433589569
3053.0879002322786
3040.84921968239
3030.344974820534
3030.344974820534
3020.5523568438975
3011.683286598132
3007.7158095381915
3004.16210138972
2995.2869736112584
2987.520487537729
2983.4774267965745
2979.0962263485667
2974.939599180702
2974.8979374406313
2965.6739983188068
2965.6739983188068
2964.0676365283794
2959.398927427816
2955.9379260401092
2954.67500008746
2949.505372716264
2947.593244990189
2945.7639343457718
2945.722579625895
2940.144178499959
2940.144178499959
2940.144178499959
2929.577761576031
2929.577761576031
2929.577761576031
2927.7650130202715
2927.7650130202715
2924.484681168332
2924.484681168332
2921.985385506795
2921.985385506795
2918.6262517196806
2918.6262517196806
2917.9814494247225
2917.9814494247225
2916.9643342109666
2916.852602821581
2916.852602821581
2916.852602821581
2916.852602821581
2916.852602821581
2916.852602821581
2916.852602821581
2916.719686702461
2915.4016033387998
2915.4016033387998
2915.4016033387998
2912.3563397406715
2912.3563397406715
2912.3563397406715
2912.3563397406715
2912.3563397406715
2912.3563397406715
2912.286534531619
2912.286534531619
2912.286534531619
2912.286534531619
2912.286534531619
2912.286534531619
2912.286534531619
2912.286534531619
2912.286534531619
17925.800047587854
13340.18941335378
10876.12289802865
9683.587658397386
8296.843410373323
7491.923495655984
6716.199065711467
6223.819288449564
5538.983407939908
5151.091473736408
4859.257612906689
4701.374891043475
4485.325274900761
4241.067521878709
4166.375871756747
4065.269907493721
3975.823170589955
3942.0122927115135
3815.1061906425075
3788.2830882825156
3733.9412652231895
3648.3501982972775
3601.6457058105143
3594.490087287291
3594.490087287291
3562.8934702410593
3518.5432437935588
3518.5432437935588
3487.849798307917
3477.047577019751
3468.5301554468533
3432.2069738089754
3401.2015942609664
3382.6381066821004
3373.611613393727
3335.6036695753146
3333.7215728086067
3329.6934542299464
3309.1325523093888
3282.966519103016
3277.378358955425
3227.2567941401107
3221.352782099779
3203.114129523684
3164.6929322263836
3164.197752977025
3164.197752977025
3156.582830352945
3148.8632867612355
3141.898415661727
3137.934164367986
3120.167616166231
3107.2217460997763
3101.0501897470526
3079.5743432639783
3064.900029350276
3055.848105458163
3018.9074916101385
3017.681048760907
3003.137771970143
2994.97609264289
2993.282444201273
2993.282444201273
2984.07739704316
2974.377919147456
2967.6730208488257
2967.2658059846403
2967.2658059846403
2967.2658059846403
2964.2439845621548
2952.8550071748145
2946.405477590875
2945.509563330223
2945.4850847622924
2938.964799852495
2938.098240572136
2936.720424600208
2936.7129018653727
2933.8435628635502
2933.8435628635502
2930.4798676758455
2927.60131679505
2927.60131679505
2923.001626419358
2922.904558335254
2922.904558335254
2922.904558335254
2918.831149438403
2918.831149438403
2918.831149438403
2918.3222996826316
2916.726419763564
2916.726419763564
2916.726419763564
2916.726419763564
2916.726419763564
2916.726419763564
2916.726419763564
2916.726419763564
2916.726419763564
17925.800047587854
13425.188221147213
11328.09766835684
8946.915312528221
8317.772444070739
7838.31824106662
7052.2982521490385
6572.891689224798
6082.035876921797
5388.020463020541
4961.17677343465
4393.13218580719
4154.658680764916
3845.6735038610555
3696.5082190288867
3559.977010962635
3472.5788809286173
3407.94162193828
3403.2304526696776
3395.449770941119
3378.4081176286845
3358.409013214657
3337.329241869974
3285.3144081071086
3271.377815490764
3271.377815490764
3257.8180461775546
3223.7081225166608
3190.086801938062
3130.065585092093
3124.628537735739
3107.6869128959156
3107.6869128959156
3078.617116898649
3078.617116898649
3054.422703653092
3054.422703653092
3052.703718518817
3052.405566589555
3045.4110285152246
3035.2444154145137
3028.13412051728
3022.4589966763374
3007.4317180042567
2993.8614915629178
2993.8614915629178
2985.5580183897255
2982.1023007184804
2980.764274990798
2972.6730368518984
2968.2791997158206
2965.9293503660188
2963.2824292401524
2958.7404562780794
2955.2852178432886
2955.2852178432886
2943.4190389082264
2943.4190389082264
2941.7295154937306
2939.693918560814
2938.6491597594313
2938.6491597594313
2933.623523317133
2928.8163012746445
2928.8163012746445
2927.4028788757278
2925.6133979982837
2925.0429299806365
2925.0429299806365
2919.1204263892937
2919.1204263892937
2919.1204263892937
2918.1284367815992
2918.1284367815992
2918.1284367815992
2918.1284367815992
2916.198117430815
2916.198117430815
2913.949486497454
2913.949486497454
2913.949486497454
2913.949486497454
2913.949486497454
2913.949486497454
2913.0611554936336
2913.0611554936336
2913.0611554936336
2913.0611554936336
2913.0611554936336
2913.0611554936336
2912.968161965632
2912.968161965632
2912.968161965632
2912.968161965632
2912.968161965632
2912.968161965632
2912.968161965632
2912.968161965632
2912.968161965632
17925.800047587854
12275.695640110389
9323.011530759954
7895.992756284326
6657.114573666087
6414.186928152989
5581.698202658075
5193.060439897829
4838.78679536144
4507.32679814601
4449.975006365821
4264.24866672315
4071.6269327746204
3952.0774032848317
3833.831115691226
3775.160772272874
3697.694348750661
3645.419631968736
3621.8474829415713
3597.6236058940513
3549.0177984464244
3492.567565927666
3447.2163887888205
3386.580582195838
3339.378109551402
3295.492878795923
3264.4535661178543
3245.002087783264
3192.3525956294357
3192.3525956294357
3174.0342640883623
3152.451926557331
3152.451926557331
3137.488072728147
3130.348639062719
3094.1080751443405
3074.9693731980756
3064.216130782899
3064.170529750575
3055.0150787338152
3044.4120360292645
3028.388237589643
3022.5638613025276
3022.5638613025276
3013.387759737241
3013.387759737241
3009.101754312028
3005.7399120664613
3001.161787737953
3001.161787737953
2995.19853547329
2978.511468307537
2970.1093088712946
2970.1093088712946
2963.7143978303875
2957.107083137822
2957.107083137822
2956.564397120611
2956.564397120611
2946.5887949035828
2945.8910730758557
2942.5798625827515
2942.4673153446474
2942.4673153446474
2938.4085544232157
2932.1158205072306
2932.1158205072306
2931.449730300973
2931.449730300973
2928.954621588434
2928.954621588434
2926.0256500654823
2926.0256500654823
2926.0256500654823
2922.1916252345854
2922.1916252345854
2922.1916252345854
2921.4198183777094
2921.4198183777094
2919.7144889368856
2919.7144889368856
2919.7144889368856
2919.042764817703
2916.265838727618
2916.265838727618
2914.239722910262
2914.239722910262
2914.239722910262
2914.239722910262
2914.239722910262
2914.239722910262
2914.239722910262
2914.239722910262
2914.239722910262
2913.7925453749203
2913.7925453749203
2913.718105741637
2913.718105741637
2910.8588441469515
2910.8588441469515
2910.8588441469515
2910.8588441469515
2910.8588441469515
2910.8588441469515
2910.8588441469515
2910.8588441469515
2910.8588441469515
17925.800047587854
13971.03901199494
11415.3177817228
9884.319337960193
8548.377292970476
6949.16132177109
5981.649703075783
5414.893315398536
4855.848003258203
4536.933136961514
4345.392081144859
4235.314763268289
4081.370989765558
3997.493782720082
3861.518401160997
3737.22292931859
3705.1677227207974
3676.522128889027
3637.112795174671
3617.6018080746517
3589.9187693627546
3558.3898506617193
3490.0868898170725
3441.7640528317843
3403.060587069578
3374.1493743170286
3345.577223590282
3320.901996205531
3299.6636118265997
3278.6403845792793
3265.8658390965147
3251.219118777669
3221.5867797744595
3213.990144621637
3197.689950845156
3186.640809700403
3183.5788570569093
3178.527558983523
3172.4837782341274
3164.3288053954147
3158.0048463820303
3143.097185394314
3136.968991427941
3126.350505657845
3112.6890591473048
3106.1803137571887
3094.3107586942697
3070.9185667994698
3053.7266427514974
3035.764174199411
3014.283161937258
2992.886030201836
2987.8824428925545
2985.910797675255
2985.910797675255
2979.071077210841
2966.979129574327
2966.9241482523785
2963.580108108744
2962.4620451586547
2962.4620451586547
2957.8538221469976
2946.9977638378145
2946.9977638378145
2946.9977638378145
2943.062859268828
2940.9126099275536
2940.9126099275536
2940.9126099275536
2939.851062854391
2939.3681280661413
2939.3681280661413
2938.307319291947
2938.307319291947
2935.603179934422
2934.801896249774
2931.476365545923
2931.476365545923
2929.58321363744
2924.864514117063
2924.864514117063
2924.831576942647
2922.911687532079
2921.8841272988607
2920.8871925100316
2920.356719719949
2920.356719719949
2920.1418606720936
2919.6542171103756
2919.6542171103756
2919.338393896554
2919.338393896554
2919.338393896554
2919.2372907816007
2919.2372907816007
2918.943704622688
2918.943704622688
2916.7347660081496
2916.262491351141
2916.262491351141
2916.262491351141
2915.819196756306
2915.819196756306
2915.819196756306
2915.819196756306
2915.361715949851
2914.5113421357346
2914.5113421357346
2914.5113421357346
2914.5113421357346
2914.5113421357346
2913.6630801457404
2913.6407202725
2913.6407202725
2910.7899175339508
2910.7899175339508
2910.7899175339508
2910.7899175339508
2910.7899175339508
2910.7899175339508
2910.7899175339508
2910.7899175339508
2910.7899175339508
17925.800047587854
12656.768370575248
10536.08031248827
9942.583416519316
9210.208084820511
8026.20311346846
7171.062651226268
6578.418930179651
6354.856259762794
6091.702074799668
5884.226747255605
5601.6412543408605
5327.843708072967
5181.887095319398
5040.335215763844
4880.039854398556
4777.921057174226
4665.80459385372
4523.543342659708
4371.211723948309
4265.127254584938
4160.12577502269
4094.9350505596813
4039.4052783184916
4012.851615716032
3986.330506005329
3964.329265291327
3949.182065054136
3923.8364044855107
3898.1849345353066
3878.903622935225
3869.048521607934
3844.6767745701322
3814.1877440958515
3774.7800458731217
3737.570361282231
3699.463140866942
3661.9683487328266
3640.469918430731
3630.3835590416447
3620.875342725539
3608.4445724849315
3599.793322952852
3576.742314611879
3566.809588240182
3546.3263638922836
3525.3744004010105
3494.9707055463505
3473.2043627955077
3443.4086568887305
3420.865361882854
3390.895083744195
3334.6025045843135
3301.856507708486
3264.501926049251
3250.2215099688237
3237.308970475624
3231.7816524894793
3222.7451072868016
3210.281911164046
3196.692128785786
3181.1257290899816
3172.537797345739
3159.0807509944916
3149.4956532246288
3140.974259988555
3133.347253392524
3124.506902774755
3113.2007356561808
3105.6415698184155
3098.020227616527
3093.9088413980794
3088.42530937457
3081.9327479127596
3073.338165255222
3065.3418671641593
3057.187228024422
3046.485814484227
3039.571229897956
3029.6358070788483
3020.0537497271307
3010.6098046878024
3003.0264906376065
2994.191102987752
2991.885244829289
2985.990548635185
