10863.76128008075
9009.655972217332
7647.18378225958
7007.830173176023
6607.219321420076
6154.27977362444
5883.99277961059
5410.532436062111
5035.737109546232
4750.762718901648
4571.121883396651
4344.926112536565
4143.53570899797
4035.21469928051
3902.0575879456946
3790.521404915896
3675.502935122816
3640.427002023263
3595.856481952269
3562.772593928153
3539.9938784580727
3510.2532878084166
3495.419415465176
3439.3395685007927
3398.283884487613
3343.5512026681604
3309.2937629737717
3291.9713092426778
3261.731593942753
3255.5175413955058
3235.698079802618
3215.0070852832005
3206.519040335441
3196.107524585526
3186.9762121251015
3167.061190882054
3145.9322957107606
3145.9322957107606
3141.7701455265446
3133.3259625897726
3128.795312038138
3113.424775655405
3105.0549056204036
3101.9316386517753
3089.6082961740362
3071.961501723695
3062.839614449563
3044.1087723683154
3032.1054322356185
3013.345532228197
2992.382099874324
2984.2335689445936
2975.287300790829
2973.3632698513425
2973.3632698513425
2963.779000172193
2962.639138656851
2954.3309487915385
2954.3309487915385
2952.7232007526195
2945.5362728829273
2943.911431805868
2943.416807920419
2939.771777900319
2939.771777900319
2939.771777900319
2936.727705795485
2936.344413793847
2932.1550792378384
2928.981620013053
2926.4902555909416
2923.758731941141
2923.673283589944
2923.673283589944
2920.9435038161196
2920.9435038161196
2920.9435038161196
2920.9435038161196
2920.9435038161196
2919.743599118483
2919.258758399549
2919.258758399549
2918.740509292206
2918.740509292206
2917.3762337303156
2917.3762337303156
2917.3762337303156
2917.3762337303156
2916.3087498264053
2916.3087498264053
2915.0719949545833
2915.0719949545833
2915.0719949545833
2915.0719949545833
2915.0719949545833
2915.0719949545833
2915.0719949545833
2915.04846855679
2915.04846855679
2913.0197936789973
2913.0197936789973
2913.0197936789973
2913.0197936789973
2913.0197936789973
2913.0197936789973
2913.0197936789973
2913.0197936789973
2910.2796781059023
2910.2796781059023
2910.2796781059023
2910.2796781059023
2910.2796781059023
2910.2796781059023
2910.2796781059023
2910.2796781059023
2910.2796781059023
15545.445447877204
11075.092367661036
9133.051699114283
8091.868389572465
7077.630226146325
6723.931811370807
6098.60889367575
5765.373015565723
5242.98185842544
4917.992695831463
4597.385669582563
4432.803545106102
4343.999270264005
4180.345714968853
4066.5439434546975
3916.108350107337
3867.8111562612307
3779.3188455663244
3741.754042412992
3699.203219932678
3650.741149755603
3612.397004809455
3574.767090173359
3548.1022854299486
3502.8566855963963
3466.3456231143696
3447.751736238427
3423.6551502202506
3392.4303297999472
3382.223419003687
3363.791020349575
3354.936976601892
3337.2785918363797
3313.467188835137
3296.921494312373
3274.6357831396244
3252.3529510471512
3229.4189950283067
3208.823247090101
3194.4181842273592
3169.54309367305
3155.6934202668895
3139.741588195802
3117.6638945889295
3103.7834774597186
3078.6714267605903
3075.2446319856463
3061.8834737267503
3053.3970163403187
3037.3728251745156
3029.9897830056766
3025.767295554372
3016.406858772284
3007.395561856717
3007.395561856717
3000.5589868737316
2996.6782901379192
2991.7523336345325
2988.7003595826845
2983.0416669472297
2970.7830863932945
2970.7830863932945
2966.1833344903475
2961.4830385725995
2959.618017324731
2955.4358457655553
2955.4358457655553
2950.8431887629135
2949.2936851169657
2948.944323948658
2945.028880657982
2939.6310381500584
2938.7853457307374
2937.6438483949805
2937.6438483949805
2937.6438483949805
2934.7364299093115
2934.7364299093115
2934.7364299093115
2933.236529627327
2929.8203668963124
2929.8203668963124
2927.997704317264
2919.978744776076
2919.978744776076
2919.920705749683
2919.920705749683
2919.7896487690905
2919.7896487690905
2916.824807246313
2916.824807246313
2916.7270043611957
2916.7270043611957
2915.1078311949236
2915.1078311949236
2915.1078311949236
2915.1078311949236
2915.1078311949236
2915.1078311949236
2915.1078311949236
2915.1078311949236
2915.1078311949236
2914.08504264184
2914.08504264184
2914.08504264184
2914.08504264184
2910.9221435142754
2910.9221435142754
2910.9221435142754
2910.9221435142754
2910.9221435142754
2910.9221435142754
2910.9221435142754
2910.9221435142754
2910.9221435142754
15960.572770885023
11754.511808979432
9397.484555945704
7929.14348409635
7559.747821605732
6701.581365909109
5747.189814791498
5218.895820606922
4954.409301348691
4702.7602954285585
4366.203792464841
4186.510003604037
4080.0399561393087
3967.9189042256953
3850.2061499082647
3850.2061499082647
3806.0993287243973
3746.375788033651
3691.69305842838
3671.2309446246873
3570.730956014226
3522.710280609428
3522.710280609428
3497.4894829906398
3476.757596621481
3446.644507712784
3435.457194059759
3404.010246429521
3389.5891446575197
3389.5891446575197
3367.7304633649137
3343.3059709775416
3329.450029948711
3310.0387021627694
3280.931080718794
3202.127960388163
3188.766819752756
3183.8639815837273
3156.115473972156
3144.609144030043
3126.536537698429
3126.536537698429
3116.2365276364244
3097.299767688628
3085.5952921135076
3068.1880792496013
3062.1940303917436
3054.291029851733
3049.5184814677646
3031.8753033410735
3031.3467607313873
3024.239606008851
3024.239606008851
3019.200414234837
3015.329211292995
3011.7030040147265
3011.7030040147265
3008.269591880546
3008.269591880546
2998.936979304725
2990.6029372999146
2982.512811979656
2982.217390537325
2980.036623832558
2977.191732697205
2971.3093804896157
2963.4942932391873
2957.389922285977
2952.5376680682366
2948.297024500176
2947.4811041096327
2945.6744026987417
2945.6744026987417
2941.753033131801
2940.4621351834653
2940.0074063816364
2936.6053868410004
2936.6053868410004
2936.6053868410004
2934.869591967513
2932.0111121126556
2931.3019758534324
2931.3019758534324
2929.395000457611
2929.395000457611
2929.395000457611
2924.1494231047805
2924.1494231047805
2924.1494231047805
2921.814183740954
2921.814183740954
2921.814183740954
2921.0565814817814
2918.7910475548997
2918.7910475548997
2918.7910475548997
2918.2410948848833
2917.85270462268
2917.85270462268
2916.4626024083022
2916.4626024083022
2916.4626024083022
2912.3652605375396
2912.3652605375396
2911.9926434552526
2911.9926434552526
2910.7715184879635
2910.7715184879635
2910.7715184879635
2910.7715184879635
2910.7715184879635
2910.7715184879635
2910.7715184879635
2910.7715184879635
2910.7715184879635
15960.572770885023
11337.116788549685
8913.992466995871
7645.878601624066
6728.055589282024
6295.450925321925
5907.262023262721
5637.625357121777
5495.789182954556
5359.0658540578725
5140.0606363709885
5003.1790196116535
4926.3475531516015
4851.224514724103
4743.803900466541
4571.627835139439
4458.509405842926
4293.448931815586
4204.551882574516
4138.556859048527
4097.443737919903
3981.9815040829335
3909.381421576766
3864.764411298296
3837.3677903279277
3752.4543112654737
3679.6621036531433
3625.926998248451
3589.3534680144594
3519.683537117559
3475.9026577272475
3429.6369241885227
3378.3923386118868
3348.948552862509
3321.224434468785
3283.5945975749237
3255.166865260909
3225.2051929742756
3209.175585588852
3179.775055234803
3163.2463168305485
3153.7023296389866
3143.016806359681
3131.310390309825
3120.130420602638
3112.897103538224
3104.4690833778486
3093.395479963541
3084.140931802357
3074.7054139779084
3067.121912263189
3058.908709281696
3049.0496046021167
3039.2051949323095
3029.316128981801
3019.0302387428296
3010.8924192445065
3000.3050840201004
2992.3649319258366
2982.193280821148
2972.560995386295
2967.255532732069
2961.0244044944297
2955.9208066454125
2943.5803322345623
2943.482327231526
2941.8750987933972
2937.4195695759045
2929.6691483096834
2929.6691483096834
2927.784099444152
2924.8304661151283
2921.8084975342517
2915.9028992420754
2915.9028992420754
2915.9028992420754
2915.9028992420754
2914.152668030485
2914.152668030485
2914.152668030485
2914.152668030485
2914.152668030485
2914.152668030485
2914.152668030485
2914.152668030485
2914.152668030485
15960.572770885023
11654.535960546018
9071.214278974752
7575.599276220367
6749.341014023616
6023.529495193639
5812.861419219456
5391.874187605044
5094.780593779527
4841.972504866231
4635.908607716927
4408.793992850727
4236.144753792677
4043.842610286578
3918.931299406247
3818.710756683511
3749.7536199340366
3737.5135409469904
3683.418106543156
3597.9426153280206
3537.520920905087
3537.520920905087
3509.750193494702
3460.274196457519
3421.244584776532
3378.682656303486
3356.1168258983776
3316.56291144466
3316.56291144466
3275.384313117387
3273.0658220319156
3237.0338590550227
3225.038996652683
3218.37891254704
3209.9903111847193
3191.1371542124207
3186.144955035983
3178.369051953241
3162.95944859934
3155.1799764256884
3149.925315815647
3147.553579468263
3138.8175382386435
3138.8175382386435
3112.9692086513687
3087.9686420791472
3080.489143509088
3070.8397515155357
3065.3106901401866
3055.2805006607273
3055.2805006607273
3044.4271748238953
3029.617854422228
3021.6154372217316
3021.6154372217316
3017.7693622040883
3003.1588271324167
2998.6947069531907
2993.966779572732
2986.6811363234497
2982.9330690652505
2981.7913665524575
2981.7913665524575
2976.598767377562
2970.0222924546774
2968.928235377321
2965.450064900633
2960.5748845788376
2960.5748845788376
2955.6962201630295
2953.691640189695
2951.7738854923437
2946.2885488846014
2940.220902870144
2939.686775076373
2934.5421315860713
2931.624492376979
2931.624492376979
2929.920629230211
2927.841433942391
2927.609835493069
2927.609835493069
2927.609835493069
2927.609835493069
2924.041338839201
2921.2469566755663
2921.2469566755663
2921.2469566755663
2919.364948968747
2919.364948968747
2919.364948968747
2919.195689929358
2919.195689929358
2919.195689929358
2914.4447507829873
2914.4447507829873
2912.741772226064
2912.741772226064
2912.741772226064
2912.741772226064
2912.741772226064
2912.741772226064
2912.741772226064
2912.741772226064
2912.741772226064
2910.7393987357545
2910.7393987357545
2910.7393987357545
2910.7393987357545
2910.7393987357545
2910.7393987357545
2910.7393987357545
2910.7393987357545
2910.7393987357545
17141.36961527165
12664.535107788555
9922.613212705062
8506.06759220428
7488.649598526069
6759.83949794753
6458.020882497076
6072.814484965211
5800.990436397091
5492.287336349358
5325.804673894669
5182.720601239127
5076.038746477909
5006.283590001125
4913.721562160557
4840.922697271317
4593.319245638373
4408.221667465147
4328.729710713688
4307.472316008527
4189.20960560804
4097.561627589057
4007.333988360847
3946.46866126082
3923.53596373733
3899.3452693167105
3885.0653823662506
3864.28335858722
3837.6511460805573
3798.361605948221
3767.871525011439
3743.483755660873
3715.775755284884
3687.4872462006597
3637.5737018736886
3596.962990350685
3534.645441448912
3467.1087849599962
3397.726626969252
3364.412914935639
3352.5397854253024
3337.404394659983
3331.8414357216716
3315.206631669381
3306.0581903999864
3283.029150698051
3272.766401038173
3264.2104752970554
3256.2183860205005
3243.27200120613
3230.604363088508
3221.871114412456
3211.9091152767032
3202.0922474472686
3196.9791154340774
3181.2383468583785
3173.153217724359
3154.8895943798207
3143.3577286265618
3133.135181105672
3120.505969515547
3109.2204429534595
3101.14909163618
3089.151777154377
3066.274482824128
3050.895883280215
3033.782447615676
3022.313913091185
3018.2571506841923
3013.019079751556
3008.720278910724
3002.866140393015
3000.1043851150966
2994.566507814014
2987.434523397183
2980.0131385525774
2976.4350668487064
2967.1458970209333
2966.290174749231
2963.5992584914143
2957.441261929344
2955.9920398862764
2953.70836871486
2947.3131031997113
2941.548076699055
2939.663300767259
2939.663300767259
2938.3326879977103
2937.330610440948
2935.004792812755
2935.004792812755
2932.2612813724827
2932.2612813724827
2930.1967664005783
2928.7313264799377
2928.3557307295523
2927.256465080295
2926.86868641065
2926.86868641065
2921.297845621129
2921.297845621129
2920.867106598935
2920.867106598935
2919.8095346632817
2919.8095346632817
2918.536974810366
2918.536974810366
2918.1138468325694
2918.1138468325694
2917.021197556797
2917.021197556797
2917.021197556797
2917.021197556797
2917.021197556797
2917.021197556797
2917.021197556797
2917.021197556797
2914.8193564952426
2914.8193564952426
2914.8193564952426
2914.8193564952426
2914.8193564952426
2914.8193564952426
2914.8193564952426
2914.8193564952426
2914.8193564952426
2914.202497944423
2914.202497944423
2914.202497944423
2914.202497944423
2914.202497944423
2914.202497944423
2913.8410614370105
2913.8410614370105
2913.8410614370105
2913.8410614370105
2913.8410614370105
2913.8410614370105
2913.8410614370105
2913.8410614370105
2913.8410614370105
17141.36961527165
11971.481314167182
9743.953286514152
8179.735219321928
7142.692188117781
6359.061273579933
5874.366953923619
5385.37953364653
4981.399649464851
4756.155572744868
4614.6869052270395
4450.084819878886
4359.675434899598
4219.07858985741
4139.9188944500565
3958.761665139996
3877.6963205976162
3811.6279619219586
3756.0041275738645
3717.956731765389
3689.462058237714
3673.2714039395096
3626.661002902165
3537.5151444503244
3447.6468095408136
3447.6468095408136
3404.0599487506797
3368.611065764602
3351.805890834591
3343.473644623482
3327.9991543220935
3310.479209565138
3289.433664416293
3268.5929965201826
3268.0825674529724
3258.680444554332
3239.846131585409
3200.2906574323883
3171.8620097506355
3138.246526310204
3114.3742152190757
3109.034275848628
3085.3954709498794
3079.604815305196
3072.098960837792
3062.695951085635
3041.6725245987113
3021.892347643864
3011.842418821096
3011.842418821096
2999.3683452122723
2979.096381040088
2965.1351656291636
2963.0716348797646
2958.580319647341
2955.8480915790847
2954.9030556620482
2949.817263342069
2948.889081787973
2941.3417006637333
2938.582499069735
2938.094311638493
2938.094311638493
2938.094311638493
2932.626684106798
2932.626684106798
2927.290517213433
2927.0038969099674
2927.0038969099674
2923.874382833696
2922.3827879773344
2922.3827879773344
2922.113940789305
2919.732933953663
2919.732933953663
2918.008359780601
2916.431020566469
2916.431020566469
2915.6721353482662
2915.6721353482662
2915.6721353482662
2915.6721353482662
2914.1526002967125
2914.1526002967125
2914.1526002967125
2914.1526002967125
2913.6494663911635
2913.6494663911635
2912.113206938048
2912.113206938048
2911.302576800912
2911.302576800912
2911.302576800912
2911.302576800912
2911.302576800912
2911.302576800912
2911.302576800912
2911.302576800912
2911.302576800912
17141.36961527165
13076.139732683123
10101.356670730642
8608.841634325914
8049.814859100637
7582.367389494145
7345.36010062841
6829.038332293731
6363.702017476153
5801.6807070938985
5494.722572540906
5221.183401442237
4934.444681320055
4774.738410914311
4569.247700717261
4370.143058284374
4201.740952914296
4088.47405812544
4023.5966345229717
3989.2739706031834
3926.3435124659545
3897.8006553104115
3862.2938155956144
3818.710129404777
3796.685789288834
3774.590365069479
3754.250854293072
3729.43198663349
3704.7429195705076
3678.846650817293
3660.0631999318693
3598.8063536605177
3559.2878996307313
3494.8656379505824
3440.792792367422
3395.2685189985223
3329.6502444837206
3290.589450348863
3251.753557000946
3196.1955088402337
3155.129876307654
3136.03846684742
3132.2908163659945
3127.2314725696287
3122.413447054022
3112.595197334523
3106.1063265959438
3103.9009676480364
3095.6129726409304
3088.369573564513
3072.270143632586
3063.768229925725
3043.424220312239
3040.919968657235
3025.405975831356
3017.523768297674
3014.7940486395296
3014.7940486395296
3008.064022212868
2997.7875347715135
2994.101390755066
2991.3947246364783
2989.071207560111
2989.071207560111
2986.2488040738317
2985.143402082846
2970.8594417658574
2968.340516960304
2963.340393691566
2961.914808826956
2957.097599339481
2950.852559358371
2950.852559358371
2944.9572678810887
2944.5388900209487
2944.5388900209487
2940.679310859506
2938.326568503011
2937.4572111145317
2937.3498635023043
2937.3498635023043
2935.549149170417
2934.252918754997
2934.2250477171674
2934.2250477171674
2930.9129922280763
2930.9129922280763
2925.3800042138146
2923.336226127532
2918.392178380006
2918.392178380006
2918.2293568034934
2918.2293568034934
2918.2293568034934
2916.8975917371454
2916.8975917371454
2916.8975917371454
2915.913410606785
2915.913410606785
2915.913410606785
2915.913410606785
2915.913410606785
2915.913410606785
2915.913410606785
2915.913410606785
2915.913410606785
17141.36961527165
13169.328132226654
8831.153276560519
7709.903484194503
7118.7600206781935
6679.564621590302
6185.1555216131765
5678.018759146017
5321.0396554766285
5047.815772066933
4817.6254806445795
4674.632055763247
4553.062751406776
4482.625047962258
4346.031222914442
4211.587278818985
4076.0234259387817
3999.2828799681392
3978.566797416257
3835.114218848577
3752.1611308721435
3684.2867630514243
3578.2662911336274
3512.5976745167936
3460.9142979742633
3460.9142979742633
3434.0027704016447
3415.4338829559506
3415.4338829559506
3378.045531129363
3341.5073839888873
3319.277235806045
3277.072602507107
3263.508112839089
3235.33603062799
3200.9146875440197
3198.8310865214517
3163.5741133431275
3154.520911873648
3112.242567935029
3112.242567935029
3112.242567935029
3086.4884926265404
3080.3319822753065
3071.380144298401
3044.387846592318
3040.159060799007
3026.644448961461
3022.4636863984515
3002.0514039115983
3001.584242082897
3001.584242082897
3000.6668656643046
2991.495970087801
2991.495970087801
2989.1675770758293
2981.396273710634
2975.1051914979494
2968.140292951886
2968.140292951886
2960.799987759477
2956.93182685181
2956.93182685181
2955.209300154374
2945.8114063761136
2944.334821356506
2939.533688549571
2936.8860340724796
2936.8860340724796
2934.3610585316455
2933.3125953901344
2932.713043472424
2931.6220716078806
2930.409058801062
2929.3880229711676
2927.9231756681434
2927.9231756681434
2925.1591345234
2924.566073212193
2924.566073212193
2924.566073212193
2920.6830706749006
2917.5939706324025
2917.5939706324025
2917.5939706324025
2916.464522854076
2916.16107399785
2916.16107399785
2915.4331574567295
2915.4331574567295
2915.4331574567295
2915.4331574567295
2915.4331574567295
2913.6938205073247
2913.6938205073247
2913.6938205073247
2913.6938205073247
2913.6938205073247
2913.6938205073247
2913.6938205073247
2913.6938205073247
2913.6938205073247
17141.36961527165
11723.166899282012
9667.493267644782
7841.690418686994
7764.535653940183
7241.551742956679
6302.266595844544
