11698.256678144291
8680.697613320088
7315.39553190112
6685.849004765307
6146.367589019155
5687.135246646513
5291.312083974235
5024.25602385853
4691.371927981912
4500.355114178708
4363.376081596335
4178.891127109157
4063.9528860782057
4018.320764722713
3972.7417166165405
3869.1478963553195
3707.775581723682
3631.721058335608
3509.318175476513
3409.447001132915
3409.447001132915
3375.1796310493505
3365.309432116688
3360.0903793019397
3346.6177021091767
3301.560542915504
3301.560542915504
3241.627573001233
3220.444322548454
3200.9795102411326
3178.837077650949
3178.837077650949
3173.577398896153
3172.679590426559
3141.7879923316495
3141.7879923316495
3122.5459290224385
3107.5085961435543
3107.5085961435543
3102.5583794491376
3080.5974891197434
3077.9956499876416
3059.0675949655433
3047.126689552801
3047.126689552801
3039.2180568067947
3033.4426992135063
3026.990109645259
3018.8036336892337
3003.8515059815263
2993.82750732325
2990.939597113281
2987.2634687146447
2978.0672211295955
2968.658255095387
2967.4225598774965
2965.715213049941
2962.295648656088
2957.1522100055554
2953.039265049787
2948.666712747796
2944.769883874731
2942.744422061555
2940.334474259831
2937.1963898451163
2936.905246069183
2933.1072716285094
2932.1853630149326
2928.565499023104
2927.65012781288
2927.65012781288
2924.872076661846
2924.872076661846
2922.8386781828885
2916.7353475901486
2916.7353475901486
2916.7353475901486
2916.7353475901486
2913.8364967472367
2913.8364967472367
2913.8364967472367
2913.7527322998203
2913.7527322998203
2913.7527322998203
2913.7527322998203
2913.7527322998203
2913.7527322998203
2913.7527322998203
2913.7527322998203
2911.038656794613
2911.038656794613
2911.038656794613
2911.038656794613
2911.038656794613
2911.038656794613
2911.038656794613
2911.038656794613
2911.038656794613
13548.417188383302
12862.449446217246
9197.125539684203
7834.741729827886
7260.823190600863
6870.377499848131
6419.928153588742
6018.712832293773
5606.232458257564
5164.835340213303
4911.404350309407
4645.792433892999
4507.261346784751
4298.203142290153
4172.050025445897
4061.8957611541514
3936.337157942045
3857.7316239958955
3760.272744813145
3680.3480401871707
3634.6580118681622
3583.9697958181373
3529.942955983908
3457.4616587831565
3408.9486736933095
3379.1961790928294
3333.693604876609
3300.812051038191
3258.885099444169
3228.704030053495
3200.8977541790846
3181.1431495263237
3166.9725559258113
3158.352639720831
3152.926235519517
3137.829098433726
3135.531504887729
3133.3235930644614
3127.0869085122563
3120.0281483626554
3115.4305656594292
3114.3419310367067
3104.8594451620684
3096.9928701521508
3089.6262281622844
3081.040922951248
3075.726614949174
3070.7183875440887
3058.721313163718
3047.219546889983
3028.366653761285
3013.6615226160425
3005.5229005451934
3001.203913274473
2994.4245126104706
2991.2693118844145
2974.666362195112
2974.666362195112
2974.666362195112
2969.060791022422
2965.9311168614704
2955.349355270153
2945.457975933735
2940.1973272394866
2940.069633747873
2940.069633747873
2940.069633747873
2934.3745058754157
2934.0605087366275
2934.0605087366275
2929.9522732277246
2922.6023583860538
2922.6023583860538
2922.6023583860538
2918.6233168324156
2918.6233168324156
2917.330135001797
2917.330135001797
2917.330135001797
2913.9392742188766
2912.406449958956
2912.406449958956
2912.406449958956
2912.18749817292
2912.18749817292
2909.936198894065
2909.936198894065
2909.936198894065
2909.936198894065
2909.936198894065
2909.936198894065
2909.936198894065
2909.936198894065
2909.936198894065
13548.417188383302
12204.833999824243
8099.266993881534
7227.8846962950565
6336.751871250399
5897.399720763892
5609.551285094474
5329.0010041597725
4927.251959884294
4654.364513596027
4365.700765141207
4113.379787609395
3975.2862148689564
3924.5652032545354
3790.752598619054
3721.2749427277154
3548.1964775685856
3475.0958297868633
3376.940554083304
3329.3327520983175
3285.457885429526
3272.771687313221
3199.746270709618
3184.923687691091
3165.95022784098
3148.6974984903336
3109.0366405024297
3109.0366405024297
3090.845338632582
3090.845338632582
3068.483748730713
3068.483748730713
3066.261081795023
3061.0349868160797
3059.968038177254
3052.138503317935
3052.138503317935
3040.326612089313
3035.8717781998826
3025.137329661133
3018.8049270139063
3018.350693015531
3010.108334253144
3008.109108218386
2997.3616467462443
2997.3616467462443
2990.808933701309
2988.899994542403
2981.494373086064
2981.494373086064
2976.448968958362
2970.620776927387
2967.601724501317
2960.1268176878384
2954.2824220623834
2954.2824220623834
2953.2644935958233
2949.335694646144
2947.0345372073893
2946.2831173071495
2943.64403875377
2938.491481207974
2937.347522209787
2937.027062911223
2933.025689253764
2931.104345955336
2929.394865099839
2928.6791235470823
2919.3545442771624
2919.3545442771624
2919.3545442771624
2919.3545442771624
2918.9816473748374
2918.9816473748374
2918.9816473748374
2918.9816473748374
2918.9816473748374
2918.9816473748374
2916.871105602157
2916.871105602157
2916.871105602157
2916.345971950377
2916.345971950377
2915.7599737134924
2915.7599737134924
2915.7599737134924
2915.7599737134924
2915.7599737134924
2915.7599737134924
2915.7599737134924
2915.7599737134924
2915.7599737134924
13548.417188383302
12326.846677950842
8358.526674109115
6717.369045734299
6327.437310826885
5448.751729738455
5186.887363471973
4954.141897803986
4797.230796456683
4545.377761926484
4372.429815002924
4284.260286751305
4139.059832043605
4027.140065126484
3927.691420334124
3844.6416275345846
3780.49013492
3724.1310031834237
3641.448877014923
3597.224060924981
3597.224060924981
3560.629429092254
3525.4211290941057
3525.1562016115
3490.5033432302225
3456.847252995656
3444.8233140640655
3423.265505382531
3413.0854530010997
3387.9726270475976
3370.7369638791006
3349.500071832025
3341.223230168611
3313.3578151856473
3307.837347389798
3290.0620449834337
3286.059501846464
3271.510366144498
3241.7407582414344
3227.7338577792148
3176.1453978873674
3148.299807865914
3124.3172972344937
3118.106164153023
3103.673880594872
3102.3544319371804
3092.8192073570685
3067.540664021052
3067.540664021052
3044.679520509136
3044.679520509136
3027.6008094064414
3027.2815396478873
3026.908219884854
3010.825789219984
3008.1651925514975
2993.248378891749
2988.8034288423833
2988.327370641312
2985.3986348833614
2982.219182621325
2979.7009689715046
2969.7150596723013
2968.975662107719
2963.9865841189844
2962.9827246884156
2952.299341139614
2951.6868660185173
2950.308694547578
2950.308694547578
2945.8175897685
2940.87619277286
2940.87619277286
2940.87619277286
2938.2522865778415
2936.2220303338013
2933.0786279706194
2933.0786279706194
2933.0786279706194
2930.5218976358706
2930.5218976358706
2929.4274255674704
2926.018842602584
2925.3619956764915
2925.3619956764915
2920.1254979174155
2919.1657969157804
2919.1657969157804
2917.9992256669752
2917.9992256669752
2917.9992256669752
2915.6916772345767
2915.6916772345767
2915.4058945056054
2915.4058945056054
2913.5141706870204
2913.5141706870204
2913.5141706870204
2913.5141706870204
2913.5141706870204
2913.5141706870204
2913.5141706870204
2913.5141706870204
2913.5141706870204
13548.417188383302
12543.649687370027
8922.985834108047
7686.471580874889
6249.074531833008
6040.098415966475
5564.6466141221135
5380.566781413395
5110.575399504589
5021.961920304543
4921.052262099487
4817.466690128025
4746.512690142704
4656.054253776436
4477.159909009363
4359.842460031583
4253.602164755707
4197.6129235041135
4140.73488745125
4053.9709538938705
3794.0163469798767
3721.919335961178
3680.8218417213675
3661.343712178732
3635.0761780451858
3611.9102788301216
3469.909616541375
3418.9121137186426
3356.250006154276
3337.1825900409845
3316.2712086503934
3305.7393488847238
3258.664591601372
3222.53812165375
3183.444030427314
3154.289315738505
3108.7470367932137
3095.690985274666
3095.690985274666
3090.1624458270107
3084.7337987225546
3081.153256083413
3057.2325307303786
3034.0362814664813
3006.761825659111
2996.1652855267266
2983.7968849763056
2981.8556303813834
2978.286319052927
2977.1822697912326
2965.4044425030816
2961.831366340287
2957.4079921774064
2955.0354474562128
2952.992110029678
2941.679103233484
2941.473485080301
2941.473485080301
2939.046171656596
2938.4303289977233
2937.1650083396435
2935.730247619887
2935.730247619887
2934.4240304116893
2932.6240201504884
2929.0883102975176
2924.7185649086373
2924.1165438086764
2924.1165438086764
2922.1377946129846
2922.1377946129846
2922.1377946129846
2916.5082119979875
2916.5082119979875
2916.505181445094
2916.505181445094
2916.505181445094
2916.505181445094
2915.1439163965892
2915.1439163965892
2915.1439163965892
2915.1303037144557
2915.1303037144557
2915.1303037144557
2915.1303037144557
2915.0460762493485
2914.3796318767663
2914.3796318767663
2914.3796318767663
2914.3796318767663
2913.7197837052454
2913.7197837052454
2913.3332575594386
2913.3332575594386
2913.3332575594386
2913.3332575594386
2913.3332575594386
2913.3332575594386
2913.3332575594386
2913.3332575594386
2913.3332575594386
13548.417188383302
11439.04581749894
8350.09684303337
6988.949998275345
6487.019535700811
6060.310785280457
5553.219938933073
5338.93946080253
5072.691494737305
4858.874038216468
4622.455058608329
4461.774426121245
4342.642093780005
4277.560612059936
4229.096255591694
4185.737091434506
4117.559781597791
4079.202325098946
4008.8095362920294
3912.3369380493796
3820.505657636547
3717.902399872297
3632.2508475398918
3567.5030464129113
3559.401856256492
3546.7212503090213
3521.8757327410653
3490.8940175208336
3482.2393251788376
3461.6814231508292
3404.3952922364456
3404.3952922364456
3381.9007729416485
3373.3596198922337
3338.731516919498
3332.3402218651418
3326.229503512759
3320.0062195547366
3317.104600064169
3313.9843945342554
3303.1575774488592
3292.222218257768
3283.7897732519546
3268.9004766324965
3260.431641307513
3257.6396266412353
3254.9378408573816
3246.063208251012
3239.110239473167
3228.7053347173196
3217.3661912081334
3204.649258618145
3187.0533351133936
3166.680476798288
3135.9246423991467
3121.083921492799
3119.5662186330696
3107.938271626377
3095.833290499115
3076.3104984482916
3063.0597143192063
3051.645540921631
3044.155689056395
3036.9625808322075
3031.88126622698
3027.308474900086
3018.8633907472176
3011.968000948789
3005.822064204667
2998.2242477961267
2990.7112976696626
2984.1401936653538
2978.2195471471205
2969.0049681610317
2961.959178637932
2956.0676452406437
2950.367321734059
2946.825112622786
2945.552780041709
2940.9225097952267
2940.7065088808267
2935.1786692886394
2935.1786692886394
2933.9150790226195
2933.1875317546674
2929.7028249261084
2929.7028249261084
2929.066309838921
2929.066309838921
2926.403082990805
2926.403082990805
2924.690443447799
2920.805095264697
2920.805095264697
2920.749242008837
2920.749242008837
2918.656496100644
2918.656496100644
2918.656496100644
2918.656496100644
2918.656496100644
2916.8768277259273
2916.8768277259273
2916.8768277259273
2916.8768277259273
2914.0168426257583
2914.0168426257583
2914.0168426257583
2914.0168426257583
2914.0168426257583
2914.0168426257583
2913.7917731338653
2913.7917731338653
2913.7917731338653
2913.383431491717
2913.383431491717
2913.383431491717
2913.383431491717
2913.383431491717
2913.383431491717
2912.1797432116305
2912.1797432116305
2912.1797432116305
2912.1797432116305
2912.1797432116305
2912.1797432116305
2912.1797432116305
2912.1797432116305
2912.1797432116305
13548.417188383302
12641.874776489401
8728.584214292392
7366.995331793014
6801.721890109773
5782.062888984796
5229.426468877649
4788.970562676019
4544.676101434897
4351.32415390662
4190.720090079165
4053.2589150108574
3896.321322396583
3799.7175600329665
3686.039378384913
3589.579046446377
3498.367633957167
3498.367633957167
3398.6164696259416
3321.8296556578
3305.8040024613256
3293.623655897207
3279.7332942051207
3256.353384256553
3251.97486170452
3238.9357657238365
3195.179982216721
3178.965170562216
3178.965170562216
3178.965170562216
3148.5792471878785
3148.5792471878785
3148.5792471878785
3124.7564478496092
3120.611678620424
3110.267809072131
3099.4931052174043
3078.5470345923127
3072.0943906431226
3062.989172100219
3057.4818509679485
3048.4069189898973
3035.5414812561967
3029.087212571627
3018.544647990826
3012.3985047182227
2997.7873901454413
2988.6497493691845
2975.795105028473
2971.5837384385695
2962.4446083760763
2958.576790848905
2958.062458683669
2946.5862181071893
2943.21718600459
2941.7100386203792
2941.7100386203792
2937.9255706940667
2937.4048584865595
2937.4048584865595
2932.09557045994
2931.5149115272834
2931.5149115272834
2929.119255176398
2927.8985898854544
2926.9187939528338
2926.9187939528338
2926.9187939528338
2926.59545672379
2926.59545672379
2918.3677799761967
2918.3677799761967
2918.3677799761967
2918.3677799761967
2917.571733621136
2917.571733621136
2912.6781000958645
2912.6781000958645
2912.6781000958645
2912.6781000958645
2912.6781000958645
2912.6781000958645
2912.6781000958645
2912.6781000958645
2912.6781000958645
13548.417188383302
11596.669362055205
8800.615335032877
7178.848773662261
6522.480080491787
5923.147373157055
5479.378686937767
5135.6529313093815
4944.457567522776
4717.515317369895
4574.7156967845
4374.067666587747
4220.137247863791
4064.638827899443
3968.2651486958007
3927.139212683408
3843.410351637755
3712.3511497536665
3664.6109253312134
3639.6871918435318
3600.7828971637286
3564.3177970379643
3516.2425177726645
3497.972005911052
3476.389582002636
3448.818869905708
3433.406824657053
3425.757766794194
3410.397095400117
3407.401799671405
3366.7142733909504
3305.5221231970945
3237.7845186521517
3197.7145491642564
3173.570432981299
3168.331014258956
3153.334803201634
3148.259987868397
3130.6791473520802
3114.153214609875
3106.365843127842
3100.6515636028084
3092.409074055139
3082.5477184030033
3067.971429881536
3067.670168388166
3063.2752140831994
3063.2752140831994
3055.0704980382984
3052.467971035258
3031.7854396007237
3013.243393958144
3005.388383036344
2996.347081502123
2991.5423298056585
2991.5423298056585
2991.4254981108015
2986.6205680339194
2981.109435624443
2976.795068165148
2973.9349648957887
2972.1377819060926
2964.9544735765926
2964.90369008016
2964.90369008016
2957.8751535071733
2957.8751535071733
2952.877180278789
2947.6971803687034
2947.6971803687034
2940.326670499296
2940.326670499296
2938.6214594392923
2938.6214594392923
2936.9273142926463
2933.1623538565864
2933.1623538565864
2932.2693090389876
2929.3500965250987
2929.3500965250987
2929.1122895716844
2929.1122895716844
2922.747665296024
2922.747665296024
2920.420306695812
2920.420306695812
2920.420306695812
2915.676153287512
2915.676153287512
2915.676153287512
2914.0556374638836
2914.0556374638836
2914.0556374638836
2914.0556374638836
2914.0556374638836
2914.0556374638836
2914.0556374638836
2914.0556374638836
2914.0556374638836
2912.8380475501
2912.8380475501
2912.8380475501
2912.8380475501
2912.8380475501
2912.8380475501
2912.8380475501
2912.8380475501
2912.66000518639
2912.66000518639
2912.66000518639
2912.5608721011745
2912.5608721011745
2912.5608721011745
2912.5608721011745
2912.5608721011745
2912.5608721011745
2912.5608721011745
2912.0673661392198
2912.0673661392198
2912.0673661392198
2912.0673661392198
2912.0673661392198
2912.0673661392198
2912.0673661392198
2912.0673661392198
2910.114283196775
2910.114283196775
2910.114283196775
2910.114283196775
2910.114283196775
2910.114283196775
2910.114283196775
2910.114283196775
2910.114283196775
13548.417188383302
12213.259719454738
7567.18276850118
6614.585259968299
5441.886733547286
5441.886733547286
5082.457924764409
4849.229742308047
4610.663069597968
4431.744980584381
4249.9104501642
4172.555746583219
4041.884142264247
3896.183995808755
3795.832708227198
3726.665921863328
3557.9039839470597
3509.4057932969977
3502.3496543980255
3485.355572073131
3485.355572073131
3450.9275818411843
3443.759165647213
3424.892588175252
3383.400381257158
3359.5816349163747
3347.88080270144
3310.0218863031546
3310.0218863031546
3299.4224612597363
3282.450549513391
3274.52051321033
3274.52051321033
3272.556365367423
3205.319185839963
3188.4925329590665
3162.1680843909153
3148.713459849953
3148.713459849953
3140.6151734537384
3125.2700293130474
3118.6158573418606
3104.8940833897195
3092.2103337897565
3078.7318785362627
3068.5363691985885
3051.2424228940695
3044.0063344101018
3033.463429621136
3033.463429621136
3026.9050482520533
3023.6326361600895
3023.6326361600895
3020.9771289727532
3019.2445301448547
3014.9567400485475
3007.3236125842905
2996.136105205267
2986.2505706712336
2986.2505706712336
2982.621576166356
2974.1180089683853
2971.167090031302
2969.854510460757
2967.5364933244487
2964.1425722549216
2946.859015055423
2946.859015055423
2946.859015055423
2944.6028051260582
2943.148500642526
2943.148500642526
2942.5709930623993
2939.874345730689
2939.2348424617862
2934.6747153479623
2934.6747153479623
2934.2762804487656
2931.872312117987
2928.3606960545053
2925.937614561649
2925.937614561649
2925.937614561649
2923.7020416874266
2923.7020416874266
2923.7020416874266
2923.7020416874266
2921.096581741151
2921.096581741151
2918.627445185028
2918.627445185028
2918.627445185028
2917.0193907847124
2917.0193907847124
2917.0193907847124
2917.0193907847124
2917.0193907847124
2917.0193907847124
2917.0193907847124
2917.0193907847124
2917.0193907847124
13548.417188383302
12171.99598540589
8150.118860031766
7430.477669307874
6561.828154180886
5789.819075722933
5313.2212361721195
4779.674756854471
4499.391242850688
4264.389177589745
4223.252723061788
4064.9004457452907
3975.4609895836084
3905.02696978369
3774.374091772428
3667.055453736237
3614.1207998868467
3549.5155495779277
3478.8879766186137
3388.5198559624187
3339.7070421848885
3324.8858773736174
3308.5844265111755
3304.548617220452
3259.760209399852
3254.09358216032
3223.5255891405677
3217.8031079612538
3184.1663713803982
3184.054808265656
3147.4487140894953
3132.6872445453337
3119.328182745726
3109.3653330986194
3095.06516322535
3088.478713505641
3081.4876033959686
3072.1141034896345
3055.5356054998438
3055.5356054998438
3046.6137089922654
3035.358778821592
3032.581432725623
3030.062848202949
3008.5236743330506
3006.315674896036
3003.0365037828833
3002.1848457746705
2991.9243888813785
2991.9243888813785
2983.136355189614
2983.136355189614
2980.4053937905005
2980.4053937905005
2967.7855287938673
2962.489063113727
2959.5904817457417
2958.4372327028796
2953.713297599889
2953.713297599889
2950.1671957309545
2946.522992247938
2939.729262967774
