12108.381560024114
9635.046553559554
8623.615925348366
8576.61702910826
8199.573880570135
8199.573880570135
7741.98535614709
7439.97512610262
7284.042566459603
6910.7474095290345
6552.777785975768
6269.29244495623
5956.3849862484785
5669.976692758249
5455.450429012798
5315.67161578578
5125.521509357302
5035.5651230049825
4907.31757972929
4741.5855713133205
4641.211184603871
4509.430123478608
4397.51699186771
4351.955416883879
4302.467978691957
4266.066655056619
4182.616873994565
4147.6302348805
4101.694189662057
4009.481933482013
3976.578339675969
3937.5305851714315
3909.7945036259553
3901.4342567430194
3887.6934702554304
3871.1602771308544
3857.740584147051
3840.7694646831687
3816.852437083592
3792.873401984315
3762.892259606613
3716.933704840706
3713.2189044076413
3677.928346399305
3667.4725831917476
3629.106284246367
3581.4319111905074
3536.337145887367
3494.5535566015437
3466.2022651245525
3441.1194801659044
3425.809925282183
3417.0752601326512
3416.1628750507225
3407.819512022008
3397.4760323328346
3380.276107532149
3356.5916874241507
3343.1929004286812
3317.4262240954326
3293.4895684517505
3272.763888656114
3267.1830707805357
3251.2756507557165
3244.5864754237627
3229.1174268646423
3219.725858464587
3210.836565624028
3202.1014590565264
3197.0820886321208
3189.7701929514587
3183.4915086862998
3175.7469829444562
3164.9252452929863
3152.075703762451
3149.71748930165
3133.4049954833567
3126.7625779693135
3118.492082397589
3109.5158772569243
3103.0612082180724
3093.8679439599737
3081.2232145495154
3069.030966209609
3045.0390961218927
3026.7221506162273
3016.224457123962
3008.5381900940497
3000.337779589714
2996.8690710074557
2988.574335006837
2982.619455541246
2975.8620429721154
2969.437610060616
2963.104655118781
2956.8201161931074
2954.291364586664
2953.3546393361694
2948.6345593508895
2945.240947993693
2945.240947993693
2939.906670227014
2938.252679839343
2933.357490530259
2933.357490530259
2933.0631253530296
2929.28507831783
2929.28507831783
2926.1060364798877
2921.36365289987
2921.36365289987
2921.36365289987
2919.199549603394
2919.199549603394
2919.199549603394
2919.199549603394
2919.199549603394
2919.199549603394
2919.199549603394
2919.199549603394
2919.199549603394
13573.191154743477
10693.41014192768
9727.117843451877
8600.914347621845
7426.480126633092
6559.625237737118
5784.961109911391
5190.05926683161
4795.227635988285
4445.308367146666
4247.332857769592
4126.883409641489
4024.592874625594
3942.9657792851667
3854.2420285957483
3818.411163992163
3772.7679027749136
3746.84977624194
3674.1830234512454
3652.2555681207086
3636.4643874956473
3559.0736578761575
3550.581494980701
3525.457439933547
3466.780466395552
3422.5140089639735
3377.3431729507975
3329.5604650726855
3308.922959071172
3292.477003309222
3272.8823063151717
3253.7254141837875
3220.5073263541194
3216.342765685279
3204.1171661632843
3192.3968324466477
3178.4476377484852
3153.991066070213
3138.0389605206465
3119.0688484575876
3095.348433185811
3047.907465909947
3011.3106256865995
2973.432168578151
2937.377468546396
2916.3546145077007
2904.8588346144875
2890.228822504621
2872.914613272092
2862.389970558872
2849.274655016366
2834.233172656034
2820.681772686492
2815.8759194133368
2801.321378309485
2792.222621676785
2792.222621676785
2789.819413807666
2782.457186368314
2776.2630556338495
2767.4910974324494
2759.9092870744103
2744.9576875347752
2742.676418393757
2720.799467750386
2703.070749426697
2691.3207105366732
2683.1965712352658
2678.388604758418
2673.033170504598
2659.463422060193
2659.463422060193
2652.9366089905307
2652.9366089905307
2644.4191105637647
2643.5133145977993
2643.5133145977993
2643.113798080211
2638.8902808380467
2638.8902808380467
2636.11549767535
2631.8791156477173
2628.7231490252443
2627.699636307199
2627.26086103002
2626.7615513591513
2626.747719130263
2626.747719130263
2622.5571804920446
2622.5571804920446
2622.5571804920446
2619.7524863889466
2618.833969623321
2616.094472057234
2616.094472057234
2616.094472057234
2616.094472057234
2616.094472057234
2613.579247298441
2613.579247298441
2613.579247298441
2613.579247298441
2613.579247298441
2613.579247298441
2613.579247298441
2611.0291444982468
2611.0291444982468
2611.0291444982468
2611.0291444982468
2611.0291444982468
2611.0291444982468
2611.0291444982468
2611.0291444982468
2611.0291444982468
13573.191154743477
12692.690513499163
10844.854372565063
9188.890564014437
8374.097739620403
7627.107544340349
7312.660314514615
6946.39917398168
6722.2619154928825
6284.108247128046
6008.997224510804
5792.159153906086
5684.172666774644
5544.188354300304
5489.019434126651
5412.452286743495
5319.245545128735
5201.699450567698
5086.2784743598495
5029.637710553704
4885.185718780891
4801.134797117473
4751.5569645099295
4674.901042421161
4567.804495913052
4446.290089350755
4347.20226426322
4281.601522268369
4202.470677584062
4157.8064118275215
4144.732922077291
4113.94930898692
4074.2740877682318
4035.6431588824726
4018.403930447844
3991.932061186285
3977.1908986788358
3969.7946959619285
3948.2260375715077
3918.544552838152
3896.945537396253
3885.124673091591
3872.040765091944
3872.040765091944
3868.096160408042
3825.9978253267363
3794.2398037722596
3746.5708498423596
3699.949874074361
3649.5429973335695
3600.6685564468153
3549.7903008676367
3526.2700851008785
3514.8835347968234
3506.432124648245
3494.8601567342766
3481.141819481657
3472.4715738753343
3461.0489299677297
3442.89030954292
3423.0354158037962
3402.799539999563
3383.768883320461
3355.881703654375
3337.6099045842584
3309.2821010108187
3291.5841896308375
3274.939427816116
3269.822986200127
3265.3987456355144
3257.73950695411
3250.249900790229
3243.1078870377655
3233.8361408854203
3226.163517193398
3216.5062527354617
3210.0746106928577
3201.3287454437877
3195.1791082196496
3188.409932739947
3179.607725601917
3170.8334683735306
3160.254613252101
3153.6111969928115
3144.9416236117822
3136.1109291318476
3123.6193371360814
3114.147019545328
3104.091703371609
3094.4189084371196
3087.642875464875
3079.597089006183
3069.4675731159905
3056.060358553904
3044.8926511272984
3034.4654966640132
3024.4805627261026
3015.197318791071
3007.57773527948
3000.3902742612627
2991.9036875593
2984.2979255673804
2972.7240599425245
2965.515093806712
2956.6122919004624
2951.8104574763174
2948.910971238524
2944.9600359875008
2938.420558861917
2933.9558275725494
2932.624211033666
2931.105383965823
2929.2059273862037
2927.153789297453
2927.153789297453
2925.7980596252687
2925.7980596252687
2925.7980596252687
2925.7980596252687
2925.279215887222
2925.279215887222
2921.171669320585
2921.171669320585
2921.171669320585
2920.1209095338236
2920.1209095338236
2920.1209095338236
2920.1209095338236
2919.776109295709
2919.776109295709
2919.39348863202
2919.39348863202
2913.5783109050726
2913.5783109050726
2913.5783109050726
2913.5783109050726
2913.5783109050726
2913.5783109050726
2913.5783109050726
2913.5783109050726
2913.5783109050726
13573.191154743477
12395.305249559222
8783.346513181972
8411.040392936748
7491.487437783756
7057.174782654919
6482.783311299281
6078.713926964543
5342.252471802834
4951.499484774214
4688.580681608562
4509.806338898765
4421.441174729171
4314.804726053149
4232.300276198006
4153.893385576704
4048.3361203420136
3971.8514167586213
3947.7729325964206
3921.9604756029835
3835.4980990909917
3736.045576867152
3727.99369354782
3708.107432304824
3677.2316413681137
3644.112212850963
3612.925300184865
3594.266403155571
3543.556179367934
3494.0736671322848
3483.5432911994726
3475.618404581453
3442.8494080448118
3416.872031055527
3379.371976105803
3353.7884187718973
3347.614590869979
3332.6666864021245
3319.4765565828184
3303.411486029815
3290.8495111779625
3275.4687405938616
3267.7951006787953
3246.443055729672
3228.6070404274196
3210.769106561426
3207.63397854542
3194.0135386692546
3185.6155831692054
3176.863659626026
3165.316456537912
3157.6191886204197
3143.742522023832
3131.3564148764094
3119.424141906517
3107.641595375669
3098.6509981310105
3085.2108516339104
3081.5456269600936
3074.2977992495516
3067.4235645321683
3058.3701618875702
3053.281119624467
3045.106440094288
3036.189172051509
3026.7302948218194
3019.280927540325
3013.922716850628
3007.045455946314
3002.064012121652
2990.772431271861
2980.16827340241
2975.244820591457
2968.9870906878386
2966.6327353530824
2957.7993170584914
2949.553593584773
2949.553593584773
2948.993588872822
2946.3351000732023
2943.170747836346
2942.531860236135
2942.531860236135
2937.6239078044437
2937.6239078044437
2934.119085465324
2933.9602737825126
2931.6372665867
2928.970706778782
2928.970706778782
2926.534517303563
2926.534517303563
2926.534517303563
2921.290078715315
2921.290078715315
2919.219552478806
2919.219552478806
2919.219552478806
2917.5887150058325
2917.5887150058325
2917.5887150058325
2917.5887150058325
2916.68669000592
2916.68669000592
2916.302733927502
2914.022854465573
2914.022854465573
2914.022854465573
2913.195634291369
2913.195634291369
2913.195634291369
2913.195634291369
2913.195634291369
2913.195634291369
2913.195634291369
2913.195634291369
2913.195634291369
13573.191154743477
10722.040085510587
9731.89811408276
9320.761259000177
8468.772357501606
7674.492610835216
7443.055425330004
7211.487582440399
6954.463240073457
6627.3819155654255
6450.595937697895
6175.8336588833645
6061.544196570252
5911.325874002537
5845.0740397117825
5762.643060089369
5701.338324280928
5638.093744984662
5607.0746900176255
5571.02788695534
5541.663031187876
5515.091843062006
5491.126958831475
5459.689219741738
5445.265759918293
5434.553966335483
5410.220751129891
5346.706161476907
5327.201496185024
5310.808525208089
5288.157344824619
5250.781494273596
5211.958740462109
5176.845922574975
5150.483279649527
5111.079245935902
5076.699034640942
5038.563889619298
5014.679605243988
4990.522563874741
4958.037590952268
4930.291698236688
4907.085991315642
4884.094877041908
4855.82859176535
4832.278942753961
4816.110814702765
4796.882139025245
4785.207748234278
4773.037992697011
4756.254940388026
4736.826963397545
4718.848434468747
4696.244388340259
4674.956678085211
4657.983692989744
4640.583073233895
4622.433918719434
4604.598399529148
4590.638946154759
4574.475843204523
4556.389284986571
4542.034378042101
4525.266865713049
4502.524537355566
4482.833470712092
4466.554155103602
4445.17011788749
4419.537101430889
4398.756237180449
4385.058996738442
4375.264599682156
4369.165171703884
4361.253974314538
4353.3738205568225
4345.034797878761
4332.860545689891
4318.989356323549
4304.463143620792
4288.697697098025
4265.461104998539
4250.069575961756
4234.385694422782
4214.685394329156
4195.235251699134
4177.844212940001
4160.535876892212
4136.630225783344
4114.65230476935
4089.4053727109776
4063.457094797915
4042.2899870689193
4025.8626323507833
4013.9009856507764
4007.361170278845
3997.9466055878684
3989.1801536969697
3981.1678993205533
3973.6966080027973
3968.3708688168254
3961.4636763960175
3954.2880421851614
3946.4899522859596
3937.434725170323
3930.1919208739428
3920.628137763522
3913.4518392580103
3905.3345813493333
3896.0916569726505
3886.5720343507214
3877.5042301299864
3869.1646520343024
3860.093071760367
3852.6939013790416
3844.53371233733
3836.4487664389353
3828.8616570839076
3819.35938740435
3809.3552602438467
3801.2020499279497
3788.5388059089264
3778.1795755469575
3768.030083867394
3759.209145649491
3752.064337604683
3745.8794315670084
3739.3127574186296
3733.4387652989753
3727.376659894543
3721.662751613292
3715.843951459271
3708.0351316506103
3701.482662213175
3695.22783151602
3687.7476522397533
3675.9382342217737
3663.3293915025733
3652.8478309306784
3641.7512001740142
3624.481388521275
3606.6271078657583
3582.7580493462547
3565.756255273854
3549.1717762719627
3533.2975895344794
3511.1502393672713
3496.3422842943987
3484.305940576886
3472.453858072883
3466.6495801922138
3461.4679914513367
3457.112450568945
3452.486965868135
3446.4876686564735
3441.1224868630115
3434.006181832449
3428.4432180720855
3420.448306956485
3413.879180262238
3407.024914104801
3398.741270800043
3390.093798644059
3382.3161072540465
3375.6435830163255
3372.0049023890188
3370.2263988825744
3368.5208898107753
3364.5938107853217
3361.352500292417
3358.1718096238037
3355.0319668619854
3351.426022638082
3347.6429239214194
3343.4433845495973
3339.127753517913
3334.796300854624
3329.7245902809536
3324.131319440169
3317.4218152856206
3310.9666831926124
3304.274070580578
3299.4147922997026
3296.6955947961496
3293.414760634159
3290.4384386445367
3287.3261607040363
3283.951226787742
3280.334436736185
3277.438597539847
3274.6719281338937
3271.411538629389
3268.508431503249
3265.138354163879
3261.4696593984336
3258.4717421101523
3255.7167763413595
3252.5442182492084
3249.824199253372
3247.050131532108
3243.2064444011116
3239.61749834908
3235.2130383885506
3231.324100932092
3227.232725571798
3222.6286841807732
3219.4670827005334
3216.912804876578
3214.9512112986527
3212.0128663514115
3208.619192612285
3205.323438031043
3201.9057856238173
3199.405791252907
3195.7867118379936
3192.523986627377
3188.8697202705184
3185.4067639677246
3181.0306702922862
3176.834216208049
3173.2090139222064
3168.8190242042588
3165.4726545160333
3161.452468290665
3157.7047808176926
3154.4250110119615
3152.2310242626895
3150.022602103244
3148.2436039311565
3146.150844890566
3143.707473494037
3141.252928527334
3137.7386226579943
3134.17181507277
3130.96935614002
3128.375966715749
3126.1958257218807
3123.2769075138895
3120.4578576460863
3116.9502918124126
3113.897563666449
3110.596605061065
3107.208770834529
3104.7165170421526
3101.930306100474
3099.6888526970283
3097.030201541904
3094.598585028156
3092.322640799822
3090.6610389123452
3088.932843229234
3087.145865942156
3085.6964740268104
3084.35462564212
3083.4090306430944
3082.015273460421
3080.733316808109
3078.7223030451382
3076.4900445824956
3073.4549728330517
3070.8130394172654
3067.6292600597885
3064.1137483213042
3060.320377876644
3057.1581196193065
3053.641070061589
3050.932522625734
3048.7908369102315
3047.2635579792855
3044.394716925512
3042.3398250137984
3040.2731882760336
3038.1915563475163
3034.5944247524944
3032.1738104215447
3029.1230664787954
3026.9281744536966
3025.527573049329
3024.2798449642887
3022.2519829119387
3020.393417388033
3018.6420245901313
3017.229118918016
3015.83656546373
3014.7244624283258
3013.829395519723
3012.7259879274948
3011.756935587944
3010.55257515178
3009.2877168108384
3008.1997391561817
3007.479187937468
3006.4354109196934
3005.6325124031637
3005.1208341706297
3004.17451930545
3003.8783684807895
3003.646610519825
3003.3249644112175
3003.1132992199873
3002.8138376057964
3002.8138376057964
3002.5606073558565
3002.5606073558565
3002.5172578390075
3002.5172578390075
3002.224839950764
3002.224839950764
3001.898935121508
3001.898935121508
3001.898935121508
3001.894588094785
3001.894588094785
3001.894588094785
3001.894588094785
3001.8884785760124
3001.8884785760124
3001.7880755588108
3001.7880755588108
3001.7880755588108
3001.7656009541547
3001.7656009541547
3001.6054267948807
3001.6054267948807
3001.109686991806
3001.109686991806
3001.109686991806
3001.109686991806
3001.109686991806
3001.109686991806
3001.109686991806
3001.109686991806
3001.109686991806
13573.191154743477
10853.75834335658
10402.812387507876
8739.622581789627
8110.594147989361
7773.006559222353
7314.311039066227
6617.440776652547
6107.665942051593
5696.9095594344235
5378.954592879425
5177.025940066464
5005.942777031544
4739.042730336643
4636.211509149832
4555.882231467936
4497.436693765546
4357.21523329973
4241.0810957703325
4160.903369786069
4105.104130465657
4075.3355864109194
4024.578402279478
3943.8519254749463
3872.4842248967975
3827.0183603910946
3788.3342719279854
3731.6262156537014
3678.6474206826597
3654.7081774322382
3618.869893665475
3590.7784835714197
3572.468414556929
3556.947183725172
3543.3536599083945
3530.4970698875286
3514.216233962231
3502.827323797832
3490.1305806169066
3482.7839984656725
3476.7782016537676
3465.3204343887583
3456.216192095469
3454.5404484700402
3450.4423811746856
3444.335704443216
3439.726388296778
3435.561008368526
3432.0807112802663
3428.8057034255544
3423.6391378862036
3418.5905714100772
3413.124381371252
3407.0076945552446
3399.3332426154125
3390.4010394706243
3381.1696772741725
3367.159755263063
3354.4645181369924
3342.723114452062
3336.289907211178
3333.8551495276574
3330.8515346190093
3326.4161954801616
3324.076527649496
3321.065219852942
3318.412025532035
3316.544198475286
3315.1251441707177
3313.335814090346
3312.1564169184235
3310.9584895314765
3309.2710599221764
3308.188000987652
3306.9349060785394
3305.019002099706
3303.482378108735
3301.898134446965
3300.9719752484025
3299.793402245582
3298.8666075321876
3298.0281952453333
3297.432433770865
3296.6419686361382
3295.655638882878
3294.5794721107914
3293.806944265206
3292.4905967406544
3291.8217419851007
3290.755568022204
3288.9750429622654
3287.2048333174675
3285.213587165951
3283.401695891546
3280.581304094447
3276.9128215563887
3272.2714247590175
3262.4469134031833
3252.453623312754
3241.7326522678622
3227.158849856535
3209.901524269019
3193.246948561771
3175.618719108759
3164.043382607472
3154.9612540926582
3150.02210298752
3146.064266298511
3142.5995913804018
3140.245866894924
3136.5059350062993
3132.6276731167095
3129.5049074325207
3126.2534882129175
3122.554976792393
3118.2190556603573
3114.280414562188
3111.096708565881
3108.0475764897874
3104.8802064240895
3101.485957245868
3097.9901977021427
3094.665345290304
3091.664886968324
3088.7415733876833
3085.727017775259
3082.771406872006
3079.6782884779013
3076.149967321661
3073.1073382960585
3069.5660409216844
3065.722375308223
3062.278674495077
3059.681819180026
3057.817871015209
3055.348979663475
3052.891528537313
3050.7585408362684
3048.8005646007623
3047.2023979649402
3045.3357651897877
3043.9530000157874
3042.561660969708
3041.1348551318147
3039.2404260565854
3037.672060216337
3036.2320873032772
3033.339384740212
3031.168637448071
3029.041863879121
3027.1265660112786
3025.5804325143995
3024.276546856413
3022.2554157375166
3020.307078942308
3017.9821310990947
3016.083360896624
3014.3230460306268
3012.966301788203
3011.400974684405
3010.0768329129733
3007.815553558102
3005.9626331090185
3005.0247027007686
3003.895703111534
3003.0559060709693
3003.0559060709693
3003.0559060709693
3003.0559060709693
3002.8609612616865
3002.197798179718
3002.197798179718
3002.0594664011005
3002.0594664011005
3001.8956392511436
3001.8956392511436
