12190.177200392489
8499.325627334194
7492.577697990839
7269.673693797473
6684.48654344321
6487.860802973274
5996.946826262586
5372.723166045354
5095.552570328367
4739.350771838765
4531.801025989775
4332.255512387392
4172.724140026427
4089.2497291597215
4014.0133637827876
3977.9104087245687
3944.8915575878355
3887.117122825303
3815.8224143491198
3768.7510190256835
3700.727137678673
3653.29066357988
3612.5659231832874
3576.832386890236
3537.7503837660724
3503.450089197012
3475.481537313351
3445.040842987989
3423.4560915672946
3386.8962879316095
3358.2657867895146
3340.610134093574
3318.0244772116853
3294.2674183788045
3281.3283910964415
3281.3283910964415
3280.6282069430454
3271.9649254009905
3267.9743679446965
3261.8924474769337
3253.6448619060284
3242.6548473264434
3233.468164719623
3219.547381869826
3196.617667699023
3175.7198831570076
3151.1295770414854
3121.822985269708
3094.6193598770915
3074.4046363934735
3058.76095971054
3046.163588326484
3035.6166937698317
3025.026304809127
3013.41046173794
3002.6942528522904
2995.846190402825
2991.897878625952
2985.8533696082222
2973.969596416809
2969.8890207112604
2963.4115505283808
2958.633565964516
2950.7372024711444
2945.7210894230975
2942.347554658148
2942.1284297424013
2941.9093040597954
2940.3478149199927
2938.2344708305204
2938.2344708305204
2938.2344708305204
2935.9224887284718
2935.01087817139
2931.545189641751
2930.3702841409745
2927.8453933917344
2927.8453933917344
2923.2508246496823
2920.507771564968
2920.507771564968
2919.9288636337037
2919.9288636337037
2914.8768485024657
2914.8768485024657
2914.8768485024657
2914.8768485024657
2914.8768485024657
2914.8768485024657
2911.5345388066776
2911.5345388066776
2911.038591518638
2911.038591518638
2911.038591518638
2911.038591518638
2911.038591518638
2909.5224567090536
2909.5224567090536
2909.5224567090536
2909.5224567090536
2909.5224567090536
2909.5224567090536
2909.5224567090536
2909.5224567090536
2909.5224567090536
15893.56698123941
12122.45844148732
8342.851152184765
7138.424747442817
6844.854051191968
6503.267119929416
6182.346306660443
5627.3158027144345
5188.341582230259
4786.359538249702
4663.654928534013
4201.887940441931
4135.76948279261
3849.4670370731237
3698.3376593754456
3633.316449850047
3551.7112214710755
3526.4507975300326
3466.6484459056524
3352.7252635044556
3312.309291752879
3312.309291752879
3286.6866712355545
3259.898077570936
3236.1539228830434
3236.1539228830434
3204.193625298394
3194.590195434481
3172.769494210651
3130.733858568576
3109.769780373291
3109.769780373291
3098.9756697546363
3095.394268133621
3084.5098449182883
3058.879763164397
3058.879763164397
3051.013042467497
3044.3903830309823
3040.1976185967183
3040.1976185967183
3035.456647240363
3016.2900449617373
3013.3332111709988
2997.854999235324
2991.9213616853317
2985.770870344588
2979.887738999828
2969.1563292096284
2959.837140482671
2955.929159235448
2951.179719057138
2948.274073272934
2946.7589255982866
2944.737537376517
2940.738028373008
2936.619504745593
2932.9249157243057
2931.8879257653125
2931.8555407758467
2928.799642148922
2928.799642148922
2928.799642148922
2924.69347252705
2921.290318116002
2919.1244607375493
2919.1244607375493
2919.1244607375493
2919.1244607375493
2916.33800340103
2916.33800340103
2916.33800340103
2916.33800340103
2915.909486930925
2915.909486930925
2915.0920595606717
2912.5428861056116
2912.5428861056116
2912.5428861056116
2912.5428861056116
2912.5428861056116
2911.743388159043
2911.743388159043
2911.743388159043
2911.743388159043
2911.743388159043
2911.743388159043
2911.743388159043
2911.743388159043
2911.743388159043
15893.56698123941
12395.09101827625
8833.145580838282
7687.008585728969
7192.663464239481
6492.857158826665
6016.963404341997
5579.489650532269
5124.409404465721
4667.986125768672
4493.607811546865
4316.897888918946
4259.253448982801
4164.085551267635
4103.630597725873
3999.6737011814675
3975.0932640467863
3913.5157302922207
3854.066824774064
3789.189491714861
3676.730666182122
3631.186785671666
3563.236797251275
3540.7547738160383
3513.1723097609893
3493.1903794386853
3445.605059657411
3372.6517048575765
3367.3140854441995
3348.2223642649237
3330.324235038354
3292.4827520797517
3268.0151206646356
3264.4286154551787
3248.4113091493573
3235.2927860776163
3233.4414503519006
3201.085523427376
3187.3668926867003
3163.4287210528732
3147.2009752273498
3105.72497321981
3090.9481543251236
3083.3470794628147
3076.512634782105
3071.8573204819404
3068.1122770648967
3064.0461315648827
3064.0461315648827
3059.624942669123
3056.413035167651
3049.273177202469
3039.252422833783
3030.123581834351
3014.947101099622
3009.733266233144
3009.1578259000757
2996.712359086523
2990.747280783154
2986.274213210454
2979.7550456426666
2972.4559767954242
2968.4043669753223
2961.4156443434204
2950.7361456545113
2947.708993061349
2944.6304785624484
2941.9126282592065
2936.5977425380865
2936.0395672482296
2934.077247415014
2934.077247415014
2932.2436385080655
2931.273680416141
2926.8773591835343
2926.8773591835343
2926.8773591835343
2926.8773591835343
2924.5125882650786
2922.734426715177
2922.734426715177
2922.734426715177
2922.0411288349273
2917.075829372647
2916.569882129309
2913.411456568377
2913.411456568377
2913.411456568377
2913.411456568377
2913.411456568377
2913.411456568377
2913.411456568377
2913.411456568377
2913.411456568377
15893.56698123941
12742.440823827186
8132.193807701331
7036.541349934557
6509.644052192338
6171.584421389485
5729.273184506935
5432.64431409866
5101.421908032802
4708.60232914526
4559.335428347311
4379.742080841182
4268.887624805781
4154.6287978321425
4050.1458396472967
3969.0986229834434
3932.313479169715
3883.1291441228514
3818.9449996308304
3722.563388879965
3666.2912148842834
3625.97454229574
3566.0333148791406
3538.6841886142283
3475.600340375228
3405.159214250165
3323.1864700547167
3307.6607145260637
3282.5384798005507
3265.815257809737
3235.547293444099
3200.2303481065956
3196.8070051502627
3196.8070051502627
3167.413807652608
3167.413807652608
3163.0866736348107
3135.9063360198184
3135.9063360198184
3097.141323097484
3076.7364509517865
3067.817587840387
3057.5573179946105
3050.166191560891
3040.3808412580956
3032.9080142759835
3029.238608581909
3023.8519304190795
3023.8519304190795
3010.243619878772
3003.71155499613
3003.71155499613
3000.9830418809383
2994.077876337418
2982.6266572955246
2979.827721438559
2973.3251471726994
2967.15801614276
2963.6543428887817
2960.186422381163
2954.175302157225
2948.171125913007
2946.2426824127774
2944.314390595438
2941.250969057988
2940.0097343163097
2938.6879515422975
2932.4020193694396
2931.2044023300764
2931.2044023300764
2930.6425468573934
2930.6425468573934
2930.2869721731076
2928.0836094528368
2923.842748569281
2923.842748569281
2923.842748569281
2923.4055190430663
2921.3177197373925
2921.3177197373925
2921.3177197373925
2919.280584818279
2919.280584818279
2918.27030693304
2918.27030693304
2913.9665901807407
2913.5262845341376
2913.5262845341376
2913.5262845341376
2913.5262845341376
2913.5262845341376
2913.5262845341376
2913.5262845341376
2913.221344163333
2913.221344163333
2913.168235320741
2913.168235320741
2913.168235320741
2913.168235320741
2913.168235320741
2913.168235320741
2913.168235320741
2913.168235320741
2913.168235320741
15893.56698123941
11891.317263573732
7565.432266307012
7171.95392490762
6699.555808041626
6159.551863505671
5711.132931268841
5370.976445620999
5181.348686521753
5004.882011831263
4858.556495044431
4493.297572072614
4316.19975063958
4218.113151052042
4137.3487669991755
4015.3504296636847
3872.5277889861586
3833.306454392904
3785.6733724625474
3744.2930225347695
3703.203798014448
3668.9987852767717
3644.195585884878
3635.88395825467
3620.332303919685
3588.9858959378516
3579.1037486128157
3570.422495144959
3560.798598851308
3554.8005475379996
3545.970272194506
3538.9314027170144
3513.1380031609274
3506.4438065572635
3487.741777896659
3468.432476205003
3456.4816558619323
3442.0386186927326
3414.8163122844767
3376.2640314699893
3325.334771444977
3288.713176922045
3268.8660163383734
3260.3761447470015
3257.569785629751
3238.6640826179355
3227.0008094198474
3211.3531527159366
3202.555373925741
3192.7933873492275
3189.1016436491227
3181.022075207875
3174.290606624973
3164.82033726761
3154.7137692335414
3147.7172634066637
3132.481999103136
3131.8532352798065
3121.4484131999297
3117.7647604448425
3108.885266023074
3102.9052106033805
3093.744773757923
3087.208700895938
3082.432635676467
3073.8062487733428
3065.893154138687
3055.5699192351663
3048.370098388021
3042.583885637165
3030.931172465935
3014.860633843469
2997.8320028745075
2985.9835878721096
2978.415528490231
2967.1449206415236
2961.6184074200114
2958.4155017475136
2957.8991601025464
2956.654841951413
2955.2761688775067
2955.2761688775067
2952.058490500839
2949.4684694359667
2940.487291674156
2940.487291674156
2939.363584478425
2938.800980160959
2937.155686457572
2933.150906678557
2932.839507660404
2932.4591811206583
2932.4591811206583
2931.2117244506403
2928.40784942986
2928.40784942986
2923.475125559352
2923.475125559352
2921.942378649862
2921.942378649862
2921.942378649862
2920.0650117867967
2920.0650117867967
2920.0650117867967
2917.620438648758
2917.620438648758
2916.5311139812575
2916.5311139812575
2916.5311139812575
2916.5311139812575
2916.5311139812575
2916.5311139812575
2916.5311139812575
2916.5311139812575
2913.8787376320133
2913.8787376320133
2912.2999385471617
2912.2999385471617
2912.2999385471617
2912.2999385471617
2912.2999385471617
2912.2999385471617
2912.2999385471617
2912.2999385471617
2911.296694320902
2911.296694320902
2911.296694320902
2911.296694320902
2911.296694320902
2911.296694320902
2911.296694320902
2910.5345860677367
2910.5345860677367
2910.5345860677367
2910.5345860677367
2910.5345860677367
2910.5345860677367
2910.5345860677367
2910.5345860677367
2910.5345860677367
15893.56698123941
11381.209113968054
9578.94780242171
8012.7339056846395
7189.386999690619
6826.918055318667
6255.136707748605
5938.395707709184
5561.8346839475125
5244.605318222612
4978.738825877271
4747.909169510916
4517.211928511589
4380.061985633978
4269.025297693865
4208.174110437543
4138.694752104474
4051.463920383907
3942.6184778518264
3935.9211152969647
3881.4404747592203
3839.1392299219224
3802.5822743515473
3728.313099605958
3653.3436035054174
3634.9232834178624
3612.546563641475
3583.500556930635
3525.7038792893704
3475.802537497503
3457.351246958935
3423.5008365336425
3406.3926019657074
3349.1853691027527
3338.088234191343
3296.3478708856996
3253.7688005458785
3237.49064377592
3222.0972298874212
3204.1793632810463
3179.174179019956
3151.3218710511505
3134.7374062863914
3103.051763205693
3075.6553301875065
3062.88732086536
3061.267909510998
3056.021681345531
3038.418847474053
3035.7434475272803
3035.7434475272803
3032.222333447862
3026.8291509385936
3024.1448903617347
3021.4375180807237
3014.2835539604775
3010.5131075318727
3005.6607528623
2995.7794697254376
2990.260661510721
2982.48591256067
2976.6117751273678
2972.0868172333967
2968.4064997941614
2957.485799119865
2947.6812329985387
2939.7670030826457
2939.7670030826457
2939.1567564678207
2934.2271364159487
2930.9873409775773
2930.874163515857
2926.7177524491462
2923.390016368608
2923.390016368608
2923.390016368608
2918.170486309489
2918.170486309489
2918.170486309489
2914.6500438775806
2914.6500438775806
2914.6500438775806
2914.3363786643426
2914.3363786643426
2914.3363786643426
2914.3363786643426
2910.9448012120442
2910.9448012120442
2910.9448012120442
2910.9448012120442
2910.9448012120442
2910.9448012120442
2910.886335114799
2910.886335114799
2910.886335114799
2910.886335114799
2910.886335114799
2910.886335114799
2910.886335114799
2910.886335114799
2910.1904455209665
2910.1904455209665
2910.1904455209665
2910.1904455209665
2910.1904455209665
2910.1904455209665
2910.1904455209665
2910.1904455209665
2910.1904455209665
15893.56698123941
11226.65579994543
8217.135939527392
7077.794076985611
6431.688453201833
6095.051065085288
5767.377835904159
5595.529031336622
5347.810736734666
5037.111642210453
4702.434435963115
4374.659421953746
4202.793297935428
4105.284178957936
4042.5401244312507
4012.817542133555
3907.0292308905837
3826.569250319547
3728.6418023276246
3710.008580288592
3667.7373568708226
3667.7373568708226
3661.415179057668
3625.6322318762714
3610.712892860667
3594.976853005482
3577.497283721962
3518.4971029100334
3488.731376827971
3461.0925136903124
3436.65020164054
3387.3296441046605
3355.341056136064
3348.8453665742663
3281.7097752578497
3251.435172375274
3201.960260838456
3200.236801552642
3197.7961621047843
3176.9218046883652
3176.9218046883652
3174.992191546228
3166.8549617224417
3164.584204458753
3158.7093143107895
3116.6562702935803
3087.6939433711755
3074.022400033123
3072.2702971402177
3069.250755189541
3060.411931496081
3051.6553195530255
3036.939217680689
3033.1320908749576
3032.7359468461386
3032.17710354885
3027.134472545986
3020.249937834779
3012.281414835231
3000.4624422317565
3000.0713741562276
2989.7559137871935
2988.361614446319
2976.998213472178
2976.998213472178
2971.9295921516464
2962.56048246316
2958.4484163133006
2958.4484163133006
2956.6589106012916
2949.8590253892057
2949.8590253892057
2944.890440494376
2941.8504701253373
2939.138307989514
2934.9481112548433
2933.381030818
2931.8136348782687
2930.9551542209088
2930.9551542209088
2930.1472965475436
2930.1472965475436
2927.160666143741
2921.950392374798
2921.950392374798
2919.3203223922983
2919.3203223922983
2919.3203223922983
2919.1421202543297
2919.1421202543297
2919.1421202543297
2916.7418497509343
2916.7418497509343
2916.7418497509343
2916.7418497509343
2916.7418497509343
2916.7418497509343
2914.8510856880835
2914.8510856880835
2914.8510856880835
2914.8510856880835
2914.8510856880835
2913.9290856882476
2913.9290856882476
2913.9290856882476
2913.9290856882476
2913.9290856882476
2913.9290856882476
2913.5070843545177
2913.5070843545177
2913.5070843545177
2913.5070843545177
2913.5070843545177
2913.5070843545177
2913.5070843545177
2913.5070843545177
2913.5070843545177
15893.56698123941
12230.123305077388
8472.913741247306
7389.1091835347725
7004.519694561124
6375.706579426835
6132.862622007866
5363.472890759591
5037.240474039503
4682.040883903305
4487.266590292202
4447.572717193894
4371.9475655478645
4238.097520712853
4167.113599104942
4128.83124928942
4037.8407244652344
3876.1818357804673
3767.360941152238
3733.4575831929346
3656.3248379866463
3613.755267321736
3569.694402801989
3521.768133627022
3402.902495597603
3344.803059237239
3344.803059237239
3340.96331047007
3320.9867309792526
3278.241597849035
3267.284647785704
3267.284647785704
3235.1916566006093
3199.744483296806
3187.441694264337
3187.441694264337
3146.377538641154
3120.6241956841345
3088.020230869716
3080.9488086218284
3070.413535366947
3064.0434406207023
3058.546679094831
3046.4067017293055
3042.6181496108943
3036.915120565902
3034.8317118209206
3029.908170114124
3024.2401641985552
3018.128679430896
3009.0481514751477
3005.921955437251
2997.99495358609
2995.1336935798186
2993.5811048683127
2983.513028643426
2981.4054007348605
2981.4054007348605
2978.4879716553046
2970.793961427382
2969.1000731733575
2966.64492931876
2963.210077953958
2959.2124852406737
2955.7919295384136
2948.6803840208304
2948.6803840208304
2947.26706472633
2940.9968747661505
2939.7839020063607
2939.7839020063607
2937.6630757165426
2935.2936223245024
2935.2936223245024
2933.983418098812
2931.5768572059815
2929.0223636754536
2929.0223636754536
2926.6553110339614
2926.4567518776425
2926.4567518776425
2918.4333856866524
2918.4333856866524
2918.4333856866524
2918.4333856866524
2918.4333856866524
2918.4333856866524
2916.6183765491696
2915.7905751615385
2915.7905751615385
2915.7905751615385
2915.0183084162086
2915.0183084162086
2915.0183084162086
2913.309518757091
2913.309518757091
2913.309518757091
2913.309518757091
2913.309518757091
2913.309518757091
2913.309518757091
2913.309518757091
2913.309518757091
15893.56698123941
13082.238897396368
8869.625938945828
7527.207116764449
7065.00018196889
6195.407013033844
5808.2193989267325
5489.910154758828
5375.5930486964635
5064.802481425063
4810.909188937407
4687.424412560005
4451.398965213192
4345.066821444039
4158.402962476648
4008.9158445144194
3952.1556231398563
3865.5218880094876
3825.693764669691
3799.2617060962457
3755.287234753101
3662.5430571121447
3626.0269219574375
3604.141905731988
3539.6537926606816
3500.1059795740903
3470.092927394467
3458.6351197381873
3428.1608702327785
3403.987079564565
3375.921207443346
3349.858170691761
3343.3408938332586
3323.203902551258
3308.711641190963
3308.711641190963
3266.7646144702626
3266.7646144702626
3239.1562450165484
3190.0619898143505
3167.3538523379484
3144.0437386285794
3117.7597563390254
3113.5247439634195
3088.004330679166
3069.918247314133
3054.5539796040043
3042.2243842798935
3036.2338914408615
3031.567220024317
3031.567220024317
3026.307179162683
3021.464366659536
3021.464366659536
3014.1170100202994
3006.586961756374
3004.1419466515845
3002.3713652338847
2984.7922150158447
2984.7922150158447
2978.0015355394303
2978.0015355394303
2966.7380179254737
2961.812213266445
2957.6573056503075
2955.411939527612
2954.5605022658888
2944.638095392566
2940.224509909438
2938.3798868402905
2938.3798868402905
2938.3798868402905
2935.211920972738
2929.9959220196524
2929.9959220196524
2929.6121083470175
2929.0744382878383
2929.0744382878383
2928.691056286477
2928.691056286477
2928.691056286477
2919.7739127321984
2919.7739127321984
2919.7739127321984
2919.7739127321984
2919.7739127321984
2919.7739127321984
2917.626465613673
2916.811886422007
2916.811886422007
2916.811886422007
2914.2128848131456
2914.2128848131456
2910.8203413239034
2910.8203413239034
2910.8203413239034
2910.8203413239034
2910.8203413239034
2910.8203413239034
2910.8203413239034
2910.8203413239034
2910.8203413239034
15893.56698123941
11293.540077061762
8081.1601688239625
7308.089827908535
6873.381605170675
6376.250344543614
5799.462934528019
5464.051585235208
5144.593940798861
4818.171015689564
4654.5575993484
4522.214445001581
4395.263547116058
4246.516048263304
4152.510952128924
4007.7760233556637
3936.4781466604554
3834.561495533684
3739.9163259059546
3716.2374832643277
3690.898825636925
3666.9346215309233
3654.643229861584
3632.19702697461
3619.307827673276
3596.4675077328184
3577.395900956336
3559.045164566776
3538.213539235359
3518.1279395631855
3479.5815189650903
3446.3380757551745
3413.5512436992813
3383.550281744848
3357.5222500759114
3335.7970228650247
3328.3165364580764
