11791.274793770368
10466.701868606688
8785.84563013903
7750.953793781196
7301.862349692102
6258.654098535853
5901.4766877060865
5342.725487646281
5011.36958931456
4743.466239454912
4464.0323002515415
4316.217724693276
4185.590091313385
4036.534183744746
3966.997613267904
3886.4308201464974
3825.8966622339917
3776.7143662319013
3729.9275729796414
3691.172323530231
3633.2564543656586
3609.2686859987443
3572.326778712311
3554.07621348706
3524.2614432197415
3513.8332225724735
3500.8389460663857
3500.3172533498437
3483.7327826433657
3472.0451761974937
3467.0862733248196
3459.254085303533
3459.254085303533
3458.408070474628
3448.329820432627
3447.7962309833074
3441.783149088796
3441.1316694214906
3439.2174182565905
3438.709983563106
3433.458644453892
3432.1379246127226
3424.2197597198347
3419.3562679983443
3415.7063959466454
3411.6260431085793
3407.612896469461
3402.718340580169
3399.4932662801502
3393.1052379669363
3388.228214246708
3384.9333823133898
3380.580645983287
3378.181475793987
3376.7523978212575
3373.9656266255897
3372.4473456161004
3369.508961234292
3369.1332275308746
3366.447750035919
3365.296791148812
3362.5890205824135
3362.5890205824135
3362.5890205824135
3360.6707158990084
3359.603029722967
3358.378187572921
3357.8322340169425
3357.286836689761
3356.466308061913
3354.905499212615
3353.29707943854
3352.3177022545965
3351.2551943306717
3347.0618800571756
3345.368768581139
3343.503425835923
3340.9152676964304
3339.793592217117
3338.307474347969
3332.63071484394
3324.1045491879077
3311.6424965660567
3299.1872048375
3286.516234137285
3278.4876231463604
3271.681916901987
3265.154470062949
3262.2505317468635
3258.7067529237775
3256.1263723709812
3253.8974457675295
3251.2488112240544
3247.5977774324206
3242.08821812377
3239.2781383614347
3234.58710933436
3228.74365504474
3224.848004007512
3220.872759063577
3217.446706801076
3213.2596704114926
3208.053855344085
3204.018254115452
3200.023578481917
3199.1377039157683
3198.566703565527
3195.5081564793168
3193.3330656005696
3190.9994697532784
3188.287362603168
3185.489974590284
3182.558131780447
3179.561218857003
3176.958267446532
3174.004072410228
3171.521691857788
3168.6330965946972
3166.2238915076473
3163.0646188103406
3160.1875375613677
3156.9606987340376
3152.9999784218194
3149.778811351918
3146.427026018065
3144.151775267962
3143.030738901402
3141.818975272963
3140.771440775502
3139.54532751072
3138.3995768431846
3137.1939200528705
3135.947703537774
3134.677896750142
3133.390502920542
3131.9944358893185
3130.3097084617157
3128.875157079642
3127.135094011486
3125.88179289589
3124.321346496322
3122.9005353272078
3121.5488826142214
3119.981940772015
3118.395701864402
3116.784224573808
3115.15781608597
3113.460742477871
3111.6818593554244
3109.920845005551
3108.475973637797
3106.8435567762913
3105.542777500357
3104.221190768857
3102.671925902536
3101.3713370610003
3100.1023846394637
3098.8491925917538
3097.495746740257
3096.037862029332
3094.357467081596
3092.867710932748
3091.046649257753
3088.575350249604
3086.9223518559443
3084.2683167572827
3082.356580203458
3079.812399492961
3077.891440730818
3075.9052450183763
3073.9049991012876
3071.972126756136
3070.251687032618
3068.4585598209505
3066.5633983975517
3064.498953931164
3063.0028025858733
3061.645127856561
3059.9378999123605
3058.3002098648744
3056.8624472113647
3055.2160739278474
3053.236561703061
3050.6979109114445
3048.616027440921
3046.628940297276
3043.818206547093
3041.3523950430063
3040.356868864579
3040.1371448329787
3038.393374190843
3036.9457733596882
3035.693905182581
3034.4193800878793
3031.8270092186704
3029.7017373123426
3027.9461584050373
3025.8599962524063
3024.052243203792
3021.98694512731
3020.2945974038416
3018.474469755299
3016.6622983377333
3015.352444259943
3014.2028363403024
3013.2721563070972
3012.0767887668717
3010.9514597579364
3010.5259538146192
3009.4098688006725
3008.3204552229545
3007.425269371115
3006.7741571823713
3005.933846549895
3005.0470239014835
3004.7347202677256
3003.7671925085906
3003.238417470979
3003.238417470979
3002.9146344733626
3002.8627431162977
3002.8627431162977
3002.536124635169
3002.536124635169
3002.293372200749
3002.212150169246
3002.212150169246
3002.212150169246
3002.139880283839
3002.139880283839
3001.9568548326033
3001.9568548326033
3001.7988044080425
3001.7988044080425
3001.7988044080425
3001.7988044080425
3001.7973070528587
3001.494507837154
3001.494507837154
3001.494507837154
3001.494507837154
3001.494507837154
3001.494507837154
3001.494507837154
3001.494507837154
3001.4928543994524
3001.4928543994524
3001.4928543994524
3001.4928543994524
3001.4928543994524
3001.4928543994524
3001.4928543994524
3001.4928543994524
3001.4928543994524
12653.951352499646
11661.223922123118
10165.570829632017
8644.717905107638
8337.820950041678
7841.264427862356
7481.664494282015
6974.151493830996
6762.509860549608
6157.9231624748745
5709.287393770621
5427.694886362628
5021.272011139168
4645.290813879577
4416.7124114049675
4309.499206186692
4152.213442439884
4089.8293928246676
3948.536656115508
3814.8842131604524
3739.8490754405075
3654.67935633425
3627.9410137985205
3569.0679861585745
3540.148320928653
3516.72942576041
3465.402734773693
3415.2997173431677
3374.4834069740054
3336.7854419037494
3305.6888620103455
3293.4837172350517
3268.7652561523155
3248.9426235002725
3241.4359429145243
3217.41973479652
3193.1177419453775
3182.724740868137
3168.4448502912137
3152.8102051068186
3140.7756714781685
3131.735670693296
3110.8111060402416
3100.4893174906965
3086.2147851215245
3079.106849844943
3072.1158930061015
3072.1158930061015
3064.996189395022
3064.091840625973
3061.5771586540945
3056.9368945576875
3054.4407118369895
3045.1263398813044
3028.8068144518365
3027.541044582833
3022.9686428642785
3003.7896438168686
2997.0414392423327
2981.294161273718
2972.2377621933047
2972.0613683069773
2963.889727877223
2962.819274264163
2962.6487076752287
2962.388101107268
2956.779558615235
2956.110577607963
2946.1647494327513
2942.9557508430144
2939.6351003603904
2936.716254840961
2936.716254840961
2936.1575281434752
2936.1575281434752
2932.1529758583056
2924.9887540834948
2924.9887540834948
2924.6339107472986
2924.6339107472986
2924.6339107472986
2923.9379601335963
2920.8423542627374
2920.8423542627374
2917.0235514067963
2917.0235514067963
2917.0235514067963
2917.0235514067963
2917.0235514067963
2916.0459609431896
2916.0459609431896
2916.0459609431896
2915.37039508458
2915.37039508458
2914.249402444643
2914.249402444643
2914.249402444643
2914.249402444643
2914.249402444643
2914.249402444643
2914.249402444643
2914.249402444643
2914.249402444643
12653.951352499646
12450.947770307635
9369.436268230427
7556.809068681173
7054.882135113468
6311.791173783255
5897.9630690273
5240.392613926537
4864.554426405237
4613.5094181749255
4365.692857032815
4169.997428506398
3996.5157776433734
3847.338424835523
3806.656646758125
3741.2935737626276
3691.720481396995
3634.539350137785
3523.4279283503865
3480.979983544105
3436.754988893549
3429.588871303281
3396.862120957969
3366.93340141649
3342.1287063468408
3272.892801181261
3250.64085022004
3235.526925739591
3235.526925739591
3233.4738868809804
3229.6411110329427
3214.585611527543
3207.139879159178
3201.6989634848833
3193.8485793785967
3187.075590814958
3183.0769900313276
3181.5947635709485
3126.3763414066207
3092.149740819595
3062.724404241513
3054.4731588639306
3044.5466699802214
3029.4885659189254
3024.8915833458336
3023.8483120449164
3012.9960605607143
3009.003121790819
2999.328376923734
2992.0129468007817
2983.9706387086308
2980.19405505142
2975.5575376723873
2972.0335126158225
2972.0335126158225
2967.3918791540978
2964.8318956043654
2963.1679740880354
2961.3188695936674
2959.860426511649
2959.8098502108733
2958.7464673496615
2955.286910090506
2951.198070851432
2951.198070851432
2948.975078483757
2946.2865658776545
2946.2865658776545
2943.598047533107
2939.7198818848565
2935.383962473677
2935.383962473677
2933.179505408326
2925.1339878691633
2925.1339878691633
2925.1339878691633
2925.1339878691633
2924.59685117382
2923.9633829854984
2923.9633829854984
2923.9633829854984
2923.1078008496706
2917.8342034397974
2917.8342034397974
2917.009743156031
2917.009743156031
2916.774141565187
2916.774141565187
2916.774141565187
2916.774141565187
2916.4218526281466
2916.4218526281466
2914.4553573223548
2914.4553573223548
2914.4553573223548
2914.4553573223548
2914.4553573223548
2913.995581598114
2913.995581598114
2913.995581598114
2913.995581598114
2913.995581598114
2913.995581598114
2912.771162480911
2912.771162480911
2912.771162480911
2912.771162480911
2912.771162480911
2912.771162480911
2912.771162480911
2912.771162480911
2912.771162480911
12653.951352499646
12482.648849821466
9085.145150188113
8548.401641094364
7585.069286492924
7007.298743521495
6556.554581713759
6340.291531248249
6048.452163335165
5907.502906861809
5713.580404928094
5573.144324379482
5497.762816946433
5436.766980406743
5385.623109955585
5273.674819658649
5223.587716236713
5080.038656670571
4813.460659958679
4699.387395173507
4600.61404885623
4534.701189539402
4463.604125897722
4405.491363340064
4394.599718733406
4350.169316820199
4310.307858981254
4259.469448984546
4204.985952637304
4145.779533491164
4095.9382635306665
3970.8370096789813
3924.2618800642504
3884.0955441167225
3784.000158708548
3731.483198938213
3709.6230494620486
3649.828992501788
3649.828992501788
3641.722763399299
3627.6864819103957
3586.0298983970506
3551.184997097129
3550.8441459591704
3493.049505772884
3471.51578616819
3459.698654456104
3433.1759492814217
3412.573172318612
3393.559095847779
3386.7420755246617
3361.947637340964
3353.6983614991586
3341.0856510018966
3317.3027860885577
3317.3027860885577
3281.7147547083587
3274.845932392404
3266.1981146897842
3252.2454752792764
3252.225897775578
3243.32078154046
3231.192081941443
3225.791736201093
3225.1161879479573
3211.7560708746014
3199.624197791155
3194.2347350034606
3181.9585161192317
3161.493405416957
3148.53002596823
3128.7298357465206
3123.9626914527043
3111.457446780188
3111.457446780188
3110.0231108578255
3098.0584744050275
3087.442496364496
3082.8944799152346
3071.510770081337
3066.8894914064304
3055.4812149549734
3031.7204380099597
3004.365333055887
2997.179069312856
2990.3581821792263
2984.7800409701445
2981.1184128388827
2973.957290187434
2973.957290187434
2965.1031021378253
2959.2270516365534
2957.1673360589
2956.7671407979105
2956.7671407979105
2947.057702924415
2943.427457000299
2937.21947325196
2937.21947325196
2936.2754982053148
2936.247611139762
2936.247611139762
2933.8547690557507
2932.68735548515
2930.3732031076374
2930.3732031076374
2929.0371495456507
2921.724777518987
2920.0315218021065
2920.0315218021065
2919.9572832193376
2919.9572832193376
2919.9572832193376
2916.8463290454115
2916.8463290454115
2916.8463290454115
2916.8463290454115
2916.8463290454115
2916.8463290454115
2916.8463290454115
2916.8463290454115
2916.8463290454115
12653.951352499646
12645.48473145446
10205.47315640046
8573.90880744421
7437.170256154766
7152.666596348477
6837.236784336114
6589.9242462273105
6289.556016297782
5936.03548774704
5703.18175115749
5525.099042313681
5387.806987957942
5225.845598380034
5037.533117742434
4857.030125982153
4712.263396152306
4567.198320019734
4404.773538127428
4316.281758871556
4231.262890396446
4126.80225310376
4058.1968492952055
3972.5169832420343
3882.0072099718773
3824.2341972567856
3792.73995180958
3766.8570052838245
3737.292669040626
3698.919727451513
3659.16887945533
3607.936328866274
3588.273787926132
3585.117875821771
3571.874471617061
3560.4869449229745
3523.4462115225606
3501.986626223743
3482.207992993227
3463.0389463004326
3450.0372702494665
3437.983535025842
3421.8757474876415
3400.2985810194486
3388.6826690330226
3371.262999512637
3360.874046217229
3351.3919373291988
3342.13472048287
3333.045328705833
3322.911835830667
3313.95740109416
3303.2676784188275
3290.4629531750124
3279.4672812516287
3271.5799813048825
3258.948667329555
3245.1246646111217
3234.906765363419
3218.946279358561
3207.2522590382982
3199.5561819793775
3188.534383048822
3180.8648870399184
3164.4036286080795
3150.625154168881
3131.0661150928718
3103.57112394009
3076.480704363208
3054.245523372172
3047.877009156662
3044.2001143127177
3036.5884445660918
3027.039813923795
3014.586552386251
3003.512844692464
2995.456065304781
2991.2822161430868
2984.6113073792512
2981.101360719272
2975.541859820452
2966.6060813342106
2960.547621645437
2955.9588618193843
2950.4358373551445
2945.441286400469
2938.826087268415
2934.3588869013606
2934.3588869013606
2931.311986625277
2931.311986625277
2929.1191452510584
2927.377917733379
2927.377917733379
2927.377917733379
2922.474944285192
2922.474944285192
2922.455385991739
2922.455385991739
2922.455385991739
2922.455385991739
2921.8421804645077
2920.6633812047694
2914.8131191025614
2914.189706061242
2914.189706061242
2914.189706061242
2914.189706061242
2914.189706061242
2914.153099788691
2914.153099788691
2914.153099788691
2914.153099788691
2914.153099788691
2914.153099788691
2912.8364634128106
2912.8364634128106
2912.8364634128106
2912.8364634128106
2912.8364634128106
2912.8364634128106
2912.8364634128106
2912.8364634128106
2912.8364634128106
12653.951352499646
11664.312255764744
10209.021511388879
8138.066713085331
7518.909694077236
7070.706153357768
6787.15597601553
6396.825427952379
6102.4544209128235
5941.872824776072
5831.862128008315
5665.581742854645
5504.136248978079
5329.825694913218
5086.695454605599
4946.690846666066
4770.435696644257
4607.1209823642
4462.515606220733
4349.701813866946
4263.4552003488625
4137.406568041538
4074.9436952063634
3986.446019800057
3943.740200888681
3910.9233126855443
3882.1464934599467
3844.5944701529675
3797.2885857004085
3772.0504214334196
3730.3278247441003
3665.126557872854
3579.979783328412
3483.002231040158
3438.7533982093737
3407.434458599204
3400.9102628290075
3380.887914806551
3355.2896935774256
3324.1033252372586
3303.898631357308
3278.037301309791
3247.7689819576103
3217.8250818997253
3187.2230603481835
3154.8064365972873
3145.3031679797705
3137.3654025241885
3124.2289436466945
3109.3672910369364
3096.8249399000447
3082.7188402089064
3072.5834329069326
3063.7590160569757
3056.6702059227837
3045.972005520449
3033.365000816825
3022.923623670765
3012.6849272347386
3003.066242228093
2992.9160033134112
2985.8503553246537
2979.25944125946
2974.4206528280765
2968.8473920869646
2959.17523145521
2952.3933204950404
2947.6493268293116
2946.678911191958
2944.5623910196355
2943.9993349767665
2936.8283955184224
2936.8283955184224
2934.6842960166805
2934.4093629816207
2932.550751939055
2932.550751939055
2921.7126979253203
2921.7126979253203
2921.7126979253203
2921.7126979253203
2917.4193742967686
2917.4193742967686
2917.4193742967686
2917.4193742967686
2917.4193742967686
2917.4193742967686
2917.4193742967686
2917.4193742967686
2915.8811444372845
2915.8811444372845
2915.8811444372845
2915.8811444372845
2915.8811444372845
2915.8811444372845
2915.8811444372845
2915.8811444372845
2915.8811444372845
12653.951352499646
11900.066211320342
9759.553475963585
8642.43963001912
7588.582850078707
6999.787731950296
6551.879796070818
6198.1005936451
6010.0715012285245
5878.69107750906
5769.541217370586
5508.70660193264
5280.012826723472
5118.566263788977
4878.258584871737
4722.295604361183
4526.332410292534
4400.891366917574
4288.643945494959
4197.053608018685
4121.815107238404
4066.0138112629525
4011.3166577050997
3962.0255850879657
3886.14310682864
3808.9276907688763
3681.3679371330754
3622.619375080739
3567.1569214807378
3474.981150976298
3461.718574248466
3431.885669131725
3419.68118561768
3412.37597872062
3405.458359239656
3383.839493983247
3335.6402724361733
3291.50652976559
3237.1316624446445
3200.919614898643
3192.9930356342074
3154.0112995565273
3131.6785277559125
3107.071184946807
3097.84800097157
3097.84800097157
3097.84800097157
3081.571006854107
3064.0968120623984
3050.9713833380224
3047.5634971075347
3029.6625826823783
3012.315236707927
3012.315236707927
3009.6317513230188
3005.026742606526
3001.175078006195
2999.9518640041124
2995.943005854383
2993.05844381452
2982.528167643407
2982.528167643407
2981.94205437831
2978.2735360308893
2973.4033471882476
2970.7718490220122
2962.952052826796
2955.622486593811
2955.622486593811
2955.129552725412
2955.129552725412
2949.9385209726515
2946.8127130687235
2946.8127130687235
2940.428909888701
2940.428909888701
2935.05148144105
2933.8929178302774
2933.8929178302774
2933.8929178302774
2925.6905351663518
2925.6905351663518
2925.6905351663518
2925.237867314035
2925.237867314035
2924.4887615972534
2924.4887615972534
2923.529238251293
2923.529238251293
2923.529238251293
2919.530381210424
2919.530381210424
2917.446096582336
2917.446096582336
2917.446096582336
2915.946684414799
2915.946684414799
2915.7848033002665
2915.7848033002665
2915.7848033002665
2915.7848033002665
2915.7848033002665
2915.7848033002665
2915.7848033002665
2915.6661156158925
2915.6661156158925
2913.0734432260215
2913.0734432260215
2913.0734432260215
2913.0734432260215
2913.0734432260215
2913.0734432260215
2913.0734432260215
2913.0734432260215
2911.6740053938943
2911.6740053938943
2911.6740053938943
2911.6740053938943
2910.4009081381246
2910.4009081381246
2910.4009081381246
2910.4009081381246
2910.4009081381246
2910.4009081381246
2910.4009081381246
2910.4009081381246
2910.4009081381246
12653.951352499646
12080.697802809422
9375.378154258364
8092.790669160106
6877.143246544306
6493.842408896376
5627.916779561591
4938.998481293671
4591.832291950375
4153.448213371063
4087.2959471351714
3942.289776409534
3882.9616822386965
3814.5088241924673
3775.4964170634207
3743.63159864415
3690.5117483888152
3642.5842125759154
3608.8090271926653
3586.23307819277
3561.948588122485
3548.951843086921
3541.45340622658
3537.416785163333
3531.5447101253494
3525.3181380823535
3517.252665376066
3511.882124891496
3505.0719260100054
3502.3278077163723
3500.0312878860045
3492.840211783781
3491.005840370408
3487.3639705861533
3484.26673684868
3480.778332206133
3476.646427242511
3474.6627462860815
3472.3839783425656
3470.435879051894
3465.1579607847616
3463.1813601841377
3458.9176513409834
3456.578249427972
3453.3895617866765
3449.4238708332687
3446.6229571931
3442.631233408304
3441.0440920980773
3439.096854673713
3434.4953160031496
3431.8497101781977
3427.4810938047385
3424.046853732799
3418.3072944290107
3415.866498435079
3412.1865404763353
3409.8384353125766
3407.846574613751
3405.7895120962557
3404.378346663117
