11161.939593032506
9296.416973386178
7971.514879377164
7122.796922808174
6147.177090049638
5744.795117167852
5460.22534297358
5176.324476075453
4976.49748151329
4768.152270995611
4714.001717750893
4609.246634172408
4327.027861355588
4190.413236778425
4145.105644243523
4066.8412148937946
3994.9722554462105
3914.0676651671147
3884.0178057710477
3827.736588595034
3775.0384120386307
3749.1080665700883
3672.7916086721143
3620.9622828027514
3598.9098697562135
3550.0983906019587
3447.9203688257853
3447.9203688257853
3391.8364015642446
3372.5506323201516
3372.5506323201516
3300.510272098167
3300.510272098167
3291.872184576672
3258.043109722985
3233.5267385758857
3219.3541726521494
3217.521791676428
3185.6088569456256
3162.0097064300107
3162.0097064300107
3142.239104538944
3140.2194936002206
3131.1776103888355
3118.5564880533593
3118.5564880533593
3115.39157956722
3107.9298088333308
3103.707376370147
3096.941642071926
3094.8804031227214
3084.681943161559
3074.945017888103
3054.796131683225
3031.0100814285065
3012.1161078023447
3006.3815834078614
2981.201084921407
2981.201084921407
2973.592512099234
2973.592512099234
2962.5219620259822
2957.70350113721
2949.667739249924
2943.0813872045587
2940.848131670424
2936.5723790729994
2936.5723790729994
2934.314735280028
2934.314735280028
2931.927504590104
2930.0771448986693
2928.463723789003
2928.463723789003
2928.463723789003
2925.5371033083943
2925.5371033083943
2922.547180407401
2922.547180407401
2921.633072625448
2918.9896133081356
2917.7837162574333
2917.7837162574333
2917.7837162574333
2916.793071320211
2916.793071320211
2915.8198957600744
2915.8198957600744
2915.8198957600744
2915.8198957600744
2915.5568095070084
2915.5568095070084
2915.5568095070084
2914.558028228258
2914.558028228258
2914.558028228258
2914.558028228258
2914.2402871418367
2914.2402871418367
2914.2402871418367
2914.2402871418367
2914.2402871418367
2914.2402871418367
2914.2402871418367
2914.2402871418367
2914.2402871418367
14434.387382184128
11396.370311006172
9766.471099042446
8814.391643064453
8316.762563428485
7818.972307985287
7282.451854453571
6573.411417398788
5877.02737916362
5430.484489163631
4998.1494505322
4685.257446093604
4472.753984103501
4286.544583240557
4141.946991210201
4037.259081282513
3952.854581518941
3822.2076832785865
3751.512589923934
3630.70303152823
3574.137819154348
3557.6785135591263
3512.1282051681674
3473.386171252855
3452.5905683325213
3426.0681104317873
3404.8300052563663
3345.9184868521843
3345.797986219198
3331.0533043890764
3312.7763877968137
3292.4764246478408
3265.642588399444
3258.312486111702
3237.9661009497795
3222.695627815049
3211.8965891511184
3200.9128974960972
3187.7149636872045
3172.629196660381
3161.242527950826
3148.517258681435
3131.406550665185
3112.2046145706645
3086.9417601908963
3063.603277843081
3057.3308638127974
3043.3281007108026
3038.7420508625373
3025.119103169909
3025.119103169909
3012.570281814992
2995.438156390964
2995.3642231606054
2988.1424498624838
2978.516252906523
2969.829663238801
2964.938957491953
2961.085741486566
2959.154610412328
2952.7458074182564
2952.0893326053847
2952.0893326053847
2949.190542829553
2943.479972650562
2943.479972650562
2937.064605586435
2937.064605586435
2937.064605586435
2933.121076200419
2931.22908632764
2931.1232608166792
2931.1232608166792
2925.4406979311057
2923.77738137705
2923.77738137705
2921.6887356983743
2921.6887356983743
2921.6887356983743
2921.6887356983743
2919.182139130833
2918.031763327143
2918.031763327143
2914.47748277042
2914.47748277042
2914.47748277042
2914.47748277042
2914.47748277042
2914.47748277042
2914.47748277042
2914.097792806104
2914.097792806104
2914.097792806104
2913.5821804772795
2913.5821804772795
2913.5821804772795
2913.5821804772795
2913.5821804772795
2913.5821804772795
2913.5821804772795
2913.5821804772795
2912.9826570925748
2912.9826570925748
2912.9826570925748
2912.9826570925748
2912.9826570925748
2912.9826570925748
2912.9826570925748
2912.9826570925748
2912.9826570925748
14434.387382184128
11093.409974496322
10040.152970693805
8584.151522652046
7407.173222225181
6816.523956975452
6439.550820122289
5466.7605442949225
5199.830958486873
4653.651028752128
4359.460568813316
4214.377318692858
4097.436662487375
3965.8162457157096
3906.3083930590346
3884.098776135184
3820.092671026562
3799.3356472647797
3705.8974129170615
3689.1623172050795
3683.396486887732
3648.6702577811875
3639.24389782339
3592.326522078396
3555.525223252711
3519.2751911227883
3508.859728516823
3463.514685808218
3430.421193691176
3344.54020377874
3308.7362889469946
3308.7362889469946
3296.941180376425
3272.510870104784
3249.306085534251
3229.397384977069
3204.0095558165085
3201.626257561943
3184.2138529782724
3149.0053107774293
3136.8622975257467
3115.9300465415517
3101.945860933909
3098.543372806233
3095.123318000763
3090.907456189209
3082.7583514859393
3074.909849036478
3070.6312714694413
3069.868244371088
3066.526590201646
3058.6115238486855
3052.345548514709
3021.6304048649463
2998.5249860086656
2996.607355757021
2996.607355757021
2988.2773471974697
2984.897067202208
2980.6418965767166
2974.1518814375745
2969.419070428347
2965.935623287056
2965.935623287056
2961.570277337867
2959.745704526431
2956.7688500096065
2953.5573940100576
2951.9743395560645
2948.7394154304625
2943.1470305477487
2943.1470305477487
2940.9785387452594
2937.555831235988
2931.9664270722105
2930.876712779188
2930.876712779188
2930.6686110315127
2930.6686110315127
2927.2043727000514
2923.1831324333552
2923.1831324333552
2923.1831324333552
2922.0897541579775
2922.0897541579775
2922.0897541579775
2918.410451087012
2915.2434494317376
2915.2434494317376
2915.2434494317376
2913.7985733159776
2913.7985733159776
2913.7985733159776
2913.7985733159776
2913.7985733159776
2913.7985733159776
2913.7985733159776
2911.903842837768
2911.903842837768
2911.903842837768
2911.903842837768
2911.903842837768
2911.903842837768
2911.903842837768
2911.903842837768
2911.903842837768
14434.387382184128
12035.822176016527
10415.108249656882
8472.113052358887
8244.185423757466
7871.291185111257
7407.911500464977
6978.4908776130405
6688.210427495684
6453.287793852976
6097.4435660162235
5813.116733417061
5559.828127510213
5177.260437390687
4979.0883260263245
4797.093349805416
4660.694377414453
4539.112235082597
4424.126055868801
4292.686240640569
4259.197763301279
4209.052329168779
4135.920707248695
3994.5167222595283
3955.8367446098837
3872.612963876007
3769.102535388144
3658.181315283222
3630.372345948481
3570.131495969683
3539.131377136775
3501.9907115331753
3501.513124075691
3477.850891903381
3452.0428830781084
3443.5125924854296
3434.64127344069
3420.2863377242525
3388.7902690220494
3364.9033384959416
3316.9945260771256
3290.014919015442
3249.5095008822254
3230.1243118404745
3213.8134113506967
3178.714645870144
3157.331887098354
3144.617999201675
3135.3382445602488
3110.7742397383463
3075.6534556342326
3067.4363387019484
3067.4363387019484
3064.739304009325
3059.3413216231784
3053.567850631134
3049.0845571500913
3031.4512314428616
3021.623423413461
3021.623423413461
3016.4544689789095
3004.3518356132663
2994.647321540673
2987.110616390871
2970.3536822673013
2966.275036906733
2964.0670233591118
2962.012579823214
2957.845762088558
2949.9996624443957
2948.9954412803145
2946.6415483368573
2946.147559602468
2943.960381934452
2943.960381934452
2936.3110006762927
2936.3110006762927
2936.3110006762927
2929.2662497838655
2929.227348514437
2929.227348514437
2929.227348514437
2926.397450548929
2925.2685063273493
2925.2685063273493
2925.0417400902274
2924.9110191183227
2922.0123764782716
2920.739524051594
2920.739524051594
2919.2698180414195
2919.2698180414195
2918.955959069601
2918.955959069601
2918.3375655405252
2918.3375655405252
2918.0698605432376
2917.284263559903
2917.284263559903
2916.804606179578
2916.5562418421773
2916.5562418421773
2915.003534254753
2915.003534254753
2915.003534254753
2915.003534254753
2915.003534254753
2915.003534254753
2915.003534254753
2915.003534254753
2915.003534254753
2912.712037500863
2912.712037500863
2911.0699388986322
2911.0699388986322
2911.0699388986322
2911.0699388986322
2911.0699388986322
2911.0699388986322
2911.0699388986322
2911.0699388986322
2911.0699388986322
14434.387382184128
10787.882949621868
9889.936629828127
8540.536111071024
7952.481781494926
7324.238732715794
6520.795609177416
5955.051263622603
5654.803806960448
5319.028610491054
5116.821051981491
4878.076209233772
4577.728719041608
4378.799994799677
4250.3053397618405
4112.665281817
4017.516268110734
3975.7774780811815
3893.3627497307857
3765.2233984378886
3704.6636008323667
3661.8642213547573
3629.3416707721667
3492.896892878959
3340.409868773785
3293.5702464208875
3293.5702464208875
3256.1325989301167
3205.9003991782756
3191.4022511308954
3191.4022511308954
3158.7705535063283
3158.7705535063283
3156.103155065194
3133.470561448759
3133.470561448759
3129.34880848981
3117.5097238628987
3112.592702004877
3099.9555018771384
3099.6538016515633
3097.03362553386
3083.6881863050385
3078.993232744584
3078.0803077794617
3069.8294152760122
3059.14141000358
3053.663844949112
3045.0132585153297
3041.101932739844
3032.1439662762664
3030.8078248763536
3028.954306261784
3019.6735554286615
3015.2969067852187
3011.754368809732
3004.4546046931155
3000.967117852017
2991.8809201301497
2988.5681630572894
2982.7862495802206
2973.4742904301843
2967.759901589595
2958.544424584154
2955.5754532679084
2952.5561825532086
2950.282582338973
2947.134392435175
2941.954425015035
2936.476307336925
2934.7587056049433
2934.4362629456155
2934.4362629456155
2931.407947634779
2929.455589476898
2928.3499353472944
2928.041699168107
2928.041699168107
2926.459791555372
2926.459791555372
2924.7214807172463
2924.7214807172463
2921.8917136982914
2921.8917136982914
2921.8917136982914
2919.246195790045
2919.246195790045
2919.246195790045
2919.246195790045
2914.7852231394645
2914.7852231394645
2914.7852231394645
2914.7852231394645
2914.7852231394645
2914.7852231394645
2914.4768132166323
2914.265059263903
2914.265059263903
2914.265059263903
2914.265059263903
2914.265059263903
2912.766087442369
2912.766087442369
2912.766087442369
2912.766087442369
2912.503888105691
2912.503888105691
2911.424181926354
2911.424181926354
2911.424181926354
2911.424181926354
2911.424181926354
2911.424181926354
2911.424181926354
2911.424181926354
2911.424181926354
14434.387382184128
10616.423925031202
9981.312747530497
8113.365826101739
7224.375729766887
6956.307269428027
6035.136332991187
5856.165931620097
5312.457166791273
5005.478235589915
4681.17563459932
4393.084387148145
4252.6657032357825
4195.222624567503
4104.213945912619
4039.9064273244867
3958.288855967419
3943.1462156680113
3834.554457806801
3780.3687643807198
3732.7154978114672
3706.993352699007
3666.7591554567507
3630.9216138510187
3586.4036852375507
3563.4463477929694
3538.6056359918257
3531.818436308349
3498.6546000201347
3478.592701338066
3449.02988078581
3399.3454598257867
3346.536965015749
3316.8734536920447
3288.6775104139897
3263.9010685437047
3249.1252614677605
3201.246653902292
3173.39147979217
3157.1337991740493
3129.8358794108613
3121.930418344701
3108.1270977460413
3102.2998005675445
3095.049442088434
3085.520245822475
3066.8883226297385
3052.032464758633
3043.368914869443
3040.583764033656
3034.4670675084258
3029.5815055582466
3026.0375170506222
3024.1521952808343
3019.5469765957505
3015.492111028675
3013.822386663729
3001.3241558758705
2993.514087796908
2983.6298680533982
2979.875243844065
2975.724381766133
2975.724381766133
2972.702406306207
2967.968610817783
2967.968610817783
2963.131717389648
2962.324897147721
2955.852116436531
2955.4253928537178
2949.8581256567695
2949.4676151635117
2947.753986665068
2944.4851926820447
2944.137652852238
2940.001743101695
2933.325705621568
2933.325705621568
2931.6963375997516
2931.6963375997516
2931.075631038373
2925.4009864098043
2925.4009864098043
2925.4009864098043
2922.8813405522014
2920.334685085634
2920.334685085634
2919.8012234268117
2919.8012234268117
2919.8012234268117
2917.966683876335
2917.966683876335
2916.158144573424
2916.158144573424
2916.158144573424
2914.1015187042876
2914.1015187042876
2914.1015187042876
2914.1015187042876
2914.1015187042876
2914.1015187042876
2914.1015187042876
2914.1015187042876
2913.5790292059573
2913.5790292059573
2912.97408141338
2912.97408141338
2911.3820186590024
2911.3820186590024
2911.3820186590024
2911.3820186590024
2911.3820186590024
2911.3820186590024
2911.3820186590024
2911.3820186590024
2911.3820186590024
14434.387382184128
11197.964954787949
9821.545841415935
8156.779734829552
7496.352252893598
6920.230741196299
6401.321220261466
5719.8203969843535
5366.305641340008
5202.141467438196
5020.547683239464
4812.248905088443
4557.9738693238305
4435.898342853814
4312.072802952772
4150.661205859498
4000.9923677038423
3950.473836007147
3870.1991971772536
3793.206390578427
3731.224215605093
3672.455878404831
3604.5800334936266
3582.457064038426
3547.431464539902
3507.955375172445
3507.955375172445
3478.6733776877745
3458.8515082096555
3421.4424928673293
3409.12233838853
3390.798205285892
3379.0665118106767
3375.0669755299296
3361.8408631378943
3348.7431860407146
3332.57821633355
3314.21971892342
3299.1304081043595
3287.275582779054
3269.3054745515137
3257.8459201303403
3245.532742176822
3224.564203460148
3212.7583264903506
3197.454811909296
3177.80501451883
3165.8980984550108
3158.540375486616
3148.275133180594
3133.740354882992
3129.3318470603776
3119.9376860916923
3112.6801472569687
3102.7518860757564
3095.0447278284455
3090.8130743806078
3081.6702536969137
3076.195745866382
3071.792917318585
3057.5729241936556
3049.196698978876
3040.7343749503643
3029.338804664393
3020.226984799511
3002.968374620848
2993.889420827993
2988.0171226404746
2984.3825883841437
2977.9524293784802
2971.26253013203
2966.4534986913704
2962.017342767721
2958.103938904994
2954.0397936815216
2946.3484811159624
2942.574966377619
2935.161914666285
2933.1016741202598
2933.1016741202598
2930.384051530865
2926.5556827989494
2926.5556827989494
2926.5556827989494
2926.5556827989494
2924.861139562914
2924.244354174941
2923.371564840104
2918.2929206973135
2918.2929206973135
2918.2929206973135
2918.2929206973135
2916.919844290326
2916.919844290326
2916.919844290326
2916.919844290326
2916.919844290326
2916.919844290326
2916.919844290326
2916.919844290326
2916.919844290326
2914.952390278897
2914.952390278897
2914.5852189208426
2914.5852189208426
2914.5852189208426
2914.5852189208426
2913.839215113525
2913.839215113525
2913.839215113525
2913.839215113525
2913.839215113525
2913.839215113525
2913.839215113525
2913.5115585469844
2913.5115585469844
2913.5115585469844
2913.5115585469844
2913.5115585469844
2913.5115585469844
2912.116682706663
2912.116682706663
2912.116682706663
2912.116682706663
2912.116682706663
2912.116682706663
2912.116682706663
2912.116682706663
2912.116682706663
14434.387382184128
11578.929939532898
10659.512328757784
9050.201169462129
8071.920490379463
6900.571864335391
5995.2568863942815
5362.697830588634
4818.585089419666
4630.828497451662
4357.074285891693
4195.099473823922
4024.2911792994937
3904.002617160503
3735.2620794624618
3678.268547249856
3662.8838473017477
3619.5476344401072
3580.691805373447
3513.1176292869613
3437.896999812304
3385.471270423803
3366.3999962732682
3327.8692412741348
3269.4165260437658
3262.6025481941333
3240.3183537906953
3237.293912968704
3232.383437883531
3211.5814335746545
3208.6819031233144
3186.146529499272
3133.3815326698177
3133.3815326698177
3119.6019961306138
3114.2528270789785
3106.970168099908
3106.970168099908
3098.225375057685
3081.250162108937
3078.713464623961
3064.0071568186486
3050.468632812657
3042.691214260237
3041.8312476681194
3038.7731127095462
3020.521184979568
3020.521184979568
3007.504921530425
3000.055585418659
3000.055585418659
2991.330682500161
2980.018118189762
2979.733518823774
2979.733518823774
2974.551262502775
2960.4463756376035
2960.4463756376035
2956.6420268757483
2954.9484071898473
2954.9484071898473
2952.910470168736
2951.414749448528
2949.1785956729186
2948.357797782382
2948.357797782382
2940.055495277539
2940.055495277539
2939.2480549380184
2939.2480549380184
2938.347488898616
2934.7227200880707
2928.9072831523536
2928.9072831523536
2922.3451087672397
2922.3451087672397
2922.3451087672397
2922.3451087672397
2918.8381541119143
2918.8381541119143
2918.8381541119143
2916.1728092474427
2915.8669275000707
2915.8669275000707
2915.8669275000707
2915.8669275000707
2915.8669275000707
2915.8669275000707
2915.8669275000707
2915.8669275000707
2915.349451111372
2915.349451111372
2915.349451111372
2914.9512716855497
2914.9512716855497
2914.9512716855497
2914.9512716855497
2914.9512716855497
2913.342678761953
2913.342678761953
2913.342678761953
2913.342678761953
2913.342678761953
2912.505796029836
2912.505796029836
2912.505796029836
2912.505796029836
2912.505796029836
2912.505796029836
2912.505796029836
2912.505796029836
2912.505796029836
14434.387382184128
10433.782842712997
9882.064837600723
8341.500721455744
7293.376053168266
6736.604006122988
6072.343534502044
5723.047480396286
5475.582550386362
5188.386517903151
4942.131326942919
4604.435560937442
4512.214888521589
4391.219106212546
4306.032871518976
4193.648532589158
4129.8029450385875
4054.6883396368876
3990.425431375378
3932.13764276637
3910.512132658828
3859.5537324089287
3816.091051377298
3784.1322777110045
3748.6368529344372
3739.2222069514564
3704.7806966089033
3691.1471001085774
3673.269445666875
3656.360181830979
3636.960109814695
3624.8993798363927
3616.939033353467
3612.1221628034896
3583.062348110297
3552.0786694000753
3483.266028705014
3427.229774263925
3324.597942398552
3251.113165184296
3196.051414342565
3188.010433734188
3188.010433734188
3176.3342922700763
3165.6251080217507
3149.2935364937016
3141.2896594432586
3130.600697687179
3119.55919526741
3117.8764158378754
3114.4607447612543
3106.4965100735185
3098.715452210608
3089.369588221698
3077.4721394461276
3066.233173923447
3056.282974701058
3048.7616535576044
3041.0384489167186
3032.7815832744573
3025.6106688392247
3017.421102671191
3010.653914615178
3001.0302386158155
2993.284895447536
2988.898497559704
2979.4059181914004
2971.7675370037528
2964.6778243490226
2958.8847682363025
2953.263163643887
2948.744537869842
2946.4297964366287
2940.8491805267863
2936.8520034683825
2936.754417573429
2935.441299669549
2935.441299669549
2933.6466429593256
2933.3283387918364
2931.0648599658807
2931.0648599658807
2927.1498410835893
2927.1498410835893
