12746.778420059922
9159.019332659425
7916.036465955125
7282.497449947387
6977.2550914627345
6440.73256366008
5965.991530287318
5585.349240985112
5377.348700941882
5247.768778625206
4948.447907571754
4774.8682330124775
4566.062956178192
4406.364483619032
4313.248332873562
4219.206700099908
4158.992186614292
4038.637289928659
3985.0212523404407
3933.01674368436
3910.758993710865
3855.700056115945
3855.700056115945
3831.8710904983877
3780.4336872747626
3742.614287996158
3700.158223667608
3658.8897783018756
3632.6422081493492
3591.291296163422
3576.0039802723877
3538.6880939814814
3501.0941938950655
3483.735978217582
3450.679157740422
3433.0898155525533
3343.991838284637
3321.355360959812
3242.2066514231456
3213.239257066224
3209.446421370408
3201.2627951748686
3197.002676382059
3191.928398877173
3173.436892816931
3139.9006193221135
3108.5044320930374
3094.481026513688
3091.4688007834484
3085.1194254833463
3079.1148626412705
3071.7287507957326
3058.6786457668904
3050.3252711189025
3032.894185925319
3018.6176465051617
3009.5740859621774
3009.221342855108
2998.820149693335
2991.920310623266
2972.237689373229
2970.134078100913
2960.354531294824
2959.5496455632565
2955.9413993641574
2954.4206267029454
2946.918070210495
2945.6412715655956
2941.544070382113
2941.544070382113
2940.2707096244994
2935.863657600543
2935.863657600543
2930.6330709934714
2930.6330709934714
2925.983957376993
2925.4227902499388
2925.4227902499388
2925.4227902499388
2925.157176476005
2924.433370912944
2924.433370912944
2921.01660054702
2921.01660054702
2918.767714375183
2918.767714375183
2918.767714375183
2918.6524483865023
2918.6524483865023
2917.96139416498
2917.96139416498
2917.96139416498
2917.96139416498
2916.163106314671
2916.163106314671
2914.6245873423914
2914.6245873423914
2912.898891429646
2912.898891429646
2912.898891429646
2912.898891429646
2912.898891429646
2912.898891429646
2912.898891429646
2912.898891429646
2912.898891429646
2911.7918818579483
2911.7918818579483
2911.7918818579483
2911.7918818579483
2911.7918818579483
2911.7918818579483
2911.7918818579483
2911.7918818579483
2911.7918818579483
2911.698374877121
2911.698374877121
2911.698374877121
2911.698374877121
2911.698374877121
2911.698374877121
2911.698374877121
2911.698374877121
2911.698374877121
16362.63585084106
12115.21718599346
10167.594738643493
8569.101344087556
7958.806551057255
7584.605246765074
7024.849178752022
6629.32508417117
6365.5908578287035
5974.946698750537
5711.142354101768
5517.194024788938
5296.681393325402
5161.323073908117
5028.795914554732
4965.568459053187
4922.12920862116
4917.340520228472
4853.692205062103
4832.193417687937
4736.676941570198
4640.309900333605
4572.869483119213
4506.678645170248
4415.23148409827
4353.44300242246
4263.678266635371
4201.848322866555
4152.993128862733
4080.8642166748004
4028.6217584662218
3957.722882666554
3896.3566220025878
3835.2387464045405
3792.1761823284396
3767.3226583717747
3749.6977057712797
3717.6202475000873
3687.111550998749
3657.480816388308
3628.2772956295903
3598.9488328300476
3574.9057777313437
3555.522216283424
3546.2139425040787
3531.5647997727583
3513.3671336522602
3492.7952955482347
3481.637337474637
3468.620956517854
3450.5422086017625
3435.851025480033
3428.088387508895
3417.0417137065447
3413.6352459914924
3405.9921632575706
3401.96811948516
3391.1615346570948
3383.012342573744
3375.297830405866
3365.0213005198857
3346.278627768749
3326.5369251770435
3302.0935127829384
3279.853004445821
3260.354174368529
3246.690115906516
3238.6973707484935
3231.529171669023
3223.2477812793995
3211.7853990987164
3205.9051884328505
3198.116653114576
3190.75471604322
3179.785106295656
3166.8802064714664
3153.426510725206
3140.6676828714917
3126.9643300307316
3114.540399137286
3097.477403267398
3080.538882970297
3059.9856924566116
3034.813872397658
3013.8405299651436
3002.080567670654
2984.7621687951437
2976.654478082339
2969.7433361349813
2964.8278255121395
2963.1895269081815
2959.9054916919404
2955.8239492140947
2949.7878004830773
2946.16960460141
2944.9076034830427
2942.455702514228
2940.05748980915
2939.701252612
2937.3225841376643
2932.5120507207303
2932.5120507207303
2928.912097541341
2928.912097541341
2928.217620441985
2925.697637127225
2924.1313514554945
2924.1313514554945
2923.9676182309545
2923.9676182309545
2923.9676182309545
2920.2341105023065
2919.8849172366
2919.7379963708204
2919.3837133836614
2919.3837133836614
2918.028831263596
2918.028831263596
2917.6686735859134
2917.6686735859134
2917.6686735859134
2917.6081015905065
2917.6081015905065
2917.6081015905065
2917.093145025129
2917.093145025129
2911.6091545924223
2911.6091545924223
2911.4022827216136
2911.4022827216136
2911.4022827216136
2911.4022827216136
2911.4022827216136
2911.4022827216136
2911.4022827216136
2911.4022827216136
2911.4022827216136
16362.63585084106
12059.029598547957
9685.639671503104
8332.209490794623
8016.22499231595
7139.685287813025
6603.250705200822
6244.4209829055635
5883.744578134322
5484.637432058804
5224.068064860083
4992.334470312659
4788.479622299914
4645.876730803077
4505.099586949088
4401.4705551053685
4315.021720294425
4278.671654494352
4185.591045289945
4105.513952887664
4036.806716147804
4020.311698274615
3936.7568172133465
3870.4787723447394
3855.2295231526914
3808.9803468546174
3751.1888473522677
3695.3011881617326
3677.5038593462787
3665.7964837119644
3636.1277712477777
3602.834157262835
3559.116007833665
3531.353913166637
3517.4441261617117
3433.4679818366426
3399.076386247814
3364.5541562408334
3331.274894844114
3303.6137220329356
3290.151695807436
3258.015826006645
3247.4734169341996
3230.7548890968683
3209.2672020670952
3190.612361582545
3178.773721852237
3162.3386582583903
3162.3386582583903
3143.756193084009
3135.50462900903
3124.1086398265193
3110.4258583447754
3108.409849129883
3095.052656723923
3093.0716232545133
3072.19817372771
3068.003367250868
3062.9597990028924
3058.853473042939
3053.855049846754
3040.066113248956
3014.7350237967344
2996.860517033254
2989.215321676431
2987.5885858000715
2979.879643690091
2977.2970802528544
2973.016454408126
2967.6017045463327
2963.5036726526446
2955.722516993633
2955.722516993633
2955.722516993633
2952.6749947318535
2950.406447704993
2946.10545680187
2945.516391569109
2944.16891615819
2941.071456276709
2937.1985699234933
2937.1985699234933
2937.1985699234933
2936.8472108226943
2936.8472108226943
2933.1720288907145
2930.457636647454
2928.671278964706
2928.671278964706
2922.0236167126
2922.0236167126
2922.0236167126
2919.363033692168
2919.363033692168
2919.363033692168
2919.363033692168
2919.363033692168
2919.363033692168
2917.48894322721
2916.821223868619
2914.410092481395
2914.410092481395
2914.410092481395
2914.410092481395
2914.410092481395
2914.410092481395
2914.410092481395
2914.410092481395
2914.410092481395
16362.63585084106
12108.531371723453
10331.278560501
8611.62580942579
8083.1629566588135
7061.4991219498315
6316.112010618482
5718.974962023868
5304.01600046362
4842.473498913552
4603.3616978202135
4449.1222083041475
4300.3888414337525
4129.856260812806
4028.1337235008477
3926.871586013145
3835.163445715626
3793.234740081338
3730.7090677446226
3698.57200806243
3664.1926971652974
3638.342994148321
3602.120026106894
3550.7660233507763
3529.6048668399912
3485.700096971552
3457.951097830327
3447.430150779285
3431.6742526360968
3408.962819915864
3383.873411622877
3359.8950130579765
3348.7436190250273
3330.427591004195
3317.063580885058
3293.719357812308
3285.1619862796324
3275.4479727491207
3268.4949861564464
3255.4468003853704
3242.58841299686
3228.864252778075
3217.760110504313
3206.395931096787
3202.265561931793
3192.9081252258247
3184.9286879889323
3181.1366663511258
3171.586870182961
3163.3668943747143
3137.2162352153855
3122.1458723994447
3098.0542645366736
3076.759746527814
3061.9003093688552
3038.691732048651
3031.5920458207042
3023.886540415535
3010.0998572914395
2999.123249632423
2989.037225532529
2981.4027639939864
2980.772689190595
2978.408593670219
2969.118175318461
2961.43768220426
2960.6915826394197
2958.9225841743687
2954.4615488284353
2947.3676916017266
2943.550889021228
2937.5173084698854
2937.5173084698854
2935.735199178058
2935.705631766913
2933.3550093750187
2933.3550093750187
2931.262384099784
2931.262384099784
2930.645547280459
2930.645547280459
2930.645547280459
2928.125335852037
2927.597157204286
2924.568742788475
2924.568742788475
2924.568742788475
2917.1150286451943
2917.1150286451943
2917.1150286451943
2917.1150286451943
2915.3014414656827
2915.3014414656827
2915.3014414656827
2915.3014414656827
2913.4607512355537
2913.4607512355537
2913.4607512355537
2911.859791176052
2911.859791176052
2911.859791176052
2911.859791176052
2911.859791176052
2911.859791176052
2911.859791176052
2911.859791176052
2911.859791176052
16362.63585084106
11766.113363408702
9833.805043523651
8273.87022453454
7808.210643610435
7006.304819420563
6653.034853094157
6434.568266363996
5907.650080335279
5599.889111417553
5444.243152467556
5336.139386615572
5113.894227802035
4815.629589230768
4587.826495217739
4486.867898522696
4380.765972250791
4283.433467749637
4177.77068411359
4100.766600790968
4081.586772665166
4028.6821053606413
3982.280671942072
3966.68525161902
3944.1221587119767
3890.0589993796943
3876.405970246098
3802.579161682065
3765.997725170351
3764.825733319203
3714.00976155879
3663.886753042233
3619.7853859551155
3512.7264224794894
3480.088980290145
3439.253226733732
3420.498462427131
3395.0489349311556
3379.376203937964
3351.782172909738
3262.479960961698
3255.6823526735925
3238.5800684035476
3212.380271833914
3212.380271833914
3209.5670020839502
3192.107605382182
3190.6384257034765
3167.496862617346
3149.7924161675774
3132.0991683529323
3113.8038087946456
3109.654518631451
3103.979470223679
3090.942514805828
3069.739199598046
3057.405896357401
3052.1518665487893
3029.3523073678566
3018.683854029633
3008.0386781970456
3007.7044375750775
3002.058132001046
2995.985638472308
2981.4649865899655
2969.3656818042805
2960.5856968430803
2960.5856968430803
2953.873984599532
2951.804238684613
2950.783076175713
2950.320989747271
2942.707574356222
2942.707574356222
2942.707574356222
2939.1710302570227
2939.1710302570227
2936.56446089989
2932.19528040664
2931.1014811497666
2931.1014811497666
2931.1014811497666
2927.584469418318
2925.6477251340484
2923.865352508935
2923.865352508935
2920.2432607139285
2920.2432607139285
2918.076300378414
2918.076300378414
2918.076300378414
2916.604895596836
2916.604895596836
2916.604895596836
2916.604895596836
2916.604895596836
2915.6851756220635
2915.6851756220635
2914.331953467466
2914.331953467466
2914.331953467466
2914.331953467466
2914.331953467466
2914.331953467466
2914.331953467466
2914.331953467466
2914.331953467466
16362.63585084106
11737.549607670118
9690.502172045191
7950.840433412188
7837.696776427439
7423.438541613136
7074.819652398201
6580.607800577593
6113.986227600271
5900.162916703625
5557.8801814052285
5344.347071116942
5097.041986591524
4945.153060845776
4769.751065479577
4601.097949980006
4464.356483003969
4371.569712272233
4266.51988440922
4229.11788645991
4213.088545499406
4177.091577773611
4151.628310733012
4122.235263392175
4098.342912348875
4080.072703845417
4070.355814156791
4052.071668950767
4018.6025033870155
4008.0016839817226
3995.9203226141453
3977.9350888195722
3967.2926645253137
3951.9227165153325
3936.635495961544
3919.8238046920123
3887.44405280283
3852.633123756492
3825.207450933958
3795.8743489482413
3764.4696808629315
3736.5900350385127
3726.2411636129546
3719.3490938168015
3676.7844645654286
3639.9549271796413
3575.2009142838997
3507.927608024716
3459.393112944006
3445.5840820298845
3407.8825735933883
3376.3542592596013
3335.6405434647936
3303.184018001419
3289.6246172257543
3284.2569317092452
3280.686279960031
3268.944787001717
3264.747659180321
3245.958953380657
3229.692332920699
3218.92499988643
3201.1706172326694
3184.1940995596624
3164.645923496895
3137.1691373661833
3117.3365938102156
3086.205404940509
3061.4595766016832
3050.04628216898
3048.562391214537
3043.9140104783332
3035.7430437683765
3028.534099163176
3022.8747038633046
3016.406918283096
3011.5483445022523
3000.5092625198026
2992.8425693062723
2985.612168786983
2976.4408645189023
2972.533129794099
2968.8180577005546
2961.579091802761
2957.00013103707
2950.217464471394
2945.6960628515835
2945.6960628515835
2943.342831780138
2942.613781793515
2940.926410526488
2940.926410526488
2939.257732628244
2934.062697236021
2934.062697236021
2931.90984989061
2930.7757604973986
2930.1962561566706
2930.192589028777
2930.192589028777
2928.7807078512797
2925.4737690597726
2925.0136646389624
2920.767670959778
2920.767670959778
2920.767670959778
2919.084747119188
2917.96541967105
2917.96541967105
2914.1352082471512
2914.1352082471512
2914.1352082471512
2914.1352082471512
2914.1352082471512
2914.1352082471512
2914.1352082471512
2914.1352082471512
2913.9108117349706
2913.9108117349706
2909.1044478521967
2909.1044478521967
2909.1044478521967
2909.1044478521967
2909.1044478521967
2909.1044478521967
2909.1044478521967
2909.1044478521967
2909.1044478521967
16362.63585084106
11512.667471790508
9526.591834555597
8075.002785312348
7523.137718950652
6855.330837868268
6101.0726471331645
5764.703234465172
5545.919399901888
5236.948934278393
5049.939013996906
4883.164518525653
4702.3680636402605
4613.143123843063
4511.820526700463
4397.783452075932
4308.305120996162
4248.06749946506
4186.192547855171
4139.8805256668975
4088.616739638098
4052.382357745875
4028.7131576266092
3990.839224099232
3963.652860182245
3926.705856254508
3902.011326476096
3868.387851219034
3839.6005551239195
3819.7144185443644
3805.2464510433997
3785.9994523669484
3769.859775888806
3741.0046773778104
3713.021663061404
3699.8812573964105
3687.4273665884994
3675.9036475440653
3663.6135089923855
3647.082153599792
3628.9637237655625
3613.8048931231974
3594.3222940777487
3582.4700541142925
3571.678838339303
3565.7435705241896
3553.7101895506394
3544.567540691433
3535.0374266122435
3524.755957716312
3512.2834975033065
3503.957771394748
3487.9867167955035
3464.1169382173007
3433.3022126512924
3404.8941445784617
3370.3048698579983
3332.7530752161438
3297.723287401304
3288.5468655985896
3284.6809656343926
3273.5929460898733
3261.8722944933493
3251.769613590005
3241.6260619685927
3229.423653367221
3212.0021894690517
3193.5143336184146
3167.6723228132646
3143.769800262492
3119.49462457587
3101.240891337793
3087.540292522557
3077.4735784289073
3066.045235751255
3055.2607697648205
3044.8899830929404
3028.344595333601
3020.786894847669
3009.6699996725124
3000.6624476112356
2994.007221164145
2987.30616771589
2978.2386622701556
2972.44057097297
2968.958862781421
2964.2457926972415
2958.0418243726617
2956.2187421199355
2948.4001858455167
2942.6062286249617
2938.17793296353
2937.347770633266
2935.3347684013015
2935.3347684013015
2932.5999274745295
2932.5999274745295
2932.300749939169
2931.4704946291295
2925.1859989023724
2924.9508505724198
2924.4695103404715
2922.228499023993
2922.228499023993
2913.0189648202318
2913.0189648202318
2913.0189648202318
2913.0189648202318
2913.0189648202318
2913.0189648202318
2911.1403290922963
2911.1403290922963
2911.1403290922963
2911.1403290922963
2911.1403290922963
2911.1403290922963
2911.1403290922963
2911.1403290922963
2911.1403290922963
16362.63585084106
12173.828148116982
9423.625321950185
8115.117605939017
7709.140511700578
7071.146327554842
6663.04074436477
6344.271440899436
5836.085776852167
5523.291246577662
5147.706340940135
4847.23576936829
4654.6332569034275
4507.053633270538
4331.406959128987
4198.545149390372
4090.6300789199267
4015.1580663813033
3944.090869841689
3858.1983820502114
3796.6094497504955
3743.012663743546
3715.949255096437
3670.714810523488
3614.870115414919
3588.8792764116015
3562.0685083883805
3534.614910673342
3515.61191428448
3497.8198943287325
3482.4753547540727
3470.7829602733827
3465.408936371945
3456.2885955140005
3451.4504035503187
3441.2236837873306
3426.7196675143637
3414.630126297037
3402.340401818604
3386.3366402069323
3368.8292336795503
3350.828312314174
3334.5796675306515
3311.042227716316
3286.58809645548
3255.2550954959556
3228.0958515917646
3197.9213398035536
3182.4908464547043
3178.3664715096406
3173.151775785858
3168.8330037498586
3162.1744849288975
3157.1603458565896
3147.692470039325
3138.3119418078386
3126.949244964064
3112.1623611654195
3092.4361893018745
3071.307947164315
3057.702140675623
3050.48755051494
3043.4890420083125
3038.5914885537877
3030.799495282894
3025.5166676838803
3018.96465192012
3014.946752187173
3009.721366571021
3003.2268070259815
2996.018232945942
2992.8789142551695
2990.039930665568
2988.5632506231623
2988.5632506231623
2983.8562541757933
2977.4606457665755
2974.282095471847
2972.603874138136
2968.6371404377082
2958.5263903079494
2956.9000054677035
2956.9000054677035
2952.8416197062015
2952.400305440282
2951.0558388354293
2941.079588386455
2940.5747976104367
2937.5534006774305
2937.5534006774305
2937.3275649992243
2934.2122457759206
2932.57333914757
2932.57333914757
2931.4656667356103
2931.4656667356103
2929.485230556572
2929.485230556572
2925.9082286091707
2925.1347583233646
2925.1347583233646
2919.4586393632767
2917.3240923084086
2917.3240923084086
2916.500329787246
2916.500329787246
2914.25261778947
2914.25261778947
2912.8778358735335
2912.8778358735335
2912.017776417386
2912.017776417386
2912.017776417386
2912.017776417386
2912.017776417386
2912.017776417386
2912.017776417386
2912.017776417386
2912.017776417386
16362.63585084106
12169.662766242607
10302.613488218296
8705.967479060106
8380.674172627248
8140.132922881413
7692.1519197379885
7195.514019468219
6678.739951913354
6247.013274114364
5962.791764214795
5696.17522375141
5328.330766771783
5104.645502444357
4995.906584695829
4823.96279630804
4695.967487233223
4596.5588125941795
4519.469184546175
4464.4660680638535
4442.436920964346
4405.0914089568805
4363.08444824153
4333.284935400158
4301.917189325342
4274.257844748964
4216.789294786258
4156.235205367774
4109.208196987939
4000.125449891434
3906.735388836271
3798.6972963268618
3718.9230236809844
3670.4353181627284
3646.711072387603
3623.671388205889
3612.3707425429166
3596.3781821853963
3584.7038138768016
3559.239690592886
3549.352785959011
3545.464814320861
3531.6320710485065
3515.923718922272
3504.1194167250014
3491.458222464941
3478.519344977237
3460.832269692751
3440.8622860733085
3417.1358309580137
3393.406672667931
