12005.630087942332
10065.01713316264
8295.430599298496
7360.409374330834
5952.371432154823
5601.130643035136
5288.043103913824
5186.989228331037
4887.024654506758
4620.2995190685215
4403.003055483138
4205.301130338303
4120.913423667935
3999.5430804463913
3901.1295912765154
3790.58956179266
3740.2373012943654
3690.5582068936965
3651.9227045301814
3633.120221531888
3581.1908609487723
3544.3588645968584
3544.3588645968584
3538.4724965320515
3514.5114224360323
3514.5114224360323
3514.5114224360323
3501.292747373628
3499.007017573726
3497.222751173694
3471.404419741172
3462.42810579358
3457.0281773973848
3456.7010748806056
3447.447620499549
3421.319680084642
3411.0298565922153
3384.2780863557637
3362.7961416059384
3310.8618888326637
3266.049820065864
3215.3296556829305
3179.567650598508
3135.354495632547
3113.1813482997927
3104.387543946548
3102.1370638809126
3088.9392911650784
3078.3586086224495
3077.643298991027
3070.1882739399034
3056.617143156272
3045.851015425361
3040.5127702343975
3032.928240238238
3025.0933196030387
3019.8565676923777
3014.903486073441
3012.4749546069065
3004.1013953655947
2998.478918956199
2993.7847819491535
2989.5843523369913
2982.8235408515347
2981.135369100605
2974.9902917250993
2973.241951323219
2968.3894867478875
2962.8234952748303
2958.527741114692
2957.092738530988
2951.1853373556132
2944.694762583916
2944.694762583916
2938.4701475452416
2933.312267376937
2933.312267376937
2932.5552011040845
2932.5552011040845
2930.5381917974983
2930.5381917974983
2930.5381917974983
2929.7605673820103
2923.1596736188785
2923.1596736188785
2920.5097044230624
2919.735481302623
2919.735481302623
2919.735481302623
2919.735481302623
2919.735481302623
2919.735481302623
2919.125570833011
2915.9860345255943
2915.9860345255943
2915.526217258231
2915.526217258231
2914.3878864959242
2914.3878864959242
2914.3878864959242
2911.393884865201
2911.393884865201
2911.393884865201
2911.393884865201
2911.393884865201
2911.393884865201
2911.393884865201
2911.393884865201
2911.393884865201
12969.521024408226
11147.285040366458
9046.398598440504
8066.314513998329
7338.724342524073
6714.594257293521
5757.208688600166
5339.288292182297
4813.221746565387
4500.199629067984
4288.873708287941
4191.918198955879
4102.695403700232
3907.4192292089238
3756.6414132786576
3695.0538574781012
3665.9606611795207
3578.4430587122224
3530.9758389269055
3502.385071076904
3470.649248634095
3456.7376739667443
3446.0675388799427
3418.3454897819192
3378.643930345081
3371.621130533734
3337.927371850401
3326.368200467446
3326.368200467446
3320.6389689783027
3308.333596534706
3297.415677519455
3254.044958981008
3240.3959999141957
3212.9786331555683
3197.611545202286
3184.491872646782
3165.3550785903312
3152.8560848077504
3136.0157097967403
3130.198538009318
3110.9442323581907
3094.0412842421847
3083.6287741647975
3065.2409904369033
3054.6410810336415
3045.8738740756107
3030.229340309027
3026.062861100566
3021.470147483207
3016.0063759724126
3009.8420228087853
3002.381663377769
3001.5013987047987
2995.631641003304
2995.631641003304
2993.081931287773
2987.689203058608
2985.1517551028787
2985.1517551028787
2981.7221936831916
2973.7435036157913
2972.692407222385
2968.1630878757414
2966.659328539685
2960.950263078773
2959.4043432331755
2958.4028799351095
2958.4028799351095
2948.7675806277716
2948.7675806277716
2948.7675806277716
2948.577445592766
2944.012707270426
2944.012707270426
2942.23728145656
2939.6119475381524
2938.952327041407
2935.177059802734
2933.362816878402
2933.362816878402
2932.433948232546
2928.3308357476603
2928.3308357476603
2926.8475717681304
2926.145779248874
2926.145779248874
2924.0580790136464
2924.0580790136464
2923.556861133021
2916.6086069235384
2916.6086069235384
2916.6086069235384
2916.6086069235384
2916.6086069235384
2916.6086069235384
2916.6086069235384
2915.933293165053
2915.933293165053
2914.701098919598
2914.701098919598
2914.701098919598
2914.701098919598
2913.0398311711933
2913.0398311711933
2913.0398311711933
2913.0398311711933
2913.0398311711933
2913.0398311711933
2913.0398311711933
2913.0398311711933
2913.0398311711933
12969.521024408226
11251.043742303704
10031.950985731795
8711.2991147478
7219.962717044195
6776.6612142084805
6106.738505164654
5484.516478464462
5200.901413750453
4997.324699439261
4764.770790172641
4589.2918906108
4447.949365520024
4246.324210421613
4120.048851558445
3936.1480648305705
3854.13913821416
3736.7440505937993
3688.194378595494
3611.3376985267787
3577.2557523127766
3577.2557523127766
3565.7449855055575
3528.5282561630165
3509.2473386332804
3495.313186012018
3455.228978326949
3442.098248410306
3416.5875612877917
3386.40309620831
3381.0490092369055
3372.623328774154
3355.2397691135393
3346.1166665850196
3299.7388876497366
3276.860694663579
3248.356210513812
3213.579713481916
3192.248241271649
3173.7400441694635
3158.470469669388
3137.1955871470223
3137.1955871470223
3116.2858758018915
3099.8868537091903
3098.4227539949543
3090.460648380093
3085.8752151227814
3074.128415828737
3062.589315299571
3055.2533329104094
3052.993645723307
3047.86810932378
3039.7555641494578
3036.28653191203
3027.8188249874083
3024.056212448686
3015.0931568300844
3006.5878016206134
3003.770322297648
2999.0021475550607
2991.4250293711025
2986.5655031320202
2975.445620876254
2970.8010426434575
2967.7621142284693
2965.7264206668215
2960.3551446831643
2957.594637971134
2952.9941763717807
2952.0604278694877
2946.454348354303
2939.2278700220027
2937.3086510365374
2937.3086510365374
2934.781031086738
2933.8402625355825
2933.8402625355825
2932.2003227431
2929.099795874
2928.062782313768
2926.545848090918
2926.545848090918
2925.193727838071
2923.9263646077516
2923.9263646077516
2923.9263646077516
2921.3976167704195
2921.0772751977424
2921.0772751977424
2919.7943999475947
2919.7943999475947
2919.7943999475947
2918.258985393101
2918.258985393101
2918.258985393101
2916.5223177677335
2916.5223177677335
2916.5223177677335
2916.5223177677335
2916.5223177677335
2916.487436465913
2916.487436465913
2913.206720684009
2913.206720684009
2913.206720684009
2913.206720684009
2913.206720684009
2913.206720684009
2913.206720684009
2913.206720684009
2913.206720684009
12969.521024408226
11200.03519021782
10107.569887060996
7724.421379854454
7415.325409486131
6952.4755620851665
6579.969708828429
6300.470748124591
5862.436768074493
5593.5400583262035
5383.000981597727
5154.493345281398
4853.4270165036205
4649.027836017526
4553.457429575867
4443.453780456494
4351.777618653653
4275.800962668373
4125.382645867254
4007.2642665745725
3950.816956451847
3925.2568480322198
3884.0812468950644
3850.584089764931
3819.9511131845384
3779.376697981921
3715.6304568642327
3648.85753570412
3572.636770893402
3501.1140669291603
3455.3793989325363
3397.953898002159
3391.0497075601006
3383.441656146686
3372.8745694594127
3372.0421984889936
3349.024691950576
3320.660160642031
3294.3876788721745
3282.1834012778663
3264.2988736489915
3258.2102868530333
3258.2102868530333
3250.2053683537442
3250.2053683537442
3233.7818082383496
3204.807947498641
3182.3423620570675
3159.210389851989
3148.8155641791736
3139.884154654857
3139.884154654857
3131.7011976419735
3123.632892300001
3113.941059878267
3099.2630113590735
3090.8293724385676
3063.0929596974233
3059.7610788711713
3051.088413200756
3036.043380200915
3027.121113943793
3008.25291246053
3005.750457734773
3002.1466348359872
2996.03973286212
2987.131695529895
2978.1802326887155
2970.0824628639457
2961.559718974909
2951.822400247366
2951.822400247366
2948.7980047517462
2946.9192185659494
2943.271894037019
2939.5689862634204
2939.5689862634204
2935.676466879071
2935.4609701361546
2934.4300239163776
2933.302484483513
2932.0211833712606
2931.351478331811
2927.8557954032935
2925.91592111694
2925.91592111694
2924.1157809963365
2924.1157809963365
2924.1157809963365
2923.8544731081633
2922.3859672706203
2922.3859672706203
2918.910154660911
2916.2129120775962
2916.2129120775962
2915.5803584625146
2915.5803584625146
2915.5803584625146
2915.5803584625146
2914.3187256171454
2914.3187256171454
2914.3187256171454
2914.3187256171454
2914.3187256171454
2914.3187256171454
2912.535550841141
2912.535550841141
2912.535550841141
2912.535550841141
2912.535550841141
2912.535550841141
2912.535550841141
2912.535550841141
2912.535550841141
12969.521024408226
11665.406431693975
9147.75542177123
7788.32713195768
7198.515090292624
6602.018142882105
6111.449508756439
5565.847264817083
5041.707675497557
4577.929454157829
4401.297597346083
4276.988925496031
4189.10344650881
4062.7510200562265
3997.5720346594544
3959.644076549422
3883.799587061086
3844.0310611724162
3780.3100328598302
3744.9714515242395
3664.545475113993
3607.828724407089
3547.707235239844
3516.669955782058
3478.809368642283
3465.071750956938
3446.6293585303492
3410.881447941259
3389.673741691964
3367.881279321798
3335.0247902111832
3327.91862415142
3304.3544330855475
3269.2182433298185
3260.798646308038
3256.0432869586416
3244.3118020034917
3236.5578534262395
3217.5941937574667
3197.3800664106884
3191.287692663808
3184.4898976757468
3177.5960358466355
3151.0909792033017
3135.01496820983
3115.5137302720514
3090.1465995959647
3057.3759237698937
3039.190523841934
3021.0507386097643
3007.414070246192
3003.7817903906744
2999.672297349875
2999.672297349875
2993.043596954614
2981.361760368341
2981.361760368341
2980.550957917437
2980.550957917437
2976.220215651348
2974.2675350121003
2974.2571476342787
2968.375424490419
2964.1087025572315
2958.7523026295976
2953.460026655337
2948.256144430643
2945.8667279298766
2944.4534552603027
2941.403237876622
2939.4506138246447
2938.4639000459756
2936.7436188162565
2936.0069088988866
2931.5459518557814
2931.5459518557814
2931.5459518557814
2929.986509959579
2929.986509959579
2929.314481346426
2928.807719795424
2927.168971629696
2927.168971629696
2925.277779593072
2924.417483347885
2924.288850911869
2924.288850911869
2918.6970734325414
2918.6970734325414
2918.377430337845
2918.377430337845
2918.377430337845
2918.377430337845
2918.3154027101536
2918.3154027101536
2918.3154027101536
2917.6840368565813
2917.6840368565813
2917.6840368565813
2917.594655020985
2913.904318702318
2913.904318702318
2913.904318702318
2913.904318702318
2913.904318702318
2913.904318702318
2913.904318702318
2913.904318702318
2913.904318702318
12969.521024408226
11496.173492616012
9473.900803853629
7562.054869809366
7507.86132708984
6494.324708642113
6178.071802807202
5633.51073905566
5324.678059939588
5065.3680610022275
4761.078099421274
4571.967544548258
4266.98510304104
4029.861811824058
3847.22793202274
3789.854499949295
3723.562237805155
3603.6622542444043
3566.6375658994093
3513.0951970664305
3437.3699514618515
3437.3699514618515
3358.946095683425
3279.0179270890585
3250.536996878041
3250.536996878041
3166.843878368227
3162.520679410997
3162.520679410997
3131.957221505318
3125.102001318697
3103.541800710861
3101.4691144504764
3101.4691144504764
3101.4691144504764
3098.5375809912707
3093.4179271271705
3088.6536845797946
3080.161682220413
3074.2758747403777
3067.31524996588
3062.547633234471
3056.358276402056
3049.5011592432966
3038.0692900785148
3026.693029534724
3016.0116948218742
3012.737776486886
3005.40565704933
3000.18919119171
2993.6180963405914
2986.6185177762977
2980.5696356556255
2971.9816573856942
2963.6671138850597
2956.9505922609837
2953.2122933105375
2949.7836107925614
2944.529035469009
2941.21371048608
2937.605559896306
2935.5133369697746
2934.2685385938694
2932.1014261789214
2931.0811968039716
2931.0811968039716
2929.070606274337
2928.70186847777
2926.678051122759
2926.678051122759
2924.1294702796836
2924.1294702796836
2923.2935588121145
2923.1439129754895
2923.1439129754895
2919.279357777437
2919.273718157969
2919.273718157969
2919.273718157969
2918.367247207225
2918.367247207225
2917.10958639177
2917.10958639177
2916.716069637766
2916.716069637766
2916.716069637766
2915.7840152630492
2915.7840152630492
2914.6540231479735
2914.6540231479735
2914.6540231479735
2914.6540231479735
2914.6540231479735
2914.3726733384433
2914.3726733384433
2914.3726733384433
2914.3726733384433
2914.3726733384433
2912.9358416947425
2912.9358416947425
2912.9358416947425
2912.9358416947425
2912.9358416947425
2912.9358416947425
2912.9358416947425
2912.8153362067596
2912.8153362067596
2911.1696589668945
2911.1696589668945
2911.1696589668945
2911.1696589668945
2911.1696589668945
2911.1696589668945
2911.1696589668945
2911.1696589668945
2911.1696589668945
12969.521024408226
9935.680592235347
8423.48112766358
6878.9570156206855
6658.70795123479
6193.656379231707
5727.105499742124
5341.32645740458
5123.833958606173
4857.2862018066535
4674.45510170313
4484.497756136456
4358.615222879216
4299.055134598071
4150.690819941444
4000.575001753831
3941.447386367904
3881.8526723332134
3787.300414099173
3734.522846154903
3675.243621036593
3675.243621036593
3636.143321350954
3620.0848132825577
3618.1991572425536
3600.068642245719
3587.3753201471413
3573.3025406223965
3546.7658720963195
3521.0613321116552
3474.947106535951
3445.5731063324783
3385.9119057202834
3337.1141926901896
3281.1177749306544
3226.7891859393676
3216.4166372469413
3216.4166372469413
3197.874286772777
3183.6981877623602
3167.6877337523256
3158.3500154806284
3143.25113730866
3126.318957945125
3116.5844987013816
3104.9436352277476
3094.2328754722166
3091.534453226952
3082.9649431243574
3079.642163955202
3079.642163955202
3072.8547100685923
3064.6411415467046
3059.2611984989917
3054.4752483951697
3050.7455082543097
3035.9025213086697
3014.208268676167
3004.6385764435686
2995.8000848272063
2991.1271887258117
2986.5144758010524
2982.3379964548785
2977.085200344214
2973.5574215184242
2968.6056959197604
2963.124752964878
2956.052082135949
2948.5602169010385
2941.5934202995245
2936.445806409575
2935.7809091994977
2933.98751634494
2927.1643945874234
2927.1643945874234
2922.3635116643786
2922.034081190898
2922.034081190898
2920.125622709206
2919.1273048509624
2919.1273048509624
2919.1273048509624
2917.737687612686
2917.737687612686
2917.737687612686
2913.3134271359536
2913.3134271359536
2913.3134271359536
2913.3134271359536
2913.3134271359536
2913.3134271359536
2913.3134271359536
2913.3134271359536
2913.3134271359536
12969.521024408226
10181.892919098143
8198.903684574112
7339.794484943448
6803.977061884815
6407.486800065083
5712.631688540518
5440.322422282856
5151.096793045434
4859.131838437172
4629.176410738775
4485.723707534073
4410.736121508452
4252.946757057197
4165.4642493027
4069.0819306734093
4024.7498619890234
3916.2911266786155
3848.233695047589
3705.38005805337
3705.38005805337
3639.6933104334184
3603.888430548499
3555.9423997451468
3531.4412255643883
3519.1357771443954
3507.6622841803287
3484.7242066544636
3484.7242066544636
3465.7135731693143
3456.17452805479
3408.8829152598364
3381.1412246269433
3357.278419570157
3308.7110733431036
3282.308733209073
3201.3197551346166
3176.3094070632733
3109.302759713914
3094.1000905937726
3084.6788314953064
3076.6948835834837
3069.06838963842
3044.690969107691
3032.875811966476
3025.3926918374505
3022.9514202991936
3000.207844484956
2989.1800498263137
2986.7086588763023
2980.71865780333
2975.037653057659
2972.7561145681684
2972.053780370732
2961.036994835192
2946.923303319616
2946.923303319616
2946.4083875799256
2942.8911019125685
2942.2223053268426
2940.562702648097
2940.119680731962
2940.119680731962
2936.5657008486737
2933.5072395757215
2932.8343897873942
2932.114274240043
2932.114274240043
2929.964098309209
2929.7010496536695
2929.7010496536695
2925.8217326157674
2923.783269512035
2923.783269512035
2922.7552147431934
2922.7552147431934
2922.4155690790267
2922.4155690790267
2922.4155690790267
2922.4155690790267
2921.7529404560933
2921.3607969194686
2921.3607969194686
2920.796553168891
2920.796553168891
2916.4875632390267
2916.4875632390267
2916.4875632390267
2916.4875632390267
2916.4875632390267
2916.4875632390267
2916.4875632390267
2916.4875632390267
2916.4875632390267
12969.521024408226
9032.425693721641
8272.16010674298
6878.675675222121
6523.63283321971
5840.530154268532
5455.429257813166
5096.147600715125
4699.3523569913705
4515.332770635081
4283.457932877823
4150.683300984261
4002.4406770671076
3840.735335170356
3736.08209039116
3649.731906592935
3611.140614351171
3550.256708907905
3491.600276792272
3491.600276792272
3475.7402963432246
3456.3691662983633
3432.5721719292824
3411.6300154361174
3389.7578181342437
3336.359884646643
3328.702363984846
3318.403341157544
3304.5350488198196
3296.3562208275735
3294.579367364828
3285.762219400518
3280.0176708264016
3280.0176708264016
3272.3541838132946
3264.881008201527
3248.4492857345695
3241.622088201408
3232.8557628110752
3216.2563352179927
3190.10753815617
3161.694260546771
3134.462275722646
3121.8254910693945
3101.5835777536095
3093.4244229960636
3083.846760429661
3080.9143848450817
3075.3575713973514
3057.810362667803
3042.4006627253807
3032.53638190891
3024.2024675709145
3011.888735827896
3004.423651248809
3001.456890680035
2998.195073515892
2993.486566899769
2989.295851617785
2986.107230994996
2977.3445303201397
2972.3473996419834
2969.6357844393674
2965.724221101314
2959.675703493553
2950.204148739039
2948.6398964520276
2940.1345332799046
2939.8670245724147
2938.550926770218
2933.6835662904505
2932.6312537802155
2932.6312537802155
2932.5479057093007
2928.8168383172224
2927.583734493576
2927.583734493576
2918.4344678145244
2918.4344678145244
2918.267567015696
2918.267567015696
2918.267567015696
2918.267567015696
2917.8270550505194
2917.8270550505194
2914.1221005740776
2914.1221005740776
2912.8929575416164
2912.8929575416164
2912.8929575416164
2912.8929575416164
2912.8929575416164
2912.8929575416164
2912.8929575416164
2912.8929575416164
2911.797890141497
2911.797890141497
2911.797890141497
2911.797890141497
2911.797890141497
2911.797890141497
2911.797890141497
2911.797890141497
2911.797890141497
12969.521024408226
10445.40545121528
8332.099817101025
7312.141440552399
6594.842696394934
5663.011243835592
5288.630089315302
4918.926700036929
4756.817119237546
4614.31326722074
4566.969737988284
4510.6002732112875
4420.507588830558
4273.470641199683
4013.3340817862695
3912.6229667180955
3839.581320108321
3775.5318238522796
3771.9154595333484
3704.1896746453313
3657.7172692208824
3657.7172692208824
3636.318618250417
3615.0138051105682
3592.802225082573
3551.9920175010943
3507.211022489341
3476.9272820088872
3452.738486667848
3405.604393158136
3380.5334787360002
3340.153503662211
3307.563954393048
3210.4123010373087
3175.9610461442676
3147.538564786219
3121.314202902003
