12896.388979044435
9291.04664022236
8977.365474294762
7646.959491808319
7446.030652424807
7251.760502609064
6819.278910035545
6560.173322932988
6209.2370327665285
6184.265584645019
6052.898843418763
5999.50162502553
5873.520955160415
5756.648129120522
5716.748471083845
5557.310239158325
5505.016862080931
5378.831190060483
5264.164853034676
5168.991930769445
5062.024463224627
4968.495177886405
4876.294710062381
4799.247287324509
4725.984858792346
4659.781228754893
4582.642271086646
4520.653332562596
4450.00538467587
4395.272543077147
4357.04367102201
4319.589780357216
4282.592004225707
4244.254368721264
4212.783019149616
4189.551523409561
4165.04152734512
4145.561263855088
4122.513693747748
4102.032524139911
4082.57077523887
4058.729393953843
4020.796361808382
3972.1358458468176
3924.066665142498
3894.669127990453
3863.6539482565277
3836.8797022568338
3810.3882203717385
3782.520588540376
3763.7116015767574
3746.8019688038707
3732.0708749375976
3717.5810605454267
3697.733209628025
3686.463475205732
3678.1615933638986
3666.0044339789483
3651.4049342735148
3634.902296759711
3617.6488717535194
3601.4812559670845
3580.6206613397626
3559.0975223855544
3540.6078465304154
3514.386246117361
3485.8849591866747
3465.483248127629
3450.272002467401
3437.8708553409915
3430.509131260569
3422.730532278287
3414.968126860467
3406.539197947644
3395.9553171356715
3388.3442095030014
3376.2497136776938
3365.6676808908437
3352.2564059001993
3342.043771282053
3329.2489856175685
3317.869884721896
3302.527926743516
3293.2754884332912
3281.202222596881
3267.5234360914164
3253.1387708610255
3233.4412252182624
3217.1703705183586
3200.624278746229
3188.6240101335397
3172.274195703244
3158.374987374369
3142.593738984677
3130.037121521984
3122.265700173354
3115.406094646409
3108.606290411561
3099.9177010354924
3088.78812266179
3080.7696662406656
3071.0984484544397
3060.7593931437214
3050.0559856877526
3038.521136695382
3028.8473459827123
3022.42499748705
3015.8668831609634
3008.3230259275333
3000.306563111605
2994.475253513437
2988.942550578096
2981.5250782874396
2972.03382705384
2962.0721384295675
2952.144104857953
2947.77756891756
2947.77756891756
2943.282097407688
2939.3481551521104
2938.432246624478
2936.81643770161
2934.043082879189
2928.915488047061
2928.8426416884586
2927.6444559199276
2927.6444559199276
2926.3410932409133
2926.3410932409133
2924.875315226313
2924.6553534500194
2924.6553534500194
2918.420871359153
2918.420871359153
2918.420871359153
2918.420871359153
2918.420871359153
2918.420871359153
2917.446009979847
2917.446009979847
2917.446009979847
2917.446009979847
2917.446009979847
2917.1966415812058
2917.1966415812058
2915.557201296677
2915.557201296677
2915.557201296677
2915.557201296677
2915.557201296677
2915.557201296677
2915.557201296677
2915.557201296677
2914.72493578999
2914.72493578999
2914.72493578999
2914.6003708837015
2914.6003708837015
2914.6003708837015
2914.6003708837015
2914.6003708837015
2914.6003708837015
2914.6003708837015
2914.6003708837015
2914.6003708837015
14678.278117387033
11073.046425115348
8722.361014627913
7983.893500793624
7363.981759871623
7090.573403385317
6658.416403785168
6458.125094788266
6159.466182473181
5906.255225557665
5599.4169690406725
5371.921064258024
5138.873068523422
4995.367091293047
4893.039288635499
4759.920128877209
4638.286650860961
4485.157753420059
4403.378833652576
4293.901334994871
4204.374979257515
4132.637365238644
4093.5519349414444
4044.0736659676527
4004.629621901012
3949.7943210196927
3901.3974191137704
3877.071904724017
3859.861417656388
3838.6735374977893
3818.9926317125114
3784.5419031843594
3760.7760498113084
3730.8556996171806
3694.3516736481233
3669.137592065772
3652.318432179999
3615.5497988976367
3584.2799400102313
3557.456633474032
3534.798014198491
3524.3005525948406
3511.2245446186544
3508.820685105836
3503.250055344001
3494.10257206434
3486.691571026832
3478.347291878505
3467.019030131374
3460.9086355454338
3447.207413872102
3436.770433211216
3427.774768895642
3420.555084142948
3410.221317689764
3404.146988694325
3399.508651690927
3395.4982319723804
3388.0697116531655
3383.117840098057
3378.2559977616793
3373.304813393289
3368.8560638660038
3364.427562410856
3358.075052180815
3352.307432663301
3347.2541689419004
3344.835256643447
3340.2663330381924
3336.560980610387
3332.479045335709
3328.9023705012887
3324.453949979411
3321.1937290346514
3315.8297500427043
3311.8716844647543
3307.851863758722
3304.393547901238
3301.071785661584
3297.783920280702
3294.041276466684
3290.6794753329295
3286.9711762302495
3284.6105275133823
3281.81662646097
3278.765164123886
3276.013874167463
3272.749481306305
3270.221566147313
3267.5114070984196
3264.236726860076
3260.903492436978
3257.1995361621807
3253.558930617151
3250.2588463058146
3246.978456395178
3243.2109543702154
3239.202619885723
3235.566329835014
3229.809296527289
3225.6244083992397
3220.415478549571
3216.234158089317
3213.975001640911
3211.263261591992
3209.2023279954465
3206.950884025637
3203.904606405188
3200.9564924938722
3197.975143436881
3195.6353617290583
3193.2494605701404
3190.643802239273
3188.0304835177235
3185.212516938542
3181.7372429006564
3176.3534766536222
3169.0916408169023
3161.121496783916
3154.21635080516
3149.2248344710847
3145.2278517601594
3142.5308701341223
3140.451811276461
3137.9017781921993
3135.1296514213345
3132.707876068611
3129.277732105793
3126.1236579591828
3123.301775713047
3119.626488714408
3116.898339406924
3114.2262717253143
3111.340715602925
3109.042186483458
3106.8576446033167
3104.7895272157393
3102.4494733338606
3099.851862611019
3097.6008997865747
3095.503307879059
3092.2207920766555
3089.6728873410507
3086.8276758228158
3083.794394010152
3081.422924827173
3078.940487977384
3077.2295849744614
3075.033616380811
3073.0589254633537
3071.201049522325
3069.236809370231
3067.1256736230916
3064.9514786954255
3062.7550350485108
3060.028473667822
3057.744926787197
3055.092892924242
3052.457567028915
3050.788996503019
3049.199754035735
3047.393437086852
3045.5048429435906
3043.431379635962
3041.660694771042
3039.5544089134078
3037.7555996712954
3036.352853744045
3035.067270166047
3033.4111571081876
3031.8412909900976
3029.987203289881
3028.1633111975952
3026.1205837080583
3023.6313228426093
3021.6728938254764
3019.950592219688
3018.017652190922
3016.9866503812154
3015.925160644841
3015.0291327517552
3014.4461021807992
3013.4543033909727
3012.690183433802
3011.2825819060135
3010.0817380473704
3009.0443579531347
3007.566070632309
3006.4969492731257
3006.0463547382233
3005.2977121243243
3005.1541612476876
3004.9884828872487
3004.786990578925
3004.2399420490397
3003.6577421776256
3003.5950574809517
3002.7281116569307
3002.7281116569307
3002.7281116569307
3002.5128748613333
3002.5069142026186
3002.5069142026186
3002.284547001623
3002.284547001623
3002.2349939874043
3002.1627380102727
3002.1627380102727
3002.068631992519
3002.038418473475
3001.922033586399
3001.893307261195
3001.893307261195
3001.893307261195
3001.8900174446994
3001.8900174446994
3001.585080201717
3001.585080201717
3001.585080201717
3001.585080201717
3001.585080201717
3001.585080201717
3001.5466034978926
3001.5466034978926
3001.5466034978926
3001.5466034978926
3001.5466034978926
3001.5466034978926
3001.5466034978926
3001.5466034978926
3001.5466034978926
14678.278117387033
11554.578912572983
9139.668067812061
8070.027922785657
6481.376793960766
5915.851399202992
5243.2352114844325
4905.387617827003
4541.788900142503
4336.111744161065
4067.7097569050893
3954.2498649896115
3886.8772439054846
3849.4663168619422
3798.372775795042
3732.0295867617606
3624.061713859961
3614.5207446443674
3580.476772105362
3531.169126097717
3503.2306364015344
3494.8827349113453
3476.0959258537414
3468.628592049464
3458.4498697380413
3455.2347716307636
3447.2544534795734
3419.3157731181627
3415.5503666153527
3396.157366275337
3381.3093310335144
3359.9600245581
3345.0218326667887
3339.7287813855546
3325.540982247826
3321.976812047395
3307.588117362993
3302.3098455534573
3298.744946652031
3275.719338717603
3274.0010029138534
3267.2960754368078
3267.2960754368078
3260.1220037631433
3259.318509800572
3257.6134477579326
3243.5881337846226
3225.514978450081
3222.0373805128183
3218.095113018044
3213.297185057435
3206.368929553753
3205.067382679881
3201.726652897226
3196.3758996437246
3191.83149587282
3186.682253456781
3185.2576524804836
3183.307873128348
3180.623130306485
3178.2039382185994
3173.610440276461
3170.4664963461196
3168.64370236977
3168.64370236977
3166.735196174623
3165.3520745107467
3162.5004183714036
3156.3462115145953
3154.345863825798
3151.2124852531433
3147.395778421579
3142.942484649215
3137.2617134334732
3132.7440693678586
3129.0488184777214
3127.8037640480024
3122.9440633935706
3116.3959431165326
3115.30573713815
3112.610726759933
3101.929780667767
3100.516742518324
3094.000801900282
3089.6910791601285
3086.202518851469
3078.5657709283228
3077.7617800802605
3072.3542428695955
3069.088823775843
3066.0252196036868
3063.544444365947
3060.1911970435303
3056.3471675970604
3052.566308208732
3049.1589494371765
3046.1053619287504
3043.686932716989
3041.746207705216
3038.7189105727607
3035.7772383458396
3032.1158224846085
3028.881513271277
3026.560309381014
3024.2599474275976
3022.283225620214
3020.000794012199
3018.3849957106213
3017.0946588149086
3015.9283870052304
3014.6362642012805
3013.7573031996644
3012.3927097392416
3011.4428063715814
3010.3611733634757
3009.180603529763
3008.143456267606
3007.262351385197
3006.889497876584
3006.2705950303143
3005.324604505975
3004.541756822779
3003.995423505197
3003.6183537856227
3003.6183537856227
3003.236294974807
3003.1293415135024
3002.909900949234
3002.6145716458577
3002.6145716458577
3002.6145716458577
3002.3048983957906
3001.955574174121
3001.664475196952
3001.664475196952
3001.664475196952
3001.664475196952
3001.664475196952
3001.664475196952
3001.5810137247113
3001.5810137247113
3001.5810137247113
3001.4852462421945
3001.4852462421945
3001.4852462421945
3001.4852462421945
3001.4852462421945
3001.4852462421945
3001.4852462421945
3001.4852462421945
3001.4852462421945
14678.278117387033
10820.42112651227
9176.43847886636
6838.298955244633
6838.298955244633
6482.248922653027
6037.087032785736
5644.532708717918
5385.861414368657
5047.089443470353
4904.675127834436
4679.8058458270625
4567.801227033054
4267.643767201422
4176.330846754971
4038.076512681685
3920.827476401526
3840.12689746467
3798.114764631905
3756.928668401435
3717.6684967736346
3683.5333281884186
3657.672328045034
3642.1556922474856
3622.952913106511
3602.6454900050503
3580.134540778433
3569.210455832425
3552.4436657664473
3543.072670019603
3528.816203107923
3517.9835181679837
3499.994822753577
3492.4538821597916
3485.1113976774
3479.757503888356
3471.9532225658477
3466.9862620437125
3458.6369898411845
3452.6246142898563
3445.8498453559205
3440.763931578942
3436.6605787074345
3433.556867778347
3430.586601965674
3427.3071601480638
3423.9259043235584
3420.9383915650133
3418.382940321537
3415.6031579722917
3413.074702599667
3410.249110101717
3407.9416036723856
3405.770597302797
3403.992055557107
3402.1540120990867
3400.394184490534
3398.320721816326
3395.7297408821523
3392.207436516507
3389.115284668158
3384.9046078126485
3379.7112358825257
3375.011586181622
3369.2760408188265
3365.775408135418
3363.962609003885
3361.9093930667887
3359.299124947559
3356.9344394382115
3354.469248989837
3351.788974249601
3348.7655928918566
3346.2281473701887
3343.939593001858
3341.688688260904
3339.580605618158
3338.225472861986
3336.5903487026403
3334.6938896142847
3332.7635277205163
3330.803110538878
3328.577857204434
3326.2019116679116
3323.8314121480053
3321.5598556582654
3318.482644625304
3316.1495854741374
3313.972060366814
3311.91795053145
3310.1958984201474
3308.0998002212345
3306.4312526757617
3304.7813118028926
3302.9318800965716
3301.503206394047
3299.5066020724853
3297.81904531168
3296.238832170539
3293.926457758528
3291.928331491502
3289.754747080045
3287.091244952384
3284.1782009439194
3281.883790382552
3279.011250680984
3276.0958134271623
3274.2574681549595
3272.040500945607
3269.6725079200323
3267.9594305033174
3266.2873509617984
3263.998650541904
3262.037141996896
3259.3051348246
3256.7852607688333
3254.5917364035677
3252.5672495331105
3250.7331557306356
3248.9229516985606
3247.0980006722707
3245.570830451778
3243.574066294726
3241.767079299624
3239.865945657347
3238.368293966018
3236.690331995495
3235.1478519135467
3233.4861156547145
3231.871298098205
3230.2339910095707
3228.240010377221
3226.601888694811
3224.5832658616173
3222.371421015285
3219.572119600336
3217.3458625422827
3214.9593523104863
3212.264123627009
3210.7424999473415
3209.5688821274452
3207.843286195737
3205.468337370252
3203.781529648034
3201.9714181637873
3200.036094715406
3198.0055013914634
3195.8942928727693
3193.424428803408
3191.6409802523444
3189.0208386161707
3187.152642040781
3184.9030670034094
3182.254103462546
3179.2021914875554
3176.68466434095
3174.350670221676
3171.396431412608
3167.625620172916
3165.5981441651347
3163.2626735026424
3161.188034109384
3159.2662718810748
3156.471837076265
3154.256600139136
3152.0906099429467
3148.8748251801385
3145.9786153383156
3143.228587578365
3140.3875487665523
3137.489039700411
3134.009057960123
3130.623647821005
3127.10611344975
3123.6044134919316
3120.393267334679
3117.420610398167
3112.4154795531945
3109.138165215026
3104.4494811867294
3099.023650266145
3095.385672139967
3092.223654606076
3088.805419098584
3085.6540371579745
3081.8841138733073
3079.2601923765415
3077.853753102756
3075.8765320630296
3073.3479966870673
3071.152542397752
3068.7843822556524
3065.271625112554
3062.367906120522
3059.18978036179
3056.2254416155743
3052.217601024042
3049.7927061978216
3048.1240438243262
3046.2913755821464
3044.5540365406296
3042.7548572969245
3040.669231393026
3038.720071070374
3036.926590712523
3034.987829471447
3032.8662184548334
3030.3863204668532
3029.0453527263644
3025.9751757426266
3023.388672184055
3021.5136944273863
3019.9931347558945
3018.6963060753474
3018.0014419938852
3017.291553851296
3015.444104594882
3014.3721982964903
3013.084967508555
3012.029750427291
3010.786959364497
3009.5557713028525
3008.681468047041
3007.7822539796666
3007.292012579078
3006.6350313951593
3006.307451865292
3005.6155010181965
3004.8893615482702
3004.7315514267725
3004.0602179355183
3003.8535760259133
3003.316853695753
3003.2717383438435
3003.2482594063986
3003.2482594063986
3003.2482594063986
3002.844286279961
3002.4508996509785
3002.4508996509785
3002.407720977454
3002.407720977454
3001.8942167986424
3001.6572542843605
3001.6572542843605
3001.6572542843605
3001.6572542843605
3001.6572542843605
3001.6572542843605
3001.6572542843605
3001.6146317675893
3001.6146317675893
3001.6146317675893
3001.6146317675893
3001.6146317675893
3001.6146317675893
3001.6146317675893
3001.5441276335055
3001.5441276335055
3001.53935035655
3001.53935035655
3001.53935035655
3001.53935035655
3001.53935035655
3001.53935035655
3001.53935035655
3001.53935035655
3001.47787847186
3001.47787847186
3001.2741788922935
3001.2741788922935
3001.2741788922935
3001.2741788922935
3001.2741788922935
3001.2741788922935
3001.2741788922935
3001.2741788922935
3001.2741788922935
14678.278117387033
11838.946161873557
10028.476624764826
8232.467283337788
7448.462687920769
7116.5197314002
6717.628313483379
6328.972129106482
5783.007817962627
5435.1146017710225
5027.629006494656
4807.455498569403
4620.361440065428
4507.028492129068
4289.6913481388565
4212.26773654644
4123.617675547535
3987.237776905361
3886.130001780489
3826.237751944308
3713.4403709808544
3650.3928539377084
3593.1720318779594
3554.142750261673
3524.489810217839
3498.2654445188673
3480.3569567582376
3459.601089603839
3444.5681058240552
3432.2143630792293
3415.5160779584303
3405.171499887021
3404.5496923890214
3400.440781640779
3399.736848765717
3394.3452888638913
3388.8124064991102
3385.235810579148
3381.17428137057
3375.851231625644
3371.1434300045835
3365.8368375608106
3359.971311113123
3354.7945634148996
3350.610763231716
3347.7159030448784
3342.490512470169
3339.7715017575583
3336.83332511784
3333.850128134561
3331.041450819847
3328.765932669752
3326.264250153638
3324.015654728343
3320.9087252949857
3317.6281617993063
3314.0116809421006
3309.981712505387
3305.315963234516
3301.898187758132
3300.2783693831457
3298.977820885527
3297.2790172121213
3295.485850446594
3294.2999059078743
3292.8608944023686
3290.800897094002
3289.239557413629
3285.8396682432476
3282.9127840335427
3278.9387711328227
3273.8927145950292
3268.189061259236
3261.0043555651237
3257.225200368205
3256.4624593673643
3255.5525745310156
3253.6519927470945
3252.020819936239
3250.252198320207
3248.4040173016774
3245.8868349607515
3243.4018206362653
3239.6832749810487
3237.3909202057075
3233.7588040139194
3229.662047377692
3225.8645388519844
3221.4734754206274
3217.6595338387287
3212.8198196680505
3210.014021503943
3206.9052058772713
3201.888442500708
3199.7299681584145
3197.678981443785
3194.64696363924
3192.22559133721
3189.5229940531885
3187.3538171579976
3184.322556587046
3181.758164571324
3177.2522039107853
3172.9128388132135
3166.346399064051
3158.7090538335083
3153.208868774059
3151.590084973682
3148.7998263755458
3145.8353740765124
3142.7187531010773
3139.2403182034104
3135.7559752700095
3132.7167313045256
3130.449378656598
3127.638208189432
3125.8635301606396
3123.317883757699
3121.2274125753847
3117.837863421457
3115.049631151739
3112.556864215065
3110.408400403905
3107.7397373024005
3105.3946948367075
3103.023705352442
3101.201125114711
3098.7883724722064
3096.896555241641
3094.80033418802
3092.9260024406176
3090.5704752030083
3088.2687312095604
3085.682586667882
3083.671848145121
3081.2765063438237
3079.4385984649075
3077.665655468924
3075.9853954425057
3074.060809264165
3072.273567811551
3070.7288217351424
3068.9547988174772
3067.423013297771
3065.6501081746483
3064.31391734724
3062.7037020186567
3061.4847032976736
3059.927973402168
3058.330193511594
3056.8710474077957
3055.7426633293835
3054.7698880010657
3053.8057538191338
3052.606883167339
3051.432135118462
3050.4126536817657
3049.17937002734
3048.160247523522
3047.0908119380088
3045.8844226124597
3045.0303125270216
3043.896822200733
3042.5571373379116
3041.171086805393
3039.4102858195233
3037.852960454905
3035.617099280401
3033.5788955144144
3030.582918120223
3028.180717662331
3026.1936949723327
3023.7735449526617
3021.194192047901
3019.3257677373394
3017.8239565821827
