11411.099478048509
10083.644226049712
7608.277954066336
6928.804342749516
6462.409730671996
5497.4017762783105
5399.959971317089
5148.57633545227
4966.772118381705
4746.930544058128
4615.774868688754
4468.009607399335
4360.91865991626
4241.522093836029
4075.153579377021
4007.420200735036
3880.1564711283545
3725.5042425389465
3646.6839950968265
3634.8716235404972
3601.9108545265735
3585.371973343383
3562.564444846031
3561.469980071622
3543.9103427150403
3527.8823669658896
3516.177669589649
3494.9146266710914
3481.1772779568773
3480.9953936294132
3470.509545254903
3450.242678354547
3420.2718281233056
3399.8106282201916
3371.6141742791597
3365.5057361831705
3346.256644595316
3335.6744223960404
3325.2324682985686
3306.696609703407
3299.779378068761
3299.779378068761
3297.356479728267
3284.0007818346626
3248.64755050368
3229.065993879893
3184.6303729829815
3170.6620890613135
3153.6802513124285
3143.5258454463865
3120.7963565206137
3097.5260963990822
3088.884036570583
3079.401217576204
3069.090369537261
3064.43025739143
3057.969569970315
3054.123314257416
3039.667060614686
3033.863836744468
3024.8557730383627
3020.895451075128
3014.5266144126167
3012.298184922039
3008.1624359744055
3005.11863825198
3005.11863825198
3002.4461190286675
3002.4461190286675
3001.4514215207387
2990.861828017424
2985.531098215518
2984.983229846908
2980.4412109936097
2975.6291464811547
2972.486247845043
2968.589233213348
2968.4744733320795
2968.4744733320795
2968.4744733320795
2963.097812862337
2959.876722689388
2958.3873543751693
2954.234326315873
2944.5799349622243
2944.5799349622243
2944.353843304387
2942.717576570621
2938.1913688595223
2933.442228359861
2929.694317404453
2929.694317404453
2929.694317404453
2928.4260257520773
2924.5568776409195
2920.232760691564
2920.232760691564
2920.232760691564
2920.232760691564
2918.664052689946
2917.2594504329622
2917.2594504329622
2917.2594504329622
2917.2594504329622
2917.2594504329622
2916.6591214810755
2916.6591214810755
2915.8099872573484
2915.8099872573484
2914.8127944853536
2914.8127944853536
2914.8127944853536
2914.8127944853536
2914.8127944853536
2914.8127944853536
2914.8127944853536
2914.106128706751
2914.106128706751
2914.106128706751
2914.106128706751
2914.106128706751
2914.106128706751
2913.5809779357633
2913.5809779357633
2912.497626078985
2912.497626078985
2912.497626078985
2912.497626078985
2912.497626078985
2912.497626078985
2912.497626078985
2912.497626078985
2911.192364770215
2911.192364770215
2911.192364770215
2911.192364770215
2911.192364770215
2911.192364770215
2911.192364770215
2911.192364770215
2911.192364770215
15422.113335106716
12363.240482418962
10039.871949297409
8938.691392343353
6818.363083451314
6496.927015789292
5775.407047914029
5223.245877122869
4912.376625216781
4663.953115133447
4511.6775071496
4271.798008638272
4073.893207796965
3981.1074929392075
3910.9693675093204
3837.85893170012
3786.880765147168
3752.943202187874
3701.287461332872
3689.900438214245
3666.4825747065433
3630.710565996572
3578.6661700009763
3547.6044622576865
3547.054107272462
3513.983073863938
3459.414309783428
3428.271403616807
3400.181245569383
3379.6564611164977
3336.3488277218685
3288.852853753891
3266.8298466919714
3246.296448919593
3225.3617361727615
3211.321490050643
3192.1028917048925
3175.9450493381596
3145.697727945112
3120.01566435762
3108.0990134060858
3094.0096134551522
3060.36655095535
3057.8103500448387
3041.5287896869495
3020.3307222607928
3000.7352760585486
2999.9547831068494
2995.4945659941723
2987.125592904945
2980.832288462916
2977.618783725718
2966.181971591351
2959.0259987335935
2958.744221764082
2953.8921017014477
2953.5870492696295
2949.72202630184
2948.3899487087656
2948.3899487087656
2943.1842744211244
2943.1842744211244
2942.1815837211243
2938.3614224676303
2937.101355959407
2936.9999039124828
2935.6746010946476
2935.6746010946476
2934.676506641827
2934.02211323621
2933.148511602407
2933.0106250420235
2931.4152711023676
2931.4152711023676
2930.6397950662754
2929.693418684664
2926.2166377199997
2926.2166377199997
2926.2166377199997
2923.724987112459
2923.724987112459
2922.3836401839567
2922.3836401839567
2920.300136678335
2920.300136678335
2920.300136678335
2919.643694794542
2919.643694794542
2917.61809360369
2917.436078613643
2914.5446540792054
2914.5446540792054
2914.5446540792054
2914.5446540792054
2914.5446540792054
2914.5446540792054
2913.1446374703755
2913.1446374703755
2913.1446374703755
2913.1446374703755
2912.810803449914
2912.810803449914
2912.810803449914
2912.810803449914
2912.810803449914
2912.810803449914
2912.810803449914
2912.664942654844
2912.664942654844
2911.8711566573547
2911.8711566573547
2910.465184153306
2910.465184153306
2910.465184153306
2910.465184153306
2910.465184153306
2910.465184153306
2910.465184153306
2910.465184153306
2910.465184153306
15422.113335106716
12697.942576130154
8978.904516314635
7373.132584811917
6920.4884068451875
6055.146753378612
5713.07941853372
5169.149384623118
4740.224878319057
4440.833583690179
4318.991505658694
4184.059602229085
4047.0221777995857
3947.716183019334
3933.1168767311183
3879.831435169028
3838.2927779475485
3750.5380428454255
3691.5199013869305
3630.72745377095
3594.9789076820234
3576.4899078124895
3563.9507191594107
3542.3406826722253
3505.674314351953
3472.0733163540262
3459.3791707435585
3440.064890932008
3410.9868580081347
3386.1760916902504
3330.774927443849
3289.9073216723855
3259.9085383309134
3224.51767818585
3151.9714476522468
3141.821021249628
3111.606543375624
3111.606543375624
3106.726934010893
3101.4118159595455
3091.8731222576193
3080.715875186389
3080.715875186389
3070.1573020190276
3042.5624592742847
3040.8182029376667
3040.8182029376667
3025.576745037873
3018.143315580781
3009.4394171314098
3003.7973602827824
3001.4299163245446
2988.695012157531
2983.194755189465
2974.5085527062497
2974.5085527062497
2972.4907925129437
2971.342797918459
2968.2807472656414
2964.235069028995
2958.8902005414557
2958.8902005414557
2955.927906079767
2955.927906079767
2953.069265685651
2952.3608095401314
2952.3134754825896
2950.141796336201
2946.207364398092
2945.4237434191814
2945.4237434191814
2937.60428871448
2933.595068865464
2929.3338150038344
2929.3338150038344
2927.3446161915367
2927.3446161915367
2922.431068135433
2922.431068135433
2922.431068135433
2922.431068135433
2915.7313630565177
2915.7313630565177
2915.7313630565177
2915.3059826544645
2914.629510456157
2914.629510456157
2914.629510456157
2914.629510456157
2911.8075245395685
2911.8075245395685
2911.8075245395685
2911.8075245395685
2911.8075245395685
2911.8075245395685
2911.8075245395685
2911.8075245395685
2911.8075245395685
15422.113335106716
11179.719514568626
9572.466556612984
8043.357859151244
7148.958389154963
6790.14652297255
6352.467394893422
6009.876061182333
5799.029670078651
5458.906137274362
5077.857996447952
4828.062608065868
4648.317393794216
4459.166296394451
4312.310113975635
4114.825117269317
4043.675871248907
3953.5360080037285
3846.703311519932
3836.6405255284603
3809.1191358052797
3769.7508512059294
3739.9217785381597
3732.539868951093
3710.2744334657527
3683.481306931384
3648.5944290064367
3632.5239014560802
3619.504895637924
3566.0807169636664
3549.7861972605606
3518.7285518345752
3502.117004758049
3482.914576227385
3453.5512996231987
3442.012741942071
3420.8797250848347
3406.7602922007636
3384.9198168423736
3366.4551219762916
3343.131193504647
3306.2069344205393
3292.268613210342
3271.334865312796
3271.334865312796
3267.293454619712
3264.531961451334
3259.1749595370193
3254.2981538321583
3251.3932762644836
3248.8768630820496
3244.481557542144
3218.3100766155753
3190.7523789451643
3158.5709048569406
3139.342874059184
3107.8236827914975
3082.886663562965
3055.1436441716587
3043.607498045986
3040.661712264371
3021.1407543158452
3021.1407543158452
3020.3833797238863
3013.4181636399085
3012.4452778389905
3006.7370561326356
3001.431453788788
2990.1475561360458
2983.6651371934613
2976.403270242625
2975.0646028630786
2973.036216170254
2969.431724544839
2962.5308932056514
2962.5308932056514
2952.4692369096138
2952.4692369096138
2952.4692369096138
2948.354231841437
2947.1099610503084
2947.1099610503084
2943.6610997811113
2939.4394300765302
2936.6392434839663
2935.582884743622
2934.2586744652585
2932.3652215406005
2932.3652215406005
2932.3652215406005
2932.3652215406005
2929.1725101872426
2924.643605946677
2920.2082789393316
2920.2082789393316
2916.8019999376124
2916.8019999376124
2916.8019999376124
2916.8019999376124
2916.7537843875157
2916.7537843875157
2916.7537843875157
2916.7537843875157
2915.0485912093945
2914.9080281971274
2914.9080281971274
2914.9080281971274
2914.9080281971274
2914.9080281971274
2914.9080281971274
2914.9080281971274
2914.9080281971274
2914.6881457244067
2914.6881457244067
2912.5407196203687
2910.7964325283915
2910.7964325283915
2910.7964325283915
2910.7964325283915
2910.7964325283915
2910.7964325283915
2910.7964325283915
2910.7964325283915
2910.7964325283915
15422.113335106716
11407.17980870651
9458.104170559429
8008.588231755858
6646.211878659835
6365.692186609085
6353.303588966664
5998.274851505705
5596.860271187192
5302.789919345631
5017.451241255248
4844.660642226883
4705.847398463084
4535.940347426099
4305.425825848393
4161.359781949188
4057.107549364161
3968.717479585667
3949.6818891955863
3891.843284260659
3873.674214840683
3836.5032366289856
3767.278424875198
3717.417165088127
3685.803304345997
3647.5956603631353
3597.9031199845085
3538.551090937026
3481.9904834382173
3418.562605575922
3357.5748912080867
3293.6740526296126
3233.0842870208926
3212.94436822374
3190.5946292378608
3178.461338393623
3168.8666192877067
3163.2058115799828
3163.2058115799828
3158.478333657404
3145.272188362035
3140.4107124644793
3126.9775502809475
3115.486539407963
3113.6769100030083
3099.9678874138394
3087.339488891628
3077.9969393008428
3066.2239731306972
3064.671741728918
3051.8766153166835
3038.8767861985048
3033.217891180608
3030.2354001796766
3017.4884747940187
3010.776126386668
3010.776126386668
3006.571707161725
2996.4192391197216
2985.8838023408753
2981.376573868057
2978.123507109151
2973.730675146717
2966.71621061328
2963.1123597959804
2957.2753887352037
2953.3281239484613
2952.312503634572
2948.0996229796483
2945.1154276711363
2940.2270035036736
2940.2270035036736
2940.2270035036736
2938.865874781267
2938.800005822306
2938.3550307491314
2937.5664019221567
2932.762988786508
2932.762988786508
2931.2943927255674
2928.678748901656
2928.1667615182937
2928.1667615182937
2925.122652038642
2925.122652038642
2925.122652038642
2925.122652038642
2925.122652038642
2922.995745707562
2922.995745707562
2922.452019812088
2922.452019812088
2921.8580983968905
2920.211524567762
2920.008811384836
2920.008811384836
2917.8481285084117
2917.8481285084117
2915.2821759665076
2915.2821759665076
2910.5783038655136
2910.5783038655136
2910.5783038655136
2910.5783038655136
2910.5783038655136
2910.5783038655136
2910.5783038655136
2910.5783038655136
2910.5783038655136
15422.113335106716
11024.898873434297
9601.697567564439
7406.111143420878
7122.20014293921
6855.766828096953
6674.705104790535
6242.4333189482295
6037.304310502646
5848.140804512935
5665.695272823021
5559.691362234864
5351.916413325373
5247.814229795089
5158.3470510995785
5030.107877611315
4933.392777083094
4803.5023780202455
4675.430896211516
4549.924996193527
4445.473922650159
4341.876660028016
4287.471283205618
4211.82131519763
4188.079815036749
4138.824875335651
4098.235592279412
4065.560411134421
4019.7428381970585
3966.420443192431
3920.289145241197
3877.795084111811
3815.5819210752416
3791.5634870921467
3772.2012608509167
3752.6934797531785
3737.228507063747
3718.059140506636
3705.636625066367
3689.508448554308
3657.5604194252574
3628.7515789635054
3600.1305039607328
3569.4535745859584
3559.5040730412434
3552.922678631406
3542.4659944221216
3533.050870250302
3517.595309996276
3498.6408556044034
3481.1458786042695
3467.501532951047
3446.0281330707867
3425.589997520746
3408.7159686089567
3396.3453823748027
3385.0092398436677
3378.8145806639905
3372.733349285599
3366.2797385777467
3357.601757767802
3348.64758621505
3340.667780336284
3331.504356248252
3320.3504509175536
3308.8655698762327
3301.4068173610503
3288.0827542513784
3277.330987446515
3267.1504096017634
3260.323065118547
3253.1686683930398
3245.182030475323
3236.9193580305864
3227.7385304706204
3219.5537775057037
3210.528854969525
3200.28720113561
3186.86601980915
3177.436829102561
3168.670643389753
3160.9535210548684
3152.903306793577
3145.0035848368366
3135.304265050586
3127.3020292630695
3113.7995215698024
3103.847659339618
3095.2239564330584
3087.9164374747493
3080.341860040601
3072.0296654323656
3063.451608918342
3056.796260943213
3049.1714990367245
3043.2143387541946
3037.034845630006
3029.700779034958
3022.983247744445
3016.4109607890427
3010.5473593995926
3006.978071866247
3001.344697169727
2995.185612591516
2987.991892788468
2981.824062344287
2974.5686525349815
2967.1627700369413
2961.1136893828843
2952.7036204991578
2947.3598928743136
2944.399077786909
2939.804875615903
2937.6031042733016
2934.1094902146247
2932.223394998086
2932.223394998086
2928.4639910211095
2926.398990366336
2925.5828654071156
2925.5828654071156
2923.8114337503184
2923.8114337503184
2921.51583574314
2921.152680333458
2921.152680333458
2920.788726006256
2920.788726006256
2919.1641118971006
2919.1641118971006
2917.4919120006684
2917.4919120006684
2917.4919120006684
2915.629288303188
2915.629288303188
2915.629288303188
2915.629288303188
2915.629288303188
2915.37166651027
2915.37166651027
2910.2422629683188
2910.2422629683188
2910.2422629683188
2910.2422629683188
2910.2422629683188
2910.2422629683188
2910.2422629683188
2910.2422629683188
2910.2422629683188
15422.113335106716
11517.792290766605
9572.826804435399
8366.130574199378
7696.905009032363
6992.589251473683
6354.400656235303
5994.532607237996
5465.321074074778
5196.545072166784
4918.659731635448
4755.421805929465
4526.818999646614
4450.262820517343
4343.443905627717
4114.087131833669
4021.7197158128356
3818.795860279863
3746.7528267915113
3611.89280628068
3474.615422100875
3401.115649212933
3379.0196001731238
3359.575933718978
3318.6831845536817
3270.555493603785
3251.7498095280926
3225.413261199226
3200.9588819048013
3183.05297630543
3169.8866328454233
3154.916556185566
3142.285902018036
3132.0455242443895
3102.0909242472517
3102.0909242472517
3086.7394949502777
3072.446453156376
3068.754998715798
3062.489475726357
3057.107016897132
3055.1612473474565
3044.8159105842506
3036.4715261901924
3030.678422337865
3021.092941249683
3012.925997382737
3007.802492843428
3005.4983659339086
3001.257690310509
2983.406613489157
2974.7859893342493
2965.927228356899
2961.6285649529214
2960.2471888732534
2951.0559227312015
2951.0559227312015
2950.966152604298
2946.134203899328
2942.933742794429
2942.933742794429
2941.98690977792
2940.433698007605
2938.0154115140203
2936.562969268254
2933.2214426473756
2933.2214426473756
2930.257533100317
2930.257533100317
2930.257533100317
2930.257533100317
2927.9901895876546
2926.9854950445792
2924.197855078665
2924.197855078665
2924.197855078665
2923.989971406947
2923.989971406947
2917.8381771709282
2917.8381771709282
2917.8381771709282
2917.8381771709282
2917.772581152493
2917.772581152493
2916.0236256423927
2916.0236256423927
2916.0236256423927
2916.0236256423927
2916.0236256423927
2916.0236256423927
2915.609261439785
2915.609261439785
2915.609261439785
2913.601288107179
2913.601288107179
2913.542643977002
2913.542643977002
2910.6577695202873
2910.6577695202873
2910.6577695202873
2910.6577695202873
2910.6577695202873
2910.6577695202873
2910.6577695202873
2910.6577695202873
2910.6577695202873
15422.113335106716
11289.027544000384
10101.551251918881
7027.5864982238
6857.492548646633
6417.203626581171
5861.096294378351
5560.647821721279
5362.777749543357
5050.561100135701
4847.695787693779
4629.1365573025305
4392.596637659001
4264.682897706203
4230.367540010847
4125.433869473268
4052.0666086194997
4000.1210744291475
3953.1932917965687
3896.569429935794
3859.5315302043955
3838.8927050255515
3823.691241091311
3763.165877974526
3704.14775250773
3689.156491037321
3689.156491037321
3661.1112630762173
3635.8575214538023
3625.4776764143617
3603.5535836196723
3584.0480615673887
3579.434633998441
3574.9880052205763
3546.058779267469
3534.7638761453736
3507.956884688685
3485.94255897122
3438.6359332095976
3355.6051668303608
3308.446213797954
3275.3440370791927
3251.032215123034
3238.79426359892
3225.5019751861937
3199.3150419531917
3175.491481755038
3148.908570106049
3121.267723115663
3110.2995460372495
3092.9132731882955
3080.748472528133
3066.1915548440033
3056.5320230685393
3047.2428535233926
3035.0089545168676
3023.262470366814
3007.8369081666433
3005.71812302721
3001.6829914042364
2994.4791542927283
2990.3821171470013
2986.513899716397
2981.8342663039493
2974.8316591574944
2973.313169152091
2968.895343310572
2961.5612963476174
2958.3024659626253
2955.896143474566
2953.4488148477494
2951.891588714122
2951.891588714122
2946.943473112671
2943.921805573072
2942.745852893709
2940.050803996009
2940.050803996009
2937.0203851326114
2933.149063146837
2932.7281895534934
2927.6366542483597
2925.735789193638
2925.735789193638
2925.735789193638
2925.3952993476737
2924.5094618855887
2924.5094618855887
2924.5094618855887
2923.2824240227496
2921.1302413113663
2921.1302413113663
2920.769860942278
2920.590136653479
2920.590136653479
2920.590136653479
2918.6638712571544
2918.6638712571544
2918.6638712571544
2918.6638712571544
2916.8338754445736
2916.8338754445736
2916.8338754445736
2916.8338754445736
2916.8338754445736
2915.506513024762
2915.506513024762
2915.506513024762
2915.506513024762
2915.506513024762
2912.7172242311285
2912.7172242311285
2912.7172242311285
2912.7172242311285
2912.7172242311285
2912.7172242311285
2912.7172242311285
2912.7172242311285
2912.7172242311285
15422.113335106716
12608.585993724972
9326.6881574935
8009.99761491278
7606.1152889448595
6868.332962966892
6556.368576468572
6196.414347448152
5836.2796083353405
5604.530245452226
5261.941977807053
4963.160879386899
4694.002636046342
4460.583767599675
4311.765049763846
4163.942382525481
4094.7188718474604
4015.61285436702
3963.745190260308
3921.493198297523
3870.702583394137
3859.7321709071234
3852.4355496263042
3827.8651592124834
3801.980659145539
3796.6387682214845
3788.3449369777713
3773.0515686519284
3760.0567122921398
3750.2014856084484
3731.326313729288
3718.3474314774353
3707.914803000581
3700.4109059180346
3686.9306086691654
