11065.88207027679
10407.991538703798
9069.671174912026
6966.977765913255
6287.66055882574
5205.164267659189
4631.211789387124
4272.934655782868
3963.3207309459494
3801.652157383889
3723.6326872587706
3610.2846770207434
3561.959204889639
3503.0561573180507
3456.1408370745858
3406.0598875260202
3360.716761308411
3336.7379988636235
3316.572560045496
3311.1124423357246
3302.0442148639386
3294.7984203779033
3290.279005368985
3285.9574873997085
3276.5811797011665
3271.870692238571
3270.1104838354477
3264.8402291444972
3259.2294424931924
3251.4111881328786
3240.057679449074
3229.7746600480923
3218.8189991079917
3204.3583347721624
3195.4039014726613
3186.884763895497
3178.9591927969623
3174.1739701808747
3167.8935965095816
3162.946942860518
3152.540827521591
3144.4458424324384
3135.895778675195
3128.221160438339
3122.01136961815
3116.466131477851
3112.482235825466
3111.1817604797156
3107.697596550041
3104.3762055969596
3101.420742096438
3096.4376532989418
3093.8990529092966
3092.276334136373
3089.9767197570895
3088.465180488423
3085.8999968939006
3084.422099639466
3082.5068483814985
3080.8370517183585
3078.9292625491566
3076.838365562564
3074.777407058347
3072.452433919474
3070.091211896887
3067.128607870731
3062.220689869845
3058.533646549665
3053.449484518445
3048.7839291224686
3045.1513062004738
3043.7115487498063
3041.7408416080316
3038.3051706080387
3036.3575609716368
3034.0032558896423
3031.8038839948244
3029.526179324669
3027.464317900391
3026.0140698460555
3024.5635639866878
3022.9765247828673
3021.8718685340887
3019.9861584286314
3018.207250002872
3017.2249975477707
3015.9035838084565
3015.0451103731198
3013.875224356125
3012.872632414292
3011.619863005923
3010.334063184903
3009.5135104725937
3008.371556589417
3008.310032127914
3007.18152900246
3006.4376366033575
3005.69306432423
3005.69306432423
3004.1239721249576
3004.1239721249576
3004.1239721249576
3003.4293490397536
3003.0947546841526
3002.762815489451
3002.762815489451
3002.6473628377607
3002.591864704458
3002.591864704458
3002.4365456588157
3002.4365456588157
3002.4365456588157
3002.1069108113024
3002.1069108113024
3002.1069108113024
3002.1069108113024
3001.643188261386
3001.643188261386
3001.643188261386
3001.643188261386
3001.643188261386
3001.5010851095913
3001.5010851095913
3001.5010851095913
3001.5010851095913
3001.5010851095913
3001.5010851095913
3001.5010851095913
3001.4285552666856
3001.4285552666856
3001.4285552666856
3001.4285552666856
3001.4285552666856
3001.418766442741
3001.418766442741
3001.2132228908467
3001.2132228908467
3001.2132228908467
3001.2132228908467
3001.2132228908467
3001.2132228908467
3001.2132228908467
3001.2132228908467
3001.2132228908467
14706.676870571513
11978.175471730805
10328.759611172052
8662.365148693838
7105.8152488619335
6297.167061724895
5610.053197979759
4991.188276762658
4593.3542284657415
4299.560402201599
3980.0658831295923
3891.4204757482084
3766.33514062256
3743.735859855139
3696.258139529666
3606.1401227951637
3551.714762740239
3505.7560453007577
3498.7713608433537
3423.9960944520926
3404.156805269474
3389.868282700686
3365.791097015477
3331.522221129916
3315.195123752615
3304.337581175661
3277.353654239264
3271.774967549307
3270.87504039014
3263.064897848728
3248.0883288066943
3232.8636368919997
3230.299723080729
3229.4812980722236
3222.5523167638216
3213.3551815865117
3202.1847631639157
3192.9906798780285
3184.958753366794
3179.0865402797344
3167.809447468196
3157.536394589689
3146.55208600002
3137.911429796121
3124.9848277211213
3116.384725653524
3106.114213677962
3095.5199297958893
3086.20768610045
3076.5920304582005
3068.693418574076
3065.173831740418
3058.88076403881
3056.480807519344
3053.5739681962987
3051.6458774847542
3048.9704845172014
3046.8167799970797
3045.11051066235
3042.276090788024
3040.6530023467894
3037.877919816932
3035.4054959243786
3034.081520159513
3032.719277451777
3030.855675410294
3028.5766988215446
3026.647471988174
3024.699422777505
3023.3109535049157
3021.9574377791896
3019.5113042735316
3018.618166227161
3016.912867189791
3015.731212667038
3013.9103783925816
3011.9065625920866
3010.047371408509
3008.851899498885
3006.9865566744825
3006.058919671552
3005.603207811731
3005.333479483442
3004.515006443185
3004.0193969893617
3003.8673105396174
3003.7028225607933
3003.291036676109
3002.918050034201
3002.74499881838
3002.74499881838
3002.55058296544
3002.55058296544
3002.1622722257684
3002.1622722257684
3002.1622722257684
3002.103650784601
3002.0644643955584
3001.7276119449634
3001.7276119449634
3001.7276119449634
3001.7276119449634
3001.6913824543476
3001.6913824543476
3001.6913824543476
3001.6913824543476
3001.6913824543476
3001.6913824543476
3001.6913824543476
3001.6913824543476
3001.6913824543476
14706.676870571513
11800.165290456538
9532.146592751622
8543.440556683276
7943.319563805409
6966.647821567427
5957.107820523642
5303.19573783291
4502.771232689986
4158.80382760483
3891.7462750871064
3711.2074857323278
3599.8800488719467
3453.3642625905486
3362.085151058912
3281.8814645488724
3242.5117109606754
3213.9672593618798
3197.8250591283686
3186.151708978019
3165.262033936824
3160.995743185586
3157.2627635666418
3136.810431174359
3124.77673185846
3120.6242326235592
3113.252756244003
3108.3277321197183
3103.1008436376683
3086.586851980235
3079.8122042532154
3077.2164646213228
3072.6991154389125
3070.552542193629
3068.9935174809675
3066.1151737071373
3065.0107187522203
3055.3622791751895
3050.637886020391
3049.157121609485
3042.9660536046827
3035.2311639396303
3035.2311639396303
3035.2311639396303
3031.98172772079
3031.759236353569
3027.9578635854878
3026.7329628672437
3025.1778248589694
3023.199391582987
3021.4231408084706
3017.297694606926
3017.246588280369
3016.2747753739613
3015.71746267472
3013.715759308786
3013.01228919518
3012.2082521231046
3011.4779400966404
3010.517506791079
3009.720766086977
3009.2190131470697
3007.967829697136
3007.814512523402
3007.5576318526937
3006.603160178175
3006.603160178175
3005.3000290037235
3005.240387481849
3004.738919562713
3003.9989738292134
3003.9989738292134
3003.824304256936
3003.824304256936
3003.42206791495
3003.42206791495
3003.4103119345664
3003.4103119345664
3003.186148370712
3003.186148370712
3003.1297647095244
3002.956264624241
3002.412723330813
3002.412723330813
3001.7232442192444
3001.577572489437
3001.577572489437
3001.577572489437
3001.577572489437
3001.577572489437
3001.577572489437
3001.577572489437
3001.577572489437
3001.5320799392916
3001.5320799392916
3001.4617488364215
3001.4617488364215
3001.4502853179433
3001.4502853179433
3001.4502853179433
3001.4502853179433
3001.4502853179433
3001.4502853179433
3001.4502853179433
3001.2356121087378
3001.2356121087378
3001.2356121087378
3001.2356121087378
3001.2356121087378
3001.2356121087378
3001.2356121087378
3001.2356121087378
3001.2356121087378
14706.676870571513
11595.748674276525
10059.580595398475
8586.944713351062
7200.772950740942
6874.244812144612
6083.998544538008
5368.334996034785
4933.993531055157
4535.9631118951365
4260.219799479176
4024.0859090559693
3905.7584205036155
3799.2381179010686
3733.6000677891625
3687.3970342525145
3669.9365068041907
3635.5037869043554
3571.8645492377477
3543.4775955467885
3516.9982196908886
3480.1499521349033
3468.59789804475
3455.0661335448935
3412.2323358875815
3390.529072895306
3372.510477183448
3366.7772979459114
3353.001696917889
3326.5748430247
3311.813203456317
3294.615766347642
3273.8141324727667
3268.3211616475774
3268.3211616475774
3262.1426176234736
3257.631521400531
3256.751732636038
3243.471571400028
3226.9254066846024
3202.5740057240223
3187.7571070985027
3187.7571070985027
3173.958454476631
3161.230869921324
3159.2807657848452
3151.406809791036
3138.4653569399416
3131.105920383247
3129.8321895986087
3129.8321895986087
3121.3389034056604
3117.294258500103
3105.414588016507
3098.2295462849675
3089.8167283160797
3086.033663224962
3084.7595607534827
3081.272921766601
3075.6434695602884
3072.049851984143
3068.6959139327187
3064.711326711534
3061.219107492861
3059.1383469310963
3055.30492205702
3052.8568243146683
3051.891958600037
3046.823752070553
3044.442960372713
3041.523722856678
3039.213545768916
3035.7790072114763
3034.3135960210366
3032.514627445328
3030.6554987758486
3030.0606393671583
3026.835285085791
3025.457796119578
3022.206057998704
3020.7078467123656
3017.7381944740623
3015.632183869248
3014.835595365106
3014.175536327641
3013.781295991581
3012.559879299642
3011.9091380547998
3010.4758842674973
3007.783566834374
3006.506696354338
3004.878667317249
3004.878667317249
3004.878667317249
3004.6355482420818
3004.345680117593
3003.8643185574465
3003.160576088545
3003.160576088545
3003.1015698354104
3003.1015698354104
3002.5712167565366
3002.4290080645887
3002.4290080645887
3002.3640275674607
3002.3640275674607
3002.3640275674607
3002.210502984015
3002.210502984015
3002.060412374437
3002.060412374437
3002.060412374437
3002.060412374437
3002.060412374437
3001.966308647019
3001.966308647019
3001.928687170273
3001.928687170273
3001.928687170273
3001.928687170273
3001.928687170273
3001.928687170273
3001.85383197283
3001.7662543711926
3001.7662543711926
3001.456822664682
3001.456822664682
3001.456822664682
3001.456822664682
3001.456822664682
3001.3689568196587
3001.3689568196587
3001.3689568196587
3001.3689568196587
3001.3689568196587
3001.3689568196587
3001.3689568196587
3001.3689568196587
3001.3689568196587
14706.676870571513
10283.117989100663
8714.272879588196
7148.266824206663
6088.0914489921215
5818.174659015222
5048.085028494843
4677.463659967184
4524.485921309518
4160.8061518072445
4111.42454701256
4004.216763760771
3884.567321071035
3834.8146676313777
3713.327094092638
3645.430613744281
3555.9056313081046
3478.8784808737964
3380.6749947840963
3378.615292206805
3356.574969320343
3348.6549946990112
3348.6549946990112
3327.6559652777114
3290.864291595536
3253.3993292351956
3230.7964683460596
3228.260242148037
3209.294098548721
3182.8466955843405
3182.8466955843405
3174.7957608270303
3160.762839821118
3154.725523312986
3144.5656765374333
3116.4490202985266
3092.9129472941195
3081.052822491887
3052.2935113718127
3049.922118482557
3043.529546460618
3026.3818021994075
3026.2064845635255
3025.6134938828927
3018.497247646119
3014.6965688175214
3009.98228589103
3001.42521375041
2996.0040786777067
2991.3960126160555
2982.856786120839
2982.494848560548
2979.3675689349557
2975.215635505655
2961.390946536433
2961.390946536433
2956.2681571008015
2955.5008811944913
2953.704671215717
2950.345974588418
2948.9379891375625
2948.009134684187
2941.8598249598576
2941.8598249598576
2939.275855326095
2936.605425467219
2935.0494712524473
2934.9175391061676
2934.2614946601097
2930.6413557306732
2930.6413557306732
2927.9169655861074
2927.9169655861074
2927.9169655861074
2921.8749535233924
2919.886445488004
2919.886445488004
2919.886445488004
2919.414198423548
2918.51562209432
2918.51562209432
2918.51562209432
2918.51562209432
2918.51562209432
2918.0660171069353
2918.0660171069353
2918.0660171069353
2918.0660171069353
2915.7354234040426
2915.4311172754624
2915.4311172754624
2915.4311172754624
2915.4311172754624
2913.413888823132
2913.413888823132
2910.418788652889
2910.418788652889
2910.418788652889
2910.418788652889
2910.418788652889
2910.418788652889
2910.418788652889
2910.418788652889
2910.418788652889
14706.676870571513
9868.215781402827
9292.63226384035
7478.441296054348
6341.963960626452
5855.522877294341
5471.47451769958
5233.141742829539
4931.0394524544245
4678.005152053616
4549.936812004361
4338.593568313918
4166.18716562183
4020.37534687551
3986.0156220600543
3909.6116978214177
3819.799601551572
3795.104961225785
3709.6759110836047
3535.54344102596
3468.940807736673
3461.436410615717
3403.291416111765
3387.754555533103
3386.2589720713986
3363.455512327474
3325.3242387394466
3325.3242387394466
3280.2492613045224
3247.791414717464
3242.9799920849173
3226.85195496741
3193.375867262857
3182.89767498482
3173.4881287666904
3160.861818777602
3130.008563162738
3102.534595022993
3083.577280730987
3078.3271713382223
3071.358096099252
3060.911716587594
3049.0977591973588
3033.1762517910092
3014.691595219088
3014.691595219088
3011.1294017458185
3002.3986060588045
2993.80434670178
2993.80434670178
2993.80434670178
2991.3420871242874
2982.1166983537996
2975.9881577782044
2971.8613731382493
2969.2721519621605
2966.735460759328
2960.287393227563
2959.157951634013
2954.2960349304994
2948.92987817903
2948.5898824210262
2945.693079758005
2945.5132699650594
2940.762471065624
2938.4024763327448
2938.4024763327448
2936.826797741544
2936.079753244621
2934.3556795630784
2928.3621210363117
2928.3621210363117
2928.3621210363117
2925.001007324324
2925.001007324324
2925.001007324324
2924.0121938756292
2924.0121938756292
2923.68247115093
2923.68247115093
2922.7583870621415
2922.7583870621415
2918.380494922416
2918.380494922416
2918.380494922416
2917.977543196579
2917.977543196579
2916.594190297838
2916.594190297838
2916.594190297838
2916.594190297838
2916.594190297838
2916.594190297838
2913.6400022403377
2913.6400022403377
2912.1486200223867
2912.1486200223867
2912.1486200223867
2911.9360897593597
2911.9360897593597
2911.9360897593597
2911.9360897593597
2911.9360897593597
2911.9360897593597
2911.9360897593597
2911.9360897593597
2911.9360897593597
14706.676870571513
9335.188778482134
8883.356890441853
7633.211045778648
6480.388114023781
5898.890635000827
5549.511220311147
5053.96483517187
4882.44728190372
4570.0491498396195
4425.992150586675
4281.7477630240855
4161.850818413002
4122.559426093752
4110.657612752501
4077.3039191486705
4044.269374541953
4019.9859138601587
3998.5468425208946
3942.317442839172
3928.196776701737
3835.1617832239453
3808.6058508111264
3753.563727570291
3730.8503385775975
3698.470597264103
3680.1815921099933
3676.7833132034357
3569.4668777147363
3446.9427205944967
3398.7313797732136
3311.0235147781505
3291.265909800022
3270.9382969079634
3222.811384522831
3198.999249095527
3196.5018563927933
3177.0067706684213
3165.0507712355484
3151.9745448939498
3137.3979498757126
3125.7498738267077
3125.7498738267077
3119.3793128341376
3106.339715034565
3106.339715034565
3092.8544946910874
3077.846145044497
3067.1078390918374
3058.38460288056
3048.173509417918
3026.1599920249837
3012.963947816503
3004.123122126842
2999.1837401703806
2987.777879680818
2981.154781098332
2981.154781098332
2981.154781098332
2974.7181348044355
2964.839448780094
2964.839448780094
2963.423461187713
2962.2510964198145
2955.4683245767205
2950.9171336101854
2950.9171336101854
2950.9171336101854
2946.766915398107
2946.766915398107
2940.68003626283
2936.9017763131924
2934.513817288666
2934.0877482995293
2933.3168142028794
2930.5186339466973
2928.468297822008
2928.468297822008
2928.0454720655594
2927.964125890892
2922.086110683813
2922.086110683813
2922.086110683813
2920.8288553784664
2920.8288553784664
2917.5050377262232
2916.570115492429
2916.570115492429
2915.3938036675795
2915.3938036675795
2915.3938036675795
2915.3938036675795
2915.3938036675795
2913.7346341616562
2913.7191695623887
2911.3702915436406
2911.3702915436406
2911.3702915436406
2911.3702915436406
2911.3702915436406
2911.3702915436406
2911.3702915436406
2911.3702915436406
2911.3702915436406
14706.676870571513
11757.9502570744
11000.053203712647
9119.360510424503
8548.206760935249
7082.359801243548
5999.171492377172
5293.615616443503
4927.088205821483
4534.60295100457
4322.275135864864
4134.081485614065
4014.3722783963967
3949.387137627202
3869.0154519547646
3760.7658576732674
3665.846125196725
3638.220471845547
3592.9157089364367
3558.677638968408
3518.65195516668
3487.8589698509413
3454.451600046011
3440.3079624373827
3439.8182757595196
3407.655548202108
3378.5951195464977
3339.3103465526983
3304.9302691105026
3282.7162165500904
3270.3652114061374
3251.263541896332
3244.0781704228352
3239.3065416131394
3234.402040659884
3231.2633612842087
3226.173448061236
3221.9786328416894
3217.5744297926276
3210.218582762772
3206.410847979568
3197.808157322115
3192.213760675126
3189.999956013228
3183.9110381574983
3179.6927966004646
3176.0605107203696
3168.371346672356
3159.554978849452
3147.499960491543
3134.9319809287626
3124.786656074576
3116.4168203673134
3107.8400980968368
3103.9069888386034
3099.3878253133357
3093.0880238116442
3088.9167376072337
3086.6994866708565
3083.5230909357465
3081.7430087287457
3079.9641456981954
3077.0448347631163
3074.8701121853737
3072.0001776093845
3069.143824704238
3066.6146273130817
3063.730981307347
3061.4708004816803
3058.3507130405465
3056.4929401701465
3054.221843606054
3051.9212938385745
3049.8404479635797
3048.0993141943136
3046.407541560333
3045.111546575902
3043.667798664646
3042.1009081756433
3040.5239389398293
3038.6802565840403
3036.7757068692886
3034.727240115508
3033.2884699783162
3031.4894051260194
3030.0824789230237
3028.148826383451
3026.63450282579
3024.8113106052842
3023.2326901562565
3021.870357006243
3020.5368645821245
3019.106500000092
3017.4526966512276
3015.9593783005307
3013.645033342143
3012.841281219557
3011.28528063689
3009.6699402291183
3008.0402766413745
3007.7259379577454
3007.270605055886
3006.6185048006028
3005.6327184959723
3005.3432613685254
3004.4590929076867
3004.4590929076867
3004.4590929076867
3003.7419384828354
3002.7906026192154
3002.7906026192154
3002.7906026192154
3002.550970165337
3002.550970165337
3002.483782478625
3001.911916858716
3001.911916858716
3001.911916858716
3001.911916858716
3001.7528013526903
3001.7373419797286
3001.7373419797286
3001.689001330219
3001.689001330219
3001.689001330219
3001.689001330219
3001.652928840052
3001.652928840052
3001.3664760622937
3001.3664760622937
3001.3664760622937
3001.189505649053
3001.189505649053
3001.189505649053
3001.189505649053
3001.189505649053
3001.189505649053
3001.189505649053
3001.189505649053
3001.189505649053
14706.676870571513
11834.512071667517
9814.995078497439
8889.422043807494
8114.788830833164
7161.179901155464
6494.779957049072
5824.196250413519
5304.117419460194
4915.721066500697
4567.623491016211
4328.028939678146
4224.256638379287
4042.700154044359
3956.87744037533
3894.330150199574
3849.181731517737
3772.240619662086
3711.7040164008476
3668.596358874781
3642.911682460186
3607.5790659169807
3585.371663026862
3568.0808632520084
3549.291667946978
3523.1283592765362
3511.9669103418055
3496.9816167187
3458.6088818348467
3441.4610104368885
3386.844463809731
3357.9759392343744
3322.119159119711
3286.486541785046
3277.068316118741
3264.634952938681
3255.7556312813485
3249.207947811
3240.2666959050102
