10936.871815105611
9875.666702550556
8975.817144544504
7798.896707965196
7453.820661408226
7139.533151238314
6720.867467369541
6515.848671901369
6241.801689820002
5994.393797188868
5772.803623675898
5593.635979643297
5448.880745989179
5315.060689681102
5187.27674186167
5074.69811895567
4935.184368749728
4844.966672848158
4711.354476326918
4584.835023581467
4452.94782931544
4363.653202069856
4294.377478256869
4226.210760824086
4169.260615381021
4148.517694365045
4118.350780508847
4092.644190322818
4055.9073930175964
4030.4120366082943
3998.5371712076367
3965.6714932596014
3943.475798712293
3928.6855274104405
3909.3034555999966
3887.933940876503
3868.598446332445
3848.707014900073
3828.979035771583
3808.1546412703037
3789.5941144453136
3772.331990983528
3757.209954815118
3746.4798151399755
3731.5138014113527
3719.9314892993443
3707.304422304521
3694.535154259254
3679.4317379088825
3663.4320489883967
3638.3215878158217
3614.36449156787
3589.3452422526425
3563.443743448043
3533.3170573580082
3499.2388931373484
3472.8097974895227
3453.045009700256
3445.9159370900015
3436.2033873997816
3429.902080923247
3422.4267236675105
3416.0053754120513
3408.8046206530576
3400.119136976585
3390.3545120409635
3378.3778523511673
3364.4130819931615
3350.7856765720458
3341.749132255703
3333.6479741138064
3327.8709797567317
3322.1580658979437
3317.3423047188244
3307.193395856196
3299.109413283556
3288.681140919519
3277.987820264585
3268.456399811377
3259.7376053167854
3248.3671857781383
3239.6555202019827
3228.035910481134
3219.699762494651
3210.7270707161497
3202.8336144794944
3191.633514894361
3183.6708856356795
3176.391620458838
3168.577133853757
3162.0924757644843
3155.1655429357133
3149.142314505196
3144.1490465636625
3139.5035932937312
3134.5110588224607
3128.633912000645
3122.6830799714603
3117.0006451278923
3109.0939621677953
3101.874061455143
3095.457942429106
3090.273296516029
3084.5522735433133
3078.87986962068
3070.8616577027665
3062.4149291218
3053.016686235895
3042.7295698967123
3032.836318396113
3022.4975727630085
3003.390170964965
2992.2297918283653
2983.61162987002
2981.615392314675
2980.883525637123
2976.0154207876158
2973.181322385186
2967.917854168704
2963.5012615051555
2960.696688316808
2955.6241291116553
2948.155420483699
2947.1499635232744
2943.610208552899
2937.6321326557813
2937.6321326557813
2937.6321326557813
2932.2398096795114
2929.651760140963
2925.1134298721377
2925.1134298721377
2921.2217308145223
2921.2217308145223
2916.829813843201
2916.448880569114
2916.448880569114
2915.2288321962765
2915.2288321962765
2912.176415670874
2912.176415670874
2910.482391446036
2910.482391446036
2910.482391446036
2910.482391446036
2910.482391446036
2910.482391446036
2910.482391446036
2910.482391446036
2910.482391446036
13702.106771432325
11157.161134051874
10367.231903439773
8589.163482431706
7987.626751701689
7348.640235192253
7079.933462637496
6755.92598926476
6522.071202322269
6282.964132662715
6034.855334357252
5679.427364495032
5487.941602123456
5309.111351410262
5130.089042581773
5011.54679161825
4869.31996349236
4722.844354616316
4661.46937857991
4535.907661492141
4350.022107440587
4273.402207707717
4185.287939652634
4113.860559247314
4056.208282990242
4026.360820646771
4005.702191619443
3989.2242080797296
3971.7950555278894
3953.661211539038
3941.0164984687153
3922.181643347708
3900.1548438985965
3883.5519841294754
3867.2999465877465
3848.1909331982233
3836.434615456801
3822.612745364194
3800.9596517945683
3782.880531885378
3769.8920929872475
3758.82050637471
3750.59885784789
3741.4316469037058
3725.322188135445
3710.2214458716853
3693.3028753782482
3677.2037473908877
3665.5758356189044
3654.1467916406323
3646.7077133601315
3642.405142211823
3637.5249679850026
3631.8146720319937
3626.313066330272
3619.830394302576
3614.815720562402
3609.942576533389
3607.502491356109
3605.218661204831
3601.6938074094496
3598.6782953245925
3595.502635397842
3592.8768547474147
3589.821551251943
3585.9032367534446
3583.2984872943807
3580.2061916558514
3577.4705469600176
3574.673839319197
3570.6141178901767
3567.0583479422503
3563.983033996745
3560.8677492718425
3557.838145741378
3554.5464876832625
3551.3256145911955
3547.74365183511
3544.5792682317992
3540.694205266908
3536.2605140703854
3532.1067008484015
3528.9957942127876
3526.2301330871624
3523.6525338924775
3521.2053223087187
3518.3125979009606
3515.9894582716224
3513.750672650235
3510.939258560773
3508.172527882157
3504.7701781082574
3500.9240033097894
3496.182043277241
3491.070547546825
3486.1892048190425
3480.040670076704
3474.889976351668
3471.050325540577
3466.629436393451
3462.5919100047067
3458.661705869301
3455.244107779158
3451.682165944865
3449.219466260678
3446.611910699675
3443.5942771742107
3440.4014359769735
3436.4315147465995
3431.9236343599187
3428.719616788582
3424.7189756614225
3420.4212584697393
3416.9730268223216
3412.0332878514264
3408.681033031062
3404.868599712137
3401.2787430157828
3397.8104443151888
3393.731944087319
3389.2034628364136
3385.060081854664
3378.438324156363
3373.7027866342155
3367.135576802284
3363.0341993594066
3359.064149582981
3354.7856118712352
3350.0255501286792
3345.3743049514856
3340.5994847770626
3337.1577564801346
3333.10028121514
3328.6888178384584
3323.415595453544
3318.783982384022
3314.77521641058
3310.419922510973
3306.0202765881677
3302.5711645501196
3299.8885728353252
3297.2359892211625
3294.182825833478
3291.3083970934676
3287.748437235136
3284.549942185938
3281.9230090309866
3279.3312572555205
3276.530117979025
3273.5798890908914
3270.801493506535
3267.1711882075756
3264.008396849276
3260.8932828090033
3257.9275580112844
3255.661637646558
3253.203824903413
3251.1970572885657
3249.108698814739
3245.9454023320623
3243.766318817962
3241.470136367164
3238.5070237488276
3235.9050219630117
3233.429581559257
3229.912259814635
3226.9421257203235
3223.19434916832
3219.8714362745636
3216.4997601696846
3213.0013946573013
3209.93558204705
3206.375343555768
3203.5277877358662
3200.276649744539
3197.001266129705
3194.792659402041
3192.0856303820333
3188.96426656346
3186.5979559227744
3184.1002071993807
3181.597234986363
3179.2429898274045
3176.5731122748193
3173.949988413854
3171.588889893578
3168.960160411403
3166.307719614443
3163.7855642349705
3161.2233657177276
3158.526120742329
3156.314090411229
3153.4146894438627
3151.158614602723
3148.5521886752613
3146.140348659289
3143.0972639528827
3141.074838674188
3138.810336169843
3136.028053488937
3133.7454472573113
3131.6917857805365
3129.175406881458
3126.5294026200304
3122.7398315457312
3118.2542263876476
3113.1981701267155
3109.3841416915675
3106.6990888548753
3104.516129920587
3102.1599442539978
3099.966277962004
3097.7268569016323
3095.3246605608683
3092.8208784986814
3090.6865402548788
3089.0497723418107
3086.7803073132304
3083.6383524667704
3080.940869737367
3078.31741158913
3075.0867717995698
3073.301122654214
3071.3751664831766
3069.5517015733726
3067.536041095435
3065.635111749193
3063.769706422671
3061.7446779993993
3059.329444225143
3056.751878945882
3054.503011576485
3052.3669946092878
3050.5846515775884
3048.6798013754797
3047.2701501605097
3046.1531050546437
3044.859854450314
3043.300128420071
3041.9547906585267
3040.3791650447793
3038.801011838093
3037.4812361572945
3035.4040270402083
3033.11331842873
3029.7623330663937
3026.1198739568263
3022.4813268332273
3019.3580430700636
3017.575261463604
3016.0173368326305
3014.7493705620805
3013.1172702216163
3011.705825223635
3010.401329476928
3009.812630006875
3008.665182919048
3007.776887884004
3007.207023879966
3006.3451246053514
3005.6747719773643
3005.044326569694
3004.7849057173316
3004.413367811874
3004.332463825748
3004.332463825748
3003.648240506239
3003.2102155373254
3001.9632280912083
3001.9632280912083
3001.9632280912083
3001.9632280912083
3001.9632280912083
3001.912477385703
3001.912477385703
3001.8323857164814
3001.8323857164814
3001.8323857164814
3001.8323857164814
3001.8178355387918
3001.8178355387918
3001.7803224011486
3001.7803224011486
3001.7535709077642
3001.7535709077642
3001.7535709077642
3001.7392181911655
3001.7392181911655
3001.7392181911655
3001.7392181911655
3001.5407285721903
3001.5407285721903
3001.5407285721903
3001.4680763727906
3001.4680763727906
3001.4680763727906
3001.4680763727906
3001.4680763727906
3001.4680763727906
3001.4680763727906
3001.4680763727906
3001.4134667345397
3001.4134667345397
3001.4134667345397
3001.4134667345397
3001.189154063844
3001.189154063844
3001.189154063844
3001.189154063844
3001.189154063844
3001.189154063844
3001.189154063844
3001.189154063844
3001.189154063844
13702.106771432325
11096.820597137183
10162.716744149802
8804.483210906708
7836.827122839093
7435.353563934117
7168.98576597871
6750.928356494214
6343.076036938743
6029.954317743535
5801.5263723263615
5647.46660800861
5484.435538753843
5343.9494204589
5201.378776494737
4995.932851944604
4840.200982631393
4734.081339736671
4606.813112991177
4408.252839870848
4298.95892218163
4199.815331875702
4118.0341177340315
4047.1541756565184
3976.0559893215463
3956.556346233859
3928.8089101455525
3905.1196505075914
3887.3232156751656
3852.1536960295325
3834.760276384206
3817.3532378012296
3800.802173920634
3788.2831471336685
3776.3478059043405
3761.1566502272744
3747.2953357574943
3731.2248331672054
3709.143503337199
3690.5791559002146
3683.555148083548
3677.500117093797
3670.247294540641
3663.972599216686
3656.793454825701
3649.6595263246268
3643.64778466444
3640.559240492549
3637.605670987463
3632.2322464311087
3628.4954250469054
3624.517042120563
3618.928714081528
3613.760576839036
3608.5772008407375
3604.406633361874
3598.9751598935204
3592.6756757353655
3587.444980484082
3581.460977717065
3574.6305548485
3567.8526024586154
3561.4415834055535
3552.4648218300736
3544.4408189464975
3536.818680832844
3531.3060602614883
3527.149786028588
3525.0488505153644
3522.8920223205905
3520.2253215391656
3514.823475936563
3510.1873702986895
3505.616493863397
3500.732949913768
3496.7655777610953
3492.980487376835
3488.1668571768264
3484.649584231833
3480.90199924511
3477.892254147973
3474.662598633015
3471.711830791136
3469.42676159397
3466.7700301098193
3463.7805895139836
3460.3808154164944
3455.279347250697
3450.1734421571346
3444.5358438900125
3438.1999537556394
3435.4865968261183
3432.4451314858325
3429.2980780944226
3424.45655550207
3419.173376450655
3414.7772586859155
3411.2940371055606
3408.9412065624533
3406.7903543464754
3405.298474884573
3403.4543268768516
3401.956889001027
3400.425721221587
3398.4271157983976
3396.5867800690958
3395.1836386885316
3393.1017331788444
3391.3907328003916
3389.933301874592
3388.6225175240475
3387.643728667095
3386.649731471774
3385.540511222489
3384.5819897744477
3383.640500241262
3382.622658150288
3381.751443370038
3380.777379791541
3379.9532090886078
3379.140086431189
3378.1985880498364
3377.3293703332815
3376.4963843772657
3375.688625890606
3374.9006471246385
3373.9668427089787
3373.125941995059
3372.358589368966
3371.630435323022
3370.5915027366805
3369.549902421883
3368.2229892925343
3366.7690976129543
3365.5897088707766
3364.7018837954315
3364.0399510071775
3363.0202728045133
3362.152340945636
3361.040217524119
3360.05805713284
3359.073256393331
3358.221090622467
3357.352224824802
3356.528478356804
3355.772904802116
3354.824875786557
3353.8821501844996
3352.987513742426
3352.087541384658
3351.483805593264
3350.7166173939117
3349.9783644892996
3349.1233485702605
3348.3211923875488
3347.4310774999185
3346.6770611290485
3345.6122969106827
3344.4619821350966
3343.1506133374332
3342.0041028442924
3340.8573974243027
3339.760503903957
3338.5521273485474
3337.42870729654
3336.236633029031
3334.782438227336
3333.143214345069
3331.6867042532535
3329.819084322197
3328.0757463805676
3326.2524574033887
3324.121446326058
3321.2888438872624
3318.434276583233
3316.623493225471
3314.5422148303282
3312.4411516895725
3310.7308271961806
3308.2332541032415
3306.3480778952553
3304.530578544144
3302.7604430295432
3300.7282279512497
3298.83338216764
3296.0847864575635
3293.691650310016
3289.554143709083
3285.6389045315277
3281.3575511816416
3276.873517169558
3271.7231522918473
3268.1607996287375
3264.4318652904662
3261.493189560607
3259.15548141277
3257.6148365291556
3256.3533541617467
3255.2015165590933
3253.7846572622834
3251.9369043045235
3250.2126087506904
3248.1719877776154
3245.975792767696
3243.386957447976
3239.10545608964
3235.491812198172
3231.9871233126023
3228.220411284805
3224.809426652124
3221.8530289186156
3218.1435936666658
3215.380105157178
3212.5359271729963
3209.78511614835
3207.9354928623743
3205.9592474126434
3203.817518211727
3201.5096084349025
3199.516952643664
3197.202050863236
3195.2323318773233
3193.4557843695034
3191.598284666705
3189.722337685016
3188.0209824938543
3186.272598479907
3184.3607370380423
3182.6455527105027
3180.9319175224628
3178.7845265724336
3177.2994725472954
3175.4788888876756
3173.9240555374304
3172.458797720372
3170.663570007002
3169.226886907508
3167.6717546658483
3166.159434965506
3164.5811142104303
3163.1806621760034
3161.554860592879
3159.850232982766
3158.7579684997236
3156.449660971642
3154.378170082868
3152.0877719093487
3149.627826591533
3146.024760967427
3142.8048373659476
3139.4037437276265
3137.562653847318
3136.7318998959286
3135.2560789914596
3133.588104019344
3131.8305412176805
3129.9079971586707
3128.3948720268695
3125.411913260889
3123.2571172418016
3119.829860795072
3117.26680039372
3114.670087876697
3111.605319660121
3107.931052217933
3106.7051930619314
3104.7780894321772
3103.3826023906586
3101.3578904793276
3099.19074908956
3097.3787167305986
3095.2884298237454
3093.6857918046207
3092.078154463737
3090.1899225223005
3088.646399647912
3087.327894630949
3085.8699369363417
3084.261531502025
3082.263783074367
3080.922749756248
3079.1536697235383
3077.7717018722474
3076.200714352595
3074.752000389086
3073.2325745970484
3071.4903144863033
3070.0111896259973
3068.6483792261174
3067.1997342084314
3065.7227458914504
3064.2905219104273
3063.2243217176283
3062.0934888421853
3060.699750463438
3059.5213302658426
3058.2284012161326
3056.9127529734574
3054.7350195148
3053.2593756848087
3051.2512541764763
3049.090140951933
3046.7764762187626
3044.6798465152015
3042.187485754856
3040.211815316609
3038.7825103759787
3037.219654804777
3035.7841424322182
3034.7974960359606
3033.5895508413387
3032.0010474882242
3030.567876856648
3029.2985506087616
3027.932231816521
3026.6078694475314
3025.3170023581515
3023.643944550641
3022.15515077848
3020.7662246761893
3019.4963480882057
3018.124328614944
3016.4053179698417
3015.139754026032
3014.072883566457
3012.510002045762
3011.3008190574424
3010.3567781425368
3009.384022791845
3008.873026832316
3008.5886686628473
3007.106029148698
3006.6055759396136
3005.447014932984
3004.728002493675
3004.2791933138246
3004.1194072335466
3003.105827795827
3003.062325359948
3003.062325359948
3003.062325359948
3002.4949527777294
3002.4949527777294
3002.00670363698
3002.00670363698
3002.00670363698
3002.00670363698
3002.00670363698
3001.964063226277
3001.964063226277
3001.9261328405228
3001.722616480125
3001.722616480125
3001.722616480125
3001.6093602139736
3001.6093602139736
3001.6093602139736
3001.6093602139736
3001.583806878338
3001.583806878338
3001.583806878338
3001.583806878338
3001.583806878338
3001.583806878338
3001.583806878338
3001.583806878338
3001.583806878338
3001.526944541538
3001.526944541538
3001.3423344130674
3001.3423344130674
3001.3423344130674
3001.3423344130674
3001.3423344130674
3001.3423344130674
3001.3227926085997
3001.3227926085997
3001.3227926085997
3001.3227926085997
3001.3227926085997
3001.3227926085997
3001.3227926085997
3001.3227926085997
3001.3227926085997
13702.106771432325
11032.351633115095
10298.250810300247
8941.109638729384
7607.615481446798
7322.239516547896
6993.319011687246
6571.597372050977
6466.941410943432
6213.001362653564
6103.203269744456
5994.994446336812
5887.703488484909
5738.959286573125
5579.656864104485
5423.609719218613
5204.8242437598965
4956.45282365816
4787.819808952655
4619.724236034152
4486.420828800388
4377.490704948278
4323.588977985891
4265.339874734677
4175.922058345121
4118.4896265298685
4060.66333748757
4008.807058582905
3945.0591340647834
3887.691383816794
3849.676977558239
3792.5758085463503
3747.947491467434
3709.764813380276
3669.9572132641397
3637.9366318182842
3621.3263712360886
3597.194596787176
3574.159076527391
3550.765560265229
3530.977313597896
3508.0412621198116
3481.7430699464753
3464.127567743031
3446.1129575101677
3429.6982815709052
3414.9294838587202
3402.0612594805507
3395.778926497983
3385.248131315265
3376.9540873094584
3369.3074747556584
3362.9031977563527
3359.245459873731
3355.7883603757823
3351.0705125085283
3346.500136420424
3341.716846399479
3336.0938801237803
3330.619738040478
3326.853026116639
3323.5508459129137
3320.5528658297285
3318.1717682092844
3315.5708092449713
3313.16304194253
3309.631337504089
3306.765907090472
3303.6484002735765
3299.9848310133016
3296.960143534295
3293.096641796831
3289.4954612196857
3285.1264971483442
3281.2448371874652
3277.8742890867557
3275.8188890893125
3274.2811808193096
3272.6629456840706
3270.500413684056
3268.7355399434464
3266.70296919754
3264.7476369058822
3262.4739395022207
3260.286250814547
3258.154456867759
3255.6552114247806
3253.3072046506054
3251.300760273559
3249.413839449984
3247.906166705617
3246.4982962345175
3245.213692152269
3243.940523905643
3242.6090436845184
3241.4893567683944
3240.2850327048714
3239.1253766000436
3237.786970331466
3236.6008067788507
3235.3806450980846
3234.1730209356074
3233.0218260422103
3232.061693954256
3231.3031209914116
3230.5311099525993
3229.3476912386077
3228.403337300703
3227.3917936798766
3226.459030622975
3225.5676728915532
3224.7757774983493
3223.7794307833824
3222.7454996513056
3221.817003448212
3220.9215655448866
3220.0987776737256
3219.174506308051
3218.1895939882024
3217.156846520251
3216.169330206014
3214.959340468714
3213.7988971529307
3212.87926907654
3211.442952527572
3210.4834502415306
3209.408023307499
3208.5982210649704
3207.6281902532214
3206.742750859374
3205.704862588842
3204.7178854751764
3203.6544558200085
3202.2727849205085
3201.0720584467
3199.7543269640737
3198.3446024014747
3196.7749860566564
3195.529395460351
3194.1733581080343
3192.8474742029653
3191.6622333129358
3190.5681556628424
3189.5115932831736
3188.4358064389075
3186.748301996385
3185.333159464417
3183.858841487039
3182.760865679377
3181.7853693722514
3180.6126995048157
3179.7224512590305
3178.408803900081
